id_producto,hoy,1,1_cambio,3,3_cambio,7,7_cambio,14,14_cambio,30,30_cambio,60,60_cambio,90,90_cambio,180,180_cambio,270,270_cambio,365,365_cambio
1082,26.9,26.9,0,26.9,0,26.9,0,26.9,0,26.9,0,26.9,0,26.9,0,26.9,0,21.9,0.228,21.9,0.228
1090,28,28,0,28,0,28,0,28,0,28,0,28,0,28,0,28,0,,,22.5,0.244
1104,26.9,26.9,0,26.9,0,26.9,0,26.9,0,26.9,0,26.9,0,26.9,0,26.9,0,21.9,0.228,21.9,0.228
1112,26.9,26.9,0,26.9,0,26.9,0,26.9,0,26.9,0,26.9,0,26.9,0,26.9,0,21.9,0.228,21.9,0.228
1120,26.9,26.9,0,26.9,0,26.9,0,26.9,0,26.9,0,26.9,0,26.9,0,26.9,0,21.9,0.228,21.9,0.228
1139,26.9,26.9,0,26.9,0,26.9,0,26.9,0,26.9,0,26.9,0,26.9,0,26.9,0,21.9,0.228,21.9,0.228
1155,26.9,26.9,0,26.9,0,26.9,0,26.9,0,26.9,0,26.9,0,26.9,0,26.9,0,21.9,0.228,21.9,0.228
1163,28,28,0,28,0,28,0,28,0,28,0,28,0,28,0,28,0,25,0.12,25,0.12
1557,,,,,,,,,,,,,,,,,,,,,
1606,,,,,,,,,,,,,,,,,,,,,
1614,,,,,,,,,,,,,,,,,,,,,
1617,,,,,,,,,,,,,,,,,,,,,
1618,,,,,,,,,,,,,,,,,,,,,
1621,37.5,37.5,0,37.5,0,37.5,0,37.5,0,37.5,0,37.5,0,39.5,-0.0506,39.5,-0.0506,38,-0.0132,38,-0.0132
1623,37.5,37.5,0,37.5,0,37.5,0,37.5,0,37.5,0,37.5,0,39.5,-0.0506,39.5,-0.0506,38,-0.0132,38,-0.0132
1624,33.5,33.5,0,33.5,0,33.5,0,33.5,0,33.5,0,28,0.196,,,,,,,23.6,0.419
1625,33.5,33.5,0,33.5,0,33.5,0,33.5,0,33.5,0,26.5,0.264,,,,,,,23.6,0.419
1626,,,,,,,,,,,,,,,,,,,,,
1628,,,,,,,,,,,,,,,,,,,,,
1629,25,25,0,25,0,25,0,25,0,25,0,25,0,25,0,26,-0.0385,,,19.5,0.282
1642,12,12,0,12,0,12,0,12,0,12,0,10.5,0.143,10.5,0.143,10.5,0.143,,,,
1655,,,,,,,,,,,,,,,,,,,,,
1656,11.5,11.5,0,11.5,0,11.5,0,11.5,0,11.5,0,11.5,0,12.9,-0.109,12.9,-0.109,7.5,0.533,7.5,0.533
1657,11.5,11.5,0,11.5,0,11.5,0,11.5,0,11.5,0,11.5,0,12.9,-0.109,12.9,-0.109,7.5,0.533,7.5,0.533
1659,15.5,15.5,0,15.5,0,15.5,0,15.5,0,15.5,0,15.5,0,15.5,0,15.5,0,11.8,0.314,11.8,0.314
1661,15.5,15.5,0,15.5,0,15.5,0,15.5,0,15.5,0,15.5,0,15.5,0,15.5,0,11.8,0.314,11.8,0.314
1705,,,,,,,,,,,,,,,,,,,,,
1713,,,,,,,,,,,,,,,,,,,,,
1714,15.5,15.5,0,15.5,0,15.5,0,15.5,0,15.5,0,15.5,0,15.5,0,15.5,0,15.5,0,15.5,0
1715,15.5,15.5,0,15.5,0,15.5,0,15.5,0,15.5,0,15.5,0,15.5,0,15.5,0,15.5,0,15.5,0
1718,82.9,82.9,0,82.9,0,82.9,0,82.9,0,,,,,,,,,,,,
1719,,,,,,,,,,,,,,,,,,,,,
1731,15,15,0,15,0,15,0,15,0,15,0,15,0,15,0,18.2,-0.176,11.5,0.304,10.5,0.429
1734,,,,,,,,,,,,,,,,,,,,,
1746,9,9,0,9,0,9,0,9,0,9,0,9,0,9,0,,,,,,
1747,28,28,0,28,0,28,0,28,0,28,0,28,0,28,0,28,0,22,0.273,22,0.273
1751,,,,,,,,,,,,,,,,,,,,,
1752,,,,,,,,,,,,,,,,,,,,,
1758,,,,,,,,,,,,,,,,,,,,,
1767,,,,,,,,,,,,,,,,,,,,,
1776,,,,,,,,,,,,,,,,,,,,,
1777,,,,,,,,,,,,,,,,,,,,,
1799,171,171,0,171,0,171,0,171,0,171,0,171,0,171,0,171,0,130,0.318,130,0.318
1800,87.1,87.1,0,87.1,0,87.1,0,87.1,0,87.1,0,87.1,0,87.1,0,87.1,0,64,0.361,64,0.361
1801,14.5,14.5,0,14.5,0,14.5,0,14.5,0,14.5,0,14.5,0,14.5,0,14.5,0,12,0.208,12,0.208
1820,,,,,,,,,,,,,,,,,,,,,
1825,66,66,0,,,,,66,0,66,0,,,66,0,66,0,66,0,62.9,0.0493
1826,,,,,,,,,,,,,,,,,,,,,
1827,,,,,,,,,,,,,,,,,,,,,
1831,15.5,15.5,0,15.5,0,15.5,0,15.5,0,15.5,0,15.5,0,15.5,0,13.5,0.148,13.5,0.148,13.5,0.148
1832,21.5,21.5,0,21.5,0,21.5,0,21.5,0,21.5,0,21.5,0,21.5,0,19,0.132,19,0.132,19,0.132
1833,22,22,0,22,0,22,0,22,0,22,0,22,0,22,0,19,0.158,19,0.158,19,0.158
1834,22,22,0,22,0,22,0,22,0,22,0,22,0,22,0,19,0.158,19,0.158,19,0.158
1843,,,,,,,,,,,,,,,,,,,,,
1844,,,,,,,,,,,,,,,,,,,,,
1849,8.7,8.7,0,8.7,0,8.7,0,8.7,0,8.7,0,8.7,0,8.7,0,8.7,0,7.5,0.16,7.5,0.16
1851,,,,,,,,,,,,,,,,,,,,,
1858,,,,,,,,,,,,,,,,,,,,,
1863,,,,,,,,,,,,,,,,,,,,,
1864,,,,,,,,,,,,,,,,,,,,,
1867,375,375,0,375,0,375,0,375,0,375,0,375,0,375,0,375,0,255,0.471,255,0.471
1870,48.5,48.5,0,48.5,0,48.5,0,48.5,0,48.5,0,48.5,0,48.5,0,48.5,0,33.5,0.448,31,0.565
1880,48.5,48.5,0,48.5,0,48.5,0,48.5,0,48.5,0,48.5,0,48.5,0,48.5,0,33.5,0.448,31,0.565
1883,138,138,0,138,0,138,0,138,0,138,0,138,0,138,0,138,0,86,0.605,76,0.816
1884,,,,,,,,,,,,,,,,,,,,,
1891,138,138,0,138,0,138,0,138,0,138,0,138,0,138,0,138,0,86,0.605,75,0.84
1904,,,,,,,,,,,,,,,,,,,,,
1905,410,410,0,410,0,410,0,410,0,410,0,410,0,410,0,,,369,0.111,315,0.302
1906,410,410,0,410,0,410,0,410,0,410,0,410,0,410,0,410,0,369,0.111,315,0.302
1907,,,,,,,,,,,,,,,,,,,,,
1908,499,499,0,499,0,499,0,499,0,499,0,499,0,499,0,499,0,419,0.191,419,0.191
1971,17.5,17.5,0,17.5,0,17.5,0,17.5,0,17.5,0,17.5,0,17.5,0,17.5,0,17.5,0,15.5,0.129
2194,10,10,0,,,10,0,10,0,10,0,10,0,10,0,9,0.111,8,0.25,,
2585,,,,,,,,,,,,,,,,,,,,,
2640,94.9,94.9,0,94.9,0,94.9,0,94.9,0,99.9,-0.0501,99.9,-0.0501,99.9,-0.0501,99.9,-0.0501,55,0.725,39.8,1.38
2677,,,,,,,,,,,,,,,,,,,,,
2718,,,,,,,,,,,,,,,,,,,,,
3265,67,67,0,,,67,0,56.7,0.182,56.7,0.182,56.7,0.182,56.7,0.182,55.9,0.199,53,0.264,48.5,0.381
3270,99,99,0,99,0,99,0,83.6,0.184,83.6,0.184,83.6,0.184,83.6,0.184,82.3,0.203,77,0.286,77,0.286
3573,,,,,,,,,,,,,,,,,,,,,
3705,135,135,0,135,0,135,0,135,0,135,0,135,0,135,0,135,0,135,0,135,0
3710,53.5,53.5,0,53.5,0,53.5,0,53.5,0,53.5,0,53.5,0,53.5,0,53.5,0,,,,
3744,105,105,0,105,0,105,0,105,0,99,0.0606,99,0.0606,99,0.0606,94.8,0.108,93,0.129,88,0.193
3751,18,18,0,18,0,18,0,18,0,18,0,18,0,18,0,18,0,11,0.636,9.5,0.895
3757,18.9,18.9,0,18.9,0,18.9,0,18.9,0,18.9,0,18.9,0,21.4,-0.117,24.5,-0.229,16.2,0.167,14.7,0.286
3760,11,11,0,11,0,11,0,11,0,11,0,11,0,11,0,11,0,11,0,9.5,0.158
3794,19.2,19.2,0,19.2,0,19.2,0,19.2,0,19.2,0,19.2,0,19.2,0,19.2,0,14.5,0.324,12,0.6
3808,14.5,14.5,0,14.5,0,14.5,0,14.5,0,14.5,0,14.5,0,14.5,0,14.5,0,14.5,0,12,0.208
3824,19.2,19.2,0,19.2,0,19.2,0,19.2,0,19.2,0,19.2,0,19.2,0,19.2,0,14.5,0.324,12,0.6
3871,95,95,0,95,0,95,0,95,0,95,0,95,0,95,0,91,0.044,80,0.188,80,0.188
3873,80,80,0,80,0,80,0,80,0,80,0,80,0,80,0,80,0,80,0,80,0
3883,18,18,0,18,0,18,0,18,0,18,0,18,0,18,0,18,0,11,0.636,12,0.5
4795,30,30,0,30,0,30,0,23.9,0.255,23.9,0.255,30.8,-0.026,30.8,-0.026,28.5,0.0526,24.5,0.224,18,0.667
4797,32.5,32.5,0,32.5,0,32.5,0,25.5,0.275,25.5,0.275,32.5,0,32.5,0,30,0.0833,24.5,0.327,18,0.806
4928,10.5,10.5,0,10.5,0,10.5,0,10.5,0,10.5,0,10.5,0,10.5,0,10.5,0,9.3,0.129,9.3,0.129
4944,,,,,,,,,,,,,,,,,,,,,
5009,,,,,,,,,,,,,,,,,,,,,
5026,,,,,,,,,,,,,,,,,,,,,
5028,40,40,0,40,0,40,0,40,0,40,0,,,40,0,,,40,0,,
5035,65,65,0,65,0,65,0,65,0,65,0,65,0,65,0,65,0,65,0,60,0.0833
5053,,,,,,,,,,,,,,,,,,,,,
5070,48.5,48.5,0,48.5,0,48.5,0,48.5,0,48.5,0,,,,,,,,,39.9,0.216
5088,8.7,8.7,0,8.7,0,8.7,0,8.7,0,8.7,0,8.7,0,8.7,0,8.7,0,7.5,0.16,7.5,0.16
5114,,,,,,,,,,,,,,,,,,,,,
5118,,,,,,,,,,,,,,,,,,,,,
5126,5.5,5.5,0,5.5,0,5.5,0,5.5,0,5.5,0,5.5,0,5.5,0,5.5,0,4.7,0.17,4.7,0.17
5128,,,,,,,,,,,,,,,,,,,,,
5132,20,20,0,20,0,20,0,20,0,20,0,20,0,20,0,20,0,20,0,20,0
5156,24,24,0,24,0,24,0,24,0,24,0,24,0,24,0,24,0,24,0,24,0
5158,17.9,17.9,0,17.9,0,17.9,0,17.9,0,17.9,0,17.9,0,17.9,0,17.9,0,15,0.193,15,0.193
5163,24,24,0,24,0,24,0,24,0,24,0,24,0,24,0,24,0,24,0,24,0
5165,28,28,0,28,0,28,0,28,0,28,0,28,0,28,0,,,28,0,25,0.12
5166,,,,,,,,,,,,,,,,,,,,,
5167,24.5,24.5,0,24.5,0,24.5,0,24.5,0,24.5,0,24.5,0,24.5,0,,,,,17.5,0.4
5168,65,65,0,65,0,65,0,65,0,65,0,,,,,,,49,0.327,,
5171,30,30,0,30,0,30,0,30,0,30,0,30,0,30,0,30,0,30,0,28,0.0714
5175,21,21,0,21,0,21,0,21,0,21,0,21,0,21,0,21,0,21,0,18,0.167
5176,,,,,,,,,,,,,,,,,,,,,
5178,,,,,,,,,,,,,,,,,,,,,
5180,,,,,,,,,,,,,,,,,,,,,
5190,30,30,0,30,0,30,0,30,0,30,0,30,0,30,0,30,0,30,0,30,0
5202,24,24,0,24,0,24,0,24,0,24,0,24,0,24,0,24,0,24,0,24,0
5203,34,34,0,34,0,34,0,34,0,34,0,,,34,0,34,0,34,0,30,0.133
5205,,,,,,,,,,,,,,,,,,,,,
5206,,,,,,,,,,,,,,,,,,,,,
5213,21,21,0,21,0,21,0,21,0,21,0,21,0,21,0,21,0,21,0,21,0
5217,,,,,,,,,,,,,,,,,,,,,
5226,13,13,0,13,0,13,0,13,0,13,0,13,0,13,0,13,0,13,0,11,0.182
5312,,,,,,,,,,,,,,,,,,,,,
5355,15,15,0,15,0,15,0,15,0,15,0,15,0,15,0,15,0,13,0.154,13,0.154
5363,15,15,0,15,0,15,0,15,0,15,0,15,0,15,0,15,0,12.8,0.172,12.8,0.172
5398,,,,,,,,,,,,,,,,,,,,,
5491,21,21,0,21,0,21,0,21,0,21,0,21,0,21,0,21,0,21,0,21,0
5726,36,36,0,36,0,36,0,36,0,36,0,30,0.2,30,0.2,27,0.333,27,0.333,24,0.5
5727,,,,,,,,,,,,,,,,,,,,,
5728,,,,,,,,,,,,,,,,,,,,,
5729,30,30,0,30,0,30,0,30,0,30,0,30,0,30,0,27,0.111,,,,
5730,25,25,0,25,0,25,0,25,0,25,0,25,0,25,0,24,0.0417,,,,
5731,,,,,,,,,,,,,,,,,,,,,
5748,,,,,,,,,,,,,,,,,,,,,
5788,29.9,29.9,0,29.9,0,29.9,0,29.9,0,29.9,0,29.9,0,29.9,0,23.5,0.272,23.5,0.272,23.5,0.272
5791,,,,,,,,,,,,,,,,,,,,,
5794,,,,,,,,,,,,,,,,,,,,,
5795,,,,,,,,,,,,,,,,,,,,,
5796,,,,,,,,,,,,,,,,,,,,,
5797,9.6,9.6,0,9.6,0,9.6,0,9.6,0,9.6,0,9.6,0,9.6,0,9.6,0,9.6,0,9.6,0
5805,,,,,,,,,,,,,,,,,,,,,
5840,,,,,,,,,,,,,,,,,,,,,
5877,,,,,,,,,,,,,,,,,,,,,
6735,18.5,18.5,0,18.5,0,18.5,0,18.5,0,18.5,0,,,,,,,14,0.321,12.5,0.48
6736,37,37,0,37,0,37,0,37,0,,,,,,,,,28,0.321,,
6737,41,41,0,41,0,41,0,41,0,41,0,,,,,,,28,0.464,25.9,0.583
6744,,,,,,,,,,,,,,,,,,,,,
6748,,,,,,,,,,,,,,,,,,,,,
6753,6,6,0,6,0,6,0,6,0,6,0,6,0,5.6,0.0714,5.6,0.0714,5.6,0.0714,5.6,0.0714
6754,6,6,0,6,0,6,0,6,0,6,0,6,0,5.6,0.0714,5.6,0.0714,5.6,0.0714,5.6,0.0714
6756,6,6,0,6,0,6,0,6,0,6,0,6,0,6,0,,,,,,
6778,18.5,18.5,0,18.5,0,18.5,0,18.5,0,18.5,0,18.5,0,18.5,0,18.5,0,18.5,0,18.5,0
6788,25,25,0,25,0,25,0,25,0,25,0,25,0,25,0,21.5,0.163,19.5,0.282,19.5,0.282
6819,,,,,,,,,,,,,,,,,,,,,
6875,,,,,,,,,,,,,,,,,,,,,
6878,41.5,41.5,0,41.5,0,41.5,0,41.5,0,41.5,0,41.5,0,41.5,0,41.5,0,37.5,0.107,31,0.339
7197,,,,,,,,,,,,,,,,,,,,,
7795,93.5,93.5,0,93.5,0,93.5,0,93.5,0,93.5,0,93.5,0,93.5,0,87,0.0747,87,0.0747,72.5,0.29
7817,153,153,0,153,0,153,0,153,0,,,,,,,,,,,,
7975,,,,,,,,,,,,,,,,,,,,,
8176,37.5,37.5,0,37.5,0,37.5,0,37.5,0,37.5,0,37.5,0,37.5,0,37.5,0,33,0.136,33,0.136
8184,38.5,38.5,0,38.5,0,38.5,0,38.5,0,38.5,0,38.5,0,38.5,0,38.5,0,34.3,0.122,34.3,0.122
8192,36,36,0,36,0,36,0,36,0,36,0,36,0,36,0,,,34,0.0588,34.3,0.0496
8206,38.5,38.5,0,38.5,0,38.5,0,38.5,0,38.5,0,38.5,0,38.5,0,38.5,0,35.5,0.0845,35.5,0.0845
8210,7,7,0,7,0,7,0,7,0,7,0,7,0,7,0,7,0,5.5,0.273,,
8214,20,20,0,20,0,20,0,20,0,20,0,20,0,20,0,20,0,18,0.111,18,0.111
8222,20,20,0,20,0,20,0,20,0,20,0,20,0,20,0,20,0,18,0.111,18,0.111
8257,20.5,20.5,0,20.5,0,20.5,0,20.5,0,20.5,0,20.5,0,20.5,0,20.5,0,19,0.0789,19,0.0789
8265,22.5,22.5,0,22.5,0,22.5,0,22.5,0,22.5,0,22.5,0,22.5,0,22.5,0,20.5,0.0976,20.5,0.0976
8354,24.5,24.5,0,24.5,0,24.5,0,24.5,0,24.5,0,28,-0.125,28,-0.125,24,0.0208,24,0.0208,23,0.0652
8362,24.5,24.5,0,24.5,0,24.5,0,24.5,0,24.5,0,28,-0.125,28,-0.125,26.5,-0.0755,26.5,-0.0755,25.5,-0.0392
8487,57.2,57.2,0,57.2,0,57.2,0,57.2,0,57.2,0,57.2,0,57.2,0,57.2,0,29,0.972,29,0.972
8777,,,,,,,,,,,,,,,,,,,,,
9008,78,78,0,78,0,78,0,78,0,78,0,78,0,78,0,78,0,78,0,78,0
9032,,,,,,,,,,,,,,,,,,,,,
9045,,,,,,,,,,,,,,,,,,,,,
9199,,,,,,,,,,,,,,,,,,,,,
9202,34.5,34.5,0,34.5,0,34.5,0,34.5,0,,,,,,,,,,,,
10030,,,,,,,,,,,,,,,,,,,,,
10187,,,,,,,,,,,,,,,,,,,,,
10219,90.6,90.6,0,90.6,0,90.6,0,90.6,0,90.6,0,90.6,0,90.6,0,90.6,0,90.5,0.0011,90.5,0.0011
10243,,,,,,,,,,,,,,,,,,,,,
10359,56.3,56.3,0,56.3,0,56.3,0,56.3,0,56.3,0,56.3,0,56.3,0,56.3,0,52,0.0827,52,0.0827
10588,,,,,,,,,,,,,,,,,,,,,
10669,8.9,8.9,0,8.9,0,8.9,0,,,8.9,0,8.9,0,8.9,0,9.5,-0.0632,6.9,0.29,6.4,0.391
10971,27.5,27.5,0,27.5,0,27.5,0,27.5,0,27.5,0,27.5,0,27.5,0,27.5,0,26.5,0.0377,24.5,0.122
10972,43.5,43.5,0,43.5,0,43.5,0,43.5,0,43.5,0,43.5,0,43.5,0,43.5,0,28.5,0.526,27.5,0.582
10973,43.5,43.5,0,43.5,0,43.5,0,43.5,0,43.5,0,43.5,0,43.5,0,43.5,0,28.5,0.526,27.5,0.582
10974,10,10,0,10,0,10,0,10,0,10,0,8.5,0.176,10,0,10,0,8,0.25,8,0.25
11078,14.5,14.5,0,14.5,0,14.5,0,14.5,0,14.5,0,,,,,,,,,,
11080,,,,,,,,,,,,,,,,,,,,,
11096,42.6,42.6,0,42.6,0,42.6,0,42.6,0,42.6,0,42.6,0,42.6,0,42.6,0,36.8,0.158,35,0.217
11201,27.5,27.5,0,27.5,0,27.5,0,27.5,0,27.5,0,27.5,0,27.5,0,23,0.196,,,,
11223,22,22,0,22,0,22,0,22,0,22,0,22,0,22,0,,,,,,
11339,38,38,0,38,0,38,0,38,0,38,0,38,0,38,0,38,0,33,0.152,31,0.226
11347,38,38,0,38,0,38,0,38,0,38,0,38,0,38,0,38,0,33,0.152,31,0.226
11363,38,38,0,38,0,38,0,38,0,38,0,38,0,38,0,38,0,33,0.152,31,0.226
11501,,,,,,,,,,,,,,,,,,,,,
11571,44.9,44.9,0,44.9,0,44.9,0,44.9,0,44.9,0,44.9,0,44.9,0,44.9,0,30.5,0.472,24.5,0.833
11649,26.6,26.6,0,26.6,0,26.6,0,26.6,0,26.6,0,26.6,0,24,0.108,23.8,0.117,23,0.156,22.5,0.182
11671,10,10,0,10,0,10,0,10,0,10,0,8.5,0.176,9.8,0.0204,9.8,0.0204,8,0.25,7.8,0.282
11672,10,10,0,10,0,10,0,10,0,10,0,8.5,0.176,9.8,0.0204,9.8,0.0204,8,0.25,7.8,0.282
11683,9.8,9.8,0,9.8,0,9.8,0,9.8,0,9.8,0,9.8,0,9.8,0,9.8,0,8,0.225,8,0.225
11738,24.5,24.5,0,24.5,0,24.5,0,24.5,0,24.5,0,,,,,20,0.225,18.5,0.324,,
11762,,,,,,,,,,,,,,,,,,,,,
11784,29,29,0,29,0,29,0,29,0,29,0,,,29,0,29,0,25,0.16,20.5,0.415
11785,,,,,,,,,,,,,,,,,,,,,
12105,,,,,,,,,,,,,,,,,,,,,
12173,11.5,11.5,0,11.5,0,11.5,0,11.5,0,11.5,0,11.5,0,11.5,0,11.5,0,9.5,0.211,9.5,0.211
12174,8,8,0,8,0,8,0,8,0,8,0,8,0,8,0,8,0,6.5,0.231,6.5,0.231
12175,5,5,0,5,0,5,0,5,0,5,0,5,0,5,0,5,0,4,0.25,4,0.25
12177,9.5,9.5,0,9.5,0,9.5,0,9.5,0,9.5,0,9.5,0,9.5,0,9.5,0,7.4,0.284,7.4,0.284
12180,9,9,0,9,0,9,0,9,0,9,0,9,0,9,0,9,0,8,0.125,8,0.125
12183,95,95,0,95,0,95,0,95,0,115,-0.174,115,-0.174,115,-0.174,115,-0.174,99,-0.0404,99,-0.0404
12184,107,107,0,107,0,107,0,107,0,107,0,107,0,107,0,107,0,78,0.372,78,0.372
12185,9.5,9.5,0,9.5,0,9.5,0,9.5,0,9.5,0,9.5,0,9.5,0,9.5,0,7.9,0.203,7.9,0.203
12187,15,15,0,15,0,15,0,15,0,15,0,15,0,15,0,15,0,13.5,0.111,13.5,0.111
12191,30,30,0,30,0,30,0,30,0,30,0,30,0,30,0,30,0,26.5,0.132,26.5,0.132
12192,95,95,0,95,0,95,0,95,0,95,0,95,0,95,0,95,0,70,0.357,70,0.357
12193,72,72,0,72,0,72,0,72,0,72,0,72,0,72,0,72,0,50,0.44,50,0.44
12194,82,82,0,82,0,82,0,82,0,82,0,82,0,82,0,82,0,62,0.323,62,0.323
12197,149,149,0,149,0,149,0,149,0,149,0,149,0,149,0,149,0,115,0.296,115,0.296
12204,25,25,0,25,0,25,0,25,0,,,,,,,25,0,18.4,0.359,18.4,0.359
12331,80.8,80.8,0,80.8,0,80.8,0,80.8,0,80.8,0,80.8,0,80.8,0,80.8,0,60,0.347,60,0.347
12332,80.8,80.8,0,80.8,0,80.8,0,80.8,0,80.8,0,80.8,0,80.8,0,80.8,0,60,0.347,60,0.347
12336,524,524,0,524,0,524,0,524,0,524,0,524,0,524,0,,,,,299,0.753
12338,80.8,80.8,0,80.8,0,80.8,0,80.8,0,80.8,0,80.8,0,80.8,0,80.8,0,60,0.347,60,0.347
12429,,,,,,,,,,,,,,,,,,,,,
12430,11.3,11.3,0,11.3,0,11.3,0,11.3,0,11.3,0,11.3,0,11.3,0,11.3,0,8.9,0.27,8.9,0.27
12551,,,,,,,,,,,,,,,,,,,,,
12562,53,53,0,53,0,53,0,53,0,53,0,53,0,53,0,44,0.205,34.5,0.536,32.5,0.631
12795,15,15,0,15,0,15,0,15,0,14,0.0714,14,0.0714,14,0.0714,,,15,0,,
13200,5,5,0,5,0,5,0,5,0,5,0,5,0,5,0,5,0,3.9,0.282,3.9,0.282
13226,9.5,9.5,0,9.5,0,9.5,0,9.5,0,9.5,0,9.5,0,9.5,0,9.5,0,7.2,0.319,7.2,0.319
13293,12.5,12.5,0,12.5,0,12.5,0,12.5,0,12.5,0,12.5,0,12.5,0,12.5,0,9.9,0.263,9.9,0.263
13515,,,,,,,,,,,,,,,,,,,,,
13570,,,,,,,,,,,,,,,,,,,,,
13573,,,,,,,,,,,,,,,,,,,,,
13720,,,,,,,,,,,,,,,,,,,,,
14011,,,,,,,,,,,,,,,,,,,,,
14013,85,85,0,85,0,85,0,85,0,85,0,85,0,85,0,81.5,0.0429,79,0.0759,78.5,0.0828
14014,38.5,38.5,0,38.5,0,38.5,0,38.5,0,38.5,0,38.5,0,38.5,0,38.5,0,38.5,0,38.5,0
14015,25,25,0,25,0,25,0,25,0,25,0,25,0,25,0,25,0,25,0,25,0
14020,22.5,22.5,0,22.5,0,22.5,0,22.5,0,22.5,0,22.5,0,22.5,0,,,16,0.406,16,0.406
14029,30,30,0,30,0,30,0,30,0,30,0,30,0,28,0.0714,28,0.0714,28,0.0714,28,0.0714
14030,15.9,15.9,0,15.9,0,15.9,0,15.9,0,15.9,0,15.9,0,15.9,0,15.9,0,14,0.136,13,0.223
14031,15.9,15.9,0,15.9,0,15.9,0,15.9,0,,,15.9,0,15.9,0,15.9,0,14,0.136,13,0.223
14032,15.9,15.9,0,15.9,0,15.9,0,15.9,0,15.9,0,15.9,0,15.9,0,15.9,0,14,0.136,13,0.223
14034,32.5,32.5,0,32.5,0,32.5,0,32.5,0,32.5,0,32.5,0,32.5,0,32.5,0,,,,
14035,30,30,0,30,0,30,0,30,0,30,0,30,0,30,0,30,0,,,,
14039,,,,,,,,,,,,,,,,,,,,,
14041,19,19,0,19,0,19,0,19,0,19,0,20.5,-0.0732,26.5,-0.283,24,-0.208,18,0.0556,18,0.0556
14042,19,19,0,19,0,19,0,19,0,19,0,20.5,-0.0732,26.5,-0.283,24,-0.208,18.5,0.027,18,0.0556
14043,22.5,22.5,0,22.5,0,22.5,0,22.5,0,22.5,0,24,-0.0625,32,-0.297,29,-0.224,20.5,0.0976,20,0.125
14045,19,19,0,19,0,19,0,19,0,19,0,20.5,-0.0732,26.5,-0.283,24,-0.208,18,0.0556,18,0.0556
14049,,,,,,,,,,,,,,,,,,,,,
14055,15,15,0,15,0,15,0,15,0,15,0,14.5,0.0345,14.5,0.0345,13.5,0.111,12.5,0.2,12.5,0.2
14056,30,30,0,30,0,30,0,30,0,30,0,30,0,30,0,30,0,26,0.154,22,0.364
14057,30,30,0,30,0,30,0,30,0,30,0,30,0,30,0,30,0,26,0.154,22,0.364
14063,61.9,61.9,0,61.9,0,61.9,0,61.9,0,61.9,0,61.9,0,61.9,0,73,-0.152,45,0.376,38,0.629
14064,31.9,31.9,0,31.9,0,31.9,0,31.9,0,31.9,0,39,-0.182,39,-0.182,,,,,30,0.0633
14069,,,,,,,,,,,,,,,,,,,,,
14070,,,,,,,,,,,,,,,,,,,,,
14072,28.8,28.8,0,28.8,0,28.8,0,28.8,0,28.8,0,28.8,0,28.8,0,28.8,0,,,22.5,0.28
14073,,,,,,,,,,,,,,,,,,,,,
14077,14.5,14.5,0,14.5,0,14.5,0,14.5,0,14.5,0,14.5,0,14.5,0,,,15,-0.0333,,
14078,,,,,,,,,,,,,,,,,,,,,
14081,,,,,,,,,,,,,,,,,,,,,
14084,204,204,0,204,0,204,0,204,0,204,0,204,0,204,0,204,0,,,169,0.207
14088,,,,,,,,,,,,,,,,,,,,,
14091,14.5,14.5,0,14.5,0,14.5,0,14.5,0,14.5,0,14.5,0,14.5,0,15,-0.0333,15,-0.0333,15,-0.0333
14098,38.3,38.3,0,38.3,0,38.3,0,38.3,0,,,,,,,,,28,0.368,,
14099,73.5,73.5,0,73.5,0,73.5,0,73.5,0,73.5,0,73.5,0,73.5,0,73.5,0,58,0.267,52.5,0.4
14100,14.5,14.5,0,14.5,0,14.5,0,14.5,0,14.5,0,14.5,0,14.5,0,15,-0.0333,15,-0.0333,,
14102,10,10,0,10,0,10,0,10,0,10,0,,,,,,,,,,
14106,,,,,,,,,,,,,,,,,,,,,
14107,,,,,,,,,,,,,,,,,,,,,
14108,,,,,,,,,,,,,,,,,,,,,
14113,,,,,,,,,,,,,,,,,,,,,
14118,,,,,,,,,,,,,,,,,,,,,
14123,,,,,,,,,,,,,,,,,,,,,
14125,2.8,2.8,0,2.8,0,2.8,0,2.8,0,2.8,0,2.8,0,2.8,0,2.8,0,2.5,0.12,2.5,0.12
14128,,,,,,,,,,,,,,,,,,,,,
14129,,,,,,,,,,,,,,,,,,,,,
14130,,,,,,,,,,,,,,,,,,,,,
14131,42,42,0,42,0,42,0,42,0,42,0,42,0,42,0,42,0,42,0,42,0
14140,,,,,,,,,,,,,,,,,,,,,
14159,92,92,0,92,0,92,0,92,0,92,0,92,0,92,0,92,0,64.5,0.426,64.5,0.426
14160,92,92,0,92,0,92,0,92,0,92,0,92,0,92,0,92,0,64.5,0.426,64.5,0.426
14162,,,,,,,,,,,,,,,,,,,,,
14170,13.5,13.5,0,13.5,0,13.5,0,13.5,0,13.5,0,13.5,0,13.5,0,13.5,0,8.5,0.588,8.5,0.588
14171,61.5,61.5,0,61.5,0,61.5,0,61.5,0,61.5,0,61.5,0,,,,,,,26.5,1.32
14172,,,,,,,,,,,,,,,,,,,,,
14188,,,,,,,,,,,,,,,,,,,,,
14189,15,15,0,15,0,15,0,15,0,15,0,15,0,15,0,15,0,15,0,15,0
14190,15,15,0,15,0,15,0,15,0,15,0,15,0,15,0,15,0,15,0,15,0
14196,,,,,,,,,,,,,,,,,,,,,
14204,12.5,12.5,0,12.5,0,12.5,0,12.5,0,12.5,0,12.5,0,12.5,0,12.5,0,11.5,0.087,11.5,0.087
14205,12.5,12.5,0,12.5,0,12.5,0,12.5,0,12.5,0,12.5,0,12.5,0,12.5,0,,,,
14206,12.5,12.5,0,12.5,0,12.5,0,12.5,0,12.5,0,12.5,0,12.5,0,12.5,0,,,,
14207,22,22,0,22,0,22,0,22,0,22,0,22,0,22,0,22,0,,,,
14208,22,22,0,22,0,22,0,22,0,22,0,22,0,22,0,22,0,,,,
14209,25,25,0,25,0,25,0,25,0,25,0,25,0,25,0,25,0,21.5,0.163,21.5,0.163
14210,21.5,21.5,0,21.5,0,21.5,0,21.5,0,21.5,0,21.5,0,21.5,0,21.5,0,18.8,0.144,18.8,0.144
14211,53.5,53.5,0,53.5,0,53.5,0,53.5,0,53.5,0,,,53.5,0,53.5,0,49.9,0.0721,49.9,0.0721
14220,11.7,11.7,0,11.7,0,11.7,0,11.7,0,11.7,0,11.7,0,11.7,0,,,,,,
14223,,,,,,,,,,,,,,,,,,,,,
14225,197,197,0,197,0,197,0,197,0,197,0,197,0,197,0,197,0,159,0.239,159,0.239
14236,,,,,,,,,,,,,,,,,,,,,
14237,,,,,,,,,,,,,,,,,,,,,
14239,37.5,37.5,0,37.5,0,37.5,0,37.5,0,37.5,0,37.5,0,37.5,0,37.5,0,33,0.136,33,0.136
14240,25,25,0,25,0,25,0,25,0,25,0,25,0,25,0,25,0,,,,
14242,25,25,0,25,0,25,0,25,0,25,0,25,0,25,0,25,0,21.5,0.163,21.5,0.163
14243,12.5,12.5,0,12.5,0,12.5,0,12.5,0,12.5,0,12.5,0,12.5,0,12.5,0,11.5,0.087,11.5,0.087
14248,32,32,0,32,0,32,0,32,0,32,0,32,0,32,0,32,0,28.8,0.111,28.8,0.111
14258,18.9,18.9,0,18.9,0,18.9,0,18.9,0,18.9,0,,,21.4,-0.117,24.5,-0.229,16.2,0.167,19.5,-0.0308
14264,,,,,,,,,,,,,,,,,,,,,
14275,,,,,,,,,,,,,,,,,,,,,
14276,,,,,,,,,,,,,,,,,,,,,
14283,,,,,,,,,,,,,,,,,,,,,
14284,57.5,57.5,0,57.5,0,57.5,0,57.5,0,57.5,0,57.5,0,57.5,0,,,40,0.438,34,0.691
14285,59.9,59.9,0,59.9,0,59.9,0,59.9,0,59.9,0,59.9,0,59.9,0,54,0.109,40,0.498,34,0.762
14286,53.5,53.5,0,53.5,0,53.5,0,41.9,0.277,41.9,0.277,53.5,0,,,45.8,0.168,42,0.274,,
14287,53.5,53.5,0,53.5,0,53.5,0,53.5,0,53.5,0,53.5,0,53.5,0,47,0.138,42,0.274,,
14292,,,,,,,,,,,,,,,,,,,,,
14295,118,118,0,118,0,118,0,118,0,118,0,118,0,118,0,118,0,75,0.58,69,0.717
14296,149,149,0,149,0,149,0,149,0,149,0,149,0,149,0,149,0,112,0.324,105,0.419
14298,,,,,,,,,,,,,,,,,,,,,
14299,49.5,49.5,0,49.5,0,49.5,0,49.5,0,49.5,0,40,0.238,40,0.238,40,0.238,40,0.238,40,0.238
14300,,,,,,,,,,,,,,,,,,,,,
14301,,,,,,,,,,,,,,,,,,,,,
14302,,,,,,,,,,,,,,,,,,,,,
14304,,,,,,,,,,,,,,,,,,,,,
14305,,,,,,,,,,,,,,,,,,,,,
14314,,,,,,,,,,,,,,,,,,,,,
14315,,,,,,,,,,,,,,,,,,,,,
14322,95,95,0,95,0,95,0,95,0,95,0,95,0,95,0,69.5,0.367,46.5,1.04,46.5,1.04
14328,29.5,29.5,0,29.5,0,29.5,0,29.5,0,29.5,0,24.9,0.185,29.5,0,29.5,0,22,0.341,22,0.341
14330,62,62,0,62,0,62,0,62,0,62,0,62,0,62,0,73,-0.151,45,0.378,38,0.632
14350,,,,,,,,,,,,,,,,,,,,,
14355,149,149,0,149,0,149,0,149,0,149,0,149,0,149,0,149,0,81,0.84,78,0.91
14357,11.5,11.5,0,11.5,0,11.5,0,11.5,0,11.5,0,11.5,0,,,,,,,8,0.438
14358,7,7,0,7,0,7,0,7,0,7,0,7,0,7,0,6.5,0.0769,5.9,0.186,5,0.4
14359,7,7,0,7,0,7,0,7,0,7,0,7,0,7,0,7,0,7,0,7,0
14361,7.9,7.9,0,,,7.9,0,7.9,0,9.5,-0.168,9.5,-0.168,9.5,-0.168,8,-0.0125,7,0.129,5.5,0.436
14364,78.5,78.5,0,78.5,0,78.5,0,78.5,0,78.5,0,78.5,0,78.5,0,75,0.0467,75,0.0467,75,0.0467
14365,7.9,7.9,0,7.9,0,7.9,0,7.9,0,9.5,-0.168,9.5,-0.168,9.5,-0.168,8,-0.0125,7,0.129,5.5,0.436
14375,49.5,49.5,0,49.5,0,49.5,0,49.5,0,49.5,0,49,0.0102,49,0.0102,49,0.0102,38,0.303,,
14381,,,,,,,,,,,,,,,,,,,,,
14382,8.8,8.8,0,8.8,0,8.8,0,8.8,0,8.8,0,8.8,0,8.8,0,8.8,0,7.5,0.173,7.5,0.173
14383,159,159,0,159,0,159,0,159,0,159,0,159,0,,,,,,,,
14384,159,159,0,159,0,159,0,159,0,159,0,159,0,,,,,,,,
14387,10,10,0,10,0,10,0,10,0,10,0,,,,,9.2,0.087,7.5,0.333,7.5,0.333
14388,13.8,13.8,0,13.8,0,13.8,0,13.8,0,13.8,0,,,,,13.8,0,12.5,0.104,,
14390,,,,,,,,,,,,,,,,,,,,,
14395,,,,,,,,,,,,,,,,,,,,,
14396,31,31,0,31,0,31,0,,,,,31,0,,,31,0,,,27.5,0.127
14398,110,110,0,110,0,110,0,110,0,110,0,110,0,110,0,110,0,68.5,0.606,62.5,0.76
14402,,,,,,,,,,,,,,,,,,,,,
14413,,,,,,,,,,,,,,,,,,,,,
14423,,,,,,,,,,,,,,,,,,,,,
14424,223,223,0,223,0,223,0,223,0,223,0,223,0,223,0,149,0.494,142,0.568,129,0.726
14428,4.9,4.9,0,4.9,0,4.9,0,4.9,0,4.9,0,5,-0.02,5,-0.02,5,-0.02,4,0.225,,
14429,4.9,4.9,0,4.9,0,4.9,0,4.9,0,4.9,0,5,-0.02,5,-0.02,5,-0.02,4,0.225,,
14430,,,,,,,,,,,,,,,,,,,,,
14432,,,,,,,,,,,,,,,,,,,,,
14433,,,,,,,,,,,,,,,,,,,,,
14434,,,,,,,,,,,,,,,,,,,,,
14437,12.5,12.5,0,12.5,0,12.5,0,12.5,0,12.5,0,12.5,0,12.5,0,13.5,-0.0741,10.9,0.147,9.8,0.276
14438,36.5,36.5,0,36.5,0,36.5,0,36.5,0,36.5,0,36.5,0,36.5,0,36.5,0,32.5,0.123,28.5,0.281
14439,33.8,33.8,0,33.8,0,33.8,0,33.8,0,33.8,0,33.8,0,33.8,0,33.8,0,30,0.127,28.5,0.186
14440,30,30,0,30,0,30,0,30,0,30,0,30,0,30,0,30,0,,,23,0.304
14441,49,49,0,49,0,49,0,49,0,49,0,49,0,49,0,,,,,36.5,0.342
14446,,,,,,,,,,,,,,,,,,,,,
14449,,,,,,,,,,,,,,,,,,,,,
14450,39.5,39.5,0,39.5,0,39.5,0,39.5,0,39.5,0,39.5,0,39.5,0,39.5,0,29,0.362,29,0.362
14460,,,,,,,,,,,,,,,,,,,,,
14463,,,,,,,,,,,,,,,,,,,,,
14465,19.9,19.9,0,19.9,0,19.9,0,19.9,0,19.9,0,19.9,0,19.9,0,19.9,0,19.5,0.0205,17,0.171
14469,94.9,94.9,0,94.9,0,94.9,0,94.9,0,94.9,0,94.9,0,,,,,,,,
14476,102,102,0,102,0,102,0,102,0,102,0,102,0,102,0,68.5,0.491,65,0.571,59,0.731
14477,35.5,35.5,0,35.5,0,35.5,0,,,,,,,35.5,0,35.5,0,22.5,0.578,18.5,0.919
14478,,,,,,,,,,,,,,,,,,,,,
14483,,,,,,,,,,,,,,,,,,,,,
14490,12,12,0,12,0,12,0,12,0,12,0,12,0,10,0.2,10,0.2,10,0.2,10,0.2
14491,12,12,0,12,0,12,0,12,0,,,12,0,10,0.2,,,10,0.2,10,0.2
14494,,,,,,,,,,,,,,,,,,,,,
14499,8,8,0,8,0,8,0,8,0,8,0,8,0,8,0,8,0,,,,
14503,,,,,,,,,,,,,,,,,,,,,
14504,,,,,,,,,,,,,,,,,,,,,
14505,,,,,,,,,,,,,,,,,,,,,
14512,28.5,28.5,0,28.5,0,28.5,0,28.5,0,28.5,0,28.5,0,28.5,0,28.5,0,,,20,0.425
14524,,,,,,,,,,,,,,,,,,,,,
14530,28.5,28.5,0,28.5,0,28.5,0,28.5,0,28.5,0,28.5,0,28.5,0,28.5,0,23.5,0.213,20,0.425
14532,,,,,,,,,,,,,,,,,,,,,
14534,829,829,0,829,0,829,0,829,0,829,0,829,0,829,0,679,0.221,679,0.221,645,0.285
14535,,,,,,,,,,,,,,,,,,,,,
14536,4.8,4.8,0,4.8,0,4.8,0,4.8,0,4.8,0,4.8,0,4.8,0,4,0.2,4,0.2,4,0.2
14550,9,9,0,9,0,9,0,9,0,9,0,9,0,9,0,9,0,9,0,9,0
14554,,,,,,,,,,,,,,,,,,,,,
14555,135,135,0,135,0,135,0,135,0,135,0,135,0,135,0,135,0,105,0.286,97.5,0.385
14570,,,,,,,,,,,,,,,,,,,,,
14572,,,,,,,,,,,,,,,,,,,,,
14573,20.4,20.4,0,20.4,0,20.4,0,20.4,0,20.4,0,20.4,0,20.4,0,20.4,0,17.9,0.14,14.8,0.378
14574,20.4,20.4,0,20.4,0,20.4,0,20.4,0,20.4,0,20.4,0,20.4,0,20.4,0,17.9,0.14,14.8,0.378
14588,95,95,0,95,0,95,0,95,0,95,0,95,0,95,0,63.5,0.496,60,0.583,55,0.727
14589,,,,,,,,,,,,,,,,,,,,,
14600,6,6,0,6,0,6,0,6,0,6,0,6,0,6,0,6,0,5,0.2,5,0.2
14604,,,,,,,,,,,,,,,,,,,,,
14605,23.5,23.5,0,23.5,0,23.5,0,23.5,0,23.5,0,19.8,0.187,19.8,0.187,,,,,,
14629,,,,,,,,,,,,,,,,,,,,,
14631,31,31,0,31,0,31,0,31,0,31,0,31,0,31,0,31,0,24,0.292,22,0.409
14639,31,31,0,31,0,31,0,31,0,31,0,31,0,31,0,31,0,24,0.292,22,0.409
14640,,,,,,,,,,,,,,,,,,,,,
14645,,,,,,,,,,,,,,,,,,,,,
14647,,,,,,,,,,,,,,,,,,,,,
14649,41,41,0,41,0,41,0,41,0,41,0,41,0,41,0,41,0,30,0.367,26,0.577
14655,168,168,0,168,0,168,0,168,0,168,0,,,,,,,,,119,0.412
14657,89,89,0,89,0,89,0,89,0,89,0,,,,,,,,,62,0.435
14660,,,,,,,,,,,,,,,,,,,,,
14666,24.5,24.5,0,24.5,0,24.5,0,24.5,0,24.5,0,24.5,0,24.5,0,24.5,0,12.5,0.96,12.5,0.96
14667,,,,,,,,,,,,,,,,,,,,,
14668,13,13,0,13,0,13,0,13,0,13,0,13,0,13,0,13,0,7.5,0.733,7.5,0.733
14676,13.5,13.5,0,13.5,0,13.5,0,13.5,0,13.5,0,13.5,0,13.5,0,13.5,0,9,0.5,7,0.929
14679,15.9,15.9,0,15.9,0,15.9,0,15.9,0,15.9,0,15.9,0,15.9,0,15.9,0,13,0.223,,
14680,,,,,,,,,,,,,,,,,,,,,
14697,22,22,0,22,0,22,0,22,0,22,0,22,0,,,16,0.375,15.9,0.384,15.9,0.384
14698,,,,,,,,,,,,,,,,,,,,,
14703,9,9,0,9,0,9,0,9,0,9,0,9,0,9,0,9,0,9,0,9,0
14704,,,,,,,,,,,,,,,,,,,,,
14705,69.5,69.5,0,69.5,0,69.5,0,69.5,0,69.5,0,69.5,0,69.5,0,,,,,,
14709,,,,,,,,,,,,,,,,,,,,,
14710,16,16,0,16,0,16,0,16,0,,,,,,,,,,,,
14720,28,28,0,28,0,28,0,28,0,28,0,28,0,28,0,30,-0.0667,25,0.12,25,0.12
14730,14.8,14.8,0,14.8,0,14.8,0,14.8,0,14.8,0,14.8,0,14.8,0,14.8,0,10.3,0.437,10.3,0.437
14731,14.8,14.8,0,14.8,0,14.8,0,14.8,0,14.8,0,14.8,0,14.8,0,,,10.3,0.437,,
14747,,,,,,,,,,,,,,,,,,,,,
14750,52,52,0,52,0,52,0,52,0,52,0,52,0,52,0,52,0,38,0.368,38,0.368
14751,,,,,,,,,,,,,,,,,,,,,
14752,,,,,,,,,,,,,,,,,,,,,
14754,118,118,0,118,0,118,0,118,0,,,118,0,,,,,,,,
14755,,,,,,,,,,,,,,,,,,,,,
14756,,,,,,,,,,,,,,,,,,,,,
14766,34.5,34.5,0,34.5,0,34.5,0,34.5,0,34.5,0,34.5,0,44.9,-0.232,44.9,-0.232,30.5,0.131,24.5,0.408
14767,27.9,27.9,0,27.9,0,27.9,0,27.9,0,27.9,0,27.9,0,27.9,0,27.9,0,19,0.468,14.7,0.898
14770,13.5,13.5,0,13.5,0,13.5,0,13.5,0,13.5,0,13.5,0,13.5,0,13.5,0,9.5,0.421,9.5,0.421
14774,,,,,,,,,,,,,,,,,,,,,
14775,10.5,10.5,0,10.5,0,10.5,0,10.5,0,10.5,0,10.5,0,10,0.05,9,0.167,9,0.167,9,0.167
14776,10.5,10.5,0,10.5,0,10.5,0,10.5,0,10.5,0,10.5,0,10,0.05,9,0.167,9,0.167,9,0.167
14780,12.5,12.5,0,12.5,0,12.5,0,12.5,0,12.5,0,,,12.5,0,9.5,0.316,9.5,0.316,9.5,0.316
14782,,,,,,,,,,,,,,,,,,,,,
14788,85.5,85.5,0,85.5,0,85.5,0,85.5,0,85.5,0,85.5,0,85.5,0,85.5,0,64.5,0.326,64.5,0.326
14791,27,27,0,27,0,27,0,27,0,27,0,27,0,27,0,27,0,24.5,0.102,24.5,0.102
14796,39.5,39.5,0,39.5,0,39.5,0,39.5,0,39.5,0,39.5,0,,,,,,,,
14798,,,,,,,,,,,,,,,,,,,,,
14971,69,69,0,69,0,69,0,69,0,69,0,69,0,,,,,,,59.5,0.16
15015,,,,,,,,,,,,,,,,,,,,,
15016,,,,,,,,,,,,,,,,,,,,,
15024,,,,,,,,,,,,,,,,,,,,,
15051,16.5,16.5,0,16.5,0,16.5,0,16.5,0,,,16.5,0,16.5,0,15.4,0.0714,14,0.179,,
15054,78.5,78.5,0,78.5,0,78.5,0,78.5,0,78.5,0,78.5,0,78.5,0,78.5,0,70,0.121,70,0.121
15056,,,,,,,,,,,,,,,,,,,,,
15058,6,6,0,6,0,6,0,6,0,6,0,6,0,6,0,5.8,0.0345,5.8,0.0345,5.8,0.0345
15059,10.5,10.5,0,10.5,0,10.5,0,10.5,0,10.5,0,8.9,0.18,10.5,0,,,8.7,0.207,6.9,0.522
15060,,,,,,,,,,,,,,,,,,,,,
15067,16.5,16.5,0,16.5,0,16.5,0,16.5,0,16.5,0,14.5,0.138,14.5,0.138,14.5,0.138,14.5,0.138,13,0.269
15071,,,,,,,,,,,,,,,,,,,,,
15072,7,7,0,7,0,7,0,7,0,7,0,7,0,7,0,5.7,0.228,5.7,0.228,5.7,0.228
15075,16.5,16.5,0,16.5,0,16.5,0,16.5,0,16.5,0,14.5,0.138,14.5,0.138,14.5,0.138,14.5,0.138,13,0.269
15077,30.5,30.5,0,30.5,0,30.5,0,30.5,0,30.5,0,,,30.5,0,29.5,0.0339,29.5,0.0339,29.5,0.0339
15078,54.5,54.5,0,54.5,0,54.5,0,54.5,0,54.5,0,,,,,52.5,0.0381,52.5,0.0381,55,-0.00909
15083,16.5,16.5,0,16.5,0,16.5,0,16.5,0,16.5,0,14.5,0.138,14.5,0.138,14.5,0.138,14.5,0.138,13,0.269
15087,,,,,,,,,,,,,,,,,,,,,
15089,,,,,,,,,,,,,,,,,,,,,
15090,,,,,,,,,,,,,,,,,,,,,
15091,15,15,0,15,0,15,0,15,0,15,0,15,0,15,0,15,0,15,0,15,0
15099,15,15,0,15,0,15,0,15,0,,,15,0,15,0,15,0,15,0,15,0
15106,,,,,,,,,,,,,,,,,,,,,
15250,21.5,21.5,0,21.5,0,21.5,0,21.5,0,21.5,0,21.5,0,21.5,0,18.5,0.162,18.5,0.162,17.5,0.229
15251,21.5,21.5,0,21.5,0,21.5,0,21.5,0,21.5,0,21.5,0,21.5,0,18.5,0.162,,,17.5,0.229
15252,20.5,20.5,0,20.5,0,20.5,0,20.5,0,20.5,0,20.5,0,20.5,0,16.5,0.242,16.5,0.242,16.5,0.242
15255,21.5,21.5,0,21.5,0,21.5,0,21.5,0,21.5,0,21.5,0,21.5,0,18.5,0.162,18.5,0.162,17.5,0.229
15334,36,36,0,36,0,36,0,36,0,36,0,36,0,36,0,36,0,31.5,0.143,28,0.286
15385,23.5,23.5,0,23.5,0,23.5,0,23.5,0,23.5,0,23.5,0,23.5,0,23.5,0,18.8,0.25,16.7,0.407
15550,150,150,0,150,0,150,0,150,0,150,0,112,0.339,112,0.339,112,0.339,98,0.531,81,0.852
15553,81,81,0,81,0,81,0,81,0,81,0,62.5,0.296,62.5,0.296,62.5,0.296,60,0.35,56.5,0.434
15559,113,113,0,113,0,113,0,113,0,113,0,93,0.215,93,0.215,93,0.215,,,,
15571,36,36,0,36,0,36,0,36,0,36,0,36,0,36,0,,,,,,
15578,12.5,12.5,0,12.5,0,12.5,0,12.5,0,12.5,0,,,,,,,,,,
15579,12.5,12.5,0,12.5,0,12.5,0,12.5,0,12.5,0,,,,,,,,,,
15628,21.5,21.5,0,21.5,0,21.5,0,21.5,0,21.5,0,21.5,0,21.5,0,21.5,0,18.8,0.144,16.7,0.287
15695,43.5,43.5,0,43.5,0,43.5,0,43.5,0,43.5,0,43.5,0,43.5,0,,,,,,
15782,28,28,0,28,0,28,0,28,0,28,0,28,0,28,0,29.5,-0.0508,20.5,0.366,20.5,0.366
15788,23,23,0,23,0,23,0,23,0,23,0,23,0,23,0,23,0,23,0,23,0
15789,28,28,0,28,0,28,0,28,0,28,0,28,0,28,0,28,0,20.5,0.366,,
15790,51,51,0,51,0,51,0,51,0,51,0,51,0,52,-0.0192,53.5,-0.0467,39.5,0.291,39.5,0.291
15878,84.5,84.5,0,84.5,0,84.5,0,84.5,0,84.5,0,84.5,0,84.5,0,78,0.0833,78,0.0833,72.5,0.166
15977,61,61,0,61,0,61,0,61,0,61,0,61,0,,,,,39.5,0.544,,
16006,,,,,,,,,,,,,,,,,,,,,
16033,249,249,0,249,0,249,0,249,0,249,0,249,0,249,0,173,0.439,126,0.976,111,1.24
16045,15,15,0,15,0,15,0,15,0,15,0,,,,,15,0,13,0.154,,
16046,,,,,,,,,,,,,,,,,,,,,
16048,15,15,0,15,0,15,0,15,0,,,,,,,15,0,,,,
16049,15,15,0,15,0,15,0,15,0,15,0,,,,,15,0,,,,
16052,,,,,,,,,,,,,,,,,,,,,
16053,13.9,13.9,0,13.9,0,13.9,0,,,,,,,,,,,10.4,0.337,9.9,0.404
16064,,,,,,,,,,,,,,,,,,,,,
16065,,,,,,,,,,,,,,,,,,,,,
16075,,,,,,,,,,,,,,,,,,,,,
16078,13.5,13.5,0,13.5,0,13.5,0,13.5,0,13.5,0,16,-0.156,16,-0.156,16,-0.156,14,-0.0357,14,-0.0357
16079,13.5,13.5,0,13.5,0,13.5,0,13.5,0,13.5,0,16,-0.156,16,-0.156,16,-0.156,14,-0.0357,14,-0.0357
16080,45,45,0,45,0,45,0,47,-0.0426,47,-0.0426,47,-0.0426,47,-0.0426,47,-0.0426,31.5,0.429,30,0.5
16081,13.5,13.5,0,13.5,0,13.5,0,13.5,0,13.5,0,16,-0.156,16,-0.156,16,-0.156,14,-0.0357,14,-0.0357
16082,13.5,13.5,0,13.5,0,13.5,0,13.5,0,13.5,0,16,-0.156,16,-0.156,16,-0.156,14,-0.0357,14,-0.0357
16085,,,,,,,,,,,,,,,,,,,,,
16087,,,,,,,,,,,,,,,,,,,,,
16088,,,,,,,,,,,,,,,,,,,,,
16098,84,84,0,84,0,84,0,84,0,84,0,84,0,84,0,84,0,56.3,0.492,56.3,0.492
16099,57,57,0,57,0,57,0,,,57,0,57,0,57,0,57,0,57,0,57,0
16102,8,8,0,8,0,8,0,8,0,8,0,8,0,7.5,0.0667,7.5,0.0667,7.5,0.0667,7.5,0.0667
16366,,,,,,,,,,,,,,,,,,,,,
16513,40,40,0,40,0,40,0,40,0,40,0,40,0,40,0,40,0,34.5,0.159,28.9,0.384
16525,7.9,7.9,0,7.9,0,7.9,0,7.9,0,7.9,0,8.5,-0.0706,8.5,-0.0706,8,-0.0125,7,0.129,6.3,0.254
16526,7.9,7.9,0,7.9,0,7.9,0,7.9,0,7.9,0,8.5,-0.0706,8.5,-0.0706,8,-0.0125,7,0.129,6.3,0.254
16630,,,,,,,,,,,,,,,,,,,,,
16633,,,,,,,,,,,,,,,,,,,,,
16634,,,,,,,,,,,,,,,,,,,,,
16642,,,,,,,,,,,,,,,,,,,,,
16643,,,,,,,,,,,,,,,,,,,,,
16644,,,,,,,,,,,,,,,,,,,,,
16662,,,,,,,,,,,,,,,,,,,,,
16676,,,,,,,,,,,,,,,,,,,,,
16677,10.5,10.5,0,10.5,0,10.5,0,10.5,0,10.5,0,10.5,0,10.5,0,18.5,-0.432,18.5,-0.432,18.5,-0.432
16678,10.5,10.5,0,10.5,0,10.5,0,10.5,0,10.5,0,10.5,0,10.5,0,18.5,-0.432,18.5,-0.432,18.5,-0.432
16684,,,,,,,,,,,,,,,,,,,,,
16700,,,,,,,,,,,,,,,,,,,,,
16873,28,28,0,28,0,28,0,28,0,28,0,28,0,28,0,30,-0.0667,25,0.12,25,0.12
16875,28,28,0,28,0,28,0,28,0,28,0,28,0,28,0,30,-0.0667,25,0.12,25,0.12
16876,28,28,0,28,0,28,0,28,0,28,0,28,0,28,0,30,-0.0667,25,0.12,25,0.12
16877,28,28,0,28,0,28,0,28,0,28,0,28,0,28,0,30,-0.0667,25,0.12,25,0.12
17001,22.5,22.5,0,22.5,0,22.5,0,22.5,0,22.5,0,22.5,0,22.5,0,19.8,0.136,18.5,0.216,17.5,0.286
17002,22.5,22.5,0,22.5,0,22.5,0,22.5,0,22.5,0,22.5,0,22.5,0,19.8,0.136,18.5,0.216,17.5,0.286
17004,13.5,13.5,0,13.5,0,13.5,0,13.5,0,,,,,13.5,0,13.5,0,,,13,0.0385
17005,,,,,,,,,,,,,,,,,,,,,
17006,7,7,0,7,0,7,0,7,0,7,0,7,0,5.9,0.186,,,5.9,0.186,5.9,0.186
17007,7,7,0,7,0,7,0,7,0,,,7,0,5.9,0.186,5.9,0.186,5.9,0.186,5.9,0.186
17009,,,,,,,,,,,,,,,,,,,,,
17012,,,,,,,,,,,,,,,,,,,,,
17018,,,,,,,,,,,,,,,,,,,,,
17021,,,,,,,,,,,,,,,,,,,,,
17022,,,,,,,,,,,,,,,,,,,,,
17023,,,,,,,,,,,,,,,,,,,,,
17024,,,,,,,,,,,,,,,,,,,,,
17037,,,,,,,,,,,,,,,,,,,,,
17038,,,,,,,,,,,,,,,,,,,,,
17039,,,,,,,,,,,,,,,,,,,,,
17040,,,,,,,,,,,,,,,,,,,,,
17045,,,,,,,,,,,,,,,,,,,,,
17047,,,,,,,,,,,,,,,,,,,,,
17048,,,,,,,,,,,,,,,,,,,,,
17049,14,14,0,14,0,14,0,14,0,14,0,14,0,14,0,14,0,14,0,13.5,0.037
17050,24.5,24.5,0,24.5,0,24.5,0,24.5,0,24.5,0,24.5,0,24.5,0,,,22.5,0.0889,21.5,0.14
17051,,,,,,,,,,,,,,,,,,,,,
17058,,,,,,,,,,,,,,,,,,,,,
17060,13.6,13.6,0,13.6,0,13.6,0,13.6,0,13.6,0,13.6,0,13.6,0,13.6,0,8.9,0.528,,
17061,27.5,27.5,0,27.5,0,27.5,0,27.5,0,27.5,0,27.5,0,27.5,0,23.9,0.151,23.9,0.151,23.9,0.151
17063,,,,,,,,,,,,,,,,,,,,,
17064,,,,,,,,,,,,,,,,,,,,,
17065,16,16,0,16,0,16,0,16,0,16,0,16,0,16,0,16,0,16,0,13,0.231
17066,24,24,0,24,0,24,0,24,0,24,0,24,0,24,0,24,0,24,0,19,0.263
17067,24,24,0,24,0,24,0,24,0,24,0,24,0,24,0,24,0,24,0,19,0.263
17068,,,,,,,,,,,,,,,,,,,,,
17070,,,,,,,,,,,,,,,,,,,,,
17071,,,,,,,,,,,,,,,,,,,,,
17073,,,,,,,,,,,,,,,,,,,,,
17083,,,,,,,,,,,,,,,,,,,,,
17090,,,,,,,,,,,,,,,,,,,,,
17098,,,,,,,,,,,,,,,,,,,,,
17099,,,,,,,,,,,,,,,,,,,,,
17100,99.5,99.5,0,99.5,0,99.5,0,99.5,0,99.5,0,99.5,0,99.5,0,,,57.5,0.73,57.5,0.73
17124,12.5,12.5,0,12.5,0,12.5,0,12.5,0,12.5,0,12.5,0,12.5,0,12.5,0,9,0.389,7,0.786
17130,,,,,,,,,,,,,,,,,,,,,
17131,24,24,0,24,0,24,0,24,0,24,0,24,0,24,0,24,0,24,0,21.1,0.137
17140,,,,,,,,,,,,,,,,,,,,,
17152,81.5,81.5,0,81.5,0,81.5,0,81.5,0,81.5,0,81.5,0,81.5,0,80,0.0188,80,0.0188,75,0.0867
17153,15,15,0,15,0,15,0,15,0,,,15,0,,,,,13.5,0.111,,
17154,11.1,11.1,0,11.1,0,11.1,0,11.1,0,11.1,0,11.1,0,11.1,0,11.1,0,7.7,0.442,7.7,0.442
17155,11.1,11.1,0,11.1,0,11.1,0,11.1,0,11.1,0,11.1,0,11.1,0,11.1,0,8.3,0.337,7.7,0.442
17156,11.1,11.1,0,11.1,0,11.1,0,11.1,0,11.1,0,11.1,0,11.1,0,11.1,0,7.7,0.442,7.7,0.442
17161,45,45,0,45,0,45,0,45,0,45,0,45,0,45,0,38,0.184,35.9,0.253,35,0.286
17162,25.5,25.5,0,25.5,0,25.5,0,25.5,0,23.5,0.0851,34.9,-0.269,34.9,-0.269,34.9,-0.269,23.9,0.0669,22.5,0.133
17169,,,,,,,,,,,,,,,,,,,,,
17171,,,,,,,,,,,,,,,,,,,,,
17178,4,4,0,4,0,4,0,4,0,4,0,4,0,4,0,4,0,4,0,4,0
17179,6,6,0,6,0,6,0,6,0,6,0,6,0,6,0,6,0,6,0,6,0
17181,22.5,22.5,0,22.5,0,22.5,0,22.5,0,22.5,0,22.5,0,22.5,0,21,0.0714,,,,
17187,69,69,0,69,0,69,0,69,0,69,0,69,0,69,0,61,0.131,,,,
17191,37.5,37.5,0,37.5,0,37.5,0,37.5,0,37.5,0,,,,,,,,,,
17192,30,30,0,30,0,30,0,30,0,30,0,30,0,30,0,30,0,18.5,0.622,,
17208,,,,,,,,,,,,,,,,,,,,,
17211,,,,,,,,,,,,,,,,,,,,,
17212,25,25,0,25,0,25,0,25,0,25,0,,,,,20,0.25,,,,
17214,,,,,,,,,,,,,,,,,,,,,
17215,,,,,,,,,,,,,,,,,,,,,
17221,15.9,15.9,0,15.9,0,15.9,0,15.9,0,15.9,0,19.8,-0.197,19.8,-0.197,,,,,,
17222,19.8,19.8,0,19.8,0,19.8,0,19.8,0,19.8,0,19.8,0,19.8,0,,,,,,
17223,19.5,19.5,0,19.5,0,19.5,0,19.5,0,19.5,0,19.5,0,19.5,0,,,,,,
17225,,,,,,,,,,,,,,,,,,,,,
17226,9.5,9.5,0,9.5,0,9.5,0,9.5,0,9.5,0,9.5,0,8.5,0.118,8.5,0.118,8.5,0.118,,
17227,9.5,9.5,0,9.5,0,9.5,0,9.5,0,9.5,0,9.5,0,8.5,0.118,8.5,0.118,8.5,0.118,,
17232,7,7,0,7,0,7,0,7,0,7,0,7,0,7,0,7,0,6.2,0.129,6.2,0.129
17233,16.9,16.9,0,,,,,,,16.9,0,16.9,0,16.9,0,16.9,0,15.5,0.0903,12.9,0.31
17237,63.5,63.5,0,63.5,0,63.5,0,63.5,0,63.5,0,63.5,0,68.5,-0.073,78.5,-0.191,52.5,0.21,47.5,0.337
17238,219,219,0,219,0,219,0,219,0,219,0,219,0,219,0,221,-0.00905,118,0.856,85,1.58
17239,,,,,,,,,,,,,,,,,,,,,
17240,,,,,,,,,,,,,,,,,,,,,
17241,7,7,0,7,0,7,0,7,0,7,0,7,0,,,,,5.5,0.273,,
17244,95,95,0,95,0,95,0,95,0,95,0,95,0,95,0,91,0.044,80,0.188,80,0.188
17245,149,149,0,149,0,149,0,149,0,149,0,149,0,149,0,140,0.0643,130,0.146,130,0.146
17246,,,,,,,,,,,,,,,,,,,,,
17250,265,265,0,265,0,265,0,265,0,265,0,265,0,265,0,265,0,265,0,265,0
17251,278,278,0,278,0,278,0,278,0,278,0,278,0,278,0,270,0.0278,265,0.0472,265,0.0472
17256,,,,,,,,,,,,,,,,,,,,,
17270,28,28,0,28,0,28,0,28,0,28,0,28,0,28,0,,,25,0.12,25,0.12
17277,,,,,,,,,,,,,,,,,,,,,
17281,24.4,24.4,0,24.4,0,24.4,0,24.4,0,24.4,0,24.4,0,24.4,0,29.5,-0.173,18.4,0.326,16.9,0.444
17286,13.9,13.9,0,13.9,0,13.9,0,13.9,0,13.9,0,13.9,0,13.9,0,,,,,,
17287,13,13,0,13,0,13,0,13,0,13,0,,,,,,,,,,
17288,26,26,0,,,26,0,26,0,26,0,,,,,,,,,,
17289,,,,,,,,,,,,,,,,,,,,,
17294,,,,,,,,,,,,,,,,,,,,,
17298,22.5,22.5,0,22.5,0,22.5,0,22.5,0,22.5,0,22.5,0,24.4,-0.0779,29.5,-0.237,18.4,0.223,16.9,0.331
17316,,,,,,,,,,,,,,,,,,,,,
17317,,,,,,,,,,,,,,,,,,,,,
17322,38.5,38.5,0,38.5,0,38.5,0,38.5,0,38.5,0,38.5,0,38.5,0,38.5,0,35,0.1,31,0.242
17331,27,27,0,27,0,27,0,27,0,27,0,27,0,27,0,27,0,18.5,0.459,18.5,0.459
17332,47,47,0,47,0,47,0,47,0,47,0,47,0,48,-0.0208,49.5,-0.0505,37,0.27,37,0.27
17333,20.5,20.5,0,20.5,0,20.5,0,20.5,0,20.5,0,20.5,0,20.5,0,20.5,0,20.5,0,20.5,0
17335,68,68,0,68,0,68,0,68,0,68,0,68,0,68,0,69,-0.0145,35,0.943,35,0.943
17336,33.5,33.5,0,33.5,0,33.5,0,33.5,0,33.5,0,33.5,0,33.5,0,33.5,0,33.5,0,33.5,0
17337,26.5,26.5,0,26.5,0,26.5,0,26.5,0,26.5,0,26.5,0,26.5,0,28,-0.0536,15.5,0.71,15.5,0.71
17338,,,,,,,,,,,,,,,,,,,,,
17353,19.5,19.5,0,19.5,0,19.5,0,19.5,0,19.5,0,19.5,0,19.5,0,19.5,0,,,,
17362,,,,,,,,,,,,,,,,,,,,,
17365,,,,,,,,,,,,,,,,,,,,,
17367,8,8,0,8,0,8,0,8,0,8,0,8.8,-0.0909,8.8,-0.0909,8.8,-0.0909,7,0.143,7,0.143
17372,41,41,0,41,0,,,41,0,41,0,41,0,41,0,37.5,0.0933,31.5,0.302,31.5,0.302
17373,32.7,32.7,0,32.7,0,32.7,0,32.7,0,32.7,0,32.7,0,32.7,0,32.7,0,25,0.308,21.5,0.521
17374,,,,,,,,,,,,,,,,,,,,,
17377,91,91,0,91,0,91,0,,,,,,,,,,,,,57,0.596
17379,77,77,0,77,0,77,0,77,0,77,0,77,0,77,0,77,0,31,1.48,31,1.48
17381,,,,,,,,,,,,,,,,,,,,,
17382,,,,,,,,,,,,,,,,,,,,,
17383,,,,,,,,,,,,,,,,,,,,,
17384,26.8,26.8,0,26.8,0,26.8,0,26.8,0,26.8,0,26.8,0,26.8,0,18.5,0.449,,,,
17385,,,,,,,,,,,,,,,,,,,,,
17388,14,14,0,14,0,14,0,14,0,14,0,14,0,14,0,14,0,12,0.167,12,0.167
17390,31.5,31.5,0,31.5,0,31.5,0,31.5,0,31.5,0,31.5,0,,,,,,,,
17391,42,42,0,42,0,42,0,42,0,42,0,42,0,42,0,42,0,38,0.105,35.5,0.183
17392,43.5,43.5,0,43.5,0,43.5,0,43.5,0,43.5,0,43.5,0,43.5,0,43.5,0,39,0.115,36,0.208
17393,43.5,43.5,0,43.5,0,43.5,0,43.5,0,43.5,0,43.5,0,43.5,0,43.5,0,39,0.115,36,0.208
17394,,,,,,,,,,,,,,,,,,,,,
17397,93.5,93.5,0,93.5,0,93.5,0,93.5,0,93.5,0,93.5,0,93.5,0,93.5,0,85,0.1,75,0.247
17398,87,87,0,87,0,87,0,87,0,87,0,87,0,87,0,87,0,80,0.0875,72.5,0.2
17399,89,89,0,89,0,89,0,89,0,89,0,89,0,89,0,89,0,81,0.0988,70,0.271
17400,35.5,35.5,0,35.5,0,35.5,0,35.5,0,35.5,0,35.5,0,35.5,0,35.5,0,32,0.109,29.9,0.187
17401,35.5,35.5,0,35.5,0,35.5,0,35.5,0,35.5,0,35.5,0,35.5,0,35.5,0,32,0.109,29.9,0.187
17404,,,,,,,,,,,,,,,,,,,,,
17409,99,99,0,99,0,99,0,99,0,99,0,99,0,99,0,,,,,,
17410,98,98,0,98,0,98,0,98,0,98,0,98,0,98,0,98,0,98,0,,
17415,,,,,,,,,,,,,,,,,,,,,
17423,135,135,0,135,0,135,0,135,0,138,-0.0217,142,-0.0493,142,-0.0493,148,-0.0872,76,0.776,76,0.776
17469,,,,,,,,,,,,,,,,,,,,,
17474,42,42,0,42,0,42,0,42,0,42,0,42,0,42,0,42,0,38,0.105,38,0.105
17476,379,379,0,379,0,379,0,379,0,379,0,,,,,,,,,,
17477,38.8,38.8,0,38.8,0,38.8,0,38.8,0,,,38.8,0,,,,,,,,
17501,8,8,0,8,0,8,0,7.5,0.0667,7.5,0.0667,7.5,0.0667,7.5,0.0667,7,0.143,6.4,0.25,5.9,0.356
17504,,,,,,,,,,,,,,,,,,,,,
17516,,,,,,,,,,,,,,,,,,,,,
17523,,,,,,,,,,,,,,,,,,,,,
17524,,,,,,,,,,,,,,,,,,,,,
17533,69,69,0,69,0,69,0,69,0,72,-0.0417,72,-0.0417,72,-0.0417,75.8,-0.0897,40.9,0.687,40.9,0.687
17538,7,7,0,7,0,7,0,7,0,7,0,9.5,-0.263,9.5,-0.263,9.5,-0.263,7.4,-0.0541,5.8,0.207
17543,,,,,,,,,,,,,,,,,,,,,
17546,8.9,8.9,0,8.9,0,8.9,0,8.9,0,8.9,0,8.9,0,,,8.9,0,8.9,0,8.9,0
17547,42.5,42.5,0,42.5,0,42.5,0,42.5,0,42.5,0,42.5,0,42.5,0,42.5,0,31,0.371,,
17548,,,,,,,,,,,,,,,,,,,,,
17553,,,,,,,,,,,,,,,,,,,,,
17556,,,,,,,,,,,,,,,,,,,,,
17563,,,,,,,,,,,,,,,,,,,,,
17570,,,,,,,,,,,,,,,,,,,,,
17571,,,,,,,,,,,,,,,,,,,,,
17572,,,,,,,,,,,,,,,,,,,,,
17575,6.2,6.2,0,6.2,0,6.2,0,6.2,0,6.2,0,6.2,0,6.2,0,5.5,0.127,5.5,0.127,5.5,0.127
17576,8.9,8.9,0,8.9,0,8.9,0,8.9,0,,,8.9,0,,,8,0.113,8,0.113,8,0.113
17577,6.2,6.2,0,6.2,0,6.2,0,6.2,0,6.2,0,6.2,0,6.2,0,5.5,0.127,,,,
17578,8.9,8.9,0,8.9,0,8.9,0,8.9,0,8.9,0,8.9,0,8.9,0,8,0.113,8,0.113,8,0.113
17579,6.2,6.2,0,6.2,0,6.2,0,6.2,0,6.2,0,6.2,0,6.2,0,5.5,0.127,5.5,0.127,,
17580,8.9,8.9,0,8.9,0,8.9,0,8.9,0,8.9,0,8.9,0,8.9,0,,,8,0.113,8,0.113
17584,,,,,,,,,,,,,,,,,,,,,
17585,,,,,,,,,,,,,,,,,,,,,
17586,,,,,,,,,,,,,,,,,,,,,
17587,,,,,,,,,,,,,,,,,,,,,
17588,,,,,,,,,,,,,,,,,,,,,
17590,56,56,0,56,0,56,0,56,0,56,0,56,0,56,0,39,0.436,,,29.5,0.898
17597,19.5,19.5,0,19.5,0,19.5,0,19.5,0,19.5,0,19.5,0,19.5,0,19.5,0,14,0.393,14,0.393
17599,,,,,,,,,,,,,,,,,,,,,
17600,,,,,,,,,,,,,,,,,,,,,
17601,,,,,,,,,,,,,,,,,,,,,
17604,,,,,,,,,,,,,,,,,,,,,
17611,,,,,,,,,,,,,,,,,,,,,
17612,8,8,0,8,0,8,0,8,0,8,0,6.5,0.231,7.8,0.0256,7.8,0.0256,6,0.333,6,0.333
17615,7,7,0,7,0,7,0,7,0,7,0,7,0,8.6,-0.186,8.6,-0.186,6,0.167,5,0.4
17616,7,7,0,7,0,7,0,7,0,7,0,7,0,8.6,-0.186,8.6,-0.186,6,0.167,5,0.4
17624,28.5,28.5,0,28.5,0,28.5,0,28.5,0,28.5,0,28.5,0,28.5,0,28.5,0,23,0.239,18,0.583
17629,,,,,,,,,,,,,,,,,,,,,
17630,,,,,,,,,,,,,,,,,,,,,
17632,,,,,,,,,,,,,,,,,,,,,
17635,10.5,10.5,0,10.5,0,10.5,0,10.5,0,,,,,,,,,7.6,0.382,,
17636,15.5,15.5,0,15.5,0,15.5,0,15.5,0,15.5,0,15.5,0,15.5,0,13.8,0.123,10.5,0.476,10.5,0.476
17642,136,136,0,136,0,136,0,136,0,136,0,136,0,,,121,0.124,121,0.124,121,0.124
17650,7,7,0,7,0,7,0,7,0,7,0,7,0,7,0,7,0,7,0,7,0
17652,21.5,21.5,0,21.5,0,21.5,0,21.5,0,21.5,0,21.5,0,21.5,0,21.5,0,21.5,0,21.5,0
17653,21.5,21.5,0,21.5,0,21.5,0,21.5,0,21.5,0,21.5,0,21.5,0,21.5,0,21.5,0,21.5,0
17654,21.5,21.5,0,21.5,0,21.5,0,21.5,0,21.5,0,,,21.5,0,21.5,0,21.5,0,21.5,0
17665,105,105,0,105,0,105,0,105,0,105,0,99.9,0.0501,99.9,0.0501,105,-0.000952,,,,
17676,39,39,0,39,0,39,0,39,0,39,0,39,0,39,0,39,0,30,0.3,30,0.3
17677,,,,,,,,,,,,,,,,,,,,,
17678,,,,,,,,,,,,,,,,,,,,,
17680,,,,,,,,,,,,,,,,,,,,,
17682,,,,,,,,,,,,,,,,,,,,,
17684,112,112,0,112,0,112,0,112,0,112,0,112,0,112,0,,,,,80,0.406
17685,112,112,0,112,0,112,0,112,0,112,0,112,0,112,0,,,,,,
17686,112,112,0,112,0,112,0,112,0,112,0,112,0,112,0,,,,,80,0.406
17691,44.9,44.9,0,44.9,0,44.9,0,44.9,0,52.5,-0.145,52.5,-0.145,52.5,-0.145,52.5,-0.145,42.5,0.0565,38,0.182
17692,44.9,44.9,0,44.9,0,44.9,0,44.9,0,52.5,-0.145,52.5,-0.145,,,52.5,-0.145,42.5,0.0565,38,0.182
17697,31,31,0,31,0,31,0,27.5,0.127,27.5,0.127,32.5,-0.0462,32.5,-0.0462,26,0.192,27.5,0.127,24,0.292
17698,,,,,,,,,,,,,,,,,,,,,
17699,29.5,29.5,0,29.5,0,29.5,0,29.5,0,29.5,0,29.5,0,29.5,0,23.5,0.255,23,0.283,22.9,0.288
17700,30.5,30.5,0,30.5,0,30.5,0,26.5,0.151,26.5,0.151,30.8,-0.00974,30.8,-0.00974,25.4,0.201,23,0.326,23,0.326
17701,215,215,0,215,0,215,0,215,0,215,0,215,0,215,0,215,0,215,0,193,0.114
17702,215,215,0,215,0,215,0,215,0,,,215,0,215,0,215,0,215,0,193,0.114
17704,11.5,11.5,0,11.5,0,11.5,0,11.5,0,11.5,0,11.5,0,,,,,,,,
17705,,,,,,,,,,,,,,,,,,,,,
17706,,,,,,,,,,,,,,,,,,,,,
17707,15,15,0,15,0,15,0,15,0,15,0,15,0,15,0,15,0,11,0.364,10.5,0.429
17708,12.5,12.5,0,12.5,0,12.5,0,12.5,0,12.5,0,12.5,0,12.5,0,12.5,0,9.5,0.316,8.9,0.404
17709,38.5,38.5,0,38.5,0,38.5,0,38.5,0,38.5,0,,,,,,,24,0.604,,
17710,38.5,38.5,0,38.5,0,38.5,0,38.5,0,38.5,0,,,38.5,0,,,24,0.604,,
17714,,,,,,,,,,,,,,,,,,,,,
17721,90,90,0,90,0,90,0,90,0,,,,,,,58.5,0.538,55.5,0.622,49.9,0.804
17722,24,24,0,24,0,24,0,24,0,24,0,24,0,24,0,24,0,24,0,19,0.263
17727,241,241,0,241,0,241,0,241,0,241,0,241,0,241,0,241,0,151,0.596,151,0.596
17731,,,,,,,,,,,,,,,,,,,,,
17732,,,,,,,,,,,,,,,,,,,,,
17739,,,,,,,,,,,,,,,,,,,,,
17740,,,,,,,,,,,,,,,,,,,,,
17752,,,,,,,,,,,,,,,,,,,,,
17753,11.1,11.1,0,11.1,0,11.1,0,11.1,0,11.1,0,11.1,0,11.1,0,8.9,0.247,8.4,0.321,7.6,0.461
17761,11.5,11.5,0,11.5,0,11.5,0,11.5,0,11.5,0,11.5,0,,,10.5,0.0952,,,9.2,0.25
17762,19,19,0,,,19,0,19,0,19,0,19,0,19,0,17,0.118,14,0.357,14,0.357
17763,,,,,,,,,,,,,,,,,,,,,
17767,,,,,,,,,,,,,,,,,,,,,
17772,124,124,0,124,0,124,0,124,0,124,0,124,0,124,0,124,0,68.5,0.803,62.5,0.976
17773,115,115,0,115,0,115,0,115,0,115,0,115,0,115,0,115,0,68.5,0.679,62.5,0.84
17774,106,106,0,106,0,106,0,106,0,106,0,106,0,106,0,106,0,62.5,0.696,62.5,0.696
17778,8.9,8.9,0,8.9,0,8.9,0,8.9,0,8.9,0,8.9,0,8.9,0,,,,,,
17786,,,,,,,,,,,,,,,,,,,,,
17788,,,,,,,,,,,,,,,,,,,,,
17791,69.9,69.9,0,69.9,0,69.9,0,69.9,0,69.9,0,69.9,0,69.9,0,85.5,-0.182,48,0.456,42.9,0.629
17792,69.9,69.9,0,69.9,0,69.9,0,69.9,0,,,69.9,0,69.9,0,85.5,-0.182,48,0.456,42.9,0.629
17793,6.8,6.8,0,6.8,0,6.8,0,6.8,0,6.8,0,,,,,,,5.5,0.236,,
17802,11,11,0,11,0,11,0,11,0,11,0,11,0,11,0,11,0,8,0.375,7.3,0.507
17814,,,,,,,,,,,,,,,,,,,,,
17818,,,,,,,,,,,,,,,,,,,,,
17820,65,65,0,65,0,65,0,65,0,65,0,65,0,65,0,60,0.0833,60,0.0833,58,0.121
17821,,,,,,,,,,,,,,,,,,,,,
17822,539,539,0,539,0,539,0,539,0,539,0,539,0,539,0,539,0,429,0.256,429,0.256
17823,33.5,33.5,0,33.5,0,33.5,0,33.5,0,33.5,0,33.5,0,33.5,0,,,27.5,0.218,27.5,0.218
17827,,,,,,,,,,,,,,,,,,,,,
17831,37.4,37.4,0,37.4,0,37.4,0,37.4,0,37.4,0,37.4,0,37.4,0,33.5,0.116,,,,
17832,20,20,0,20,0,20,0,20,0,20,0,20,0,20,0,19.5,0.0256,,,,
17833,20,20,0,20,0,20,0,20,0,20,0,20,0,20,0,19,0.0526,,,,
17837,24.5,24.5,0,24.5,0,24.5,0,24.5,0,24.5,0,24.5,0,24.5,0,24.5,0,19.5,0.256,19.5,0.256
17838,24.5,24.5,0,24.5,0,24.5,0,24.5,0,24.5,0,24.5,0,24.5,0,24.5,0,19.5,0.256,19.5,0.256
17845,16.9,16.9,0,16.9,0,16.9,0,16.9,0,16.9,0,16.9,0,16.9,0,14.5,0.166,14.5,0.166,14.5,0.166
17847,78.5,78.5,0,78.5,0,78.5,0,78.5,0,78.5,0,78.5,0,78.5,0,78.5,0,37.5,1.09,30,1.62
17848,,,,,,,,,,,,,,,,,,,,,
17849,75,75,0,75,0,75,0,75,0,75,0,75,0,75,0,75,0,61,0.23,58,0.293
17850,70,70,0,70,0,70,0,70,0,70,0,70,0,70,0,70,0,60,0.167,57,0.228
17851,70,70,0,70,0,70,0,70,0,70,0,70,0,70,0,70,0,60,0.167,57,0.228
17852,194,194,0,194,0,194,0,194,0,194,0,194,0,194,0,194,0,168,0.155,160,0.212
17853,28.5,28.5,0,28.5,0,28.5,0,28.5,0,28.5,0,28.5,0,28.5,0,21.5,0.326,21.5,0.326,21.5,0.326
17854,25.5,25.5,0,25.5,0,25.5,0,25.5,0,25.5,0,25.5,0,25.5,0,25.5,0,10,1.55,9.5,1.68
17855,,,,,,,,,,,,,,,,,,,,,
17856,18,18,0,18,0,18,0,18,0,18,0,18,0,18,0,18,0,18,0,18,0
17857,16.5,16.5,0,16.5,0,16.5,0,16.5,0,16.5,0,16.5,0,16.5,0,16.5,0,16.5,0,16.5,0
17859,,,,,,,,,,,,,,,,,,,,,
17861,98,98,0,98,0,98,0,98,0,98,0,98,0,98,0,98,0,89,0.101,89,0.101
17862,98,98,0,98,0,98,0,,,98,0,98,0,98,0,98,0,89,0.101,89,0.101
17863,,,,,,,,,,,,,,,,,,,,,
17871,,,,,,,,,,,,,,,,,,,,,
17877,,,,,,,,,,,,,,,,,,,,,
17878,,,,,,,,,,,,,,,,,,,,,
17883,23.9,23.9,0,23.9,0,23.9,0,23.9,0,23.9,0,23.9,0,23.9,0,20.5,0.166,20.5,0.166,20.5,0.166
17884,26,26,0,26,0,26,0,24.5,0.0612,24.5,0.0612,26,0,26,0,23.5,0.106,23.5,0.106,21.4,0.215
17890,,,,,,,,,,,,,,,,,,,,,
17900,,,,,,,,,,,,,,,,,,,,,
17904,259,259,0,259,0,259,0,259,0,259,0,255,0.0157,255,0.0157,255,0.0157,197,0.315,136,0.906
17905,,,,,,,,,,,,,,,,,,,,,
17911,,,,,,,,,,,,,,,,,,,,,
17915,,,,,,,,,,,,,,,,,,,,,
17918,,,,,,,,,,,,,,,,,,,,,
17919,10,10,0,10,0,10,0,10,0,10,0,10,0,10,0,10,0,8.5,0.176,8.7,0.149
17920,30,30,0,30,0,30,0,30,0,30,0,30,0,30,0,30,0,26,0.154,22,0.364
17921,30,30,0,30,0,30,0,30,0,30,0,30,0,30,0,30,0,26,0.154,22,0.364
17923,45,45,0,45,0,45,0,45,0,45,0,45,0,45,0,45,0,45,0,45,0
17924,,,,,,,,,,,,,,,,,,,,,
17926,,,,,,,,,,,,,,,,,,,,,
17935,,,,,,,,,,,,,,,,,,,,,
17937,,,,,,,,,,,,,,,,,,,,,
17941,,,,,,,,,,,,,,,,,,,,,
17942,30,30,0,30,0,30,0,30,0,30,0,30,0,30,0,30,0,26,0.154,22,0.364
17943,30,30,0,30,0,30,0,30,0,30,0,30,0,30,0,30,0,26,0.154,22,0.364
17947,34,34,0,34,0,34,0,34,0,34,0,34,0,34,0,34,0,28,0.214,25,0.36
17951,105,105,0,105,0,105,0,105,0,105,0,105,0,105,0,105,0,77.5,0.355,77.5,0.355
17953,39.5,39.5,0,39.5,0,39.5,0,39.5,0,39.5,0,,,,,,,27.5,0.436,,
17954,5.5,5.5,0,5.5,0,5.5,0,5.5,0,5.5,0,5.5,0,5.5,0,,,,,3.5,0.571
17955,5.5,5.5,0,5.5,0,5.5,0,5.5,0,5.5,0,5.5,0,5.5,0,,,,,3.5,0.571
17957,,,,,,,,,,,,,,,,,,,,,
17958,6.3,6.3,0,6.3,0,6.3,0,6.3,0,6.3,0,6.3,0,6.3,0,6.3,0,4.6,0.37,4.3,0.465
17959,6.3,6.3,0,6.3,0,6.3,0,6.3,0,6.3,0,6.3,0,6.3,0,,,4.6,0.37,4.3,0.465
17960,6.3,6.3,0,6.3,0,6.3,0,6.3,0,6.3,0,6.3,0,6.3,0,6.3,0,4.6,0.37,4.3,0.465
17965,32.4,32.4,0,32.4,0,32.4,0,32.4,0,32.4,0,32.4,0,32.4,0,32.4,0,23,0.409,22,0.473
17966,6.3,6.3,0,6.3,0,6.3,0,6.3,0,6.3,0,6.3,0,6.3,0,6.3,0,4.6,0.37,4.3,0.465
17967,6.3,6.3,0,6.3,0,6.3,0,6.3,0,6.3,0,6.3,0,6.3,0,6.3,0,4.6,0.37,4.3,0.465
17968,6.3,6.3,0,6.3,0,6.3,0,6.3,0,6.3,0,6.3,0,6.3,0,6.3,0,4.6,0.37,4.3,0.465
18004,,,,,,,,,,,,,,,,,,,,,
18005,,,,,,,,,,,,,,,,,,,,,
18017,18,18,0,18,0,18,0,18,0,18,0,15.5,0.161,15.5,0.161,15.5,0.161,15.5,0.161,14,0.286
18021,35,35,0,35,0,35,0,35,0,35,0,39.5,-0.114,39.5,-0.114,39.5,-0.114,,,,
18022,,,,,,,,,,,,,,,,,,,,,
18023,,,,,,,,,,,,,,,,,,,,,
18029,12.5,12.5,0,12.5,0,12.5,0,12.5,0,12.5,0,12.5,0,11.5,0.087,10.5,0.19,7.5,0.667,7.5,0.667
18032,,,,,,,,,,,,,,,,,,,,,
18033,,,,,,,,,,,,,,,,,,,,,
18034,,,,,,,,,,,,,,,,,,,,,
18035,,,,,,,,,,,,,,,,,,,,,
18036,,,,,,,,,,,,,,,,,,,,,
18037,,,,,,,,,,,,,,,,,,,,,
18038,7.6,7.6,0,7.6,0,7.6,0,7.6,0,7.6,0,7.6,0,7.6,0,7.6,0,5.5,0.382,5.5,0.382
18042,12.5,12.5,0,12.5,0,12.5,0,12.5,0,12.5,0,12.5,0,12.5,0,11.9,0.0504,9,0.389,9,0.389
18048,,,,,,,,,,,,,,,,,,,,,
18053,,,,,,,,,,,,,,,,,,,,,
18054,,,,,,,,,,,,,,,,,,,,,
18058,,,,,,,,,,,,,,,,,,,,,
18059,,,,,,,,,,,,,,,,,,,,,
18060,30.5,30.5,0,30.5,0,30.5,0,30.5,0,30.5,0,30.5,0,30.5,0,30.5,0,29.5,0.0339,26.5,0.151
18061,8.9,8.9,0,8.9,0,8.9,0,8.9,0,8.9,0,,,,,,,,,,
18064,289,289,0,289,0,289,0,289,0,289,0,289,0,289,0,289,0,,,,
18067,,,,,,,,,,,,,,,,,,,,,
18071,,,,,,,,,,,,,,,,,,,,,
18073,11,11,0,11,0,11,0,11,0,11,0,11,0,11,0,11,0,10.5,0.0476,9.5,0.158
18074,,,,,,,,,,,,,,,,,,,,,
18076,19.7,19.7,0,19.7,0,19.7,0,19.7,0,19.7,0,19.7,0,19.7,0,13,0.515,12.5,0.576,11.5,0.713
18077,19.7,19.7,0,19.7,0,19.7,0,19.7,0,19.7,0,19.7,0,19.7,0,13,0.515,12.5,0.576,11.5,0.713
18080,,,,,,,,,,,,,,,,,,,,,
18081,,,,,,,,,,,,,,,,,,,,,
18082,,,,,,,,,,,,,,,,,,,,,
18085,10,10,0,10,0,10,0,10,0,10,0,10,0,10,0,10,0,9.5,0.0526,7.5,0.333
18087,78.5,78.5,0,78.5,0,78.5,0,78.5,0,78.5,0,78.5,0,78.5,0,78.5,0,70,0.121,70,0.121
18113,41,41,0,41,0,41,0,41,0,41,0,41,0,41,0,29.5,0.39,29.5,0.39,,
18143,,,,,,,,,,,,,,,,,,,,,
18619,,,,,,,,,,,,,,,,,,,,,
18717,136,136,0,136,0,136,0,136,0,136,0,136,0,136,0,136,0,149,-0.0872,149,-0.0872
19012,,,,,,,,,,,,,,,,,,,,,
19024,,,,,,,,,,,,,,,,,,,,,
19025,,,,,,,,,,,,,,,,,,,,,
19026,,,,,,,,,,,,,,,,,,,,,
19089,,,,,,,,,,,,,,,,,,,,,
19178,24.9,24.9,0,24.9,0,24.9,0,24.9,0,19.9,0.251,25,-0.004,25,-0.004,25,-0.004,19.5,0.277,19.5,0.277
19194,,,,,,,,,,,,,,,,,,,,,
19748,,,,,,,,,,,,,,,,,,,,,
19777,,,,,,,,,,,,,,,,,,,,,
19782,,,,,,,,,,,,,,,,,,,,,
19784,,,,,,,,,,,,,,,,,,,,,
19785,36.5,36.5,0,36.5,0,36.5,0,36.5,0,36.5,0,36.5,0,36.5,0,34,0.0735,31,0.177,24.5,0.49
19788,,,,,,,,,,,,,,,,,,,,,
19823,,,,,,,,,,,,,,,,,,,,,
19827,,,,,,,,,,,,,,,,,,,,,
20246,31,31,0,31,0,31,0,31,0,31,0,31,0,31,0,31,0,31,0,31,0
20487,15.5,15.5,0,15.5,0,15.5,0,15.5,0,15.5,0,15.5,0,15.5,0,13.8,0.123,10.5,0.476,10.5,0.476
20488,299,299,0,299,0,299,0,299,0,299,0,299,0,,,,,,,,
20659,95.5,95.5,0,95.5,0,95.5,0,95.5,0,95.5,0,95.5,0,,,,,62.5,0.528,62.5,0.528
20781,34.8,34.8,0,34.8,0,34.8,0,34.8,0,34.8,0,34.8,0,34.8,0,34.8,0,21.5,0.619,21.5,0.619
20798,46.5,46.5,0,46.5,0,46.5,0,46.5,0,,,,,,,,,,,,
20856,10.5,10.5,0,10.5,0,10.5,0,10.5,0,16,-0.344,16,-0.344,16,-0.344,14.5,-0.276,10.5,0,10.5,0
20858,10.5,10.5,0,10.5,0,10.5,0,10.5,0,16,-0.344,16,-0.344,,,14.5,-0.276,10.5,0,10.5,0
21401,23,23,0,23,0,23,0,23,0,23,0,23,0,23,0,23,0,17.5,0.314,17.5,0.314
21402,15,15,0,15,0,15,0,15,0,15,0,15,0,15,0,15,0,10.5,0.429,10.5,0.429
21577,,,,,,,,,,,,,,,,,,,,,
21784,7.5,7.5,0,7.5,0,7.5,0,7.5,0,7.5,0,7.5,0,,,6.5,0.154,5.7,0.316,5,0.5
22052,,,,,,,,,,,,,,,,,,,,,
22195,25.5,25.5,0,25.5,0,25.5,0,25.5,0,25.5,0,25.5,0,25.5,0,25.5,0,20.8,0.226,17.9,0.425
22209,35.5,35.5,0,35.5,0,35.5,0,35.5,0,35.5,0,34.9,0.0172,40,-0.113,39.5,-0.101,33.5,0.0597,29,0.224
22247,35,35,0,35,0,35,0,,,,,35,0,35,0,,,,,,
22342,26,26,0,26,0,26,0,26,0,20,0.3,20,0.3,20,0.3,20,0.3,18.6,0.398,17.5,0.486
22343,21,21,0,21,0,21,0,21,0,21,0,19.2,0.0938,19.2,0.0938,17.5,0.2,17.5,0.2,17.5,0.2
22344,,,,,,,,,,,,,,,,,,,,,
22346,58.5,58.5,0,58.5,0,58.5,0,58.5,0,58.5,0,88,-0.335,88,-0.335,88,-0.335,67.5,-0.133,47.9,0.221
22347,12,12,0,12,0,12,0,12,0,12,0,12,0,12,0,12,0,8.9,0.348,8.9,0.348
22348,66,66,0,66,0,66,0,66,0,66,0,66,0,92,-0.283,92,-0.283,62,0.0645,49.5,0.333
22356,,,,,,,,,,,,,,,,,,,,,
22358,,,,,,,,,,,,,,,,,,,,,
22382,,,,,,,,,,,,,,,,,,,,,
22607,,,,,,,,,,,,,,,,,,,,,
22678,,,,,,,,,,,,,,,,,,,,,
22701,30,30,0,30,0,30,0,30,0,30,0,,,,,,,,,,
22703,34.5,34.5,0,34.5,0,34.5,0,34.5,0,34.5,0,,,,,,,,,,
22718,,,,,,,,,,,,,,,,,,,,,
22719,,,,,,,,,,,,,,,,,,,,,
22750,13.5,13.5,0,13.5,0,13.5,0,13.5,0,13.5,0,13.5,0,13.5,0,13.5,0,13.5,0,13.5,0
22755,18.5,18.5,0,18.5,0,18.5,0,18.5,0,18.5,0,18.5,0,18.5,0,,,17.5,0.0571,17.5,0.0571
22790,,,,,,,,,,,,,,,,,,,,,
22794,,,,,,,,,,,,,,,,,,,,,
22805,29.5,29.5,0,29.5,0,29.5,0,29.5,0,29.5,0,29.5,0,29.5,0,29.5,0,24.5,0.204,22.5,0.311
22806,,,,,,,,,,,,,,,,,,,,,
22807,,,,,,,,,,,,,,,,,,,,,
23264,85,85,0,85,0,85,0,85,0,85,0,85,0,85,0,85,0,63.2,0.345,46,0.848
23272,61.9,61.9,0,61.9,0,61.9,0,61.9,0,110,-0.437,110,-0.437,110,-0.437,110,-0.437,57.6,0.0747,45.4,0.363
23329,47,47,0,47,0,47,0,47,0,46.9,0.00213,46.9,0.00213,50.9,-0.0766,50.9,-0.0766,36.1,0.302,26.1,0.801
23531,88,88,0,88,0,88,0,88,0,88,0,88,0,88,0,88,0,62.5,0.408,61,0.443
23540,22.9,22.9,0,22.9,0,22.9,0,22.9,0,22.9,0,24.5,-0.0653,24.5,-0.0653,24.5,-0.0653,18.5,0.238,17.5,0.309
23770,,,,,,,,,,,,,,,,,,,,,
24001,220,220,0,220,0,220,0,220,0,220,0,219,0.00457,219,0.00457,179,0.229,179,0.229,,
24005,34.9,34.9,0,34.9,0,34.9,0,34.9,0,40,-0.128,,,,,,,,,,
24007,35.5,35.5,0,35.5,0,35.5,0,35.5,0,35.5,0,35.5,0,35.5,0,35.5,0,25,0.42,23.5,0.511
24016,15,15,0,15,0,15,0,15,0,,,,,,,15,0,,,,
24017,10,10,0,10,0,10,0,10,0,,,10,0,10,0,10,0,,,,
24018,10,10,0,10,0,10,0,10,0,10,0,8.5,0.176,9.8,0.0204,9.8,0.0204,10,0,,
24019,10,10,0,10,0,10,0,10,0,10,0,8.5,0.176,9.8,0.0204,,,,,,
24029,,,,,,,,,,,,,,,,,,,,,
24030,,,,,,,,,,,,,,,,,,,,,
24040,,,,,,,,,,,,,,,,,,,,,
24042,19.5,19.5,0,19.5,0,19.5,0,19.5,0,19.5,0,19.5,0,19.5,0,,,,,,
24044,,,,,,,,,,,,,,,,,,,,,
24045,14.5,14.5,0,14.5,0,14.5,0,14.5,0,16,-0.0938,16,-0.0938,16,-0.0938,16,-0.0938,16,-0.0938,,
24046,14.5,14.5,0,14.5,0,14.5,0,14.5,0,16,-0.0938,16,-0.0938,16,-0.0938,16,-0.0938,16,-0.0938,,
24048,37.5,37.5,0,37.5,0,37.5,0,37.5,0,37.5,0,37.5,0,37.5,0,37.5,0,31,0.21,,
24049,35,35,0,35,0,35,0,35,0,35,0,35,0,35,0,35,0,27,0.296,,
24050,35,35,0,35,0,35,0,35,0,35,0,35,0,35,0,35,0,27,0.296,,
24051,11,11,0,11,0,11,0,11,0,11,0,11,0,10,0.1,10,0.1,10,0.1,,
24052,11,11,0,11,0,11,0,11,0,11,0,11,0,10,0.1,10,0.1,10,0.1,,
24056,41,41,0,41,0,41,0,41,0,41,0,41,0,41,0,41,0,41,0,,
24061,,,,,,,,,,,,,,,,,,,,,
24068,12.5,12.5,0,12.5,0,12.5,0,12.5,0,,,,,,,,,,,,
24071,,,,,,,,,,,,,,,,,,,,,
24072,11.7,11.7,0,11.7,0,11.7,0,11.7,0,11.7,0,11.7,0,11.7,0,11.7,0,10,0.17,,
24073,16,16,0,16,0,16,0,16,0,16,0,16,0,16,0,16,0,12.5,0.28,,
24074,,,,,,,,,,,,,,,,,,,,,
24075,5,5,0,5,0,5,0,5,0,5,0,5,0,,,5,0,4,0.25,,
24076,,,,,,,,,,,,,,,,,,,,,
24077,,,,,,,,,,,,,,,,,,,,,
24078,,,,,,,,,,,,,,,,,,,,,
24079,,,,,,,,,,,,,,,,,,,,,
24083,6.5,6.5,0,6.5,0,6.5,0,6.5,0,6.5,0,7.5,-0.133,7.5,-0.133,7.5,-0.133,5.5,0.182,,
24084,6.5,6.5,0,6.5,0,6.5,0,6.5,0,6.5,0,7.5,-0.133,7.5,-0.133,,,5.5,0.182,,
24085,6.5,6.5,0,6.5,0,6.5,0,6.5,0,6.5,0,7.5,-0.133,7.5,-0.133,7.5,-0.133,,,,
24086,6.5,6.5,0,6.5,0,6.5,0,6.5,0,6.5,0,7.5,-0.133,7.5,-0.133,7.5,-0.133,5.5,0.182,,
24087,6.5,6.5,0,6.5,0,6.5,0,6.5,0,6.5,0,7.5,-0.133,7.5,-0.133,,,5.5,0.182,,
24088,6.5,6.5,0,6.5,0,6.5,0,6.5,0,6.5,0,7.5,-0.133,7.5,-0.133,,,5.5,0.182,,
24089,61.9,61.9,0,61.9,0,61.9,0,61.9,0,61.9,0,61.9,0,61.9,0,,,,,,
24091,,,,,,,,,,,,,,,,,,,,,
24092,439,439,0,439,0,439,0,439,0,439,0,439,0,,,,,,,,
24097,16,16,0,16,0,16,0,16,0,16,0,16,0,16,0,16,0,,,,
24098,16.5,16.5,0,16.5,0,16.5,0,16.5,0,16.5,0,16.5,0,16.5,0,16.5,0,13,0.269,,
24099,,,,,,,,,,,,,,,,,,,,,
24100,16,16,0,16,0,16,0,16,0,16,0,16.5,-0.0303,16.5,-0.0303,16.5,-0.0303,13,0.231,,
24109,10,10,0,10,0,10,0,10,0,10,0,8.5,0.176,9.8,0.0204,,,,,,
24111,12.5,12.5,0,12.5,0,12.5,0,12.5,0,12.5,0,12,0.0417,12,0.0417,12,0.0417,12.5,0,,
24112,,,,,,,,,,,,,,,,,,,,,
24113,12.5,12.5,0,12.5,0,12.5,0,12.5,0,12.5,0,12.5,0,12.5,0,12,0.0417,12.5,0,,
24116,39,39,0,39,0,39,0,39,0,39,0,38,0.0263,38,0.0263,38,0.0263,,,,
24117,16,16,0,16,0,16,0,16,0,16,0,16.5,-0.0303,16.5,-0.0303,16.5,-0.0303,13,0.231,,
24118,10.5,10.5,0,10.5,0,10.5,0,10.5,0,10.5,0,11,-0.0455,11,-0.0455,11,-0.0455,8.5,0.235,,
24119,10.5,10.5,0,10.5,0,10.5,0,10.5,0,10.5,0,,,,,11,-0.0455,8.5,0.235,,
24120,,,,,,,,,,,,,,,,,,,,,
24124,,,,,,,,,,,,,,,,,,,,,
24125,,,,,,,,,,,,,,,,,,,,,
24126,,,,,,,,,,,,,,,,,,,,,
24127,8.6,8.6,0,8.6,0,8.6,0,8.6,0,8.6,0,8.6,0,8.6,0,8,0.075,,,,
24130,,,,,,,,,,,,,,,,,,,,,
24132,8.5,8.5,0,8.5,0,8.5,0,,,,,,,,,9,-0.0556,7,0.214,,
24133,8.5,8.5,0,8.5,0,8.5,0,,,,,,,,,9,-0.0556,7,0.214,,
24134,8.5,8.5,0,8.5,0,8.5,0,,,,,,,,,9,-0.0556,7,0.214,,
24135,2.9,2.9,0,2.9,0,2.9,0,,,,,,,,,3.5,-0.171,2.7,0.0741,,
24136,2.9,2.9,0,2.9,0,2.9,0,2.9,0,2.9,0,3.5,-0.171,3.5,-0.171,3.5,-0.171,,,,
24137,2.9,2.9,0,2.9,0,2.9,0,2.9,0,2.9,0,3.5,-0.171,3.5,-0.171,3.5,-0.171,2.7,0.0741,,
24138,22,22,0,22,0,22,0,,,,,22,0,22,0,22,0,,,,
24140,22,22,0,22,0,22,0,22,0,22,0,22,0,22,0,22,0,20.5,0.0732,,
24141,22,22,0,22,0,22,0,22,0,22,0,22,0,22,0,22,0,20.5,0.0732,,
24145,,,,,,,,,,,,,,,,,,,,,
24146,4.5,4.5,0,4.5,0,4.5,0,4.5,0,4.5,0,4.5,0,,,,,,,,
24148,,,,,,,,,,,,,,,,,,,,,
24149,,,,,,,,,,,,,,,,,,,,,
24150,4.5,4.5,0,4.5,0,4.5,0,,,,,4.5,0,,,,,,,,
24152,78,78,0,78,0,78,0,78,0,78,0,78,0,78,0,,,,,,
24153,114,114,0,114,0,114,0,114,0,114,0,114,0,114,0,,,,,,
24159,,,,,,,,,,,,,,,,,,,,,
24160,,,,,,,,,,,,,,,,,,,,,
24161,189,189,0,189,0,189,0,189,0,189,0,189,0,189,0,,,,,,
24162,189,189,0,189,0,189,0,189,0,189,0,189,0,189,0,199,-0.0503,,,,
24163,289,289,0,289,0,289,0,289,0,,,289,0,289,0,,,,,,
24164,289,289,0,289,0,289,0,289,0,289,0,289,0,289,0,255,0.133,,,,
24170,34,34,0,34,0,34,0,34,0,34,0,34,0,34,0,,,,,,
24171,,,,,,,,,,,,,,,,,,,,,
24172,22,22,0,22,0,22,0,22,0,22,0,22,0,22,0,19.5,0.128,,,,
24174,35.5,35.5,0,35.5,0,35.5,0,35.5,0,35.5,0,35.5,0,,,,,,,,
24175,18,18,0,18,0,18,0,18,0,18,0,18,0,16.5,0.0909,,,,,,
24176,18,18,0,18,0,18,0,18,0,18,0,18,0,16.5,0.0909,,,,,,
24306,99,99,0,99,0,99,0,99,0,99,0,99,0,,,99,0,80,0.238,76,0.303
24401,23,23,0,23,0,23,0,23,0,23,0,23,0,23,0,23,0,18,0.278,16.5,0.394
24402,41,41,0,41,0,41,0,41,0,41,0,41,0,41,0,41,0,34.5,0.188,31.5,0.302
24403,,,,,,,,,,,,,,,,,,,,,
24406,,,,,,,,,,,,,,,,,,,,,
24459,8.8,8.8,0,8.8,0,8.8,0,8.8,0,8.8,0,8.8,0,9,-0.0222,9,-0.0222,7.8,0.128,8,0.1
24463,8.8,8.8,0,8.8,0,8.8,0,8.8,0,8.8,0,8.8,0,,,9,-0.0222,7.8,0.128,8,0.1
24464,8.8,8.8,0,8.8,0,8.8,0,8.8,0,8.8,0,8.8,0,9,-0.0222,9,-0.0222,7.8,0.128,8,0.1
24514,,,,,,,,,,,,,,,,,,,,,
24515,,,,,,,,,,,,,,,,,,,,,
24699,,,,,,,,,,,,,,,,,,,,,
24870,6.2,6.2,0,6.2,0,6.2,0,6.2,0,6.2,0,6.2,0,6.2,0,6,0.0333,4.3,0.442,3.4,0.824
24887,5,5,0,5,0,5,0,5,0,5,0,5,0,5,0,5,0,5,0,5,0
24888,14.5,14.5,0,14.5,0,14.5,0,14.5,0,14.5,0,14.5,0,14.5,0,13.9,0.0432,12,0.208,,
25001,16.5,16.5,0,16.5,0,16.5,0,16.5,0,16.5,0,16.5,0,16.5,0,16.5,0,,,,
25004,,,,,,,,,,,,,,,,,,,,,
25006,64.8,64.8,0,64.8,0,64.8,0,64.8,0,64.8,0,64.8,0,64.8,0,64.8,0,49.5,0.309,,
25009,,,,,,,,,,,,,,,,,,,,,
25013,,,,,,,,,,,,,,,,,,,,,
25016,,,,,,,,,,,,,,,,,,,,,
25017,,,,,,,,,,,,,,,,,,,,,
25018,11.8,11.8,0,11.8,0,11.8,0,11.8,0,11.8,0,11.8,0,11.8,0,,,,,,
25019,11,11,0,11,0,11,0,11,0,11,0,11,0,11,0,10.5,0.0476,,,,
25020,,,,,,,,,,,,,,,,,,,,,
25021,,,,,,,,,,,,,,,,,,,,,
25022,,,,,,,,,,,,,,,,,,,,,
25023,,,,,,,,,,,,,,,,,,,,,
25024,36,36,0,36,0,36,0,36,0,36,0,36,0,46,-0.217,,,,,,
25025,10.9,10.9,0,10.9,0,10.9,0,10.9,0,10.9,0,15,-0.273,15,-0.273,17,-0.359,,,,
25026,10.5,10.5,0,10.5,0,10.5,0,10.5,0,10.5,0,10.5,0,11.5,-0.087,13,-0.192,,,,
25031,11,11,0,11,0,11,0,11,0,11,0,11,0,11,0,8.5,0.294,,,,
25034,,,,,,,,,,,,,,,,,,,,,
25035,26,26,0,26,0,26,0,26,0,26,0,26,0,32,-0.188,32,-0.188,,,,
25036,,,,,,,,,,,,,,,,,,,,,
25037,138,138,0,138,0,138,0,138,0,138,0,138,0,138,0,138,0,,,,
25049,99,99,0,99,0,99,0,99,0,,,99,0,87.5,0.131,,,,,,
25050,99.9,99.9,0,99.9,0,99.9,0,99.9,0,99.9,0,115,-0.131,115,-0.131,115,-0.131,,,,
25052,,,,,,,,,,,,,,,,,,,,,
25056,,,,,,,,,,,,,,,,,,,,,
25057,,,,,,,,,,,,,,,,,,,,,
25058,,,,,,,,,,,,,,,,,,,,,
25059,9,9,0,9,0,9,0,9,0,9,0,9,0,9,0,9,0,,,,
25060,8.6,8.6,0,8.6,0,8.6,0,8.6,0,8.6,0,8.6,0,8.6,0,8,0.075,,,,
25061,8.6,8.6,0,8.6,0,8.6,0,8.6,0,8.6,0,8.6,0,8.6,0,8,0.075,,,,
25062,59.5,59.5,0,59.5,0,59.5,0,59.5,0,59.5,0,55.5,0.0721,55.5,0.0721,59,0.00847,,,,
25063,,,,,,,,,,,,,,,,,,,,,
25065,,,,,,,,,,,,,,,,,,,,,
25066,21.5,21.5,0,21.5,0,21.5,0,21.5,0,21.5,0,21.5,0,21.5,0,24.7,-0.13,,,,
25070,5.5,5.5,0,5.5,0,5.5,0,5.5,0,5.5,0,5.5,0,5.5,0,5.5,0,,,,
25071,22,22,0,22,0,22,0,22,0,22,0,22,0,22,0,22,0,,,,
25072,22,22,0,22,0,22,0,22,0,22,0,22,0,22,0,22,0,,,,
25073,22,22,0,22,0,22,0,22,0,22,0,22,0,22,0,22,0,,,,
25074,18.5,18.5,0,18.5,0,18.5,0,18.5,0,18.5,0,18.5,0,18.5,0,18.5,0,,,,
25075,18.5,18.5,0,18.5,0,18.5,0,18.5,0,18.5,0,18.5,0,18.5,0,18.5,0,,,,
25076,18.5,18.5,0,18.5,0,18.5,0,18.5,0,18.5,0,18.5,0,18.5,0,18.5,0,,,,
25078,5,5,0,5,0,5,0,5,0,5,0,5,0,5,0,,,,,,
25079,,,,,,,,,,,,,,,,,,,,,
25080,,,,,,,,,,,,,,,,,,,,,
25087,8.6,8.6,0,8.6,0,8.6,0,8.6,0,8.6,0,8.6,0,8.6,0,8,0.075,,,,
25088,8.6,8.6,0,8.6,0,8.6,0,8.6,0,8.6,0,8.6,0,8.6,0,8,0.075,,,,
25089,,,,,,,,,,,,,,,,,,,,,
25090,,,,,,,,,,,,,,,,,,,,,
25091,15,15,0,15,0,15,0,15,0,,,,,,,,,,,,
25094,,,,,,,,,,,,,,,,,,,,,
25097,93,93,0,93,0,93,0,93,0,74.9,0.242,74.9,0.242,74.9,0.242,91.9,0.012,,,,
25101,11,11,0,11,0,11,0,11,0,11,0,11,0,11,0,,,,,,
25104,24.5,24.5,0,24.5,0,24.5,0,24.5,0,24.5,0,24.5,0,24.5,0,27.5,-0.109,,,,
25108,13,13,0,13,0,13,0,13,0,13,0,13,0,12.5,0.04,,,,,,
25109,13,13,0,13,0,13,0,13,0,13,0,13,0,12.5,0.04,,,,,,
25110,13,13,0,13,0,13,0,13,0,13,0,13,0,12.5,0.04,,,,,,
25112,7.5,7.5,0,7.5,0,7.5,0,7.5,0,7.5,0,7.5,0,7.5,0,6.5,0.154,,,,
25113,,,,,,,,,,,,,,,,,,,,,
25114,7.5,7.5,0,7.5,0,7.5,0,7.5,0,7.5,0,7.5,0,7.5,0,6.5,0.154,,,,
25115,7.5,7.5,0,7.5,0,7.5,0,7.5,0,7.5,0,7.5,0,7.5,0,6.5,0.154,,,,
25120,149,149,0,149,0,149,0,149,0,149,0,149,0,149,0,124,0.202,,,,
25121,33,33,0,33,0,33,0,33,0,,,,,,,,,,,,
25122,33,33,0,33,0,33,0,33,0,,,,,,,,,,,,
25123,33,33,0,33,0,33,0,33,0,,,,,,,,,,,,
25124,,,,,,,,,,,,,,,,,,,,,
25125,,,,,,,,,,,,,,,,,,,,,
25126,31.5,31.5,0,31.5,0,31.5,0,31.5,0,31.5,0,31.5,0,31.5,0,31.5,0,,,,
25127,,,,,,,,,,,,,,,,,,,,,
25128,,,,,,,,,,,,,,,,,,,,,
25129,,,,,,,,,,,,,,,,,,,,,
25131,66,66,0,66,0,66,0,66,0,,,,,,,,,,,,
25132,66,66,0,66,0,66,0,66,0,,,,,,,,,,,,
25134,12,12,0,12,0,12,0,12,0,12,0,12,0,12,0,12,0,,,,
25135,19.8,19.8,0,19.8,0,19.8,0,19.8,0,19.8,0,19.8,0,19.8,0,,,,,,
25136,,,,,,,,,,,,,,,,,,,,,
25137,7.5,7.5,0,7.5,0,7.5,0,7.5,0,7.5,0,6.9,0.087,8,-0.0625,,,,,,
25139,7,7,0,7,0,7,0,7,0,7,0,5.9,0.186,7,0,7,0,,,,
25140,38.5,38.5,0,38.5,0,38.5,0,38.5,0,34.9,0.103,34.9,0.103,38.5,0,38.5,0,,,,
25141,10.5,10.5,0,10.5,0,10.5,0,10.5,0,10.5,0,10.5,0,10.5,0,,,,,,
25142,,,,,,,,,,,,,,,,,,,,,
25144,,,,,,,,,,,,,,,,,,,,,
25145,19,19,0,,,19,0,19,0,19,0,19,0,19,0,,,,,,
25146,13.5,13.5,0,13.5,0,13.5,0,13.5,0,13.5,0,13.5,0,13.5,0,,,,,,
25149,10,10,0,10,0,10,0,10,0,10,0,10,0,10,0,,,,,,
25150,,,,,,,,,,,,,,,,,,,,,
25151,11,11,0,11,0,11,0,11,0,11,0,11,0,11,0,,,,,,
25152,11,11,0,11,0,11,0,11,0,11,0,11,0,,,,,,,,
25153,105,105,0,105,0,105,0,105,0,105,0,105,0,105,0,,,,,,
25154,,,,,,,,,,,,,,,,,,,,,
25155,,,,,,,,,,,,,,,,,,,,,
25161,,,,,,,,,,,,,,,,,,,,,
25162,19.5,19.5,0,19.5,0,19.5,0,19.5,0,19.5,0,19.5,0,,,,,,,,
25165,59.5,59.5,0,59.5,0,59.5,0,59.5,0,59.5,0,59.5,0,59.5,0,,,,,,
25166,10.9,10.9,0,10.9,0,10.9,0,10.9,0,10.9,0,15.9,-0.314,15,-0.273,17,-0.359,,,,
25167,16.4,16.4,0,16.4,0,16.4,0,16.4,0,16.4,0,16.4,0,16.4,0,16.4,0,,,,
25168,16.4,16.4,0,16.4,0,16.4,0,16.4,0,16.4,0,16.4,0,16.4,0,16.4,0,,,,
25169,22.8,22.8,0,22.8,0,22.8,0,22.8,0,22.8,0,22.8,0,22.8,0,22.8,0,,,,
25170,,,,,,,,,,,,,,,,,,,,,
25173,4.5,4.5,0,4.5,0,4.5,0,4.5,0,4.5,0,4.5,0,4.5,0,,,,,,
25179,7,7,0,7,0,7,0,7,0,7,0,7,0,7,0,7,0,,,,
25180,27.8,27.8,0,27.8,0,27.8,0,27.8,0,27.8,0,27.8,0,27.8,0,27.8,0,,,,
25181,,,,,,,,,,,,,,,,,,,,,
25185,52.5,52.5,0,52.5,0,52.5,0,52.5,0,52.5,0,63.5,-0.173,63.5,-0.173,,,,,,
25188,8.8,8.8,0,8.8,0,,,,,8.8,0,8.8,0,8.8,0,,,,,,
25196,30,30,0,30,0,30,0,30,0,30,0,,,30,0,,,,,,
25197,10,10,0,10,0,10,0,10,0,10,0,10,0,10,0,,,,,,
25198,10,10,0,10,0,10,0,10,0,10,0,10,0,10,0,,,,,,
25199,10,10,0,10,0,10,0,10,0,10,0,,,10,0,,,,,,
25200,10,10,0,10,0,10,0,10,0,10,0,10,0,10,0,10,0,,,,
25201,10,10,0,10,0,10,0,10,0,10,0,10,0,10,0,,,,,,
25202,10,10,0,10,0,10,0,10,0,10,0,10,0,10,0,10,0,,,,
25203,10,10,0,10,0,10,0,10,0,10,0,10,0,10,0,,,,,,
25210,6.7,6.7,0,6.7,0,6.7,0,6.7,0,6.7,0,,,,,,,,,,
25211,2,2,0,2,0,2,0,2,0,2,0,2,0,2,0,2.5,-0.2,,,,
25212,2,2,0,2,0,2,0,2,0,2,0,2,0,2,0,,,,,,
25213,2,2,0,2,0,2,0,2,0,2,0,2,0,2,0,,,,,,
25214,2,2,0,2,0,2,0,2,0,2,0,2,0,2,0,2.5,-0.2,,,,
25223,8.9,8.9,0,8.9,0,8.9,0,8.9,0,8.9,0,8.9,0,8.9,0,,,,,,
25238,,,,,,,,,,,,,,,,,,,,,
25239,15,15,0,15,0,15,0,15,0,15,0,15,0,15,0,,,,,,
25240,63,63,0,63,0,63,0,63,0,63,0,63,0,,,,,,,,
25241,30,30,0,30,0,30,0,30,0,30,0,30,0,,,,,,,,
25242,23.5,23.5,0,23.5,0,23.5,0,23.5,0,23.5,0,23.5,0,23.5,0,,,,,,
25243,11.5,11.5,0,11.5,0,11.5,0,11.5,0,11.5,0,11.9,-0.0336,11.9,-0.0336,,,,,,
25244,11.5,11.5,0,11.5,0,11.5,0,11.5,0,11.5,0,11.9,-0.0336,11.9,-0.0336,,,,,,
25252,23,23,0,23,0,23,0,23,0,23,0,23,0,23,0,,,,,,
25257,16.8,16.8,0,16.8,0,16.8,0,16.8,0,16.8,0,16.8,0,16.8,0,,,,,,
25258,,,,,,,,,,,,,,,,,,,,,
25259,,,,,,,,,,,,,,,,,,,,,
25261,20.5,20.5,0,20.5,0,20.5,0,20.5,0,20.5,0,20.5,0,,,,,,,,
25265,12.8,12.8,0,12.8,0,12.8,0,12.8,0,12.8,0,12.8,0,12.8,0,,,,,,
25266,,,,,,,,,,,,,,,,,,,,,
25267,36.9,36.9,0,36.9,0,36.9,0,36.9,0,36.9,0,36.9,0,,,,,,,,
25273,39.5,39.5,0,39.5,0,39.5,0,39.5,0,39.5,0,39.5,0,39.5,0,,,,,,
25278,320,320,0,320,0,320,0,320,0,320,0,320,0,320,0,,,,,,
25279,,,,,,,,,,,,,,,,,,,,,
25282,,,,,,,,,,,,,,,,,,,,,
25289,,,,,,,,,,,,,,,,,,,,,
25290,39,39,0,39,0,39,0,39,0,39,0,39,0,,,,,,,,
25294,68.5,68.5,0,68.5,0,68.5,0,68.5,0,,,,,,,,,,,,
25295,,,,,,,,,,,,,,,,,,,,,
25298,50,50,0,50,0,50,0,,,,,,,,,,,,,,
25314,,,,,,,,,,,,,,,,,,,,,
25316,18.5,18.5,0,18.5,0,18.5,0,18.5,0,18.5,0,18.5,0,18.5,0,,,,,,
25317,,,,,,,,,,,,,,,,,,,,,
25318,,,,,,,,,,,,,,,,,,,,,
25320,20,20,0,20,0,20,0,20,0,20,0,20,0,20,0,,,,,,
25322,,,,,,,,,,,,,,,,,,,,,
25323,26,26,0,26,0,26,0,26,0,26,0,26,0,26,0,,,,,,
25324,14.5,14.5,0,14.5,0,14.5,0,14.5,0,14.5,0,14.5,0,14.5,0,,,,,,
25325,20,20,0,20,0,20,0,20,0,20,0,20,0,20,0,,,,,,
25326,20,20,0,20,0,20,0,20,0,20,0,20,0,20,0,,,,,,
25327,20,20,0,20,0,20,0,20,0,20,0,20,0,20,0,,,,,,
25332,21.9,21.9,0,21.9,0,21.9,0,21.9,0,21.9,0,21.9,0,,,,,,,,
25333,18,18,0,18,0,18,0,18,0,18,0,18,0,18,0,,,,,,
25334,44.5,44.5,0,44.5,0,44.5,0,44.5,0,44.5,0,,,44.5,0,,,,,,
25339,8.9,8.9,0,8.9,0,8.9,0,8.9,0,8.9,0,,,,,,,,,,
25340,13.5,13.5,0,13.5,0,13.5,0,13.5,0,13.5,0,,,,,,,,,,
25341,34.9,34.9,0,34.9,0,34.9,0,34.9,0,38.9,-0.103,38.9,-0.103,,,,,,,,
25342,15.5,15.5,0,15.5,0,15.5,0,15.5,0,15.5,0,16.8,-0.0774,,,,,,,,
25343,57.5,57.5,0,57.5,0,57.5,0,57.5,0,57.5,0,57.5,0,,,,,,,,
25344,9.5,9.5,0,9.5,0,9.5,0,9.5,0,9.5,0,10.2,-0.0686,,,,,,,,
25345,75,75,0,75,0,75,0,75,0,,,,,,,,,,,,
25346,75,75,0,75,0,75,0,,,,,,,,,,,,,,
25347,34,34,0,34,0,34,0,34,0,34,0,34,0,34,0,,,,,,
25349,8.3,8.3,0,8.3,0,8.3,0,8.3,0,8.3,0,8.3,0,8.3,0,,,,,,
25350,8.3,8.3,0,8.3,0,8.3,0,8.3,0,8.3,0,8.3,0,8.3,0,,,,,,
25351,,,,,,,,,,,,,,,,,,,,,
25352,,,,,,,,,,,,,,,,,,,,,
25359,,,,,,,,,,,,,,,,,,,,,
25360,125,125,0,125,0,125,0,125,0,125,0,125,0,,,,,,,,
25365,16,16,0,16,0,16,0,16,0,16,0,16,0,16,0,,,,,,
25369,19.5,19.5,0,19.5,0,19.5,0,19.5,0,20.5,-0.0488,20.5,-0.0488,20.5,-0.0488,,,,,,
25377,155,155,0,155,0,155,0,155,0,155,0,155,0,155,0,,,,,,
25386,73.5,73.5,0,73.5,0,73.5,0,73.5,0,73.5,0,,,,,,,,,,
25388,73.5,73.5,0,73.5,0,73.5,0,73.5,0,73.5,0,,,,,,,,,,
25389,28,28,0,28,0,28,0,28,0,28,0,28,0,28,0,,,,,,
25390,42,42,0,42,0,42,0,42,0,42,0,42,0,42,0,,,,,,
25391,,,,,,,,,,,,,,,,,,,,,
25401,16,16,0,16,0,16,0,,,,,,,,,,,,,,
25402,16,16,0,,,,,16,0,,,,,,,,,,,,
25403,20,20,0,20,0,20,0,20,0,,,,,,,,,,,,
25404,10,10,0,10,0,10,0,10,0,,,,,,,,,,,,
25406,16,16,0,16,0,16,0,16,0,16,0,,,,,,,,,,
25407,,,,,,,,,,,,,,,,,,,,,
25408,34,34,0,34,0,34,0,34,0,34,0,34,0,34,0,,,,,,
25409,34,34,0,34,0,34,0,34,0,34,0,34,0,34,0,,,,,,
25410,8,8,0,8,0,8,0,8,0,8,0,8,0,8,0,,,,,,
25421,,,,,,,,,,,,,,,,,,,,,
25422,,,,,,,,,,,,,,,,,,,,,
25424,,,,,,,,,,,,,,,,,,,,,
25425,,,,,,,,,,,,,,,,,,,,,
25426,,,,,,,,,,,,,,,,,,,,,
25429,16.5,16.5,0,16.5,0,16.5,0,16.5,0,16.5,0,,,,,,,,,,
25432,9,9,0,9,0,9,0,9,0,9,0,,,,,,,,,,
25440,37.9,37.9,0,37.9,0,37.9,0,37.9,0,37.9,0,37.9,0,,,,,,,,
25441,50,50,0,50,0,50,0,50,0,50,0,50,0,50,0,,,,,,
25451,,,,,,,,,,,,,,,,,,,,,
25452,,,,,,,,,,,,,,,,,,,,,
25455,49,49,0,49,0,49,0,49,0,49,0,,,,,,,,,,
25456,32.5,32.5,0,32.5,0,32.5,0,32.5,0,32.5,0,,,,,,,,,,
25457,35.5,35.5,0,35.5,0,35.5,0,35.5,0,35.5,0,,,,,,,,,,
25461,11,11,0,11,0,11,0,11,0,11,0,,,,,,,,,,
25462,11,11,0,11,0,11,0,11,0,11,0,11,0,,,,,,,,
25476,4.5,4.5,0,4.5,0,4.5,0,4.5,0,4.5,0,4.5,0,,,,,,,,
25477,4.5,4.5,0,4.5,0,4.5,0,4.5,0,4.5,0,4.5,0,,,,,,,,
25483,112,112,0,112,0,112,0,112,0,112,0,112,0,,,,,,,,
25485,755,755,0,755,0,755,0,755,0,755,0,755,0,,,,,,,,
25486,16,16,0,16,0,16,0,16,0,16,0,16,0,,,,,,,,
25487,16,16,0,16,0,16,0,16,0,,,16,0,,,,,,,,
25494,7.9,7.9,0,7.9,0,7.9,0,7.9,0,9,-0.122,9,-0.122,,,,,,,,
25496,,,,,,,,,,,,,,,,,,,,,
25640,63,63,0,63,0,63,0,63,0,63,0,63,0,63,0,63,0,48,0.312,48,0.312
25789,,,,,,,,,,,,,,,,,,,,,
25945,17,17,0,17,0,17,0,17,0,17,0,,,,,,,,,,
25951,7,7,0,7,0,,,,,7,0,,,,,,,,,,
25952,7,7,0,7,0,,,,,7,0,,,,,,,,,,
25954,175,175,0,175,0,175,0,175,0,175,0,,,,,,,,,,
25955,11,11,0,11,0,11,0,11,0,11,0,11,0,,,,,,,,
25963,,,,,,,,,,,,,,,,,,,,,
25968,69,69,0,69,0,69,0,69,0,69,0,69,0,,,,,,,,
25969,69.5,69.5,0,69.5,0,69.5,0,69.5,0,69.5,0,69.5,0,69.5,0,,,43.5,0.598,,
25974,7.5,7.5,0,7.5,0,7.5,0,7.5,0,7.5,0,,,,,,,,,,
25977,30,30,0,30,0,30,0,30,0,30,0,,,,,,,,,,
25978,10.9,10.9,0,10.9,0,10.9,0,10.9,0,10.9,0,,,,,,,,,,
25979,10.9,10.9,0,10.9,0,10.9,0,10.9,0,10.9,0,,,,,,,,,,
25980,18.5,18.5,0,18.5,0,18.5,0,18.5,0,18.5,0,,,,,,,,,,
25981,12.5,12.5,0,12.5,0,12.5,0,12.5,0,12.5,0,,,,,,,,,,
25982,105,105,0,105,0,105,0,105,0,105,0,,,,,,,,,,
25985,,,,,,,,,,,,,,,,,,,,,
25986,,,,,,,,,,,,,,,,,,,,,
25991,41.9,41.9,0,41.9,0,41.9,0,41.9,0,41.9,0,,,,,,,,,,
25993,97.5,97.5,0,97.5,0,97.5,0,97.5,0,,,,,,,,,,,,
25996,47.5,47.5,0,47.5,0,47.5,0,47.5,0,,,,,,,,,,,,
25997,37.5,37.5,0,37.5,0,37.5,0,37.5,0,,,,,,,,,,,,
25998,34.5,34.5,0,34.5,0,34.5,0,34.5,0,,,,,,,,,,,,
26001,7.5,7.5,0,7.5,0,7.5,0,7.5,0,7.5,0,9,-0.167,9,-0.167,9,-0.167,7,0.0714,7,0.0714
26002,8.9,8.9,0,8.9,0,8.9,0,8.9,0,8.9,0,11,-0.191,11,-0.191,11,-0.191,9,-0.0111,9,-0.0111
26003,,,,,,,,,,,,,,,,,,,,,
26004,10,10,0,10,0,10,0,10,0,10,0,10,0,10,0,9,0.111,9,0.111,,
26006,,,,,,,,,,,,,,,,,,,,,
26007,,,,,,,,,,,,,,,,,,,,,
26013,,,,,,,,,,,,,,,,,,,,,
26014,29,29,0,29,0,29,0,29,0,29,0,29,0,29,0,,,,,,
26016,117,117,0,117,0,117,0,117,0,117,0,117,0,,,,,,,,
26019,13.9,13.9,0,13.9,0,13.9,0,13.9,0,13.9,0,13.9,0,13.9,0,13.9,0,12.5,0.112,12.5,0.112
26022,12,12,0,12,0,12,0,12,0,12,0,9.8,0.224,9.8,0.224,9.8,0.224,7.5,0.6,,
26024,,,,,,,,,,,,,,,,,,,,,
26025,,,,,,,,,,,,,,,,,,,,,
26027,13.9,13.9,0,13.9,0,13.9,0,13.9,0,13.9,0,13.9,0,13.9,0,13.9,0,12.5,0.112,12.5,0.112
26028,13.9,13.9,0,13.9,0,13.9,0,13.9,0,13.9,0,13.9,0,13.9,0,13.9,0,12.5,0.112,,
26029,13.9,13.9,0,13.9,0,13.9,0,13.9,0,13.9,0,13.9,0,13.9,0,13.9,0,12.5,0.112,,
26035,,,,,,,,,,,,,,,,,,,,,
26036,37.5,37.5,0,37.5,0,37.5,0,37.5,0,37.5,0,37.5,0,37.5,0,,,,,,
26038,,,,,,,,,,,,,,,,,,,,,
26040,34.5,34.5,0,34.5,0,34.5,0,34.5,0,34.5,0,34.5,0,34.5,0,19,0.816,15.5,1.23,,
26041,39.5,39.5,0,39.5,0,39.5,0,39.5,0,39.5,0,39.5,0,39.5,0,,,24.5,0.612,,
26042,33.5,33.5,0,33.5,0,33.5,0,33.5,0,33.5,0,33.5,0,33.5,0,25,0.34,19.5,0.718,19.5,0.718
26043,,,,,,,,,,,,,,,,,,,,,
26045,,,,,,,,,,,,,,,,,,,,,
26049,19,19,0,19,0,19,0,19,0,19,0,19,0,19,0,19,0,19,0,,
26050,29.5,29.5,0,29.5,0,29.5,0,29.5,0,29.5,0,29.5,0,29.5,0,29.5,0,29.5,0,,
26054,60,60,0,60,0,60,0,60,0,60,0,60,0,60,0,58.1,0.0327,,,,
26055,60,60,0,60,0,60,0,60,0,60,0,60,0,60,0,58.1,0.0327,,,,
26056,92,92,0,92,0,92,0,92,0,92,0,92,0,92,0,92,0,69.9,0.316,69.9,0.316
26057,60,60,0,56,0.0714,56,0.0714,56,0.0714,56,0.0714,56,0.0714,,,,,,,,
26060,109,109,0,109,0,109,0,,,109,0,109,0,109,0,109,0,,,85,0.282
26062,19.5,19.5,0,19.5,0,19.5,0,19.5,0,19.5,0,19.5,0,,,,,,,,
26064,,,,,,,,,,,,,,,,,,,,,
26066,35,35,0,35,0,35,0,35,0,35,0,35,0,,,,,,,,
26068,35,35,0,35,0,35,0,35,0,35,0,35,0,35,0,,,,,,
26070,58.5,58.5,0,58.5,0,58.5,0,58.5,0,58.5,0,58.5,0,,,,,36.5,0.603,36.5,0.603
26071,88,88,0,88,0,88,0,88,0,88,0,88,0,88,0,69,0.275,53,0.66,,
26072,74,74,0,74,0,74,0,74,0,74,0,,,,,,,49.5,0.495,,
26073,23,23,0,23,0,23,0,23,0,23,0,23,0,23,0,,,23,0,,
26074,23,23,0,23,0,23,0,23,0,23,0,23,0,23,0,23,0,23,0,,
26075,21.5,21.5,0,21.5,0,21.5,0,21.5,0,21.5,0,21.5,0,21.5,0,21.5,0,21.5,0,,
26082,11.9,11.9,0,11.9,0,11.9,0,11.9,0,11.9,0,12.5,-0.048,14,-0.15,14,-0.15,11.3,0.0531,11.3,0.0531
26090,,,,,,,,,,,,,,,,,,,,,
26092,30.9,30.9,0,30.9,0,30.9,0,30.9,0,30.9,0,30.9,0,30.9,0,,,,,22.5,0.373
26094,33.3,33.3,0,33.3,0,33.3,0,33.3,0,33.3,0,33.3,0,33.3,0,22.5,0.48,22.5,0.48,22.5,0.48
26095,26.5,26.5,0,26.5,0,26.5,0,26.5,0,26.5,0,30.9,-0.142,30.9,-0.142,22.5,0.178,22.5,0.178,,
26100,81,81,0,81,0,81,0,81,0,,,,,,,,,,,,
26102,,,,,,,,,,,,,,,,,,,,,
26103,,,,,,,,,,,,,,,,,,,,,
26104,8.5,8.5,0,8.5,0,8.5,0,8,0.0625,8,0.0625,8,0.0625,8,0.0625,7.5,0.133,,,,
26106,33.3,33.3,0,33.3,0,33.3,0,33.3,0,33.3,0,33.3,0,33.3,0,25,0.332,25,0.332,25,0.332
26107,33.3,33.3,0,33.3,0,33.3,0,33.3,0,33.3,0,33.3,0,33.3,0,25,0.332,25,0.332,25,0.332
26108,33.3,33.3,0,33.3,0,33.3,0,33.3,0,33.3,0,33.3,0,33.3,0,25,0.332,25,0.332,25,0.332
26110,247,247,0,247,0,247,0,247,0,247,0,247,0,247,0,190,0.303,98.5,1.51,,
26112,75,75,0,75,0,75,0,75,0,75,0,75,0,75,0,56.5,0.327,,,,
26113,75,75,0,75,0,75,0,75,0,75,0,75,0,,,56.5,0.327,,,,
26114,75,75,0,75,0,75,0,75,0,75,0,75,0,,,56.5,0.327,,,,
26117,53.5,53.5,0,53.5,0,53.5,0,53.5,0,53.5,0,53.5,0,53.5,0,53.5,0,,,,
26119,,,,,,,,,,,,,,,,,,,,,
26120,,,,,,,,,,,,,,,,,,,,,
26121,,,,,,,,,,,,,,,,,,,,,
26122,,,,,,,,,,,,,,,,,,,,,
26124,30.9,30.9,0,30.9,0,30.9,0,30.9,0,30.9,0,30.9,0,30.9,0,22.5,0.373,22.5,0.373,22.5,0.373
26125,,,,,,,,,,,,,,,,,,,,,
26128,,,,,,,,,,,,,,,,,,,,,
26129,33.3,33.3,0,33.3,0,33.3,0,33.3,0,33.3,0,33.3,0,33.3,0,25,0.332,25,0.332,25,0.332
26130,33.3,33.3,0,33.3,0,33.3,0,33.3,0,33.3,0,33.3,0,33.3,0,25,0.332,25,0.332,25,0.332
26131,30.9,30.9,0,30.9,0,30.9,0,,,30.9,0,30.9,0,30.9,0,,,,,,
26132,33.3,33.3,0,33.3,0,33.3,0,33.3,0,33.3,0,33.3,0,33.3,0,25,0.332,,,,
26133,33.3,33.3,0,33.3,0,33.3,0,33.3,0,33.3,0,33.3,0,33.3,0,25,0.332,25,0.332,25,0.332
26134,30.9,30.9,0,30.9,0,30.9,0,30.9,0,30.9,0,30.9,0,30.9,0,22.5,0.373,22.5,0.373,22.5,0.373
26135,30.9,30.9,0,30.9,0,30.9,0,30.9,0,30.9,0,30.9,0,30.9,0,22.5,0.373,22.5,0.373,22.5,0.373
26137,5.5,5.5,0,5.5,0,5.5,0,5.5,0,,,5.5,0,,,,,,,,
26138,5.5,5.5,0,5.5,0,5.5,0,5.5,0,5.5,0,5.5,0,,,,,,,,
26139,5.5,5.5,0,5.5,0,5.5,0,5.5,0,,,5.5,0,,,,,,,,
26142,5.5,5.5,0,5.5,0,5.5,0,5.5,0,5.5,0,5.5,0,,,,,,,,
26144,4.5,4.5,0,4.5,0,4.5,0,4.5,0,4.5,0,4.5,0,,,,,,,,
26150,27,27,0,27,0,27,0,27,0,27,0,27,0,,,,,,,,
26151,15.2,15.2,0,15.2,0,15.2,0,15.2,0,15.2,0,15.2,0,,,,,,,,
26155,,,,,,,,,,,,,,,,,,,,,
26159,4.5,4.5,0,4.5,0,4.5,0,4.5,0,4.5,0,4.5,0,,,,,,,,
26160,4.5,4.5,0,4.5,0,4.5,0,4.5,0,4.5,0,4.5,0,,,,,,,,
26161,4.5,4.5,0,4.5,0,4.5,0,4.5,0,4.5,0,4.5,0,,,,,,,,
26162,22.5,22.5,0,22.5,0,22.5,0,22.5,0,22.5,0,22.5,0,21,0.0714,21,0.0714,21,0.0714,,
26163,21.5,21.5,0,21.5,0,21.5,0,21.5,0,21.5,0,21.5,0,19.5,0.103,19.5,0.103,19.5,0.103,,
26164,53.5,53.5,0,53.5,0,53.5,0,53.5,0,53.5,0,53.5,0,53.5,0,53.5,0,,,,
26173,,,,,,,,,,,,,,,,,,,,,
26174,28.5,28.5,0,28.5,0,28.5,0,28.5,0,28.5,0,28.5,0,28.5,0,28.5,0,28.5,0,,
26175,13.5,13.5,0,13.5,0,13.5,0,13.5,0,,,,,,,,,,,,
26176,,,,,,,,,,,,,,,,,,,,,
26177,13.5,13.5,0,13.5,0,13.5,0,13.5,0,,,13.5,0,13.5,0,13.5,0,13.5,0,,
26178,13.5,13.5,0,13.5,0,13.5,0,13.5,0,13.5,0,13.5,0,13.5,0,13.5,0,13.5,0,,
26185,4.5,4.5,0,4.5,0,4.5,0,4.5,0,4.5,0,4.5,0,,,,,,,,
26186,4.5,4.5,0,4.5,0,4.5,0,4.5,0,4.5,0,4.5,0,,,,,,,,
26188,22,22,0,22,0,22,0,22,0,22,0,22,0,22,0,19.5,0.128,,,,
26189,22,22,0,22,0,22,0,22,0,22,0,22,0,,,19.5,0.128,,,,
26190,22,22,0,22,0,22,0,22,0,22,0,22,0,22,0,19.5,0.128,,,,
26191,53,53,0,53,0,53,0,53,0,53,0,53,0,53,0,47,0.128,47,0.128,47,0.128
26193,22,22,0,22,0,,,,,,,,,,,,,,,,
26200,24.5,24.5,0,24.5,0,24.5,0,24.5,0,24.5,0,24.5,0,24.5,0,27.5,-0.109,16.4,0.494,,
26203,9.5,9.5,0,9.5,0,9.5,0,9.5,0,9.5,0,,,,,,,,,,
26204,,,,,,,,,,,,,,,,,,,,,
26205,9.5,9.5,0,9.5,0,9.5,0,9.5,0,9.5,0,,,,,,,,,,
26216,33,33,0,33,0,33,0,33,0,33,0,,,,,,,40.5,-0.185,30.5,0.082
26217,,,,,,,,,,,,,,,,,,,,,
26233,220,220,0,220,0,220,0,220,0,220,0,219,0.00457,219,0.00457,179,0.229,179,0.229,,
26874,,,,,,,,,,,,,,,,,,,,,
27001,11,11,0,11,0,11,0,11,0,11,0,11,0,11,0,,,,,,
27003,,,,,,,,,,,,,,,,,,,,,
27035,,,,,,,,,,,,,,,,,,,,,
27036,,,,,,,,,,,,,,,,,,,,,
27037,,,,,,,,,,,,,,,,,,,,,
27048,7.5,7.5,0,7.5,0,7.5,0,7.5,0,,,,,,,,,,,,
27050,6.9,6.9,0,6.9,0,6.9,0,6.9,0,,,,,,,,,,,,
27052,45,45,0,45,0,45,0,45,0,,,,,,,,,,,,
27092,5,5,0,5,0,5,0,,,,,,,,,,,,,,
27093,24.5,24.5,0,24.5,0,24.5,0,,,,,,,,,,,,,,
27094,48,48,0,48,0,48,0,,,,,,,,,,,,,,
27102,,,,,,,,,,,,,,,,,,,,,
27106,,,,,,,,,,,,,,,,,,,,,
27110,15,15,0,15,0,15,0,15,0,15,0,15,0,15,0,,,11.5,0.304,10.3,0.456
27918,,,,,,,,,,,,,,,,,,,,,
29001,227,227,0,227,0,227,0,227,0,227,0,227,0,227,0,227,0,227,0,,
29003,15,15,0,15,0,15,0,15,0,15,0,15,0,15,0,15,0,13,0.154,,
29004,15,15,0,15,0,15,0,15,0,15,0,15,0,15,0,15,0,13,0.154,,
29005,,,,,,,,,,,,,,,,,,,,,
29006,30,30,0,30,0,30,0,30,0,30,0,30,0,30,0,30,0,25,0.2,21,0.429
29007,,,,,,,,,,,,,,,,,,,,,
29008,27,27,0,27,0,27,0,27,0,27,0,,,,,,,24,0.125,18.5,0.459
29010,27,27,0,27,0,27,0,27,0,27,0,27,0,27,0,27,0,24,0.125,18.5,0.459
29011,,,,,,,,,,,,,,,,,,,,,
29012,,,,,,,,,,,,,,,,,,,,,
29014,39,39,0,39,0,39,0,39,0,39,0,39,0,39,0,,,,,,
29015,30,30,0,30,0,30,0,30,0,30,0,30,0,30,0,30,0,26,0.154,26,0.154
29018,42,42,0,42,0,42,0,42,0,42,0,42,0,42,0,42,0,31,0.355,27.8,0.511
29019,7.5,7.5,0,7.5,0,7.5,0,7.5,0,7.5,0,7.5,0,7,0.0714,7,0.0714,6.9,0.087,6.5,0.154
29023,12,12,0,12,0,12,0,12,0,12,0,9.8,0.224,9.8,0.224,9.8,0.224,7.5,0.6,7.3,0.644
29041,,,,,,,,,,,,,,,,,,,,,
29042,16.8,16.8,0,16.8,0,16.8,0,16.8,0,16.8,0,16.8,0,16.8,0,,,20,-0.16,20,-0.16
29043,16.8,16.8,0,16.8,0,16.8,0,16.8,0,16.8,0,16.8,0,16.8,0,,,,,20,-0.16
29044,14.9,14.9,0,14.9,0,14.9,0,14.9,0,14.9,0,14.9,0,14.9,0,15.5,-0.0387,,,13,0.146
29045,,,,,,,,,,,,,,,,,,,,,
29047,,,,,,,,,,,,,,,,,,,,,
29049,20.5,20.5,0,20.5,0,20.5,0,20.5,0,20.5,0,16.9,0.213,20.5,0,,,11,0.864,10.8,0.898
29057,21.5,21.5,0,21.5,0,21.5,0,21.5,0,21.5,0,21.5,0,,,,,20,0.075,15,0.433
29064,435,435,0,435,0,435,0,435,0,435,0,435,0,435,0,435,0,335,0.299,335,0.299
29065,97.5,97.5,0,97.5,0,97.5,0,97.5,0,97.5,0,97.5,0,97.5,0,91,0.0714,87.5,0.114,87.5,0.114
29066,,,,,,,,,,,,,,,,,,,,,
29067,,,,,,,,,,,,,,,,,,,,,
29069,15,15,0,15,0,15,0,15,0,15,0,15,0,15,0,,,15,0,15,0
29075,,,,,,,,,,,,,,,,,,,,,
29076,,,,,,,,,,,,,,,,,,,,,
29080,,,,,,,,,,,,,,,,,,,,,
29081,,,,,,,,,,,,,,,,,,,,,
29082,6,6,0,6,0,6,0,6,0,6,0,6,0,6,0,6,0,6,0,,
29086,,,,,,,,,,,,,,,,,,,,,
29088,53.5,53.5,0,53.5,0,53.5,0,53.5,0,53.5,0,54.9,-0.0255,64.5,-0.171,64.5,-0.171,49.9,0.0721,49.9,0.0721
29094,12.8,12.8,0,12.8,0,12.8,0,12.8,0,12.8,0,12.8,0,12.8,0,12.8,0,,,,
29099,36,36,0,36,0,36,0,36,0,36,0,36,0,36,0,33.5,0.0746,33.5,0.0746,31,0.161
29100,,,,,,,,,,,,,,,,,,,,,
29101,,,,,,,,,,,,,,,,,,,,,
29116,87,87,0,87,0,87,0,87,0,87,0,87,0,87,0,78.5,0.108,78,0.115,78,0.115
29117,10.5,10.5,0,10.5,0,10.5,0,10.5,0,10.5,0,10.5,0,10.5,0,10.5,0,7.8,0.346,9,0.167
29118,,,,,,,,,,,,,,,,,,,,,
29119,,,,,,,,,,,,,,,,,,,,,
29120,7.5,7.5,0,7.5,0,7.5,0,7.5,0,7.5,0,7.5,0,7.5,0,7.5,0,4.9,0.531,4.4,0.705
29121,7.9,7.9,0,7.9,0,7.9,0,7.9,0,7.9,0,9.4,-0.16,9.4,-0.16,9.4,-0.16,5.9,0.339,5.5,0.436
29123,19.5,19.5,0,19.5,0,19.5,0,19.5,0,19.5,0,19.5,0,19.5,0,17,0.147,15,0.3,15,0.3
29125,16,16,0,16,0,16,0,16,0,16,0,16,0,16,0,16,0,12.5,0.28,,
29126,,,,,,,,,,,,,,,,,,,,,
29127,58.6,58.6,0,58.6,0,58.6,0,58.6,0,58.6,0,58.6,0,58.6,0,58.6,0,47,0.247,,
29128,63.4,63.4,0,63.4,0,63.4,0,63.4,0,63.4,0,63.4,0,63.4,0,63.4,0,,,,
29129,58.6,58.6,0,58.6,0,58.6,0,58.6,0,58.6,0,58.6,0,58.6,0,,,,,,
29130,,,,,,,,,,,,,,,,,,,,,
29132,8.7,8.7,0,8.7,0,8.7,0,8.7,0,8.7,0,8.7,0,8.7,0,8.7,0,5.9,0.475,4.6,0.891
29136,18.5,18.5,0,18.5,0,18.5,0,18.5,0,18.5,0,18.5,0,,,18.5,0,,,,
29137,18.5,18.5,0,18.5,0,18.5,0,18.5,0,18.5,0,18.5,0,18.5,0,18.5,0,,,,
29138,60,60,0,56,0.0714,56,0.0714,56,0.0714,56,0.0714,56,0.0714,,,,,,,,
29139,60,60,0,56,0.0714,56,0.0714,56,0.0714,56,0.0714,56,0.0714,,,,,,,,
29142,60,60,0,56,0.0714,56,0.0714,56,0.0714,56,0.0714,56,0.0714,,,,,,,,
29145,85,85,0,85,0,,,,,,,,,,,,,,,,
29148,12,12,0,12,0,12,0,12,0,12,0,12,0,12,0,12,0,9.9,0.212,9.9,0.212
29150,43,43,0,43,0,43,0,43,0,43,0,43,0,43,0,43,0,30,0.433,25,0.72
29156,,,,,,,,,,,,,,,,,,,,,
29157,,,,,,,,,,,,,,,,,,,,,
29246,5.6,5.6,0,5.6,0,5.6,0,5.6,0,8.5,-0.341,8.5,-0.341,8.5,-0.341,10.3,-0.456,7.8,-0.282,7.3,-0.233
29254,,,,,,,,,,,,,,,,,,,,,
29789,24,24,0,24,0,24,0,24,0,24,0,24,0,24,0,,,18.9,0.27,,
29790,24,24,0,24,0,24,0,24,0,24,0,24,0,24,0,24,0,18.9,0.27,,
30101,14,14,0,14,0,14,0,14,0,14,0,14,0,14,0,14,0,12,0.167,12,0.167
30102,14,14,0,14,0,14,0,14,0,14,0,14,0,14,0,14,0,12,0.167,12,0.167
30103,12,12,0,12,0,12,0,12,0,12,0,12,0,12,0,12,0,12,0,12,0
30114,,,,,,,,,,,,,,,,,,,,,
30117,8,8,0,8,0,8,0,8,0,8,0,8,0,8,0,8,0,8,0,8,0
30122,25.5,25.5,0,25.5,0,25.5,0,25.5,0,25.5,0,25.5,0,25.5,0,25.5,0,17.5,0.457,14.5,0.759
30127,4.9,4.9,0,4.9,0,4.9,0,4.9,0,4.9,0,5,-0.02,5,-0.02,5,-0.02,4,0.225,,
30136,,,,,,,,,,,,,,,,,,,,,
30138,,,,,,,,,,,,,,,,,,,,,
30143,,,,,,,,,,,,,,,,,,,,,
30145,,,,,,,,,,,,,,,,,,,,,
30149,,,,,,,,,,,,,,,,,,,,,
30151,,,,,,,,,,,,,,,,,,,,,
30158,30,30,0,30,0,30,0,30,0,30,0,26,0.154,26,0.154,26,0.154,,,23.5,0.277
30159,279,279,0,279,0,279,0,,,,,279,0,279,0,279,0,225,0.24,225,0.24
30160,,,,,,,,,,,,,,,,,,,,,
30161,,,,,,,,,,,,,,,,,,,,,
30162,11.5,11.5,0,11.5,0,11.5,0,11.5,0,11.5,0,11.5,0,11.5,0,,,,,,
30164,33.5,33.5,0,33.5,0,33.5,0,33.5,0,33.5,0,33.5,0,33.5,0,33.5,0,26,0.288,24.5,0.367
30165,7.5,7.5,0,7.5,0,7.5,0,7.5,0,7.5,0,7.5,0,7.5,0,7.5,0,7.5,0,6.2,0.21
30172,,,,,,,,,,,,,,,,,,,,,
30174,4,4,0,4,0,4,0,4,0,4,0,4,0,4,0,,,,,,
30176,,,,,,,,,,,,,,,,,,,,,
30177,,,,,,,,,,,,,,,,,,,,,
30179,22,22,0,22,0,22,0,22,0,,,,,,,,,,,,
30180,12,12,0,12,0,12,0,12,0,12,0,12,0,12,0,12,0,12,0,12,0
30181,12,12,0,12,0,12,0,12,0,12,0,12,0,12,0,12,0,12,0,12,0
30186,,,,,,,,,,,,,,,,,,,,,
30187,,,,,,,,,,,,,,,,,,,,,
30191,,,,,,,,,,,,,,,,,,,,,
30192,,,,,,,,,,,,,,,,,,,,,
30193,115,115,0,115,0,115,0,115,0,115,0,115,0,115,0,140,-0.179,82,0.402,71.5,0.608
30194,115,115,0,115,0,115,0,115,0,115,0,115,0,115,0,140,-0.179,82,0.402,71.5,0.608
30195,269,269,0,269,0,269,0,269,0,,,,,,,,,,,,
30196,269,269,0,269,0,269,0,269,0,,,,,,,,,,,,
30197,5.5,5.5,0,5.5,0,5.5,0,5.5,0,5.5,0,5.5,0,5.5,0,5.5,0,3.8,0.447,3.8,0.447
30218,,,,,,,,,,,,,,,,,,,,,
30219,13.5,13.5,0,13.5,0,13.5,0,13.5,0,13.5,0,13.5,0,13.5,0,13.5,0,8.9,0.517,,
30220,35.9,35.9,0,35.9,0,35.9,0,35.9,0,35.9,0,35.9,0,35.9,0,,,,,24.5,0.465
30227,,,,,,,,,,,,,,,,,,,,,
30230,,,,,,,,,,,,,,,,,,,,,
30234,,,,,,,,,,,,,,,,,,,,,
30237,11,11,0,11,0,11,0,11,0,11,0,11,0,,,10.5,0.0476,10,0.1,9,0.222
30243,,,,,,,,,,,,,,,,,,,,,
30246,27,27,0,27,0,27,0,27,0,27,0,27,0,27,0,,,,,,
30247,38.5,38.5,0,38.5,0,38.5,0,38.5,0,38.5,0,,,38.5,0,,,,,,
30248,,,,,,,,,,,,,,,,,,,,,
30251,20.5,20.5,0,20.5,0,20.5,0,,,,,,,,,,,,,,
30253,,,,,,,,,,,,,,,,,,,,,
30265,74.9,74.9,0,74.9,0,74.9,0,74.9,0,74.9,0,80,-0.0637,80,-0.0637,84.5,-0.114,84.5,-0.114,67.9,0.103
30266,52,52,0,52,0,52,0,52,0,52,0,52,0,52,0,56,-0.0714,56,-0.0714,44.9,0.158
30267,33.5,33.5,0,33.5,0,33.5,0,33.5,0,33.5,0,33.5,0,33.5,0,35.5,-0.0563,35.5,-0.0563,,
30268,,,,,,,,,,,,,,,,,,,,,
30269,,,,,,,,,,,,,,,,,,,,,
30270,,,,,,,,,,,,,,,,,,,,,
30271,,,,,,,,,,,,,,,,,,,,,
30272,,,,,,,,,,,,,,,,,,,,,
30273,,,,,,,,,,,,,,,,,,,,,
30275,16.9,16.9,0,16.9,0,16.9,0,16.9,0,16.9,0,16.9,0,16.9,0,16.9,0,15.5,0.0903,13.5,0.252
30277,46,46,0,46,0,46,0,46,0,46,0,46,0,46,0,,,,,,
30278,45,45,0,45,0,45,0,45,0,45,0,,,45,0,,,,,,
30280,45.9,45.9,0,45.9,0,45.9,0,45.9,0,45.9,0,45.9,0,45.9,0,,,,,,
30281,37.5,37.5,0,37.5,0,37.5,0,37.5,0,37.5,0,37.5,0,37.5,0,,,,,,
30283,6,6,0,6,0,6,0,6,0,6,0,6,0,6,0,6,0,5.4,0.111,,
30284,6,6,0,6,0,6,0,6,0,6,0,6,0,6,0,6,0,5.4,0.111,,
30285,6,6,0,6,0,6,0,6,0,6,0,6,0,6,0,6,0,5.4,0.111,,
30286,6,6,0,6,0,6,0,6,0,6,0,6,0,6,0,6,0,5.4,0.111,,
30297,,,,,,,,,,,,,,,,,,,,,
30298,,,,,,,,,,,,,,,,,,,,,
30308,,,,,,,,,,,,,,,,,,,,,
30310,,,,,,,,,,,,,,,,,,,,,
30315,42.9,42.9,0,42.9,0,42.9,0,42.9,0,42.9,0,42.9,0,42.9,0,,,,,,
30316,,,,,,,,,,,,,,,,,,,,,
30323,40.5,40.5,0,40.5,0,40.5,0,40.5,0,40.5,0,40.5,0,40.5,0,40.5,0,40.5,0,40.5,0
30332,6.5,6.5,0,6.5,0,6.5,0,6.5,0,6.5,0,6.5,0,6.5,0,6.5,0,6.5,0,6,0.0833
30334,6.5,6.5,0,6.5,0,6.5,0,6.5,0,6.5,0,6.5,0,6.5,0,6.5,0,6.5,0,6,0.0833
30337,11,11,0,11,0,11,0,11,0,11,0,11,0,10,0.1,,,11,0,11,0
30338,11,11,0,11,0,11,0,11,0,11,0,11,0,10,0.1,10,0.1,11,0,11,0
30339,11,11,0,11,0,11,0,11,0,11,0,,,10,0.1,,,11,0,11,0
30353,20,20,0,20,0,20,0,20,0,20,0,,,20,0,20,0,17.5,0.143,,
30355,,,,,,,,,,,,,,,,,,,,,
30357,745,745,0,745,0,745,0,745,0,745,0,745,0,745,0,745,0,480,0.552,480,0.552
30359,77.6,77.6,0,77.6,0,77.6,0,77.6,0,77.6,0,77.6,0,77.6,0,47.5,0.634,45,0.724,41,0.893
30360,77.6,77.6,0,77.6,0,77.6,0,77.6,0,77.6,0,77.6,0,77.6,0,47.5,0.634,45,0.724,41,0.893
30362,200,200,0,200,0,200,0,200,0,200,0,200,0,200,0,122,0.636,115,0.736,105,0.901
30363,77.6,77.6,0,77.6,0,77.6,0,77.6,0,77.6,0,77.6,0,77.6,0,47.5,0.634,45,0.724,41,0.893
30402,,,,,,,,,,,,,,,,,,,,,
30407,,,,,,,,,,,,,,,,,,,,,
30408,27.5,27.5,0,27.5,0,27.5,0,27.5,0,27.5,0,27.5,0,27.5,0,27.5,0,22.5,0.222,21.5,0.279
30409,,,,,,,,,,,,,,,,,,,,,
30410,,,,,,,,,,,,,,,,,,,,,
30411,20,20,0,20,0,20,0,20,0,20,0,20,0,20,0,20,0,17.5,0.143,14.3,0.399
30412,12.5,12.5,0,12.5,0,12.5,0,12.5,0,12.5,0,12.5,0,12.5,0,12.5,0,9.9,0.263,8.5,0.471
30413,20,20,0,20,0,20,0,20,0,20,0,20,0,20,0,20,0,17.5,0.143,14.3,0.399
30415,20,20,0,20,0,20,0,20,0,20,0,20,0,20,0,20,0,17.5,0.143,14.3,0.399
30416,31.5,31.5,0,31.5,0,31.5,0,31.5,0,31.5,0,31.5,0,31.5,0,31.5,0,,,22.5,0.4
30453,,,,,,,,,,,,,,,,,,,,,
30454,,,,,,,,,,,,,,,,,,,,,
30465,,,,,,,,,,,,,,,,,,,,,
30466,,,,,,,,,,,,,,,,,,,,,
30468,,,,,,,,,,,,,,,,,,,,,
30469,18.9,18.9,0,18.9,0,18.9,0,18.9,0,18.9,0,21,-0.1,21,-0.1,21,-0.1,17.5,0.08,17.5,0.08
30470,27.9,27.9,0,27.9,0,27.9,0,27.9,0,27.9,0,31.5,-0.114,31.5,-0.114,31.5,-0.114,22.9,0.218,25.9,0.0772
30471,19.9,19.9,0,19.9,0,19.9,0,19.9,0,19.9,0,22.5,-0.116,22.5,-0.116,22.5,-0.116,18,0.106,18,0.106
30472,14.7,14.7,0,14.7,0,14.7,0,14.7,0,14.7,0,14.7,0,14.7,0,14.7,0,11.4,0.289,11.4,0.289
30473,21,21,0,21,0,21,0,21,0,21,0,16.9,0.243,21,0,20.1,0.0448,16,0.312,15.5,0.355
30474,21,21,0,21,0,21,0,21,0,21,0,16.9,0.243,20,0.05,19.7,0.066,16,0.312,15.5,0.355
30475,24.3,24.3,0,24.3,0,24.3,0,24.3,0,24.3,0,24.4,-0.0041,24.4,-0.0041,24.4,-0.0041,18.5,0.314,18,0.35
30476,23.5,23.5,0,23.5,0,23.5,0,23.5,0,23.5,0,23.5,0,23.5,0,23.5,0,19.5,0.205,19.5,0.205
30477,28.8,28.8,0,28.8,0,28.8,0,28.8,0,28.8,0,28.8,0,28.8,0,,,,,22.5,0.28
30478,,,,,,,,,,,,,,,,,,,,,
30479,39.5,39.5,0,39.5,0,39.5,0,39.5,0,39.5,0,39.5,0,39.5,0,39.5,0,22.5,0.756,19.5,1.03
30483,,,,,,,,,,,,,,,,,,,,,
30485,11,11,0,11,0,11,0,11,0,11,0,,,,,11,0,11,0,9.5,0.158
30486,59.9,59.9,0,59.9,0,59.9,0,59.9,0,59.9,0,88,-0.319,88,-0.319,88,-0.319,67.5,-0.113,62,-0.0339
30487,29,29,0,29,0,29,0,29,0,29,0,29,0,29,0,29,0,25,0.16,20.5,0.415
30488,,,,,,,,,,,,,,,,,,,,,
30490,,,,,,,,,,,,,,,,,,,,,
30493,81.5,81.5,0,81.5,0,81.5,0,81.5,0,81.5,0,81.5,0,81.5,0,81,0.00617,81,0.00617,81,0.00617
30496,,,,,,,,,,,,,,,,,,,,,
30497,,,,,,,,,,,,,,,,,,,,,
30503,31,31,0,31,0,31,0,31,0,31,0,31,0,31,0,25.5,0.216,24,0.292,22,0.409
30504,39.5,39.5,0,39.5,0,39.5,0,39.5,0,39.5,0,39.5,0,39.5,0,25.5,0.549,24,0.646,,
30505,39.5,39.5,0,39.5,0,39.5,0,39.5,0,39.5,0,39.5,0,39.5,0,25.5,0.549,24,0.646,22,0.795
30518,20,20,0,20,0,20,0,20,0,20,0,20,0,20,0,,,,,,
30519,12,12,0,12,0,12,0,12,0,12,0,12,0,11,0.0909,11,0.0909,11,0.0909,10,0.2
30520,12,12,0,12,0,12,0,12,0,12,0,12,0,11,0.0909,11,0.0909,11,0.0909,10,0.2
30521,13.8,13.8,0,13.8,0,13.8,0,13.8,0,13.8,0,,,,,12.5,0.104,12.5,0.104,12.5,0.104
30524,,,,,,,,,,,,,,,,,,,,,
30531,13,13,0,13,0,13,0,13,0,13,0,13,0,13,0,13,0,13,0,13,0
30532,,,,,,,,,,,,,,,,,,,,,
30533,38.9,38.9,0,38.9,0,38.9,0,38.9,0,38.9,0,38.9,0,38.9,0,38.9,0,38.9,0,38.9,0
30534,39,39,0,39,0,39,0,39,0,39,0,39,0,39,0,39,0,39,0,39,0
30536,10,10,0,10,0,10,0,10,0,10,0,10,0,,,,,,,,
30539,,,,,,,,,,,,,,,,,,,,,
30542,,,,,,,,,,,,,,,,,,,,,
30543,,,,,,,,,,,,,,,,,,,,,
30548,,,,,,,,,,,,,,,,,,,,,
30549,,,,,,,,,,,,,,,,,,,,,
30550,,,,,,,,,,,,,,,,,,,,,
30551,,,,,,,,,,,,,,,,,,,,,
30552,,,,,,,,,,,,,,,,,,,,,
30556,,,,,,,,,,,,,,,,,,,,,
30557,,,,,,,,,,,,,,,,,,,,,
30558,,,,,,,,,,,,,,,,,,,,,
30560,,,,,,,,,,,,,,,,,,,,,
30562,7.3,7.3,0,7.3,0,7.3,0,7.3,0,7.3,0,7.3,0,7.3,0,7.3,0,7.3,0,7.3,0
30563,7.3,7.3,0,7.3,0,7.3,0,7.3,0,7.3,0,7.3,0,7.3,0,7.3,0,7.3,0,7.3,0
30564,7.3,7.3,0,7.3,0,7.3,0,7.3,0,7.3,0,7.3,0,7.3,0,7.3,0,7.3,0,7.3,0
30565,11,11,0,11,0,11,0,11,0,11,0,11,0,,,9,0.222,9,0.222,9,0.222
30569,18.5,18.5,0,18.5,0,18.5,0,18.5,0,18.5,0,,,,,,,,,,
30571,,,,,,,,,,,,,,,,,,,,,
30574,,,,,,,,,,,,,,,,,,,,,
30575,,,,,,,,,,,,,,,,,,,,,
30576,,,,,,,,,,,,,,,,,,,,,
30579,,,,,,,,,,,,,,,,,,,,,
30581,,,,,,,,,,,,,,,,,,,,,
30582,,,,,,,,,,,,,,,,,,,,,
30583,,,,,,,,,,,,,,,,,,,,,
30584,155,155,0,155,0,155,0,155,0,155,0,150,0.0334,178,-0.127,182,-0.149,165,-0.0612,165,-0.0612
30585,,,,,,,,,,,,,,,,,,,,,
30588,,,,,,,,,,,,,,,,,,,,,
30593,115,115,0,115,0,115,0,115,0,115,0,,,115,0,,,,,,
30597,108,108,0,108,0,108,0,108,0,108,0,108,0,108,0,93,0.156,82,0.311,63,0.706
30598,52.5,52.5,0,52.5,0,52.5,0,52.5,0,52.5,0,52.5,0,50,0.05,50,0.05,46,0.141,46,0.141
30599,,,,,,,,,,,,,,,,,,,,,
30600,48.8,48.8,0,48.8,0,48.8,0,48.8,0,,,48.8,0,48.8,0,,,,,,
30601,,,,,,,,,,,,,,,,,,,,,
30602,189,189,0,189,0,189,0,189,0,189,0,189,0,189,0,,,,,75.5,1.5
30609,,,,,,,,,,,,,,,,,,,,,
30610,8.8,8.8,0,8.8,0,8.8,0,8.8,0,8.8,0,8.8,0,8.8,0,8.8,0,7,0.257,7,0.257
30613,,,,,,,,,,,,,,,,,,,,,
30614,36,36,0,36,0,36,0,36,0,36,0,36,0,36,0,36,0,29,0.241,19,0.895
30615,,,,,,,,,,,,,,,,,,,,,
30616,29.5,29.5,0,29.5,0,29.5,0,29.5,0,29.5,0,29.5,0,29.5,0,29.5,0,23.5,0.255,19,0.553
30617,18.5,18.5,0,18.5,0,18.5,0,18.5,0,18.5,0,18.5,0,18.5,0,18.5,0,18.5,0,18.5,0
30618,18.5,18.5,0,18.5,0,18.5,0,18.5,0,18.5,0,18.5,0,18.5,0,18.5,0,18.5,0,18.5,0
30620,14.5,14.5,0,14.5,0,14.5,0,14.5,0,16,-0.0938,16,-0.0938,16,-0.0938,16,-0.0938,16,-0.0938,16,-0.0938
30621,14.5,14.5,0,14.5,0,14.5,0,14.5,0,16,-0.0938,16,-0.0938,16,-0.0938,16,-0.0938,16,-0.0938,16,-0.0938
30622,14.5,14.5,0,14.5,0,14.5,0,14.5,0,16,-0.0938,16,-0.0938,16,-0.0938,16,-0.0938,16,-0.0938,16,-0.0938
30623,14.5,14.5,0,14.5,0,14.5,0,14.5,0,16,-0.0938,16,-0.0938,16,-0.0938,16,-0.0938,16,-0.0938,16,-0.0938
30624,,,,,,,,,,,,,,,,,,,,,
30626,42,42,0,42,0,42,0,42,0,42,0,42,0,42,0,,,32,0.312,32,0.312
30627,,,,,,,,,,,,,,,,,,,,,
30628,12.9,12.9,0,12.9,0,12.9,0,12.9,0,12.9,0,12.9,0,12.9,0,,,,,9.5,0.358
30633,,,,,,,,,,,,,,,,,,,,,
30638,142,142,0,142,0,142,0,142,0,142,0,142,0,142,0,142,0,98,0.454,95,0.5
30641,,,,,,,,,,,,,,,,,,,,,
30642,,,,,,,,,,,,,,,,,,,,,
30643,23.5,23.5,0,23.5,0,23.5,0,23.5,0,23.5,0,23.5,0,23.5,0,,,,,,
30644,27.5,27.5,0,27.5,0,27.5,0,27.5,0,27.5,0,,,,,,,,,,
30645,27,27,0,27,0,27,0,27,0,27,0,27,0,27,0,,,,,,
30647,11,11,0,11,0,11,0,11,0,11,0,11,0,10.5,0.0476,10.5,0.0476,11,0,11,0
30648,11,11,0,11,0,11,0,11,0,11,0,11,0,10.5,0.0476,10.5,0.0476,11,0,11,0
30652,12.9,12.9,0,12.9,0,12.9,0,,,12.9,0,12.9,0,12.9,0,,,,,,
30653,12.9,12.9,0,12.9,0,12.9,0,12.9,0,12.9,0,12.9,0,12.9,0,,,10,0.29,9.5,0.358
30654,59.5,59.5,0,59.5,0,59.5,0,59.5,0,59.5,0,59.5,0,59.5,0,43.5,0.368,43.5,0.368,43.5,0.368
30655,,,,,,,,,,,,,,,,,,,,,
30656,45.5,45.5,0,45.5,0,45.5,0,45.5,0,45.5,0,45.5,0,45.5,0,41,0.11,41,0.11,41,0.11
30657,71.5,71.5,0,71.5,0,71.5,0,71.5,0,71.5,0,71.5,0,71.5,0,64.5,0.109,64.5,0.109,64.5,0.109
30658,,,,,,,,,,,,,,,,,,,,,
30659,,,,,,,,,,,,,,,,,,,,,
30660,130,130,0,130,0,130,0,130,0,130,0,130,0,130,0,130,0,130,0,109,0.193
30661,130,130,0,130,0,130,0,130,0,130,0,130,0,130,0,130,0,130,0,109,0.193
30662,,,,,,,,,,,,,,,,,,,,,
30663,,,,,,,,,,,,,,,,,,,,,
30664,,,,,,,,,,,,,,,,,,,,,
30665,,,,,,,,,,,,,,,,,,,,,
30666,,,,,,,,,,,,,,,,,,,,,
30667,,,,,,,,,,,,,,,,,,,,,
30670,,,,,,,,,,,,,,,,,,,,,
30671,187,187,0,187,0,187,0,187,0,187,0,,,,,187,0,156,0.199,156,0.199
30676,4.5,4.5,0,4.5,0,4.5,0,4.5,0,5,-0.1,5,-0.1,5,-0.1,5,-0.1,5,-0.1,5,-0.1
30677,4.5,4.5,0,4.5,0,4.5,0,4.5,0,5,-0.1,5,-0.1,5,-0.1,5,-0.1,5,-0.1,5,-0.1
30680,,,,,,,,,,,,,,,,,,,,,
30699,264,264,0,264,0,264,0,264,0,264,0,264,0,264,0,262,0.00571,229,0.153,229,0.153
30701,,,,,,,,,,,,,,,,,,,,,
30708,,,,,,,,,,,,,,,,,,,,,
30710,,,,,,,,,,,,,,,,,,,,,
30711,,,,,,,,,,,,,,,,,,,,,
30712,,,,,,,,,,,,,,,,,,,,,
30713,,,,,,,,,,,,,,,,,,,,,
30714,,,,,,,,,,,,,,,,,,,,,
30717,,,,,,,,,,,,,,,,,,,,,
30718,,,,,,,,,,,,,,,,,,,,,
30725,44.5,44.5,0,44.5,0,44.5,0,44.5,0,44.5,0,37.9,0.174,44.5,0,44.5,0,36,0.236,34,0.309
30726,9.5,9.5,0,9.5,0,9.5,0,9.5,0,9.5,0,7.9,0.203,9.5,0,9.5,0,8.5,0.118,7.2,0.319
30728,,,,,,,,,,,,,,,,,,,,,
30732,,,,,,,,,,,,,,,,,,,,,
30733,,,,,,,,,,,,,,,,,,,,,
30734,,,,,,,,,,,,,,,,,,,,,
30735,66.9,66.9,0,66.9,0,66.9,0,66.9,0,66.9,0,66.9,0,,,,,,,,
30736,99,99,0,99,0,99,0,99,0,99,0,99,0,,,,,,,,
30738,41,41,0,41,0,41,0,41,0,41,0,41,0,41,0,41,0,,,,
30739,36.5,36.5,0,36.5,0,36.5,0,36.5,0,36.5,0,41,-0.11,41,-0.11,41,-0.11,,,,
30741,,,,,,,,,,,,,,,,,,,,,
30742,140,140,0,140,0,140,0,140,0,140,0,140,0,140,0,119,0.176,119,0.176,106,0.321
30743,18,18,0,18,0,18,0,18,0,18,0,18,0,18,0,18,0,15,0.2,13.5,0.333
30744,17,17,0,17,0,17,0,17,0,17,0,17,0,18,-0.0556,18,-0.0556,15,0.133,13.5,0.259
30745,35,35,0,35,0,35,0,35,0,35,0,35,0,35,0,35,0,,,,
30746,43.5,43.5,0,43.5,0,43.5,0,43.5,0,43.5,0,43.5,0,43.5,0,43.5,0,,,,
30747,62.5,62.5,0,62.5,0,62.5,0,62.5,0,62.5,0,62.5,0,62.5,0,62.5,0,,,,
30751,,,,,,,,,,,,,,,,,,,,,
30753,,,,,,,,,,,,,,,,,,,,,
30754,,,,,,,,,,,,,,,,,,,,,
30755,10,10,0,10,0,10,0,10,0,10,0,8.5,0.176,10,0,10,0,8,0.25,,
30756,44.5,44.5,0,44.5,0,44.5,0,44.5,0,44.5,0,44.5,0,44.5,0,33.5,0.328,33.5,0.328,33.5,0.328
30757,,,,,,,,,,,,,,,,,,,,,
30758,23,23,0,23,0,23,0,23,0,23,0,23,0,23,0,23,0,,,23,0
30759,23,23,0,23,0,23,0,23,0,23,0,23,0,23,0,23,0,,,23,0
30760,23,23,0,23,0,23,0,23,0,23,0,23,0,23,0,23,0,23,0,23,0
30761,,,,,,,,,,,,,,,,,,,,,
30763,24,24,0,24,0,24,0,24,0,24,0,24,0,24,0,24,0,,,,
30770,,,,,,,,,,,,,,,,,,,,,
30771,140,140,0,140,0,140,0,140,0,140,0,140,0,140,0,119,0.176,119,0.176,,
30772,,,,,,,,,,,,,,,,,,,,,
30774,,,,,,,,,,,,,,,,,,,,,
30775,,,,,,,,,,,,,,,,,,,,,
30776,,,,,,,,,,,,,,,,,,,,,
30777,,,,,,,,,,,,,,,,,,,,,
30780,,,,,,,,,,,,,,,,,,,,,
30781,,,,,,,,,,,,,,,,,,,,,
30784,142,142,0,142,0,142,0,142,0,142,0,142,0,142,0,142,0,96,0.484,80,0.781
30788,,,,,,,,,,,,,,,,,,,,,
30789,5.5,5.5,0,5.5,0,5.5,0,5.5,0,5.5,0,6.7,-0.179,6.7,-0.179,6.7,-0.179,3.5,0.571,3.8,0.447
30790,5.5,5.5,0,5.5,0,5.5,0,5.5,0,5.5,0,6.7,-0.179,6.7,-0.179,6.7,-0.179,3.5,0.571,3.8,0.447
30795,,,,,,,,,,,,,,,,,,,,,
30796,,,,,,,,,,,,,,,,,,,,,
30798,,,,,,,,,,,,,,,,,,,,,
30799,,,,,,,,,,,,,,,,,,,,,
30800,,,,,,,,,,,,,,,,,,,,,
30801,44.9,44.9,0,44.9,0,44.9,0,44.9,0,52.5,-0.145,52.5,-0.145,52.5,-0.145,52.5,-0.145,,,,
30802,,,,,,,,,,,,,,,,,,,,,
30803,,,,,,,,,,,,,,,,,,,,,
30805,6.9,6.9,0,6.9,0,6.9,0,6.9,0,6.9,0,9,-0.233,9,-0.233,9,-0.233,9,-0.233,6.5,0.0615
30807,,,,,,,,,,,,,,,,,,,,,
30818,,,,,,,,,,,,,,,,,,,,,
30819,18,18,0,18,0,18,0,18,0,18,0,18,0,,,,,15,0.2,,
30822,,,,,,,,,,,,,,,,,,,,,
30823,,,,,,,,,,,,,,,,,,,,,
30825,8,8,0,8,0,8,0,8,0,8,0,8,0,8,0,,,8,0,,
30829,,,,,,,,,,,,,,,,,,,,,
30830,5,5,0,5,0,5,0,5,0,5,0,5,0,5,0,5,0,4,0.25,4,0.25
30831,,,,,,,,,,,,,,,,,,,,,
30835,58,58,0,58,0,58,0,58,0,58,0,58,0,58,0,51.5,0.126,,,,
30837,2.7,2.7,0,2.7,0,2.7,0,2.7,0,2.7,0,2.7,0,2.7,0,2.7,0,2.3,0.174,2.3,0.174
30838,2.7,2.7,0,2.7,0,2.7,0,2.7,0,2.7,0,2.7,0,2.7,0,2.7,0,2.3,0.174,2.3,0.174
30840,36,36,0,36,0,36,0,36,0,36,0,36,0,36,0,36,0,32,0.125,30,0.2
30841,,,,,,,,,,,,,,,,,,,,,
30848,,,,,,,,,,,,,,,,,,,,,
30849,,,,,,,,,,,,,,,,,,,,,
30852,,,,,,,,,,,,,,,,,,,,,
30853,,,,,,,,,,,,,,,,,,,,,
30854,11,11,0,11,0,11,0,11,0,11,0,11,0,11,0,11,0,11,0,,
30855,99,99,0,99,0,99,0,,,,,,,,,69,0.435,69,0.435,69,0.435
30856,,,,,,,,,,,,,,,,,,,,,
30857,,,,,,,,,,,,,,,,,,,,,
30858,11.7,11.7,0,11.7,0,11.7,0,11.7,0,11.7,0,11.7,0,11.7,0,11.7,0,10,0.17,8.5,0.376
30859,,,,,,,,,,,,,,,,,,,,,
30861,,,,,,,,,,,,,,,,,,,,,
30863,26.5,26.5,0,26.5,0,26.5,0,26.5,0,26.5,0,,,,,,,23.9,0.109,23.9,0.109
30865,62,62,0,62,0,62,0,62,0,62,0,62,0,62,0,62,0,45,0.378,42,0.476
30866,76,76,0,76,0,76,0,76,0,76,0,76,0,76,0,74,0.027,59.5,0.277,54,0.407
30867,69.9,69.9,0,69.9,0,69.9,0,69.9,0,69.9,0,,,,,,,57.9,0.207,57.9,0.207
30868,,,,,,,,,,,,,,,,,,,,,
30869,,,,,,,,,,,,,,,,,,,,,
30871,35,35,0,35,0,35,0,35,0,35,0,35,0,35,0,35,0,31.5,0.111,31.5,0.111
30872,,,,,,,,,,,,,,,,,,,,,
30873,21.5,21.5,0,21.5,0,21.5,0,21.5,0,21.5,0,,,,,,,,,18.5,0.162
30874,24,24,0,24,0,24,0,24,0,24,0,,,,,,,22,0.0909,22,0.0909
30875,34.9,34.9,0,34.9,0,34.9,0,34.9,0,34.9,0,34.9,0,34.9,0,39.9,-0.125,29,0.203,27.9,0.251
30877,18.5,18.5,0,18.5,0,18.5,0,18.5,0,18.5,0,19.8,-0.0657,19.8,-0.0657,19.8,-0.0657,12.8,0.445,12.8,0.445
30878,18.5,18.5,0,18.5,0,18.5,0,18.5,0,18.5,0,19.8,-0.0657,19.8,-0.0657,19.8,-0.0657,12.5,0.48,12.5,0.48
30879,18.9,18.9,0,18.9,0,18.9,0,18.9,0,18.9,0,21,-0.1,21,-0.1,21,-0.1,12.9,0.465,12.9,0.465
30881,18.9,18.9,0,18.9,0,18.9,0,18.9,0,18.9,0,21,-0.1,21,-0.1,21,-0.1,12.9,0.465,12.9,0.465
30882,18.9,18.9,0,18.9,0,18.9,0,18.9,0,18.9,0,,,,,21,-0.1,12.9,0.465,12.9,0.465
30883,,,,,,,,,,,,,,,,,,,,,
30884,,,,,,,,,,,,,,,,,,,,,
30888,23,23,0,23,0,23,0,,,23,0,25.5,-0.098,25.5,-0.098,25.5,-0.098,,,16.5,0.394
30889,,,,,,,,,,,,,,,,,,,,,
30890,18.5,18.5,0,18.5,0,18.5,0,18.5,0,18.5,0,19.5,-0.0513,19.5,-0.0513,19.5,-0.0513,12.5,0.48,12.5,0.48
30891,18.5,18.5,0,18.5,0,18.5,0,18.5,0,18.5,0,19.5,-0.0513,19.5,-0.0513,19.5,-0.0513,12.5,0.48,12.5,0.48
30892,39.9,39.9,0,39.9,0,39.9,0,39.9,0,39.9,0,43.5,-0.0828,43.5,-0.0828,43.5,-0.0828,29.8,0.339,29.8,0.339
30893,,,,,,,,,,,,,,,,,,,,,
30895,6.5,6.5,0,6.5,0,6.5,0,6.5,0,6.5,0,6.5,0,6.5,0,6.5,0,6.5,0,,
30896,12,12,0,12,0,12,0,12,0,,,,,,,,,,,,
30897,14.5,14.5,0,14.5,0,14.5,0,14.5,0,14.5,0,17.5,-0.171,19.5,-0.256,22,-0.341,15,-0.0333,13.5,0.0741
30898,7.5,7.5,0,7.5,0,7.5,0,7.5,0,7.5,0,10,-0.25,10,-0.25,10.8,-0.306,7.5,0,7,0.0714
30907,,,,,,,,,,,,,,,,,,,,,
30909,,,,,,,,,,,,,,,,,,,,,
30911,,,,,,,,,,,,,,,,,,,,,
30912,,,,,,,,,,,,,,,,,,,,,
30913,,,,,,,,,,,,,,,,,,,,,
30914,17,17,0,,,,,,,17,0,,,,,,,,,,
30916,,,,,,,,,,,,,,,,,,,,,
30917,12,12,0,12,0,12,0,12,0,12,0,9.8,0.224,9.8,0.224,9.8,0.224,7.5,0.6,7,0.714
30918,21.5,21.5,0,21.5,0,21.5,0,21.5,0,21.5,0,21.5,0,,,21.5,0,20,0.075,15,0.433
30919,21.5,21.5,0,21.5,0,21.5,0,21.5,0,21.5,0,21.5,0,21.5,0,21.5,0,20,0.075,15,0.433
30920,,,,,,,,,,,,,,,,,,,,,
30921,,,,,,,,,,,,,,,,,,,,,
30922,8,8,0,8,0,8,0,8,0,8,0,8,0,8,0,,,,,,
30925,,,,,,,,,,,,,,,,,,,,,
30926,,,,,,,,,,,,,,,,,,,,,
30929,26.4,26.4,0,26.4,0,26.4,0,26.4,0,26.4,0,26.4,0,26.4,0,26.4,0,17.5,0.509,17.5,0.509
30930,22.5,22.5,0,22.5,0,22.5,0,22.5,0,22.5,0,22.5,0,27.4,-0.179,27.4,-0.179,18,0.25,12.5,0.8
30931,,,,,,,,,,,,,,,,,,,,,
30933,12.5,12.5,0,12.5,0,12.5,0,12.5,0,12.5,0,12.5,0,13.2,-0.053,13.2,-0.053,8.5,0.471,7.7,0.623
30934,,,,,,,,,,,,,,,,,,,,,
30935,99,99,0,99,0,99,0,99,0,99,0,99,0,99,0,96,0.0312,96,0.0312,96,0.0312
30941,10.5,10.5,0,10.5,0,10.5,0,10.5,0,10.5,0,12.9,-0.186,12.9,-0.186,10.5,0,10.5,0,9.9,0.0606
30942,,,,,,,,,,,,,,,,,,,,,
30945,11.7,11.7,0,11.7,0,11.7,0,11.7,0,11.7,0,11.7,0,11.7,0,11.7,0,10,0.17,10,0.17
30946,11.7,11.7,0,11.7,0,11.7,0,11.7,0,11.7,0,11.7,0,11.7,0,11.7,0,10,0.17,10,0.17
30947,6.7,6.7,0,6.7,0,6.7,0,6.7,0,6.7,0,6.7,0,6.7,0,6.7,0,6,0.117,6,0.117
30948,6.7,6.7,0,6.7,0,6.7,0,6.7,0,6.7,0,6.7,0,6.7,0,6.7,0,6,0.117,5.5,0.218
30949,73.5,73.5,0,73.5,0,73.5,0,73.5,0,73.5,0,,,,,,,,,69.9,0.0515
30950,24.5,24.5,0,24.5,0,24.5,0,24.5,0,24.5,0,,,,,,,,,,
30951,,,,,,,,,,,,,,,,,,,,,
30952,10,10,0,10,0,10,0,10,0,10,0,10,0,10,0,10,0,8.5,0.176,,
30953,10,10,0,10,0,10,0,10,0,10,0,10,0,10,0,10,0,,,,
30957,58,58,0,58,0,58,0,58,0,58,0,,,,,42.5,0.365,,,,
30961,,,,,,,,,,,,,,,,,,,,,
30962,97,97,0,97,0,97,0,97,0,97,0,97,0,97,0,97,0,79.9,0.214,73,0.329
30965,47.5,47.5,0,47.5,0,47.5,0,47.5,0,47.5,0,47.5,0,47.5,0,47.5,0,33.5,0.418,,
30966,11.9,11.9,0,11.9,0,11.9,0,11.9,0,11.9,0,14.5,-0.179,14.5,-0.179,14,-0.15,12.5,-0.048,9.5,0.253
30968,,,,,,,,,,,,,,,,,,,,,
30969,20.5,20.5,0,20.5,0,20.5,0,20.5,0,20.5,0,20.5,0,20.5,0,20.5,0,16,0.281,,
30970,26,26,0,26,0,26,0,26,0,26,0,26,0,26,0,26,0,23,0.13,,
30996,17,17,0,17,0,17,0,17,0,17,0,17,0,17,0,17,0,15,0.133,,
30997,,,,,,,,,,,,,,,,,,,,,
30998,31,31,0,31,0,31,0,31,0,31,0,31,0,31,0,31,0,27.5,0.127,,
31002,,,,,,,,,,,,,,,,,,,,,
31007,4.5,4.5,0,4.5,0,4.5,0,4.5,0,4.5,0,4.5,0,4.5,0,4.2,0.0714,2.7,0.667,2.7,0.667
31008,,,,,,,,,,,,,,,,,,,,,
31013,83,83,0,83,0,83,0,83,0,83,0,83,0,83,0,83,0,75,0.107,75,0.107
31014,83,83,0,83,0,83,0,83,0,83,0,83,0,83,0,83,0,75,0.107,75,0.107
31027,53.5,53.5,0,53.5,0,53.5,0,53.5,0,53.5,0,53.5,0,53.5,0,,,34.5,0.551,34.5,0.551
31028,7.5,7.5,0,7.5,0,7.5,0,7.5,0,7.5,0,7.5,0,7.5,0,7.5,0,5,0.5,5.7,0.316
31029,10.5,10.5,0,10.5,0,10.5,0,10.5,0,10.5,0,10.5,0,12.5,-0.16,12.5,-0.16,8,0.312,7.9,0.329
31030,61,61,0,61,0,61,0,61,0,61,0,61,0,61,0,61,0,45,0.356,42,0.452
31031,42,42,0,42,0,42,0,42,0,42,0,42,0,42,0,42,0,35,0.2,32,0.312
31032,26,26,0,26,0,26,0,26,0,26,0,26,0,26,0,26,0,21.5,0.209,20,0.3
31035,,,,,,,,,,,,,,,,,,,,,
31037,20,20,0,20,0,20,0,20,0,,,,,,,,,,,,
31039,20,20,0,20,0,20,0,20,0,,,,,,,,,,,,
31043,12,12,0,12,0,12,0,12,0,12,0,12,0,12,0,12,0,12,0,10,0.2
31045,17.5,17.5,0,17.5,0,17.5,0,17.5,0,17.5,0,17.5,0,17.5,0,17.5,0,17.5,0,16,0.0938
31046,28,28,0,28,0,28,0,28,0,28,0,28,0,28,0,28,0,28,0,25.5,0.098
31047,29,29,0,29,0,29,0,29,0,29,0,29,0,29,0,29,0,29,0,26,0.115
31048,59.5,59.5,0,59.5,0,59.5,0,59.5,0,59.5,0,59.5,0,59.5,0,59.5,0,59.5,0,55,0.0818
31049,26,26,0,26,0,26,0,26,0,26,0,26,0,32,-0.188,32,-0.188,22.5,0.156,17,0.529
31050,,,,,,,,,,,,,,,,,,,,,
31052,,,,,,,,,,,,,,,,,,,,,
31053,64.5,64.5,0,64.5,0,64.5,0,64.5,0,64.5,0,64.5,0,64.5,0,,,,,,
31064,209,209,0,209,0,209,0,209,0,209,0,209,0,209,0,209,0,150,0.393,146,0.436
31065,162,162,0,162,0,162,0,162,0,162,0,162,0,162,0,162,0,,,88.5,0.831
31067,108,108,0,108,0,108,0,108,0,108,0,108,0,108,0,108,0,108,0,104,0.0335
31075,209,209,0,209,0,209,0,209,0,209,0,209,0,209,0,209,0,150,0.393,115,0.817
31077,17.5,17.5,0,17.5,0,17.5,0,17.5,0,17.5,0,,,,,13.7,0.277,,,,
31095,22.5,22.5,0,22.5,0,22.5,0,22.5,0,,,22.5,0,22.5,0,,,22.5,0,22.5,0
31100,,,,,,,,,,,,,,,,,,,,,
31101,,,,,,,,,,,,,,,,,,,,,
31102,,,,,,,,,,,,,,,,,,,,,
31109,24,24,0,24,0,24,0,24,0,,,,,,,,,,,,
31110,,,,,,,,,,,,,,,,,,,,,
31112,99,99,0,99,0,99,0,99,0,99,0,99,0,99,0,79,0.253,79,0.253,79,0.253
31113,,,,,,,,,,,,,,,,,,,,,
31114,,,,,,,,,,,,,,,,,,,,,
31120,11.9,11.9,0,11.9,0,11.9,0,11.9,0,11.9,0,14.7,-0.19,14.7,-0.19,,,11.4,0.0439,11.5,0.0348
31121,42,42,0,42,0,42,0,42,0,42,0,42,0,,,42,0,38,0.105,38,0.105
31130,,,,,,,,,,,,,,,,,,,,,
31132,81,81,0,81,0,81,0,81,0,81,0,81,0,81,0,57,0.421,45,0.8,38.5,1.1
31133,,,,,,,,,,,,,,,,,,,,,
31134,,,,,,,,,,,,,,,,,,,,,
31141,,,,,,,,,,,,,,,,,,,,,
31142,,,,,,,,,,,,,,,,,,,,,
31143,28,28,0,28,0,28,0,28,0,28,0,28,0,28,0,30,-0.0667,25,0.12,25,0.12
31144,,,,,,,,,,,,,,,,,,,,,
31145,,,,,,,,,,,,,,,,,,,,,
31146,199,199,0,199,0,199,0,199,0,,,,,,,,,,,,
31152,12.3,12.3,0,12.3,0,12.3,0,12.3,0,12.3,0,12.3,0,12.3,0,12.3,0,9,0.367,8.7,0.414
31156,,,,,,,,,,,,,,,,,,,,,
31157,18.5,18.5,0,18.5,0,18.5,0,18.5,0,18.5,0,18.5,0,18.5,0,16.5,0.121,,,13.7,0.35
31158,34.5,34.5,0,34.5,0,34.5,0,34.5,0,34.5,0,34.5,0,34.5,0,30.5,0.131,24,0.438,22.5,0.533
31167,34.5,34.5,0,34.5,0,34.5,0,34.5,0,34.5,0,34.5,0,34.5,0,34.5,0,33.5,0.0299,33.5,0.0299
31168,36,36,0,36,0,36,0,36,0,36,0,36,0,36,0,36,0,35,0.0286,33.5,0.0746
31169,15,15,0,15,0,15,0,15,0,15,0,12.5,0.2,15,0,15,0,9.8,0.531,9.8,0.531
31170,243,243,0,243,0,243,0,243,0,,,,,,,,,,,,
31171,385,385,0,385,0,385,0,385,0,,,,,,,,,,,,
31174,163,163,0,163,0,163,0,163,0,163,0,163,0,163,0,163,0,118,0.376,118,0.376
31183,27,27,0,27,0,27,0,27,0,27,0,27,0,27,0,32.5,-0.169,,,,
31184,,,,,,,,,,,,,,,,,,,,,
31185,8.7,8.7,0,8.7,0,8.7,0,8.7,0,8.7,0,8.7,0,8.7,0,8.7,0,7.5,0.16,7.5,0.16
31197,,,,,,,,,,,,,,,,,,,,,
31200,9.9,9.9,0,9.9,0,9.9,0,9.9,0,,,,,9.9,0,,,8.2,0.207,,
31205,,,,,,,,,,,,,,,,,,,,,
31206,,,,,,,,,,,,,,,,,,,,,
31207,,,,,,,,,,,,,,,,,,,,,
31209,,,,,,,,,,,,,,,,,,,,,
31210,,,,,,,,,,,,,,,,,,,,,
31211,39,39,0,39,0,39,0,39,0,39,0,39,0,39,0,39,0,36.5,0.0685,36.5,0.0685
31218,120,120,0,120,0,120,0,120,0,120,0,120,0,120,0,120,0,88,0.364,88,0.364
31219,120,120,0,120,0,120,0,120,0,120,0,120,0,120,0,120,0,88,0.364,88,0.364
31222,40,40,0,40,0,40,0,40,0,40,0,40,0,40,0,40,0,40,0,,
31223,,,,,,,,,,,,,,,,,,,,,
31226,40,40,0,40,0,40,0,40,0,40,0,,,,,40,0,40,0,,
31227,40,40,0,40,0,40,0,40,0,40,0,40,0,40,0,40,0,40,0,35.5,0.127
31228,,,,,,,,,,,,,,,,,,,,,
31231,20,20,0,20,0,20,0,20,0,20,0,,,20,0,20,0,17.5,0.143,17.5,0.143
31233,48.5,48.5,0,48.5,0,48.5,0,48.5,0,,,,,,,,,,,,
31235,4.7,4.7,0,4.7,0,4.7,0,4.7,0,4.7,0,4.7,0,4.7,0,4.7,0,4.7,0,4.7,0
31236,4.7,4.7,0,4.7,0,4.7,0,4.7,0,4.7,0,4.7,0,4.7,0,4.7,0,4.7,0,4.7,0
31241,,,,,,,,,,,,,,,,,,,,,
31251,,,,,,,,,,,,,,,,,,,,,
31252,,,,,,,,,,,,,,,,,,,,,
31253,,,,,,,,,,,,,,,,,,,,,
31254,,,,,,,,,,,,,,,,,,,,,
31255,,,,,,,,,,,,,,,,,,,,,
31257,,,,,,,,,,,,,,,,,,,,,
31258,,,,,,,,,,,,,,,,,,,,,
31261,20,20,0,20,0,20,0,20,0,20,0,20,0,20,0,20,0,15,0.333,15,0.333
31262,20,20,0,20,0,20,0,20,0,20,0,20,0,,,20,0,15,0.333,15,0.333
31263,112,112,0,112,0,112,0,112,0,112,0,112,0,97.5,0.149,97.5,0.149,87,0.287,63.9,0.753
31264,112,112,0,112,0,112,0,112,0,112,0,112,0,87.5,0.28,87.5,0.28,77,0.455,63.9,0.753
31265,112,112,0,112,0,112,0,112,0,112,0,112,0,97.5,0.149,97.5,0.149,87,0.287,63.9,0.753
31266,,,,,,,,,,,,,,,,,,,,,
31268,31,31,0,31,0,31,0,31,0,,,,,,,,,27,0.148,27,0.148
31269,31,31,0,31,0,31,0,31,0,,,,,,,,,27,0.148,27,0.148
31272,,,,,,,,,,,,,,,,,,,,,
31276,,,,,,,,,,,,,,,,,,,,,
31277,,,,,,,,,,,,,,,,,,,,,
31278,,,,,,,,,,,,,,,,,,,,,
31280,,,,,,,,,,,,,,,,,,,,,
31281,,,,,,,,,,,,,,,,,,,,,
31282,,,,,,,,,,,,,,,,,,,,,
31285,,,,,,,,,,,,,,,,,,,,,
31289,,,,,,,,,,,,,,,,,,,,,
31293,4.5,4.5,0,4.5,0,4.5,0,4.5,0,4.5,0,4.5,0,,,,,,,,
31296,8,8,0,8,0,8,0,8,0,8,0,8,0,7.5,0.0667,7.5,0.0667,7.5,0.0667,7.5,0.0667
31308,98,98,0,98,0,98,0,98,0,98,0,98,0,98,0,90,0.0889,90,0.0889,92.5,0.0595
31312,56.3,56.3,0,56.3,0,56.3,0,56.3,0,56.3,0,56.3,0,,,,,,,,
31317,,,,,,,,,,,,,,,,,,,,,
31320,,,,,,,,,,,,,,,,,,,,,
31323,,,,,,,,,,,,,,,,,,,,,
31334,,,,,,,,,,,,,,,,,,,,,
31338,8,8,0,8,0,8,0,8,0,8,0,8,0,8,0,8,0,8,0,8,0
31339,7,7,0,7,0,7,0,7,0,7,0,7,0,7,0,7,0,5,0.4,5,0.4
31340,6,6,0,6,0,6,0,6,0,6,0,6,0,6,0,7,-0.143,5,0.2,5,0.2
31341,,,,,,,,,,,,,,,,,,,,,
31342,,,,,,,,,,,,,,,,,,,,,
31343,,,,,,,,,,,,,,,,,,,,,
31344,24,24,0,24,0,24,0,24,0,24,0,24,0,24,0,18.5,0.297,18.5,0.297,,
31345,33,33,0,33,0,33,0,33,0,33,0,33,0,33,0,26.5,0.245,26.5,0.245,26.5,0.245
31346,,,,,,,,,,,,,,,,,,,,,
31351,42.5,42.5,0,42.5,0,42.5,0,42.5,0,42.5,0,42.5,0,42.5,0,,,39.5,0.0759,,
31353,,,,,,,,,,,,,,,,,,,,,
31359,22.5,22.5,0,22.5,0,22.5,0,22.5,0,22.5,0,22.5,0,22.5,0,20,0.125,20,0.125,18.8,0.197
31360,22.5,22.5,0,22.5,0,22.5,0,22.5,0,22.5,0,22.5,0,22.5,0,20,0.125,20,0.125,18.8,0.197
31361,18.5,18.5,0,18.5,0,18.5,0,18.5,0,18.5,0,18.5,0,18.5,0,16,0.156,16,0.156,15,0.233
31362,17.5,17.5,0,17.5,0,17.5,0,17.5,0,17.5,0,17.5,0,17.5,0,15,0.167,15,0.167,13.5,0.296
31363,32.5,32.5,0,32.5,0,32.5,0,32.5,0,32.5,0,32.5,0,32.5,0,30,0.0833,30,0.0833,28.5,0.14
31364,32.5,32.5,0,32.5,0,32.5,0,32.5,0,,,32.5,0,32.5,0,30,0.0833,30,0.0833,28.5,0.14
31365,26.5,26.5,0,26.5,0,26.5,0,26.5,0,26.5,0,26.5,0,26.5,0,26.5,0,18,0.472,16.9,0.568
31370,56,56,0,56,0,56,0,56,0,,,,,,,,,,,,
31373,,,,,,,,,,,,,,,,,,,,,
31376,,,,,,,,,,,,,,,,,,,,,
31379,,,,,,,,,,,,,,,,,,,,,
31380,,,,,,,,,,,,,,,,,,,,,
31381,,,,,,,,,,,,,,,,,,,,,
31384,,,,,,,,,,,,,,,,,,,,,
31385,,,,,,,,,,,,,,,,,,,,,
31386,,,,,,,,,,,,,,,,,,,,,
31387,,,,,,,,,,,,,,,,,,,,,
31390,52.5,52.5,0,52.5,0,52.5,0,52.5,0,52.5,0,52.5,0,52.5,0,52.5,0,47.5,0.105,45,0.167
31391,33.5,33.5,0,33.5,0,33.5,0,33.5,0,33.5,0,33.5,0,33.5,0,29.5,0.136,22.5,0.489,22.5,0.489
31392,,,,,,,,,,,,,,,,,,,,,
31393,12.5,12.5,0,12.5,0,12.5,0,12.5,0,12.5,0,12.5,0,12.5,0,12.5,0,12.5,0,12.5,0
31395,19.9,19.9,0,19.9,0,19.9,0,19.9,0,19.9,0,19.9,0,19.9,0,19.9,0,19.5,0.0205,18,0.106
31398,,,,,,,,,,,,,,,,,,,,,
31399,,,,,,,,,,,,,,,,,,,,,
31404,,,,,,,,,,,,,,,,,,,,,
31406,,,,,,,,,,,,,,,,,,,,,
31408,,,,,,,,,,,,,,,,,,,,,
31409,,,,,,,,,,,,,,,,,,,,,
31410,,,,,,,,,,,,,,,,,,,,,
31413,12.2,12.2,0,12.2,0,12.2,0,12.2,0,12.2,0,12.2,0,12.2,0,,,,,11,0.109
31416,399,399,0,399,0,399,0,399,0,399,0,399,0,399,0,399,0,299,0.334,235,0.698
31420,,,,,,,,,,,,,,,,,,,,,
31422,10.3,10.3,0,10.3,0,10.3,0,10.3,0,10.3,0,10.3,0,10.3,0,9.2,0.12,9.2,0.12,9.2,0.12
31425,85,85,0,85,0,85,0,85,0,85,0,,,,,,,,,,
31426,,,,,,,,,,,,,,,,,,,,,
31427,18,18,0,18,0,18,0,18,0,18,0,,,,,18,0,,,,
31428,22,22,0,22,0,22,0,22,0,22,0,,,,,22,0,,,,
31429,15,15,0,15,0,15,0,15,0,15,0,,,,,15,0,15,0,15,0
31430,,,,,,,,,,,,,,,,,,,,,
31431,3.5,3.5,0,3.5,0,3.5,0,3.5,0,3.5,0,3.5,0,,,,,3.2,0.0938,3.2,0.0938
31432,3.5,3.5,0,3.5,0,3.5,0,3.5,0,3.5,0,3.5,0,3.5,0,3.5,0,3.5,0,3.5,0
31443,19.5,19.5,0,19.5,0,19.5,0,19.5,0,19.5,0,19.5,0,19.5,0,19.5,0,15.5,0.258,12,0.625
31444,19.5,19.5,0,19.5,0,19.5,0,19.5,0,19.5,0,19.5,0,19.5,0,19.5,0,15.5,0.258,15,0.3
31463,188,188,0,188,0,188,0,188,0,188,0,188,0,188,0,188,0,128,0.469,128,0.469
31464,21.5,21.5,0,21.5,0,21.5,0,21.5,0,21.5,0,21.5,0,21.5,0,21.5,0,21.5,0,21.5,0
31465,,,,,,,,,,,,,,,,,,,,,
31469,20,20,0,20,0,20,0,,,,,,,,,,,,,,
31472,28,28,0,28,0,28,0,28,0,28,0,28,0,28,0,,,25,0.12,25,0.12
31473,42,42,0,42,0,42,0,42,0,42,0,42,0,42,0,,,38,0.105,38,0.105
31474,6,6,0,6,0,6,0,6,0,,,,,6,0,,,,,5,0.2
31475,28,28,0,28,0,28,0,28,0,28,0,28,0,28,0,30,-0.0667,25,0.12,25,0.12
31476,42,42,0,42,0,42,0,42,0,42,0,42,0,42,0,42,0,38,0.105,38,0.105
31477,24,24,0,24,0,24,0,24,0,24,0,24,0,,,,,,,,
31478,24,24,0,24,0,24,0,24,0,24,0,24,0,,,,,,,,
31480,24,24,0,24,0,24,0,24,0,24,0,24,0,,,,,,,,
31487,32,32,0,32,0,,,,,,,32,0,32,0,32,0,23,0.391,23.4,0.368
31488,,,,,,,,,,,,,,,,,,,,,
31489,32,32,0,32,0,,,,,,,32,0,32,0,32,0,23.4,0.368,23.4,0.368
31490,,,,,,,,,,,,,,,,,,,,,
31491,,,,,,,,,,,,,,,,,,,,,
31493,,,,,,,,,,,,,,,,,,,,,
31495,24.5,24.5,0,24.5,0,24.5,0,24.5,0,24.5,0,24.5,0,24.5,0,24.5,0,24.5,0,18,0.361
31496,24.5,24.5,0,24.5,0,24.5,0,24.5,0,24.5,0,24.5,0,24.5,0,24.5,0,24.5,0,18,0.361
31499,,,,,,,,,,,,,,,,,,,,,
31501,,,,,,,,,,,,,,,,,,,,,
31505,,,,,,,,,,,,,,,,,,,,,
31506,,,,,,,,,,,,,,,,,,,,,
31507,187,187,0,187,0,187,0,187,0,187,0,187,0,187,0,187,0,162,0.151,162,0.151
31508,,,,,,,,,,,,,,,,,,,,,
31510,,,,,,,,,,,,,,,,,,,,,
31515,,,,,,,,,,,,,,,,,,,,,
31518,82.9,82.9,0,82.9,0,82.9,0,82.9,0,79,0.0494,79,0.0494,79,0.0494,72,0.151,72,0.151,86,-0.036
31519,,,,,,,,,,,,,,,,,,,,,
31520,,,,,,,,,,,,,,,,,,,,,
31521,,,,,,,,,,,,,,,,,,,,,
31522,,,,,,,,,,,,,,,,,,,,,
31528,,,,,,,,,,,,,,,,,,,,,
31529,,,,,,,,,,,,,,,,,,,,,
31531,,,,,,,,,,,,,,,,,,,,,
31532,,,,,,,,,,,,,,,,,,,,,
31533,,,,,,,,,,,,,,,,,,,,,
31536,12.8,12.8,0,12.8,0,12.8,0,12.8,0,12.8,0,12.8,0,12.8,0,12.8,0,,,,
31537,12.8,12.8,0,12.8,0,12.8,0,12.8,0,12.8,0,12.8,0,12.8,0,12.8,0,,,,
31538,33.5,33.5,0,33.5,0,33.5,0,33.5,0,33.5,0,36,-0.0694,36,-0.0694,36,-0.0694,33.5,0,27.5,0.218
31541,16.5,16.5,0,16.5,0,16.5,0,16.5,0,,,16.5,0,16.5,0,,,13.5,0.222,13.5,0.222
31543,16.5,16.5,0,,,,,16.5,0,,,16.5,0,16.5,0,13.5,0.222,13.5,0.222,13.5,0.222
31545,,,,,,,,,,,,,,,,,,,,,
31551,,,,,,,,,,,,,,,,,,,,,
31552,,,,,,,,,,,,,,,,,,,,,
31553,8,8,0,8,0,8,0,8,0,8,0,8,0,8,0,7.8,0.0256,6,0.333,6,0.333
31554,,,,,,,,,,,,,,,,,,,,,
31556,319,319,0,319,0,319,0,319,0,319,0,319,0,319,0,,,,,,
31558,9.8,9.8,0,9.8,0,9.8,0,9.8,0,9.8,0,9.8,0,9.8,0,9.8,0,8,0.225,7,0.4
31559,,,,,,,,,,,,,,,,,,,,,
31560,10,10,0,10,0,10,0,10,0,,,10,0,,,,,,,10,0
31561,10,10,0,10,0,10,0,10,0,10,0,10,0,10,0,10,0,10,0,10,0
31567,,,,,,,,,,,,,,,,,,,,,
31568,,,,,,,,,,,,,,,,,,,,,
31573,16,16,0,16,0,16,0,16,0,16,0,16,0,16,0,16,0,16,0,13,0.231
31576,,,,,,,,,,,,,,,,,,,,,
31578,10,10,0,10,0,10,0,10,0,10,0,10,0,10,0,10,0,10,0,10,0
31581,25.5,25.5,0,25.5,0,25.5,0,25.5,0,25.5,0,25.5,0,25.5,0,25.5,0,17.5,0.457,14.5,0.759
31582,25.5,25.5,0,25.5,0,25.5,0,25.5,0,25.5,0,25.5,0,25.5,0,25.5,0,17.5,0.457,14.5,0.759
31583,25.5,25.5,0,25.5,0,25.5,0,25.5,0,25.5,0,25.5,0,25.5,0,25.5,0,17.5,0.457,14.5,0.759
31592,,,,,,,,,,,,,,,,,,,,,
31594,29.5,29.5,0,29.5,0,29.5,0,29.5,0,29.5,0,29.5,0,29.5,0,29,0.0172,19.5,0.513,18.5,0.595
31595,,,,,,,,,,,,,,,,,,,,,
31599,68,68,0,68,0,68,0,68,0,68,0,68,0,68,0,68,0,,,,
31601,,,,,,,,,,,,,,,,,,,,,
33413,,,,,,,,,,,,,,,,,,,,,
33464,,,,,,,,,,,,,,,,,,,,,
33499,,,,,,,,,,,,,,,,,,,,,
33502,,,,,,,,,,,,,,,,,,,,,
33510,,,,,,,,,,,,,,,,,,,,,
33687,42,42,0,42,0,42,0,42,0,42,0,31.9,0.317,58,-0.276,48.5,-0.134,32.5,0.292,29.5,0.424
33689,,,,,,,,,,,,,,,,,,,,,
33770,28,28,0,28,0,28,0,28,0,28,0,28,0,28,0,25.5,0.098,22.5,0.244,22.5,0.244
33771,28,28,0,28,0,28,0,28,0,28,0,28,0,28,0,25.5,0.098,22.5,0.244,22.5,0.244
33773,28,28,0,28,0,28,0,28,0,28,0,28,0,28,0,25.5,0.098,22.5,0.244,22.5,0.244
33774,,,,,,,,,,,,,,,,,,,,,
33775,,,,,,,,,,,,,,,,,,,,,
33878,,,,,,,,,,,,,,,,,,,,,
34114,49.5,49.5,0,49.5,0,49.5,0,49.5,0,49.5,0,49.5,0,49.5,0,40,0.238,31.5,0.571,31.5,0.571
34115,49.5,49.5,0,49.5,0,49.5,0,49.5,0,49.5,0,49.5,0,49.5,0,,,,,,
34717,36.5,36.5,0,36.5,0,36.5,0,36.5,0,36.5,0,,,,,36.5,0,,,,
34719,36.5,36.5,0,36.5,0,36.5,0,36.5,0,36.5,0,,,,,,,,,,
34811,35,35,0,35,0,35,0,35,0,35,0,,,,,35,0,26,0.346,,
34871,8,8,0,8,0,8,0,8,0,8,0,8,0,8,0,8,0,7,0.143,6.9,0.159
35070,29,29,0,29,0,29,0,29,0,29,0,29,0,,,,,,,,
35071,54.5,54.5,0,54.5,0,54.5,0,54.5,0,54.5,0,,,,,,,,,,
35072,165,165,0,165,0,165,0,165,0,,,,,,,,,,,,
35073,29.5,29.5,0,29.5,0,29.5,0,29.5,0,29.5,0,29.5,0,,,,,,,,
35076,59,59,0,59,0,59,0,59,0,59,0,59,0,,,,,,,,
35077,28.5,28.5,0,28.5,0,28.5,0,28.5,0,28.5,0,28.5,0,,,,,,,,
35078,165,165,0,165,0,165,0,165,0,,,,,,,,,,,,
35400,33.3,33.3,0,33.3,0,33.3,0,33.3,0,33.3,0,33.3,0,33.3,0,25,0.332,25,0.332,,
35401,23,23,0,23,0,23,0,23,0,23,0,23,0,23,0,23,0,,,,
35403,30.9,30.9,0,30.9,0,30.9,0,30.9,0,30.9,0,30.9,0,30.9,0,22.5,0.373,22.5,0.373,22.5,0.373
35446,,,,,,,,,,,,,,,,,,,,,
35447,47.5,47.5,0,47.5,0,47.5,0,47.5,0,47.5,0,,,,,,,,,,
35788,25.5,25.5,0,25.5,0,25.5,0,25.5,0,25.5,0,25.5,0,25.5,0,22.5,0.133,22.5,0.133,22.5,0.133
35789,25.5,25.5,0,25.5,0,25.5,0,25.5,0,25.5,0,25.5,0,25.5,0,22.5,0.133,,,,
35790,25.5,25.5,0,25.5,0,25.5,0,25.5,0,25.5,0,25.5,0,25.5,0,22.5,0.133,,,,
35791,10,10,0,10,0,10,0,10,0,10,0,10,0,10,0,9,0.111,9,0.111,6.5,0.538
35792,18.5,18.5,0,18.5,0,18.5,0,18.5,0,18.5,0,18.5,0,18.5,0,,,16.5,0.121,16.5,0.121
35793,8.9,8.9,0,8.9,0,8.9,0,8.9,0,8.9,0,10.5,-0.152,10.5,-0.152,9,-0.0111,9,-0.0111,6.7,0.328
35794,20.9,20.9,0,20.9,0,20.9,0,20.9,0,20.9,0,20.9,0,20.9,0,,,17,0.229,17,0.229
35795,10.9,10.9,0,10.9,0,10.9,0,10.9,0,10.9,0,13,-0.162,13,-0.162,11,-0.00909,11,-0.00909,8,0.363
35796,26,26,0,26,0,26,0,26,0,,,26,0,26,0,,,20,0.3,20,0.3
35797,46,46,0,46,0,46,0,46,0,46,0,46,0,46,0,37,0.243,33,0.394,33,0.394
35798,13,13,0,13,0,13,0,13,0,13,0,13,0,13,0,11.5,0.13,11.5,0.13,10,0.3
35799,26.5,26.5,0,26.5,0,26.5,0,26.5,0,26.5,0,26.5,0,26.5,0,,,22.5,0.178,21.5,0.233
36327,,,,,,,,,,,,,,,,,,,,,
36589,32.5,32.5,0,32.5,0,32.5,0,32.5,0,32.5,0,32.5,0,32.5,0,28,0.161,23.5,0.383,23.5,0.383
36590,,,,,,,,,,,,,,,,,,,,,
36779,,,,,,,,,,,,,,,,,,,,,
37003,,,,,,,,,,,,,,,,,,,,,
37041,,,,,,,,,,,,,,,,,,,,,
37340,,,,,,,,,,,,,,,,,,,,,
37341,,,,,,,,,,,,,,,,,,,,,
37343,,,,,,,,,,,,,,,,,,,,,
37345,15.5,15.5,0,15.5,0,15.5,0,15.5,0,15.5,0,15.5,0,15.5,0,15,0.0333,13,0.192,11,0.409
37350,,,,,,,,,,,,,,,,,,,,,
37353,,,,,,,,,,,,,,,,,,,,,
37356,92,92,0,92,0,92,0,92,0,92,0,92,0,92,0,92,0,,,,
37359,10,10,0,10,0,10,0,10,0,10,0,10,0,10,0,10,0,9,0.111,9,0.111
37366,,,,,,,,,,,,,,,,,,,,,
37367,8.9,8.9,0,8.9,0,,,,,,,,,,,,,,,,
37368,,,,,,,,,,,,,,,,,,,,,
37369,15,15,0,15,0,15,0,15,0,15,0,,,,,,,,,14,0.0714
37370,,,,,,,,,,,,,,,,,,,,,
37371,,,,,,,,,,,,,,,,,,,,,
37372,,,,,,,,,,,,,,,,,,,,,
37387,,,,,,,,,,,,,,,,,,,,,
37388,97,97,0,97,0,97,0,,,,,97,0,97,0,97,0,97,0,97,0
37392,7.5,7.5,0,7.5,0,7.5,0,7.5,0,7.5,0,7.5,0,7.5,0,7.5,0,4.5,0.667,4.5,0.667
37396,,,,,,,,,,,,,,,,,,,,,
37398,,,,,,,,,,,,,,,,,,,,,
37399,,,,,,,,,,,,,,,,,,,,,
37400,25,25,0,25,0,25,0,25,0,25,0,25,0,25,0,26,-0.0385,,,19.5,0.282
37401,19.9,19.9,0,19.9,0,19.9,0,19.9,0,19.9,0,22.5,-0.116,22.5,-0.116,,,,,,
37402,18.9,18.9,0,18.9,0,18.9,0,18.9,0,18.9,0,18.9,0,21.4,-0.117,24.5,-0.229,16.2,0.167,19.5,-0.0308
37405,,,,,,,,,,,,,,,,,,,,,
37409,,,,,,,,,,,,,,,,,,,,,
37410,,,,,,,,,,,,,,,,,,,,,
37412,,,,,,,,,,,,,,,,,,,,,
37413,,,,,,,,,,,,,,,,,,,,,
37414,,,,,,,,,,,,,,,,,,,,,
37415,,,,,,,,,,,,,,,,,,,,,
37418,,,,,,,,,,,,,,,,,,,,,
37425,17.5,17.5,0,17.5,0,17.5,0,17.5,0,17.5,0,17.5,0,17.5,0,15.5,0.129,15.5,0.129,,
37428,275,275,0,275,0,275,0,275,0,275,0,265,0.0377,265,0.0377,225,0.222,179,0.536,165,0.667
37431,21,21,0,21,0,21,0,21,0,21,0,21,0,21,0,21,0,20,0.05,,
37438,19,19,0,19,0,19,0,19,0,19,0,19,0,27.9,-0.319,27.9,-0.319,19,0,15.5,0.226
37439,42.8,42.8,0,42.8,0,42.8,0,42.8,0,42.8,0,42.8,0,42.8,0,42.8,0,27.5,0.556,23,0.861
37441,86.7,86.7,0,86.7,0,86.7,0,86.7,0,86.7,0,86.7,0,86.7,0,58,0.495,55.5,0.562,49.9,0.737
37715,10.2,10.2,0,10.2,0,10.2,0,10.2,0,10.2,0,10.2,0,10.2,0,10.2,0,7,0.457,7,0.457
37917,,,,,,,,,,,,,,,,,,,,,
38111,26.5,26.5,0,26.5,0,26.5,0,26.5,0,,,,,,,,,,,,
38121,12,12,0,12,0,12,0,12,0,12,0,12,0,12,0,,,,,,
38136,,,,,,,,,,,,,,,,,,,,,
38199,257,257,0,257,0,257,0,257,0,257,0,215,0.196,257,0,257,0,182,0.412,166,0.548
38225,8,8,0,8,0,8,0,8,0,8,0,8,0,8,0,7,0.143,6.5,0.231,6,0.333
38234,11.5,11.5,0,11.5,0,11.5,0,11.5,0,11.5,0,11.5,0,11.5,0,11.5,0,9,0.278,9.5,0.211
38296,58,58,0,58,0,58,0,58,0,55.5,0.045,55.5,0.045,55.5,0.045,51.6,0.124,52,0.115,52,0.115
38297,175,175,0,175,0,175,0,175,0,175,0,190,-0.079,190,-0.079,190,-0.0795,190,-0.0795,173,0.011
38300,29.9,29.9,0,29.9,0,29.9,0,29.9,0,,,33.6,-0.11,33.6,-0.11,,,33.5,-0.107,33.9,-0.118
38318,,,,,,,,,,,,,,,,,,,,,
38326,,,,,,,,,,,,,,,,,,,,,
38342,12,12,0,12,0,12,0,12,0,12,0,12,0,12,0,12,0,11.5,0.0435,,
38350,12,12,0,12,0,12,0,12,0,12,0,12,0,12,0,12,0,11.5,0.0435,11,0.0909
38369,,,,,,,,,,,,,,,,,,,,,
38407,4,4,0,4,0,4,0,4,0,,,,,4,0,,,,,,
38415,4,4,0,4,0,4,0,4,0,4,0,4,0,4,0,4,0,,,,
38425,,,,,,,,,,,,,,,,,,,,,
38788,14,14,0,14,0,14,0,14,0,14,0,14,0,14,0,,,9.3,0.505,,
38789,13.5,13.5,0,13.5,0,13.5,0,13.5,0,13.5,0,13.5,0,13.5,0,13.5,0,8.5,0.588,8.5,0.588
38881,,,,,,,,,,,,,,,,,,,,,
38935,4.6,4.6,0,4.6,0,4.6,0,4.6,0,,,4.6,0,4.6,0,4.6,0,3.8,0.211,,
38938,3.8,3.8,0,3.8,0,3.8,0,3.8,0,,,,,,,3.8,0,3.8,0,3,0.267
38946,8,8,0,8,0,8,0,8,0,8,0,,,,,,,6,0.333,,
38962,3.2,3.2,0,3.2,0,3.2,0,3.2,0,3.2,0,,,,,3.2,0,2.5,0.28,,
39616,33.5,33.5,0,33.5,0,33.5,0,33.5,0,33.5,0,33.5,0,33.5,0,33.5,0,,,,
39717,,,,,,,,,,,,,,,,,,,,,
39718,97,97,0,97,0,97,0,97,0,97,0,88,0.102,88,0.102,86,0.128,73,0.329,,
40001,26,26,0,26,0,26,0,26,0,26,0,26,0,32,-0.188,32,-0.188,22.5,0.156,17,0.529
40467,17.9,17.9,0,17.9,0,17.9,0,17.9,0,17.9,0,20,-0.105,20,-0.105,20,-0.105,16.4,0.0915,16,0.119
40470,152,152,0,152,0,152,0,152,0,152,0,152,0,152,0,,,69.9,1.17,90,0.689
41516,,,,,,,,,,,,,,,,,,,,,
41717,26,26,0,26,0,26,0,26,0,26,0,26,0,26,0,31.5,-0.175,19.9,0.307,18,0.444
41720,26,26,0,26,0,26,0,26,0,26,0,26,0,26,0,31.5,-0.175,19.9,0.307,18,0.444
41977,42,42,0,42,0,42,0,42,0,42,0,42,0,42,0,42,0,38,0.105,38,0.105
42056,22.3,22.3,0,22.3,0,22.3,0,22.3,0,22.3,0,22.3,0,22.3,0,22.3,0,17.5,0.274,17.5,0.274
42064,20.7,20.7,0,20.7,0,20.7,0,20.7,0,20.7,0,20,0.035,22.3,-0.0717,22.3,-0.0717,17.5,0.183,17.5,0.183
42161,67.5,67.5,0,67.5,0,67.5,0,67.5,0,54,0.25,67.6,-0.00148,67.6,-0.00148,67.6,-0.00148,56.3,0.199,50,0.35
43354,57,57,0,57,0,57,0,57,0,57,0,57,0,57,0,56,0.0179,56,0.0179,56,0.0179
44977,18.5,18.5,0,18.5,0,18.5,0,18.5,0,18.5,0,18.5,0,18.5,0,17.9,0.0335,15,0.233,12,0.542
45233,120,120,0,120,0,120,0,120,0,120,0,120,0,120,0,,,99,0.212,87.5,0.371
45314,29.5,29.5,0,29.5,0,29.5,0,29.5,0,39.5,-0.253,39.5,-0.253,39.5,-0.253,36,-0.181,,,22,0.341
45549,,,,,,,,,,,,,,,,,,,,,
45688,,,,,,,,,,,,,,,,,,,,,
45788,,,,,,,,,,,,,,,,,,,,,
45789,,,,,,,,,,,,,,,,,,,,,
45792,,,,,,,,,,,,,,,,,,,,,
45793,18.5,18.5,0,18.5,0,18.5,0,18.5,0,18.5,0,18.5,0,18.5,0,,,12.5,0.48,,
46106,6,6,0,6,0,6,0,6,0,6,0,,,,,,,,,,
46107,,,,,,,,,,,,,,,,,,,,,
46108,5.5,5.5,0,5.5,0,5.5,0,5.5,0,5.5,0,5.5,0,5.5,0,5.5,0,5.5,0,4.5,0.222
46135,5.5,5.5,0,5.5,0,5.5,0,5.5,0,5.5,0,5.5,0,,,,,5.5,0,4.5,0.222
46351,18,18,0,18,0,18,0,18,0,18,0,15.5,0.161,15.5,0.161,15.5,0.161,15.5,0.161,14,0.286
46655,28.6,28.6,0,28.6,0,28.6,0,40.8,-0.299,40.8,-0.299,40.8,-0.299,40.8,-0.299,40.8,-0.299,31.3,-0.0863,28.7,-0.00348
46663,29.6,29.6,0,,,29.6,0,42.1,-0.297,42.1,-0.297,36,-0.178,42,-0.295,42,-0.295,31.3,-0.0543,28.7,0.0314
46710,6.5,6.5,0,6.5,0,6.5,0,6.5,0,6.5,0,6.5,0,6.5,0,4.8,0.354,4.8,0.354,4,0.625
47187,7,7,0,7,0,7,0,7,0,7,0,7,0,7,0,7,0,5.5,0.273,,
47391,,,,,,,,,,,,,,,,,,,,,
47392,649,649,0,649,0,649,0,649,0,649,0,649,0,649,0,649,0,479,0.355,384,0.69
47397,,,,,,,,,,,,,,,,,,,,,
47398,,,,,,,,,,,,,,,,,,,,,
47457,,,,,,,,,,,,,,,,,,,,,
47678,619,619,0,619,0,619,0,699,-0.114,699,-0.114,699,-0.114,699,-0.114,649,-0.0462,499,0.24,375,0.651
48526,52,52,0,52,0,52,0,52,0,52,0,52,0,52,0,52,0,35.9,0.448,35,0.486
48534,59,59,0,59,0,59,0,59,0,59,0,59,0,59,0,,,46,0.283,45,0.311
48658,15,15,0,15,0,15,0,15,0,15,0,15,0,15,0,15,0,11.7,0.282,11.5,0.304
48666,16.5,16.5,0,16.5,0,16.5,0,16.5,0,16.5,0,20,-0.175,20,-0.175,20,-0.175,15.5,0.0645,12.2,0.352
48674,95.5,95.5,0,95.5,0,95.5,0,95.5,0,95.5,0,95.5,0,95.5,0,95.5,0,76,0.257,75,0.273
48704,16.5,16.5,0,16.5,0,16.5,0,16.5,0,16.5,0,16.5,0,20,-0.175,20,-0.175,15.5,0.0645,12.2,0.352
48720,95.5,95.5,0,95.5,0,95.5,0,95.5,0,95.5,0,95.5,0,95.5,0,95.5,0,76,0.257,75,0.273
48778,16.5,16.5,0,16.5,0,16.5,0,16.5,0,16.5,0,,,,,,,18,-0.0833,13.9,0.187
49069,,,,,,,,,,,,,,,,,,,,,
49071,,,,,,,,,,,,,,,,,,,,,
49085,,,,,,,,,,,,,,,,,,,,,
49220,,,,,,,,,,,,,,,,,,,,,
49905,,,,,,,,,,,,,,,,,,,,,
50005,92,92,0,92,0,92,0,92,0,92,0,92,0,,,,,,,,
50006,,,,,,,,,,,,,,,,,,,,,
50011,,,,,,,,,,,,,,,,,,,,,
50015,,,,,,,,,,,,,,,,,,,,,
50030,198,198,0,198,0,198,0,198,0,198,0,198,0,198,0,,,137,0.445,130,0.523
50031,199,199,0,199,0,199,0,199,0,,,199,0,199,0,198,0.00505,137,0.453,130,0.531
50032,11,11,0,11,0,11,0,11,0,11,0,11,0,11,0,11,0,7.3,0.507,6.5,0.692
50035,,,,,,,,,,,,,,,,,,,,,
50066,59.9,59.9,0,59.9,0,59.9,0,59.9,0,61.9,-0.0323,61.9,-0.0323,61.9,-0.0323,61.9,-0.0323,53.9,0.111,53.9,0.111
50075,319,319,0,319,0,319,0,349,-0.086,349,-0.086,349,-0.086,349,-0.086,349,-0.086,259,0.232,219,0.457
50106,,,,,,,,,,,,,,,,,,,,,
50145,79.5,79.5,0,79.5,0,79.5,0,79.5,0,79.5,0,79.5,0,79.5,0,,,,,,
51062,64.5,64.5,0,64.5,0,64.5,0,64.5,0,64.5,0,54.9,0.175,64.5,0,49.9,0.293,49.9,0.293,49.9,0.293
51063,,,,,,,,,,,,,,,,,,,,,
51064,64.5,64.5,0,64.5,0,64.5,0,64.5,0,64.5,0,64.5,0,64.5,0,64.5,0,49.5,0.303,50.4,0.28
51284,23.5,23.5,0,23.5,0,23.5,0,23.5,0,23.5,0,23.5,0,23.5,0,25,-0.06,18.2,0.291,18.2,0.291
51616,125,125,0,125,0,125,0,125,0,125,0,125,0,125,0,164,-0.238,145,-0.139,109,0.146
51730,,,,,,,,,,,,,,,,,,,,,
52257,449,449,0,449,0,449,0,449,0,449,0,449,0,449,0,449,0,299,0.502,286,0.57
53937,11.4,11.4,0,11.4,0,11.4,0,11.4,0,11.4,0,11.4,0,11.4,0,11.4,0,6.9,0.652,6,0.9
53970,26,26,0,26,0,26,0,26,0,26,0,26,0,,,,,,,,
54060,12,12,0,12,0,12,0,12,0,,,,,,,12,0,,,9.8,0.224
54061,12,12,0,12,0,12,0,12,0,,,,,12,0,12,0,9.5,0.263,9.8,0.224
54062,21.5,21.5,0,21.5,0,21.5,0,21.5,0,21.5,0,21.5,0,,,21.5,0,16.9,0.272,17.5,0.229
54063,,,,,,,,,,,,,,,,,,,,,
54330,12.5,12.5,0,12.5,0,12.5,0,12.5,0,,,,,,,,,,,,
54348,15,15,0,15,0,15,0,15,0,,,,,,,,,,,,
55080,,,,,,,,,,,,,,,,,,,,,
56030,136,136,0,136,0,136,0,136,0,136,0,136,0,136,0,136,0,149,-0.0872,149,-0.0872
57093,10,10,0,10,0,10,0,10,0,10,0,8.5,0.176,10,0,10,0,8,0.25,,
57117,26.5,26.5,0,26.5,0,26.5,0,26.5,0,26.5,0,27.5,-0.0364,27.5,-0.0364,,,,,,
57771,35.5,35.5,0,35.5,0,35.5,0,35.5,0,35.5,0,35.5,0,35.5,0,33.9,0.0472,30.5,0.164,30.5,0.164
57773,33.9,33.9,0,33.9,0,33.9,0,33.9,0,33.9,0,33.9,0,33.9,0,33.9,0,31,0.0935,31,0.0935
57888,,,,,,,,,,,,,,,,,,,,,
58360,31,31,0,31,0,31,0,31,0,34.9,-0.112,,,,,,,32,-0.0312,32.9,-0.0578
58378,16.9,16.9,0,16.9,0,16.9,0,16.9,0,16.9,0,16.9,0,16.9,0,16.9,0,12.9,0.31,12.5,0.352
58408,,,,,,,,,,,,,,,,,,,,,
58424,,,,,,,,,,,,,,,,,,,,,
58432,,,,,,,,,,,,,,,,,,,,,
58718,,,,,,,,,,,,,,,,,,,,,
59041,6.5,6.5,0,6.5,0,6.5,0,6.5,0,6.5,0,6.5,0,6.5,0,6.5,0,5.5,0.182,5,0.3
59366,10.5,10.5,0,10.5,0,10.5,0,10.5,0,10.5,0,10.5,0,10.5,0,10.5,0,10.5,0,10,0.05
60468,95.5,95.5,0,95.5,0,95.5,0,95.5,0,,,,,,,,,,,,
61509,,,,,,,,,,,,,,,,,,,,,
61719,48,48,0,48,0,48,0,48,0,60.5,-0.207,60.5,-0.207,,,30,0.6,23.5,1.04,,
61731,,,,,,,,,,,,,,,,,,,,,
61972,,,,,,,,,,,,,,,,,,,,,
62151,,,,,,,,,,,,,,,,,,,,,
62190,8.5,8.5,0,8.5,0,8.5,0,8.5,0,8.5,0,8.9,-0.0449,8.9,-0.0449,8.9,-0.0449,,,5.5,0.545
62191,16,16,0,16,0,16,0,16,0,16,0,17.5,-0.0857,17.5,-0.0857,17.5,-0.0857,11.5,0.391,11.5,0.391
62510,36.5,36.5,0,36.5,0,36.5,0,36.5,0,36.5,0,,,,,36.5,0,,,,
62511,24,24,0,24,0,24,0,24,0,24,0,,,,,24,0,,,,
62600,164,164,0,164,0,164,0,164,0,164,0,164,0,164,0,164,0,109,0.505,105,0.562
62618,45,45,0,45,0,45,0,45,0,45,0,45,0,45,0,45,0,30,0.5,28.5,0.579
62626,24.5,24.5,0,24.5,0,24.5,0,24.5,0,24.5,0,24.5,0,24.5,0,24.5,0,16,0.531,15.5,0.581
62669,30.9,30.9,0,30.9,0,30.9,0,30.9,0,30.9,0,37.5,-0.176,37.5,-0.176,37.5,-0.176,35.9,-0.139,30.9,0
62717,,,,,,,,,,,,,,,,,,,,,
62718,,,,,,,,,,,,,,,,,,,,,
62722,,,,,,,,,,,,,,,,,,,,,
62725,,,,,,,,,,,,,,,,,,,,,
62726,,,,,,,,,,,,,,,,,,,,,
62730,,,,,,,,,,,,,,,,,,,,,
62779,10,10,0,10,0,10,0,10,0,10,0,10,0,10,0,9,0.111,8.3,0.205,,
62780,12.5,12.5,0,12.5,0,12.5,0,12.5,0,12.5,0,12.5,0,12.5,0,11,0.136,10,0.25,,
62782,,,,,,,,,,,,,,,,,,,,,
62802,,,,,,,,,,,,,,,,,,,,,
62803,5.5,5.5,0,5.5,0,5.5,0,5.5,0,5.5,0,5.5,0,5.5,0,4.7,0.17,4.7,0.17,,
63102,138,138,0,138,0,138,0,138,0,138,0,138,0,138,0,138,0,90,0.528,90,0.528
63109,138,138,0,138,0,138,0,138,0,138,0,138,0,138,0,138,0,90,0.528,90,0.528
63789,62.9,62.9,0,62.9,0,62.9,0,62.9,0,62.9,0,69.9,-0.1,76,-0.172,76,-0.172,57.5,0.0939,,
63975,,,,,,,,,,,,,,,,,,,,,
64017,,,,,,,,,,,,,,,,,,,,,
64084,,,,,,,,,,,,,,,,,,,,,
64190,3.5,3.5,0,3.5,0,3.5,0,3.5,0,3.5,0,3.5,0,3.5,0,,,2.5,0.4,2.5,0.4
64262,8.8,8.8,0,8.8,0,8.8,0,8.8,0,8.8,0,8.8,0,8.8,0,8.8,0,7,0.257,7,0.257
64289,73.9,73.9,0,73.9,0,73.9,0,73.9,0,73.9,0,73.9,0,73.9,0,82.5,-0.104,59.9,0.234,49.9,0.481
64292,,,,,,,,,,,,,,,,,,,,,
64297,36.9,36.9,0,36.9,0,36.9,0,36.9,0,36.9,0,44.9,-0.178,44.9,-0.178,45,-0.18,37,-0.0027,29.5,0.251
64378,,,,,,,,,,,,,,,,,,,,,
64394,,,,,,,,,,,,,,,,,,,,,
64408,,,,,,,,,,,,,,,,,,,,,
64416,34,34,0,34,0,34,0,34,0,34,0,34,0,34,0,34,0,29.5,0.153,23.9,0.423
64424,37,37,0,37,0,37,0,37,0,37,0,37,0,37,0,37,0,32.5,0.138,25.9,0.429
64440,,,,,,,,,,,,,,,,,,,,,
64459,,,,,,,,,,,,,,,,,,,,,
64710,23,23,0,23,0,23,0,23,0,,,,,,,,,,,,
64715,29.9,29.9,0,29.9,0,29.9,0,29.9,0,34.9,-0.143,34.9,-0.143,,,34.9,-0.143,,,22.9,0.306
64769,,,,,,,,,,,,,,,,,,,,,
64770,48.5,48.5,0,48.5,0,48.5,0,48.5,0,48.5,0,48.5,0,,,,,,,,
64866,19.9,19.9,0,19.9,0,19.9,0,19.9,0,19.9,0,19.9,0,19.9,0,18,0.106,18,0.106,18.1,0.0994
64874,,,,,,,,,,,,,,,,,,,,,
64882,,,,,,,,,,,,,,,,,,,,,
65005,,,,,,,,,,,,,,,,,,,,,
65108,,,,,,,,,,,,,,,,,,,,,
65137,,,,,,,,,,,,,,,,,,,,,
65149,62,62,0,62,0,62,0,62,0,62,0,62,0,62,0,,,24.9,1.49,34,0.824
65293,12.9,12.9,0,12.9,0,12.9,0,12.9,0,12.9,0,15.5,-0.168,15.5,-0.168,15.5,-0.168,14.5,-0.11,11.9,0.084
65390,,,,,,,,,,,,,,,,,,,,,
65410,26.5,26.5,0,26.5,0,26.5,0,26.5,0,26.5,0,26.5,0,26.5,0,26.5,0,25,0.06,21.5,0.233
65411,22.5,22.5,0,22.5,0,22.5,0,22.5,0,22.5,0,26.5,-0.151,26.5,-0.151,,,25,-0.1,,
65416,37,37,0,37,0,37,0,37,0,39.5,-0.0633,39.5,-0.0633,39.5,-0.0633,36.1,0.0249,20,0.85,,
65417,60,60,0,60,0,60,0,60,0,63,-0.0476,64,-0.0625,64,-0.0625,67.1,-0.106,35.9,0.671,35.9,0.671
65791,41.5,41.5,0,41.5,0,41.5,0,41.5,0,41.5,0,41.5,0,41.5,0,41.5,0,34.5,0.203,34.5,0.203
65792,83,83,0,83,0,83,0,83,0,83,0,83,0,83,0,83,0,69,0.203,69,0.203
65793,,,,,,,,,,,,,,,,,,,,,
65796,118,118,0,118,0,118,0,118,0,118,0,103,0.141,103,0.141,,,,,,
65797,,,,,,,,,,,,,,,,,,,,,
66508,,,,,,,,,,,,,,,,,,,,,
66818,49.5,49.5,0,49.5,0,49.5,0,49.5,0,49.5,0,49.5,0,49.5,0,49.5,0,,,26.5,0.868
67020,,,,,,,,,,,,,,,,,,,,,
67047,62.5,62.5,0,62.5,0,62.5,0,62.5,0,62.5,0,62.5,0,62.5,0,62.5,0,32.9,0.9,30.5,1.05
67096,16,16,0,16,0,16,0,16,0,16,0,16,0,16,0,16,0,16,0,14.5,0.103
67097,16,16,0,16,0,16,0,16,0,16,0,16,0,16,0,16,0,16,0,14.5,0.103
67117,38,38,0,38,0,38,0,38,0,38,0,38,0,38,0,38,0,27,0.407,23,0.652
67520,6.5,6.5,0,6.5,0,6.7,-0.0299,6.7,-0.0299,7.7,-0.156,7.7,-0.156,8,-0.188,7.5,-0.133,7.5,-0.133,6,0.0833
67547,,,,,,,,,,,,,,,,,,,,,
67580,21,21,0,21,0,21,0,21,0,21,0,,,21,0,21,0,15,0.4,14,0.5
67679,21,21,0,21,0,21,0,21,0,21,0,,,,,21,0,15,0.4,14.4,0.458
67681,7.5,7.5,0,7.5,0,7.5,0,7.5,0,7.5,0,7.5,0,7.5,0,7.5,0,5.9,0.271,5.6,0.339
67683,27.5,27.5,0,27.5,0,27.5,0,27.5,0,27.5,0,27.5,0,27.5,0,27.5,0,25.5,0.0784,23.7,0.16
67684,,,,,,,,,,,,,,,,,,,,,
67685,,,,,,,,,,,,,,,,,,,,,
67781,36,36,0,36,0,36,0,36,0,36,0,36,0,48.9,-0.264,47.3,-0.239,32.5,0.108,26,0.385
67791,,,,,,,,,,,,,,,,,,,,,
67980,32.5,32.5,0,32.5,0,32.5,0,32.5,0,32.5,0,32.5,0,32.5,0,29,0.121,29,0.121,20.5,0.585
67992,,,,,,,,,,,,,,,,,,,,,
68110,15,15,0,15,0,,,15,0,15,0,15,0,15,0,15,0,10.7,0.402,10.7,0.402
68718,12.5,12.5,0,12.5,0,12.5,0,12.5,0,12.5,0,12.5,0,12.5,0,10.5,0.19,10.5,0.19,9,0.389
68829,69,69,0,69,0,69,0,69,0,79,-0.127,79,-0.127,79,-0.127,69.9,-0.0129,59.9,0.152,55,0.255
68837,14.5,14.5,0,14.5,0,14.5,0,14.5,0,14.5,0,17.5,-0.171,17.5,-0.171,17.5,-0.171,15,-0.0333,11.5,0.261
68845,39.9,39.9,0,39.9,0,39.9,0,39.9,0,39.9,0,46.8,-0.147,46.8,-0.147,46.8,-0.147,29.9,0.334,19.9,1.01
68934,14.5,14.5,0,14.5,0,14.5,0,14.5,0,14.5,0,14.5,0,15.4,-0.0584,18.5,-0.216,11.6,0.25,10.5,0.381
68977,10.9,10.9,0,10.9,0,10.9,0,10.9,0,10.9,0,15,-0.273,15,-0.273,18.2,-0.401,11.5,-0.0522,8.8,0.239
69000,,,,,,,,,,,,,,,,,,,,,
69027,11.5,11.5,0,11.5,0,11.5,0,11.5,0,11.5,0,15.4,-0.253,15.4,-0.253,18.5,-0.378,11.6,-0.00862,10.5,0.0952
69051,10.9,10.9,0,10.9,0,10.9,0,10.9,0,,,,,,,,,10.5,0.0381,10.5,0.0381
69094,13.9,13.9,0,13.9,0,13.9,0,13.9,0,13.9,0,13.9,0,15.4,-0.0974,18.5,-0.249,11.6,0.198,10.5,0.324
69124,13.9,13.9,0,13.9,0,13.9,0,13.9,0,13.9,0,13.9,0,15.4,-0.0974,18.5,-0.249,11.6,0.198,10.5,0.324
69140,25,25,0,25,0,25,0,25,0,25,0,25,0,25,0,25,0,25,0,25,0
69159,25,25,0,25,0,25,0,25,0,25,0,25,0,25,0,25,0,25,0,25,0
69167,,,,,,,,,,,,,,,,,,,,,
69175,,,,,,,,,,,,,,,,,,,,,
69230,,,,,,,,,,,,,,,,,,,,,
69248,26.5,26.5,0,26.5,0,26.5,0,26.5,0,26.5,0,26.5,0,26.5,0,33.5,-0.209,21.5,0.233,19.5,0.359
69256,28.9,28.9,0,28.9,0,28.9,0,28.9,0,28.9,0,28.9,0,31.5,-0.0825,37.5,-0.229,24,0.204,21.5,0.344
69548,18,18,0,18,0,18,0,,,,,,,17,0.0588,16,0.125,,,15,0.2
69719,29.5,29.5,0,29.5,0,29.5,0,29.5,0,29.5,0,29.5,0,29.5,0,25,0.18,19.5,0.513,19.5,0.513
69730,,,,,,,,,,,,,,,,,,,,,
69790,17.5,17.5,0,17.5,0,17.5,0,17.5,0,17.5,0,16,0.0938,16,0.0938,16,0.0938,,,,
69850,32,32,0,32,0,32,0,32,0,32,0,32,0,34,-0.0588,34,-0.0588,29,0.103,25.5,0.255
69868,56,56,0,56,0,56,0,56,0,56,0,56,0,60,-0.0667,,,,,,
69876,56,56,0,56,0,56,0,56,0,56,0,56,0,60,-0.0667,60,-0.0667,50,0.12,44,0.273
69877,58.5,58.5,0,58.5,0,58.5,0,58.5,0,58.5,0,58.5,0,58.5,0,,,,,,
69884,71,71,0,71,0,71,0,71,0,71,0,71,0,74,-0.0405,74,-0.0405,63,0.127,55,0.291
69892,99,99,0,99,0,99,0,99,0,99,0,99,0,106,-0.066,106,-0.066,89,0.112,78,0.269
69906,32,32,0,32,0,32,0,32,0,32,0,32,0,34,-0.0588,34,-0.0588,29,0.103,25.5,0.255
69914,55,55,0,55,0,55,0,55,0,55,0,55,0,58,-0.0517,58,-0.0517,49,0.122,44,0.25
71023,,,,,,,,,,,,,,,,,,,,,
71064,,,,,,,,,,,,,,,,,,,,,
71072,,,,,,,,,,,,,,,,,,,,,
71129,,,,,,,,,,,,,,,,,,,,,
71161,,,,,,,,,,,,,,,,,,,,,
71170,99.9,99.9,0,99.9,0,99.9,0,99.9,0,99.9,0,115,-0.131,115,-0.131,,,69.9,0.429,62.9,0.588
71173,39.5,39.5,0,39.5,0,39.5,0,39.5,0,39.5,0,37.5,0.0533,37.5,0.0533,37.5,0.0533,34,0.162,31.5,0.254
71174,47.9,47.9,0,47.9,0,47.9,0,47.9,0,47.9,0,47.9,0,47.9,0,47.9,0,46,0.0413,45,0.0644
71612,11,11,0,11,0,11,0,11,0,11,0,11,0,11,0,,,11,0,11,0
71650,47.7,47.7,0,47.7,0,47.7,0,47.7,0,47.7,0,47.7,0,47.7,0,58.5,-0.185,37.5,0.272,27.5,0.735
71714,47.7,47.7,0,47.7,0,47.7,0,47.7,0,47.7,0,47.7,0,52.8,-0.0966,58.5,-0.185,36.8,0.296,34.5,0.383
72150,193,193,0,193,0,193,0,193,0,193,0,173,0.116,173,0.116,152,0.27,139,0.388,105,0.838
72160,20,20,0,20,0,20,0,20,0,20,0,20,0,20,0,20,0,17.5,0.143,17.5,0.143
72166,69.5,69.5,0,69.5,0,69.5,0,69.5,0,69.5,0,69.5,0,69.5,0,64,0.0859,40,0.738,40,0.738
72169,25,25,0,25,0,25,0,25,0,25,0,25,0,25,0,25,0,25,0,25,0
72171,,,,,,,,,,,,,,,,,,,,,
72172,24.5,24.5,0,24.5,0,24.5,0,24.5,0,24.5,0,24.5,0,24.5,0,24.5,0,24.5,0,24.5,0
72173,,,,,,,,,,,,,,,,,,,,,
72184,185,185,0,185,0,185,0,185,0,185,0,173,0.0694,173,0.0694,152,0.217,139,0.331,105,0.762
72206,,,,,,,,,,,,,,,,,,,,,
72214,193,193,0,193,0,193,0,193,0,193,0,173,0.116,,,,,,,,
73326,75,75,0,75,0,75,0,75,0,75,0,75,0,75.1,-0.00133,92,-0.185,65.8,0.14,54,0.389
73458,27.3,27.3,0,27.3,0,27.3,0,27.3,0,27.3,0,27.3,0,27.4,-0.00365,33.5,-0.185,23.9,0.142,21.9,0.247
73466,43.5,43.5,0,43.5,0,43.5,0,43.5,0,43.5,0,43.5,0,49,-0.112,53.5,-0.187,38,0.145,34.5,0.261
73490,58,58,0,58,0,58,0,58,0,58,0,58,0,65.9,-0.12,71,-0.183,50.9,0.139,46.5,0.247
73512,25.3,25.3,0,25.3,0,25.3,0,25.3,0,25.3,0,25.3,0,26.7,-0.0524,31,-0.184,22.3,0.135,20,0.265
73687,,,,,,,,,,,,,,,,,,,,,
74454,81,81,0,81,0,81,0,81,0,81,0,81,0,81,0,81,0,81,0,81,0
74730,35,35,0,35,0,35,0,35,0,35,0,35,0,35,0,35,0,35,0,35,0
74941,7,7,0,7,0,7,0,7,0,7,0,7,0,7,0,,,5.5,0.273,,
75191,10,10,0,10,0,10,0,10,0,10,0,10,0,10,0,10,0,10,0,10,0
75825,639,639,0,639,0,639,0,639,0,639,0,675,-0.0533,675,-0.0533,675,-0.0533,519,0.231,399,0.602
77178,10.9,10.9,0,10.9,0,10.9,0,10.9,0,10.9,0,13.5,-0.193,13.5,-0.193,13.5,-0.193,11.4,-0.0439,11.5,-0.0522
80861,,,,,,,,,,,,,,,,,,,,,
80870,,,,,,,,,,,,,,,,,,,,,
81107,,,,,,,,,,,,,,,,,,,,,
81183,,,,,,,,,,,,,,,,,,,,,
81221,,,,,,,,,,,,,,,,,,,,,
81248,,,,,,,,,,,,,,,,,,,,,
82414,15,15,0,15,0,15,0,15,0,15,0,15,0,15,0,15,0,11.7,0.282,11.5,0.304
82422,14.5,14.5,0,14.5,0,14.5,0,14.5,0,14.5,0,18,-0.194,18,-0.194,18,-0.194,13,0.115,13,0.115
82430,92.5,92.5,0,92.5,0,92.5,0,92.5,0,92.5,0,92.5,0,92.5,0,92.5,0,68.9,0.343,67.5,0.37
82570,,,,,,,,,,,,,,,,,,,,,
82627,38.9,38.9,0,38.9,0,38.9,0,38.9,0,38.9,0,38.9,0,38.9,0,39,-0.00256,33,0.179,,
82643,54.9,54.9,0,54.9,0,54.9,0,54.9,0,54.9,0,54.9,0,54.9,0,46,0.193,41,0.339,41.9,0.31
83992,169,169,0,169,0,169,0,169,0,,,,,,,,,130,0.3,130,0.3
84000,145,145,0,145,0,145,0,145,0,145,0,145,0,145,0,145,0,99,0.465,90,0.611
84018,145,145,0,145,0,145,0,145,0,145,0,145,0,145,0,145,0,99,0.465,,
84025,12,12,0,12,0,12,0,,,,,,,,,12,0,12,0,10,0.2
84026,145,145,0,145,0,145,0,145,0,145,0,145,0,145,0,,,,,,
85001,46,46,0,46,0,46,0,46,0,46,0,46,0,46,0,46,0,,,36,0.278
85002,87,87,0,87,0,87,0,87,0,87,0,87,0,87,0,87,0,74,0.176,69,0.261
85003,87,87,0,87,0,87,0,87,0,87,0,87,0,87,0,87,0,78,0.115,73,0.192
85004,49.9,49.9,0,49.9,0,49.9,0,49.9,0,49.9,0,49.9,0,49.9,0,49.9,0,44.5,0.121,42,0.188
85005,94.5,94.5,0,94.5,0,94.5,0,94.5,0,94.5,0,94.5,0,94.5,0,94.5,0,83,0.139,78,0.212
85006,49.9,49.9,0,49.9,0,49.9,0,49.9,0,49.9,0,49.9,0,49.9,0,49.9,0,44,0.134,41,0.217
85007,94.5,94.5,0,94.5,0,94.5,0,94.5,0,94.5,0,94.5,0,94.5,0,94.5,0,81,0.167,76,0.243
85091,225,225,0,225,0,225,0,225,0,225,0,225,0,225,0,225,0,199,0.131,189,0.19
85092,,,,,,,,,,,,,,,,,,,,,
85093,225,225,0,225,0,225,0,225,0,225,0,225,0,225,0,225,0,198,0.136,188,0.197
85094,205,205,0,205,0,205,0,205,0,205,0,205,0,205,0,205,0,181,0.133,173,0.185
85124,,,,,,,,,,,,,,,,,,,,,
86126,158,158,0,158,0,158,0,158,0,158,0,158,0,158,0,158,0,124,0.274,92.5,0.708
86134,158,158,0,158,0,158,0,158,0,158,0,158,0,158,0,158,0,124,0.274,116,0.362
86667,4.9,4.9,0,4.9,0,4.9,0,4.9,0,4.9,0,6.3,-0.222,6.3,-0.222,6.4,-0.234,5.5,-0.109,5.5,-0.109
87887,,,,,,,,,,,,,,,,,,,,,
88536,67,67,0,67,0,67,0,67,0,67,0,67,0,63,0.0635,62,0.0806,55,0.218,50,0.34
89717,52.5,52.5,0,52.5,0,52.5,0,52.5,0,52.5,0,52.5,0,52.5,0,52.5,0,52.5,0,52.5,0
89966,150,150,0,150,0,150,0,150,0,178,-0.158,178,-0.158,178,-0.158,178,-0.158,125,0.199,115,0.303
90018,89,89,0,89,0,89,0,89,0,84,0.0595,84,0.0595,84,0.0595,79.2,0.124,78,0.141,69.9,0.273
90115,43.9,43.9,0,43.9,0,43.9,0,43.9,0,43.9,0,48.5,-0.0948,48.5,-0.0948,43.5,0.0092,43.5,0.0092,37.9,0.158
90123,6.7,6.7,0,6.7,0,6.7,0,6.7,0,6.7,0,6.7,0,6.7,0,6.7,0,6.7,0,6.7,0
90131,11,11,0,11,0,11,0,11,0,11,0,11,0,11,0,11,0,7.8,0.41,7.8,0.41
90140,12.5,12.5,0,12.5,0,12.5,0,12.5,0,12.5,0,12.5,0,12.5,0,12.5,0,10.3,0.214,10.3,0.214
90158,4.5,4.5,0,4.5,0,4.5,0,4.5,0,4.5,0,,,4.5,0,4.5,0,4.5,0,4.5,0
90166,4.2,4.2,0,4.2,0,4.2,0,4.2,0,4.2,0,4.2,0,4.2,0,4.2,0,4.2,0,4.2,0
90174,5.5,5.5,0,,,5.5,0,5.5,0,5.5,0,5.5,0,5.5,0,5.5,0,5.5,0,5.5,0
90182,5.5,5.5,0,5.5,0,5.5,0,5.5,0,5.5,0,5.5,0,5.5,0,5.5,0,5.5,0,5.5,0
90239,9,9,0,9,0,9,0,9,0,9,0,9,0,9,0,9,0,6.8,0.324,6.8,0.324
90247,11,11,0,11,0,11,0,11,0,11,0,11,0,11,0,6,0.833,6,0.833,6,0.833
90255,12,12,0,12,0,12,0,12,0,12,0,12,0,12,0,12,0,9.6,0.25,9.6,0.25
90263,8.5,8.5,0,8.5,0,8.5,0,8.5,0,8.5,0,8.5,0,8.5,0,8.5,0,8.5,0,8.5,0
90271,4.5,4.5,0,4.5,0,4.5,0,4.5,0,4.5,0,4.5,0,,,4.5,0,,,4.5,0
90280,7.5,7.5,0,7.5,0,7.5,0,7.5,0,7.5,0,7.5,0,7.5,0,7.5,0,7.5,0,7.5,0
90298,10.5,10.5,0,10.5,0,10.5,0,10.5,0,10.5,0,10.5,0,10.5,0,8,0.312,4.2,1.5,4.2,1.5
90301,7,7,0,7,0,7,0,7,0,7,0,7,0,7,0,7,0,7,0,7,0
90310,12,12,0,,,12,0,12,0,12,0,12,0,12,0,12,0,12,0,12,0
90387,15.5,15.5,0,15.5,0,15.5,0,15.5,0,15.5,0,15.5,0,15.5,0,7.5,1.07,7.5,1.07,7.5,1.07
90395,24.5,24.5,0,,,24.5,0,24.5,0,24.5,0,24.5,0,24.5,0,26,-0.0577,,,21,0.167
90425,10.5,10.5,0,10.5,0,10.5,0,10.5,0,10.5,0,10.5,0,10.5,0,10.5,0,10.5,0,10.5,0
90433,15,15,0,15,0,15,0,15,0,15,0,15,0,15,0,15,0,12,0.25,12,0.25
90441,11.5,11.5,0,11.5,0,11.5,0,11.5,0,11.5,0,11.5,0,11.5,0,11.5,0,11.5,0,11.5,0
90450,19.5,19.5,0,19.5,0,19.5,0,19.5,0,19.5,0,19.5,0,19.5,0,,,17,0.147,15,0.3
90492,14.5,14.5,0,14.5,0,14.5,0,14.5,0,14.5,0,14.5,0,14.5,0,14.5,0,11.5,0.261,9.8,0.48
90506,12,12,0,12,0,12,0,12,0,12,0,12,0,12,0,12,0,9.8,0.224,9.8,0.224
90530,33,33,0,33,0,33,0,33,0,33,0,33,0,33,0,34.5,-0.0435,22,0.5,22,0.5
90549,,,,,,,,,,,,,,,,,,,,,
90565,14.5,14.5,0,14.5,0,14.5,0,14.5,0,14.5,0,14.5,0,14.5,0,8.9,0.629,8.9,0.629,8.9,0.629
90573,21,21,0,21,0,21,0,21,0,21,0,21,0,21,0,12.5,0.68,12.5,0.68,12.5,0.68
90590,21,21,0,21,0,21,0,21,0,21,0,21,0,21,0,21,0,18.5,0.135,18.5,0.135
90638,,,,,,,,,,,,,,,,,,,,,
91189,,,,,,,,,,,,,,,,,,,,,
93531,,,,,,,,,,,,,,,,,,,,,
93532,,,,,,,,,,,,,,,,,,,,,
93980,21.5,21.5,0,21.5,0,21.5,0,21.5,0,,,21.5,0,21.5,0,21.5,0,18.8,0.144,16.7,0.287
94129,,,,,,,,,,,,,,,,,,,,,
94749,19.9,19.9,0,19.9,0,19.9,0,19.9,0,,,23.9,-0.167,21.9,-0.0913,24.9,-0.201,14.9,0.336,,
94757,,,,,,,,,,,,,,,,,,,,,
95060,12,12,0,12,0,12,0,12,0,12,0,12,0,12,0,12,0,12,0,12,0
95079,20.5,20.5,0,20.5,0,20.5,0,20.5,0,20.5,0,20.5,0,20.5,0,20.5,0,15.3,0.34,15.3,0.34
95087,9,9,0,,,,,,,,,9,0,9,0,9,0,9,0,9,0
95095,8.5,8.5,0,8.5,0,8.5,0,8.5,0,8.5,0,8.5,0,8.5,0,8.5,0,8.5,0,8.5,0
95109,9.5,9.5,0,9.5,0,9.5,0,9.5,0,9.5,0,9.5,0,9.5,0,9.5,0,9.5,0,9.5,0
95117,9.5,9.5,0,9.5,0,9.5,0,9.5,0,9.5,0,9.5,0,9.5,0,9.5,0,9.5,0,9.5,0
95133,27.5,27.5,0,27.5,0,27.5,0,27.5,0,27.5,0,27.5,0,27.5,0,27.5,0,,,,
95486,,,,,,,,,,,,,,,,,,,,,
96024,5.9,5.9,0,5.9,0,5.9,0,5.9,0,5.9,0,6.8,-0.132,6.8,-0.132,6.8,-0.132,5,0.18,,
96075,6.8,6.8,0,6.8,0,6.8,0,6.8,0,6.8,0,6.8,0,6.8,0,6.8,0,5,0.36,4.7,0.447
97079,25.9,25.9,0,25.9,0,25.9,0,25.9,0,29.5,-0.122,29.9,-0.134,29.9,-0.134,29.9,-0.134,21.9,0.183,17.2,0.506
97160,,,,,,,,,,,,,,,,,,,,,
97177,,,,,,,,,,,,,,,,,,,,,
97215,61.9,61.9,0,61.9,0,61.9,0,61.9,0,61.9,0,59,0.0492,59,0.0492,59.5,0.0403,45.9,0.349,45.9,0.349
97267,59.9,59.9,0,59.9,0,59.9,0,59.9,0,59.9,0,57,0.0509,57,0.0509,57.5,0.0417,44.5,0.346,44.5,0.346
98719,29,29,0,29,0,29,0,29,0,29,0,29,0,29,0,29,0,25,0.16,20.5,0.415
98720,29,29,0,29,0,29,0,29,0,29,0,29,0,29,0,29,0,25,0.16,20.5,0.415
98723,29,29,0,29,0,29,0,29,0,29,0,29,0,29,0,29,0,25,0.16,20.5,0.415
100004,79.9,79.9,0,79.9,0,79.9,0,79.9,0,79.9,0,79.9,0,79.9,0,79.9,0,79.9,0,79.9,0
100005,57.9,57.9,0,57.9,0,57.9,0,57.9,0,57.9,0,57.9,0,57.9,0,57.9,0,57.9,0,57.9,0
100036,,,,,,,,,,,,,,,,,,,,,
100037,,,,,,,,,,,,,,,,,,,,,
100038,15.9,15.9,0,15.9,0,15.9,0,15.9,0,15.9,0,17.5,-0.0914,17.5,-0.0914,17.5,-0.0914,16.5,-0.0364,16.5,-0.0364
100042,5.9,5.9,0,5.9,0,5.9,0,5.9,0,5.9,0,7.2,-0.181,7.2,-0.181,7.2,-0.181,5.9,0,5.9,0
100043,5.8,5.8,0,5.8,0,5.8,0,5.8,0,5.8,0,7.2,-0.194,7.2,-0.194,7.2,-0.194,5.9,-0.0169,5.9,-0.0169
100044,81,81,0,81,0,81,0,81,0,81,0,81,0,81,0,81,0,81,0,81.5,-0.00613
100045,5.8,5.8,0,5.8,0,5.8,0,5.8,0,5.8,0,7.2,-0.194,7.2,-0.194,7.2,-0.194,5.9,-0.0169,5.9,-0.0169
100047,22.5,22.5,0,22.5,0,22.5,0,,,22.5,0,22.5,0,16,0.406,16,0.406,16,0.406,15,0.5
100048,,,,,,,,,,,,,,,,,,,,,
100049,22.5,22.5,0,22.5,0,22.5,0,22.5,0,22.5,0,19.5,0.154,22,0.0227,16,0.406,16,0.406,15.9,0.415
100055,,,,,,,,,,,,,,,,,,,,,
100056,53.5,53.5,0,53.5,0,53.5,0,53.5,0,53.5,0,53.5,0,53.5,0,53.5,0,48.8,0.0963,43.8,0.221
100057,,,,,,,,,,,,,,,,,,,,,
100058,,,,,,,,,,,,,,,,,,,,,
100059,45.9,45.9,0,45.9,0,45.9,0,45.9,0,,,45.9,0,45.9,0,45.9,0,31.3,0.466,30,0.53
100060,,,,,,,,,,,,,,,,,,,,,
100062,51,51,0,51,0,51,0,51,0,51,0,51,0,51,0,51,0,43.8,0.164,37.5,0.36
100063,,,,,,,,,,,,,,,,,,,,,
100064,51,51,0,51,0,51,0,51,0,51,0,51,0,51,0,51,0,43.8,0.164,,
100066,,,,,,,,,,,,,,,,,,,,,
100067,51,51,0,51,0,51,0,51,0,51,0,51,0,51,0,51,0,43.8,0.164,37.5,0.36
100069,119,119,0,,,,,119,0,138,-0.135,138,-0.135,138,-0.135,138,-0.135,122,-0.0246,122,-0.0246
100071,55.5,55.5,0,55.5,0,55.5,0,55.5,0,55.5,0,55.5,0,55.5,0,55.5,0,45.9,0.209,42.5,0.306
100074,,,,,,,,,,,,,,,,,,,,,
100078,,,,,,,,,,,,,,,,,,,,,
100079,,,,,,,,,,,,,,,,,,,,,
100080,,,,,,,,,,,,,,,,,,,,,
100081,35,35,0,35,0,35,0,35,0,35,0,35,0,26,0.346,26,0.346,26,0.346,23,0.522
100082,35,35,0,35,0,35,0,35,0,35,0,35,0,26,0.346,26,0.346,26,0.346,23,0.522
100083,35,35,0,35,0,35,0,35,0,35,0,,,,,26,0.346,26,0.346,23,0.522
100084,42,42,0,42,0,42,0,42,0,42,0,42,0,42,0,,,38,0.105,38,0.105
100085,42,42,0,42,0,42,0,42,0,42,0,42,0,42,0,42,0,38,0.105,38,0.105
100088,,,,,,,,,,,,,,,,,,,,,
100091,,,,,,,,,,,,,,,,,,,,,
100096,58,58,0,58,0,58,0,62.5,-0.072,48,0.208,62.5,-0.072,62.5,-0.072,62.5,-0.072,57.5,0.0087,50,0.16
100097,23.8,23.8,0,23.8,0,23.8,0,23.8,0,26.3,-0.0951,26.3,-0.0951,26.3,-0.0951,,,,,,
100098,58,58,0,58,0,58,0,62.5,-0.072,48,0.208,62.5,-0.072,62.5,-0.072,62.5,-0.072,57.5,0.0087,50,0.16
100099,23.8,23.8,0,23.8,0,23.8,0,23.8,0,26.3,-0.0951,26.3,-0.0951,26.3,-0.0951,26.3,-0.0951,26,-0.0846,,
100109,10,10,0,10,0,10,0,10,0,10,0,10,0,10,0,7,0.429,7,0.429,7,0.429
100145,,,,,,,,,,,,,,,,,,,,,
100148,23.8,23.8,0,23.8,0,23.8,0,23.8,0,26.3,-0.0951,26.3,-0.0951,26.3,-0.0951,26.3,-0.0951,26,-0.0846,25,-0.048
100149,54.4,54.4,0,54.4,0,54.4,0,54.4,0,62.5,-0.13,62.5,-0.13,62.5,-0.13,64,-0.15,57.5,-0.0539,52.5,0.0362
100153,17.5,17.5,0,17.5,0,17.5,0,17.5,0,17.5,0,17.5,0,,,,,14,0.25,,
100182,,,,,,,,,,,,,,,,,,,,,
100189,54.4,54.4,0,54.4,0,54.4,0,54.4,0,62.5,-0.13,62.5,-0.13,100,-0.456,62.5,-0.13,57.5,-0.0539,53.8,0.0112
100191,,,,,,,,,,,,,,,,,,,,,
100197,,,,,,,,,,,,,,,,,,,,,
100206,,,,,,,,,,,,,,,,,,,,,
100207,,,,,,,,,,,,,,,,,,,,,
100208,118,118,0,118,0,118,0,118,0,118,0,87,0.356,87,0.356,87,0.356,72,0.639,68,0.735
100209,120,120,0,120,0,120,0,120,0,120,0,88,0.364,88,0.364,88,0.364,74,0.622,70,0.714
100211,104,104,0,104,0,104,0,104,0,104,0,86,0.203,86,0.203,86,0.203,71.5,0.448,66,0.568
100212,104,104,0,104,0,104,0,104,0,,,87,0.195,87,0.195,87,0.195,71.5,0.455,67,0.552
100244,55,55,0,55,0,55,0,55,0,42.9,0.282,42.9,0.282,42.9,0.282,42.9,0.282,39.9,0.378,,
100267,58.5,58.5,0,58.5,0,58.5,0,58.5,0,58.5,0,58.5,0,58.5,0,58.5,0,48.5,0.206,45,0.3
100276,,,,,,,,,,,,,,,,,,,,,
100278,,,,,,,,,,,,,,,,,,,,,
100279,,,,,,,,,,,,,,,,,,,,,
100316,,,,,,,,,,,,,,,,,,,,,
100350,21,21,0,21,0,21,0,21,0,21,0,21,0,21,0,17.5,0.2,17.5,0.2,13,0.615
100357,,,,,,,,,,,,,,,,,,,,,
100360,799,799,0,799,0,799,0,799,0,799,0,799,0,799,0,,,,,,
100361,,,,,,,,,,,,,,,,,,,,,
100362,,,,,,,,,,,,,,,,,,,,,
100379,56,56,0,56,0,56,0,56,0,56,0,56,0,56,0,56,0,47.5,0.179,47.5,0.179
100384,6,6,0,6,0,6,0,6,0,6,0,6,0,6,0,6,0,6,0,6,0
100385,,,,,,,,,,,,,,,,,,,,,
100390,13.5,13.5,0,13.5,0,13.5,0,13.5,0,13.5,0,13.5,0,13.5,0,13.5,0,11.5,0.174,,
100396,19.5,19.5,0,19.5,0,19.5,0,19.5,0,19.5,0,,,19.5,0,19,0.0263,19,0.0263,,
100424,11.9,11.9,0,11.9,0,11.9,0,11.9,0,11.9,0,11.9,0,11.9,0,11.9,0,10.5,0.133,10.5,0.133
100426,11.9,11.9,0,11.9,0,11.9,0,11.9,0,11.9,0,11.9,0,11.9,0,11.9,0,11.2,0.0625,,
100427,11.9,11.9,0,11.9,0,11.9,0,11.9,0,11.9,0,11.9,0,11.9,0,11.9,0,10.5,0.133,10.5,0.133
100428,11.9,11.9,0,11.9,0,11.9,0,11.9,0,11.9,0,11.9,0,11.9,0,11.9,0,10.5,0.133,10.5,0.133
100475,,,,,,,,,,,,,,,,,,,,,
100480,,,,,,,,,,,,,,,,,,,,,
100496,215,215,0,215,0,215,0,215,0,215,0,215,0,215,0,,,,,,
100504,15,15,0,15,0,15,0,15,0,15,0,15,0,15,0,12.5,0.2,12.5,0.2,12.5,0.2
100505,30,30,0,30,0,30,0,30,0,30,0,30,0,30,0,30,0,30,0,30,0
100514,59,59,0,59,0,59,0,59,0,59,0,59,0,,,,,52,0.135,52,0.135
100567,14.5,14.5,0,14.5,0,14.5,0,14.5,0,14.5,0,14.5,0,14.5,0,14.5,0,13,0.115,13,0.115
100576,123,123,0,123,0,123,0,123,0,123,0,123,0,123,0,123,0,68,0.809,68,0.809
100577,123,123,0,123,0,123,0,123,0,123,0,123,0,123,0,123,0,68,0.809,68,0.809
100590,13.9,13.9,0,13.9,0,13.9,0,13.9,0,13.9,0,13.9,0,13.9,0,13.9,0,13.9,0,13.9,0
100592,54,54,0,54,0,54,0,54,0,54,0,49,0.102,49,0.102,49,0.102,49,0.102,41.5,0.301
100593,,,,,,,,,,,,,,,,,,,,,
100594,20.5,20.5,0,20.5,0,20.5,0,20.5,0,20.5,0,20.5,0,20.5,0,20.5,0,20,0.025,19.5,0.0513
100595,23,23,0,23,0,23,0,23,0,23,0,23,0,23,0,23,0,20,0.15,20,0.15
100596,,,,,,,,,,,,,,,,,,,,,
100602,13.9,13.9,0,13.9,0,13.9,0,13.9,0,13.9,0,18,-0.228,18,-0.228,18,-0.228,14,-0.00714,12,0.158
100604,43,43,0,43,0,43,0,43,0,43,0,43,0,43,0,43,0,25,0.72,25,0.72
100615,,,,,,,,,,,,,,,,,,,,,
100620,,,,,,,,,,,,,,,,,,,,,
100621,,,,,,,,,,,,,,,,,,,,,
100622,,,,,,,,,,,,,,,,,,,,,
100623,155,155,0,155,0,155,0,155,0,155,0,155,0,155,0,155,0,150,0.0333,150,0.0333
100624,,,,,,,,,,,,,,,,,,,,,
100625,15.5,15.5,0,15.5,0,15.5,0,15.5,0,15.5,0,15.5,0,15.5,0,15.5,0,11,0.409,9.5,0.632
100626,,,,,,,,,,,,,,,,,,,,,
100630,7.5,7.5,0,7.5,0,7.5,0,7.5,0,7.5,0,7.5,0,7.5,0,7.5,0,5.9,0.271,5.6,0.339
100638,27.5,27.5,0,27.5,0,27.5,0,27.5,0,27.5,0,27.5,0,27.5,0,27.5,0,26.5,0.0377,24.4,0.127
100642,25.5,25.5,0,25.5,0,25.5,0,25.5,0,25.5,0,22.9,0.114,27.5,-0.0727,27.5,-0.0727,26.5,-0.0377,24.4,0.0451
100643,,,,,,,,,,,,,,,,,,,,,
100644,320,320,0,320,0,320,0,320,0,320,0,320,0,320,0,320,0,220,0.455,220,0.455
100646,39.5,39.5,0,39.5,0,39.5,0,39.5,0,39.5,0,39.5,0,39.5,0,39.5,0,22.7,0.74,18.9,1.09
100647,78.5,78.5,0,78.5,0,78.5,0,78.5,0,78.5,0,78.5,0,78.5,0,,,,,,
100648,78.5,78.5,0,78.5,0,78.5,0,78.5,0,78.5,0,78.5,0,78.5,0,78.5,0,60,0.308,49,0.602
100654,25.5,25.5,0,25.5,0,25.5,0,25.5,0,25.5,0,25.5,0,25.5,0,25.5,0,16.7,0.527,14.5,0.759
100675,78.5,78.5,0,78.5,0,78.5,0,78.5,0,78.5,0,78.5,0,78.5,0,,,,,,
100678,,,,,,,,,,,,,,,,,,,,,
100693,32.5,32.5,0,32.5,0,32.5,0,32.5,0,32.5,0,32.5,0,32.5,0,32.5,0,19.5,0.667,17,0.912
100697,8.7,8.7,0,8.7,0,8.7,0,8.7,0,8.7,0,8.7,0,8.7,0,,,8.7,0,8.7,0
100723,51,51,0,51,0,51,0,51,0,51,0,51,0,51,0,51,0,42.5,0.2,39,0.308
100732,68,68,0,68,0,68,0,68,0,68,0,68,0,68,0,68,0,68,0,,
100734,39.5,39.5,0,39.5,0,39.5,0,39.5,0,39.5,0,39.5,0,39.5,0,39.5,0,26.5,0.491,22,0.795
100758,11.5,11.5,0,11.5,0,11.5,0,11.5,0,11.5,0,11.5,0,11.5,0,10.5,0.0952,10,0.15,10,0.15
100761,11.5,11.5,0,11.5,0,11.5,0,11.5,0,11.5,0,11.5,0,11.5,0,10.5,0.0952,10,0.15,10,0.15
100763,,,,,,,,,,,,,,,,,,,,,
100764,,,,,,,,,,,,,,,,,,,,,
100765,,,,,,,,,,,,,,,,,,,,,
100766,,,,,,,,,,,,,,,,,,,,,
100768,,,,,,,,,,,,,,,,,,,,,
100778,,,,,,,,,,,,,,,,,,,,,
100807,,,,,,,,,,,,,,,,,,,,,
100812,,,,,,,,,,,,,,,,,,,,,
100813,,,,,,,,,,,,,,,,,,,,,
100815,,,,,,,,,,,,,,,,,,,,,
100818,33.5,33.5,0,33.5,0,33.5,0,33.5,0,33.5,0,33.5,0,33.5,0,33.5,0,31,0.0806,26,0.288
100820,,,,,,,,,,,,,,,,,,,,,
100835,26.5,26.5,0,26.5,0,26.5,0,26.5,0,26.5,0,22.4,0.183,22.4,0.183,20,0.325,20,0.325,19,0.395
100836,20.7,20.7,0,20.7,0,20.7,0,20.7,0,20.7,0,20.7,0,20.7,0,18.5,0.119,18.5,0.119,18.5,0.119
100849,,,,,,,,,,,,,,,,,,,,,
100926,,,,,,,,,,,,,,,,,,,,,
100927,,,,,,,,,,,,,,,,,,,,,
100928,,,,,,,,,,,,,,,,,,,,,
100929,,,,,,,,,,,,,,,,,,,,,
100930,,,,,,,,,,,,,,,,,,,,,
100965,,,,,,,,,,,,,,,,,,,,,
100966,,,,,,,,,,,,,,,,,,,,,
100969,,,,,,,,,,,,,,,,,,,,,
100975,,,,,,,,,,,,,,,,,,,,,
100976,13.5,13.5,0,13.5,0,13.5,0,13.5,0,13.5,0,13.5,0,13.5,0,,,13.5,0,,
100977,240,240,0,240,0,240,0,240,0,240,0,240,0,240,0,240,0,155,0.548,,
100979,112,112,0,112,0,112,0,112,0,112,0,112,0,112,0,112,0,68.5,0.642,62.5,0.8
100980,112,112,0,112,0,112,0,112,0,112,0,112,0,112,0,112,0,68.5,0.642,62.5,0.8
100997,,,,,,,,,,,,,,,,,,,,,
101006,,,,,,,,,,,,,,,,,,,,,
101011,,,,,,,,,,,,,,,,,,,,,
101061,,,,,,,,,,,,,,,,,,,,,
101063,89,89,0,89,0,89,0,89,0,95,-0.0632,95,-0.0632,99,-0.101,130,-0.317,92.4,-0.0368,79.9,0.114
101064,20.5,20.5,0,20.5,0,20.5,0,20.5,0,20.5,0,20.5,0,,,,,,,,
101065,23,23,0,23,0,23,0,23,0,23,0,23,0,,,,,,,18.5,0.243
101066,24.5,24.5,0,24.5,0,24.5,0,24.5,0,24.5,0,24.5,0,,,,,,,,
101070,20.9,20.9,0,20.9,0,20.9,0,20.9,0,20.9,0,25.5,-0.18,25.5,-0.18,25.5,-0.18,18.5,0.13,16.9,0.237
101094,64.9,64.9,0,64.9,0,64.9,0,64.9,0,51.9,0.25,64.9,0,64.9,0,64.9,0,44.9,0.445,41.9,0.549
101096,,,,,,,,,,,,,,,,,,,,,
101103,,,,,,,,,,,,,,,,,,,,,
101116,,,,,,,,,,,,,,,,,,,,,
101117,,,,,,,,,,,,,,,,,,,,,
101119,,,,,,,,,,,,,,,,,,,,,
101170,389,389,0,389,0,389,0,389,0,389,0,309,0.259,309,0.259,309,0.259,299,0.301,299,0.301
101172,,,,,,,,,,,,,,,,,,,,,
101173,18.1,18.1,0,18.1,0,18.1,0,18.1,0,18.1,0,18.1,0,18.1,0,18.1,0,13.5,0.341,12,0.508
101174,,,,,,,,,,,,,,,,,,,,,
101189,19.5,19.5,0,19.5,0,19.5,0,19.5,0,,,19.5,0,19.5,0,,,,,,
101190,27.5,27.5,0,27.5,0,27.5,0,27.5,0,27.5,0,27.5,0,27.5,0,27.5,0,23.5,0.17,23.5,0.17
101199,25.5,25.5,0,25.5,0,25.5,0,25.5,0,25.5,0,29.5,-0.136,29.5,-0.136,29.5,-0.136,20.9,0.22,19.5,0.308
101204,25.5,25.5,0,25.5,0,25.5,0,25.5,0,25.5,0,30.5,-0.164,30.5,-0.164,30.5,-0.164,20.9,0.22,19.5,0.308
101205,12.5,12.5,0,12.5,0,12.5,0,12.5,0,11.5,0.087,15.5,-0.194,15.5,-0.194,15.5,-0.194,10.9,0.147,10,0.25
101206,15.5,15.5,0,15.5,0,15.5,0,15.5,0,15.5,0,18.5,-0.162,18.5,-0.162,18.5,-0.162,12.5,0.24,11.5,0.348
101207,15.5,15.5,0,15.5,0,15.5,0,15.5,0,15.5,0,18.5,-0.162,18.5,-0.162,18.5,-0.162,12.5,0.24,11.5,0.348
101222,,,,,,,,,,,,,,,,,,,,,
101226,43.5,43.5,0,43.5,0,43.5,0,43.5,0,43.5,0,43.5,0,43.5,0,43.5,0,43.5,0,43.5,0
101228,47,47,0,47,0,47,0,47,0,47,0,47,0,47,0,50.5,-0.0693,39.5,0.19,35.3,0.331
101229,43.8,43.8,0,43.8,0,43.8,0,43.8,0,43.8,0,43.8,0,43.8,0,47.3,-0.074,36.9,0.187,34.6,0.266
101230,43.8,43.8,0,43.8,0,43.8,0,43.8,0,43.8,0,43.8,0,,,47.3,-0.074,36.9,0.187,34.6,0.266
101234,80.9,80.9,0,80.9,0,80.9,0,104,-0.218,80.9,0,104,-0.218,104,-0.218,104,-0.218,81,-0.00123,71.5,0.131
101235,42.5,42.5,0,42.5,0,42.5,0,42.5,0,42.5,0,42.5,0,,,45.4,-0.0639,36.5,0.164,,
101236,42.5,42.5,0,42.5,0,42.5,0,42.5,0,42.5,0,42.5,0,42.5,0,45.4,-0.0639,36.5,0.164,31.9,0.332
101237,,,,,,,,,,,,,,,,,,,,,
101244,39,39,0,39,0,39,0,39,0,39,0,39,0,39,0,39,0,30,0.3,30,0.3
101245,19.5,19.5,0,19.5,0,19.5,0,19.5,0,19.5,0,19.5,0,19.5,0,19.5,0,17.5,0.114,17,0.147
101246,,,,,,,,,,,,,,,,,,,,,
101247,,,,,,,,,,,,,,,,,,,,,
101248,,,,,,,,,,,,,,,,,,,,,
101249,43.8,43.8,0,43.8,0,43.8,0,43.8,0,43.8,0,43.8,0,43.8,0,47.3,-0.074,36.9,0.187,34.6,0.266
101260,,,,,,,,,,,,,,,,,,,,,
101270,195,195,0,195,0,195,0,195,0,195,0,195,0,193,0.0104,177,0.102,160,0.219,146,0.331
101273,13.5,13.5,0,13.5,0,13.5,0,13.5,0,13.5,0,13.5,0,13.5,0,12.5,0.08,11,0.227,11,0.227
101279,60.8,60.8,0,60.8,0,60.8,0,60.8,0,60.8,0,60.8,0,60.8,0,60.8,0,41.4,0.469,35.1,0.732
101281,4.5,4.5,0,4.5,0,4.5,0,4.5,0,4.5,0,4.5,0,4.5,0,4.5,0,3.5,0.286,3.5,0.286
101282,,,,,,,,,,,,,,,,,,,,,
101285,19.9,19.9,0,19.9,0,19.9,0,19.9,0,19.9,0,19.9,0,19.9,0,25.9,-0.232,26,-0.235,26,-0.235
101292,,,,,,,,,,,,,,,,,,,,,
101295,,,,,,,,,,,,,,,,,,,,,
101296,,,,,,,,,,,,,,,,,,,,,
101297,,,,,,,,,,,,,,,,,,,,,
101298,,,,,,,,,,,,,,,,,,,,,
101299,,,,,,,,,,,,,,,,,,,,,
101300,,,,,,,,,,,,,,,,,,,,,
101301,,,,,,,,,,,,,,,,,,,,,
101302,24.1,24.1,0,24.1,0,,,,,24.1,0,,,24.1,0,24.1,0,21.8,0.106,21.8,0.106
101307,76.5,76.5,0,76.5,0,76.5,0,76.5,0,76.5,0,76.5,0,76.5,0,75,0.02,,,,
101308,125,125,0,125,0,125,0,125,0,125,0,125,0,125,0,125,0,76.5,0.634,76.5,0.634
101309,,,,,,,,,,,,,,,,,,,,,
101312,46,46,0,46,0,46,0,46,0,46,0,46,0,54,-0.148,54,-0.148,36,0.278,34.5,0.333
101313,46,46,0,46,0,46,0,46,0,46,0,46,0,54,-0.148,54,-0.148,37.5,0.227,35.5,0.296
101319,,,,,,,,,,,,,,,,,,,,,
101326,29,29,0,29,0,29,0,29,0,29,0,29,0,29,0,29,0,25,0.16,25,0.16
101329,,,,,,,,,,,,,,,,,,,,,
101330,,,,,,,,,,,,,,,,,,,,,
101331,118,118,0,118,0,118,0,118,0,118,0,113,0.0443,126,-0.0643,126,-0.0635,100,0.179,100,0.179
101335,,,,,,,,,,,,,,,,,,,,,
101348,9,9,0,9,0,9,0,9,0,9,0,9,0,9,0,7.5,0.2,7.5,0.2,7.5,0.2
101349,5,5,0,5,0,5,0,5,0,5,0,5,0,5,0,4.6,0.087,4,0.25,4,0.25
101350,20.5,20.5,0,20.5,0,20.5,0,22,-0.0682,22,-0.0682,22,-0.0682,22,-0.0682,20,0.025,20,0.025,20,0.025
101351,7.5,7.5,0,7.5,0,7.5,0,7.5,0,7.5,0,7.5,0,7.5,0,6.5,0.154,5.8,0.293,5.8,0.293
101352,7,7,0,7,0,7,0,7,0,7,0,7,0,7,0,6,0.167,5.3,0.321,5.3,0.321
101353,5,5,0,5,0,5,0,5,0,5,0,5,0,5,0,4.6,0.087,4,0.25,4,0.25
101355,10.5,10.5,0,10.5,0,10.5,0,11,-0.0455,11,-0.0455,11,-0.0455,11,-0.0455,10,0.05,10,0.05,10,0.05
101356,50,50,0,50,0,50,0,50,0,50,0,50,0,50,0,37.5,0.333,35,0.429,35,0.429
101357,32.5,32.5,0,32.5,0,32.5,0,35,-0.0714,35,-0.0714,35,-0.0714,35,-0.0714,30,0.0833,27.5,0.182,27.5,0.182
101358,69.5,69.5,0,69.5,0,69.5,0,69.5,0,69.5,0,69.5,0,69.5,0,57,0.219,57,0.219,57,0.219
101359,7,7,0,7,0,7,0,7,0,7,0,7,0,7,0,4.6,0.522,4,0.75,4,0.75
101360,2.9,2.9,0,2.9,0,2.9,0,2.9,0,2.9,0,2.9,0,2.9,0,2.9,0,2.7,0.0741,2.7,0.0741
101375,24.5,24.5,0,24.5,0,24.5,0,24.5,0,24.5,0,24.5,0,24.5,0,27.5,-0.109,16.4,0.494,,
101382,,,,,,,,,,,,,,,,,,,,,
101400,25.5,25.5,0,25.5,0,25.5,0,25.5,0,25.5,0,25.5,0,25.5,0,16.5,0.545,,,12.5,1.04
101401,62,62,0,62,0,62,0,62,0,62,0,62,0,62,0,,,,,,
101403,27,27,0,27,0,27,0,27,0,27,0,27,0,27,0,27,0,22.5,0.2,20,0.35
101404,20.5,20.5,0,20.5,0,20.5,0,20.5,0,20.5,0,22.9,-0.105,28,-0.268,28,-0.268,22.5,-0.0889,20,0.025
101405,28,28,0,28,0,28,0,28,0,28,0,28,0,28,0,28,0,22.5,0.244,20,0.4
101406,28,28,0,28,0,28,0,28,0,28,0,28,0,28,0,28,0,22.5,0.244,20,0.4
101412,,,,,,,,,,,,,,,,,,,,,
101413,,,,,,,,,,,,,,,,,,,,,
101414,61.5,61.5,0,61.5,0,61.5,0,61.5,0,61.5,0,61.5,0,61.5,0,50,0.23,,,,
101415,149,149,0,149,0,149,0,149,0,149,0,149,0,149,0,140,0.0643,129,0.155,129,0.155
101417,,,,,,,,,,,,,,,,,,,,,
101418,39.9,39.9,0,39.9,0,39.9,0,39.9,0,39.9,0,39.9,0,39.9,0,21.5,0.856,21.5,0.856,21.5,0.856
101419,93,93,0,93,0,93,0,93,0,93,0,93,0,93,0,49.5,0.879,49.5,0.879,49.5,0.879
101420,,,,,,,,,,,,,,,,,,,,,
101421,53,53,0,53,0,53,0,53,0,53,0,53,0,,,,,,,29.5,0.797
101422,21.5,21.5,0,21.5,0,21.5,0,21.5,0,21.5,0,21.5,0,21.5,0,21.5,0,21.5,0,21.5,0
101423,70,70,0,70,0,70,0,70,0,70,0,70,0,70,0,43,0.628,43,0.628,43,0.628
101427,10.5,10.5,0,10.5,0,10.5,0,10.5,0,10.5,0,15.5,-0.323,15.5,-0.323,15.5,-0.323,11,-0.0455,9.5,0.105
101429,,,,,,,,,,,,,,,,,,,,,
101455,,,,,,,,,,,,,,,,,,,,,
101459,,,,,,,,,,,,,,,,,,,,,
101475,75.6,75.6,0,75.6,0,75.6,0,75.6,0,75.6,0,75.6,0,75.6,0,75.6,0,51.6,0.465,51.6,0.465
101479,42,42,0,42,0,42,0,42,0,42,0,42,0,42,0,,,,,32,0.312
101482,24.5,24.5,0,24.5,0,24.5,0,24.5,0,24.5,0,24.5,0,24.5,0,24.5,0,19,0.289,17.8,0.376
101484,39.5,39.5,0,39.5,0,39.5,0,39.5,0,39.5,0,39.5,0,39.5,0,32.5,0.215,27.5,0.436,27.5,0.436
101485,39.5,39.5,0,39.5,0,39.5,0,39.5,0,39.5,0,39.5,0,39.5,0,32.5,0.215,27.5,0.436,27.5,0.436
101490,7.9,7.9,0,7.9,0,7.9,0,7.9,0,7.9,0,8.5,-0.0706,8.5,-0.0706,8,-0.0125,7,0.129,6.3,0.254
101491,31.8,31.8,0,31.8,0,31.8,0,31.8,0,31.8,0,31.8,0,31.8,0,,,,,,
101495,11.1,11.1,0,11.1,0,11.1,0,11.1,0,11.1,0,11.1,0,11.1,0,8.9,0.247,8.4,0.321,7.6,0.461
101499,,,,,,,,,,,,,,,,,,,,,
101505,19.2,19.2,0,19.2,0,19.2,0,19.2,0,19.2,0,19.2,0,19.2,0,,,,,,
101506,,,,,,,,,,,,,,,,,,,,,
101507,,,,,,,,,,,,,,,,,,,,,
101509,,,,,,,,,,,,,,,,,,,,,
101511,10.5,10.5,0,10.5,0,10.5,0,10.5,0,10.5,0,10.5,0,10.5,0,10,0.05,10,0.05,10,0.05
101512,9,9,0,9,0,9,0,9,0,9,0,9,0,9,0,9,0,9,0,9,0
101515,,,,,,,,,,,,,,,,,,,,,
101517,,,,,,,,,,,,,,,,,,,,,
101518,,,,,,,,,,,,,,,,,,,,,
101520,47,47,0,47,0,47,0,47,0,46.9,0.00213,45.5,0.033,44.9,0.0468,78,-0.397,36.1,0.302,28.1,0.673
101530,,,,,,,,,,,,,,,,,,,,,
101531,62,62,0,62,0,62,0,62,0,62,0,62,0,101,-0.387,101,-0.387,68.5,-0.0949,55.5,0.117
101533,23,23,0,,,23,0,23,0,23,0,19,0.211,23,0,23,0,18,0.278,18,0.278
101534,23,23,0,23,0,23,0,23,0,23,0,23,0,23,0,23,0,18,0.278,18,0.278
101535,,,,,,,,,,,,,,,,,,,,,
101537,23,23,0,,,23,0,23,0,23,0,19,0.211,23,0,23,0,18,0.278,18,0.278
101538,14.3,14.3,0,14.3,0,14.3,0,14.3,0,14.3,0,14.3,0,14.3,0,14.3,0,10.5,0.362,9.5,0.505
101541,,,,,,,,,,,,,,,,,,,,,
101548,10.2,10.2,0,10.2,0,10.2,0,10.2,0,10.2,0,10.2,0,10.2,0,10.2,0,7.5,0.36,7.5,0.36
101549,9.2,9.2,0,9.2,0,9.2,0,9.2,0,9.2,0,9.2,0,9.2,0,9.2,0,6.5,0.415,6.5,0.415
101551,,,,,,,,,,,,,,,,,,,,,
101553,135,135,0,135,0,135,0,135,0,135,0,135,0,135,0,135,0,139,-0.0288,139,-0.0288
101554,,,,,,,,,,,,,,,,,,,,,
101555,17.5,17.5,0,17.5,0,17.5,0,17.5,0,17.5,0,,,,,,,,,,
101560,60.8,60.8,0,60.8,0,60.8,0,60.8,0,60.8,0,60.8,0,60.8,0,60.8,0,41.4,0.469,35.1,0.732
101561,60.8,60.8,0,60.8,0,60.8,0,60.8,0,60.8,0,60.8,0,60.8,0,60.8,0,41.4,0.469,35.1,0.732
101564,23,23,0,23,0,23,0,23,0,23,0,23,0,23,0,,,18,0.278,18,0.278
101567,16,16,0,,,16,0,16,0,16,0,16,0,16,0,15,0.0667,13.5,0.185,13.5,0.185
101568,,,,,,,,,,,,,,,,,,,,,
101569,13,13,0,13,0,13,0,13,0,13,0,13,0,13,0,13,0,13,0,11.5,0.13
101576,25,25,0,25,0,25,0,25,0,25,0,25,0,25,0,25,0,20.5,0.22,19.5,0.282
101583,204,204,0,204,0,204,0,204,0,204,0,204,0,204,0,204,0.00245,165,0.239,152,0.345
101585,98,98,0,98,0,98,0,98,0,98,0,98,0,98,0,98,0,98,0,96,0.0208
101586,26,26,0,26,0,26,0,26,0,26,0,26,0,26,0,26,0,26,0,26,0
101587,24.5,24.5,0,24.5,0,24.5,0,24.5,0,24.5,0,19.5,0.256,19.5,0.256,19.5,0.256,19.5,0.256,18.5,0.324
101599,12,12,0,12,0,12,0,12,0,12,0,12,0,,,12,0,,,,
101619,,,,,,,,,,,,,,,,,,,,,
101620,8.5,8.5,0,8.5,0,8.5,0,8.5,0,8.5,0,8.5,0,9.8,-0.133,9.8,-0.133,6.5,0.308,4.6,0.848
101621,8.5,8.5,0,8.5,0,8.5,0,8.5,0,8.5,0,8.5,0,9.8,-0.133,9.8,-0.133,6.5,0.308,6.5,0.308
101622,8.5,8.5,0,8.5,0,8.5,0,8.5,0,8.5,0,8.5,0,9.8,-0.133,9.8,-0.133,6.5,0.308,6.5,0.308
101623,8.5,8.5,0,8.5,0,8.5,0,8.5,0,8.5,0,8.5,0,9.8,-0.133,9.8,-0.133,6.5,0.308,6.5,0.308
101635,43.5,43.5,0,43.5,0,43.5,0,43.5,0,43.5,0,49.9,-0.128,56,-0.223,56,-0.223,43.5,0,37.5,0.16
101643,11.9,11.9,0,11.9,0,11.9,0,11.9,0,11.9,0,11.9,0,11.9,0,11.9,0,11.9,0,11.9,0
101644,,,,,,,,,,,,,,,,,,,,,
101650,,,,,,,,,,,,,,,,,,,,,
101651,16,16,0,16,0,16,0,16,0,12.5,0.28,12.5,0.28,,,16,0,14.4,0.111,13.5,0.185
101652,16,16,0,16,0,16,0,16,0,12.5,0.28,12.5,0.28,12.5,0.28,16,0,14.4,0.111,13.5,0.185
101653,16,16,0,16,0,16,0,16,0,12.5,0.28,12.5,0.28,12.5,0.28,,,14.4,0.111,13.5,0.185
101662,,,,,,,,,,,,,,,,,,,,,
101666,,,,,,,,,,,,,,,,,,,,,
101667,,,,,,,,,,,,,,,,,,,,,
101670,57.5,57.5,0,57.5,0,57.5,0,57.5,0,57.5,0,57.5,0,57.5,0,57.5,0,51,0.127,,
101672,,,,,,,,,,,,,,,,,,,,,
101673,,,,,,,,,,,,,,,,,,,,,
101682,7,7,0,7,0,7,0,8,-0.125,8,-0.125,8,-0.125,8,-0.125,8.5,-0.176,6.5,0.0769,6.8,0.0294
101683,,,,,,,,,,,,,,,,,,,,,
101684,,,,,,,,,,,,,,,,,,,,,
101685,,,,,,,,,,,,,,,,,,,,,
101686,17.5,17.5,0,17.5,0,17.5,0,17.5,0,17.5,0,,,,,13.7,0.277,,,,
101688,,,,,,,,,,,,,,,,,,,,,
101689,,,,,,,,,,,,,,,,,,,,,
101690,,,,,,,,,,,,,,,,,,,,,
101691,,,,,,,,,,,,,,,,,,,,,
101692,84.2,84.2,0,84.2,0,84.2,0,84.2,0,84.2,0,84.2,0,84.2,0,83.8,0.00477,70.9,0.188,64,0.316
101693,40.3,40.3,0,40.3,0,40.3,0,40.3,0,40.3,0,40.3,0,40.3,0,43.3,-0.0693,33,0.221,30,0.343
101695,8,8,0,8,0,8,0,9,-0.111,9,-0.111,9,-0.111,9,-0.111,10.8,-0.259,7.8,0.0256,7.8,0.0256
101699,10.5,10.5,0,10.5,0,10.5,0,10.5,0,10.5,0,,,,,,,7.6,0.382,6.9,0.522
101700,172,172,0,172,0,172,0,172,0,172,0,172,0,172,0,172,0,109,0.578,109,0.578
101703,,,,,,,,,,,,,,,,,,,,,
101704,,,,,,,,,,,,,,,,,,,,,
101707,19,19,0,19,0,19,0,19,0,19,0,19,0,16.5,0.152,16.5,0.152,16,0.188,16,0.188
101708,10.5,10.5,0,10.5,0,10.5,0,10.5,0,10.5,0,,,,,10.5,0,9.5,0.105,,
101709,20,20,0,20,0,20,0,20,0,20,0,,,,,20,0,17.5,0.143,,
101711,16,16,0,16,0,16,0,16,0,,,16,0,16,0,16,0,13.4,0.194,,
101712,,,,,,,,,,,,,,,,,,,,,
101714,17,17,0,17,0,17,0,17,0,17,0,17,0,17,0,17,0,14.5,0.172,14,0.214
101715,13,13,0,13,0,13,0,13,0,13,0,,,,,12.8,0.0156,11.5,0.13,,
101722,,,,,,,,,,,,,,,,,,,,,
101729,,,,,,,,,,,,,,,,,,,,,
101739,,,,,,,,,,,,,,,,,,,,,
101741,15.5,15.5,0,15.5,0,15.5,0,15.5,0,15.5,0,15.5,0,15.5,0,14.5,0.069,13.5,0.148,13.5,0.148
101742,15.5,15.5,0,15.5,0,15.5,0,15.5,0,15.5,0,15.5,0,15.5,0,14.5,0.069,13.5,0.148,13.5,0.148
101754,25.5,25.5,0,25.5,0,25.5,0,25.5,0,25.5,0,25.5,0,25.5,0,25.5,0,21,0.214,,
101755,,,,,,,,,,,,,,,,,,,,,
101758,,,,,,,,,,,,,,,,,,,,,
101763,12,12,0,12,0,12,0,12,0,12,0,10.5,0.143,10.5,0.143,10.5,0.143,10,0.2,8.7,0.379
101764,29.5,29.5,0,29.5,0,29.5,0,29.5,0,29.5,0,27,0.0926,27,0.0926,27,0.0926,24.5,0.204,22.5,0.311
101804,,,,,,,,,,,,,,,,,,,,,
101807,37.5,37.5,0,37.5,0,37.5,0,37.5,0,37.5,0,37.5,0,37.5,0,,,,,,
101808,,,,,,,,,,,,,,,,,,,,,
101831,40.5,40.5,0,40.5,0,40.5,0,40.5,0,40.5,0,40.5,0,40.5,0,34,0.191,34,0.191,34,0.191
101832,40.5,40.5,0,40.5,0,40.5,0,40.5,0,40.5,0,40.5,0,40.5,0,34,0.191,34,0.191,34,0.191
101833,40.5,40.5,0,40.5,0,40.5,0,40.5,0,40.5,0,40.5,0,40.5,0,34,0.191,34,0.191,34,0.191
101834,45.5,45.5,0,45.5,0,45.5,0,45.5,0,45.5,0,45.5,0,45.5,0,39,0.167,39,0.167,39,0.167
101835,40.5,40.5,0,40.5,0,40.5,0,40.5,0,40.5,0,40.5,0,40.5,0,34,0.191,34,0.191,34,0.191
101836,40.5,40.5,0,40.5,0,40.5,0,40.5,0,40.5,0,40.5,0,40.5,0,34,0.191,34,0.191,34,0.191
101837,40.5,40.5,0,40.5,0,40.5,0,40.5,0,40.5,0,40.5,0,40.5,0,34,0.191,34,0.191,34,0.191
101838,,,,,,,,,,,,,,,,,,,,,
101839,,,,,,,,,,,,,,,,,,,,,
101843,72.5,72.5,0,72.5,0,72.5,0,72.5,0,72.5,0,72.5,0,72.5,0,68.5,0.0584,65,0.115,65,0.115
101848,152,152,0,152,0,152,0,152,0,152,0,152,0,,,152,0,125,0.216,125,0.216
101849,74,74,0,74,0,74,0,74,0,74,0,74,0,74,0,74,0,74,0,72.5,0.0207
101857,,,,,,,,,,,,,,,,,,,,,
101858,,,,,,,,,,,,,,,,,,,,,
101859,,,,,,,,,,,,,,,,,,,,,
101860,,,,,,,,,,,,,,,,,,,,,
101861,,,,,,,,,,,,,,,,,,,,,
101863,24,24,0,24,0,24,0,24,0,24,0,24,0,24,0,24,0,24,0,24,0
101865,11.5,11.5,0,11.5,0,11.5,0,11.5,0,11.5,0,11.5,0,11.5,0,11.5,0,10,0.15,9.9,0.162
101866,10.5,10.5,0,10.5,0,10.5,0,10.5,0,10.5,0,10.5,0,10.5,0,9.5,0.105,8.5,0.235,8,0.312
101870,,,,,,,,,,,,,,,,,,,,,
101872,114,114,0,114,0,114,0,114,0,114,0,114,0,114,0,114,0,74.3,0.528,66.9,0.697
101880,,,,,,,,,,,,,,,,,,,,,
101901,218,218,0,218,0,218,0,218,0,218,0,218,0,218,0,218,0,186,0.172,186,0.172
101902,123,123,0,123,0,123,0,123,0,123,0,123,0,123,0,123,0,111,0.108,111,0.108
101903,81,81,0,81,0,81,0,81,0,81,0,72.9,0.111,81,0,81,0,67.5,0.2,67.5,0.2
101904,69.9,69.9,0,69.9,0,69.9,0,69.9,0,69.9,0,81,-0.137,81,-0.137,81,-0.137,71,-0.0155,59.9,0.167
101905,218,218,0,218,0,218,0,218,0,218,0,218,0,218,0,218,0,186,0.172,186,0.172
101911,23,23,0,23,0,,,,,23,0,23,0,23,0,23,0,17.5,0.314,15,0.533
101915,12,12,0,12,0,12,0,12,0,12,0,12,0,12,0,9.5,0.263,9.5,0.263,8.5,0.412
101916,,,,,,,,,,,,,,,,,,,,,
101921,44.5,44.5,0,44.5,0,44.5,0,44.5,0,44.5,0,44.5,0,44.5,0,27,0.648,27,0.648,27,0.648
101923,10.9,10.9,0,10.9,0,10.9,0,10.9,0,10.9,0,13.8,-0.21,13.8,-0.21,13.8,-0.21,10.4,0.0481,8,0.363
101924,,,,,,,,,,,,,,,,,,,,,
101925,44.5,44.5,0,44.5,0,44.5,0,44.5,0,44.5,0,44.5,0,44.5,0,34,0.309,27,0.648,27,0.648
101926,46.9,46.9,0,46.9,0,46.9,0,46.9,0,46.9,0,46.9,0,46.9,0,33,0.421,27,0.737,27,0.737
101927,31,31,0,31,0,31,0,31,0,31,0,31,0,31,0,21.5,0.442,,,16.5,0.879
101928,31,31,0,31,0,31,0,31,0,31,0,31,0,31,0,22,0.409,,,16.5,0.879
101929,48,48,0,48,0,48,0,48,0,48,0,48,0,48,0,26,0.846,26,0.846,26,0.846
101930,48.9,48.9,0,48.9,0,48.9,0,48.9,0,48.9,0,48.9,0,48.9,0,37.5,0.304,27,0.811,27,0.811
101931,69.5,69.5,0,69.5,0,69.5,0,69.5,0,69.5,0,69.5,0,69.5,0,61.5,0.13,,,46,0.511
101932,,,,,,,,,,,,,,,,,,,,,
101933,70,70,0,70,0,70,0,70,0,70,0,70,0,70,0,46.5,0.505,46.5,0.505,46.5,0.505
101934,56,56,0,56,0,56,0,56,0,56,0,56,0,56,0,39,0.436,29.5,0.898,29.5,0.898
101935,61.5,61.5,0,61.5,0,61.5,0,61.5,0,61.5,0,61.5,0,61.5,0,46.5,0.323,,,35,0.757
101936,72.5,72.5,0,72.5,0,72.5,0,72.5,0,72.5,0,72.5,0,72.5,0,,,,,,
101937,57,57,0,57,0,57,0,57,0,57,0,57,0,57,0,,,,,28,1.04
101938,44,44,0,44,0,44,0,44,0,44,0,44,0,44,0,29,0.517,,,22,1
101939,44,44,0,44,0,44,0,44,0,44,0,44,0,44,0,29,0.517,,,22,1
101948,70,70,0,70,0,70,0,70,0,70,0,70,0,70,0,46.5,0.505,46.5,0.505,46.5,0.505
101950,212,212,0,212,0,212,0,212,0,212,0,212,0,213,-0.00141,260,-0.185,185,0.148,170,0.249
101953,,,,,,,,,,,,,,,,,,,,,
101954,7,7,0,7,0,7,0,7,0,7,0,7,0,7,0,,,6,0.167,5.5,0.273
101964,8,8,0,8,0,8,0,8,0,8,0,8,0,7.5,0.0667,7.5,0.0667,7.5,0.0667,7.5,0.0667
101979,15.5,15.5,0,15.5,0,15.5,0,15.5,0,15.5,0,15.5,0,15.5,0,,,,,,
101980,28,28,0,,,,,28,0,28,0,28,0,28,0,23.9,0.172,21.5,0.302,21.5,0.302
101983,,,,,,,,,,,,,,,,,,,,,
101984,51,51,0,51,0,51,0,51,0,51,0,51,0,53,-0.0377,53,-0.0377,39,0.308,29,0.759
101989,,,,,,,,,,,,,,,,,,,,,
101994,13.5,13.5,0,13.5,0,13.5,0,13.5,0,13.5,0,13.5,0,13.5,0,,,,,,
101995,148,148,0,148,0,148,0,148,0,148,0,148,0,148,0,148,0,132,0.121,128,0.156
101996,,,,,,,,,,,,,,,,,,,,,
101997,45,45,0,45,0,45,0,45,0,33.8,0.333,46,-0.0217,46,-0.0217,46,-0.0217,39.5,0.139,31,0.452
101998,,,,,,,,,,,,,,,,,,,,,
101999,45,45,0,45,0,45,0,45,0,34.5,0.304,46,-0.0217,46,-0.0217,46,-0.0217,39.5,0.139,31,0.452
102009,,,,,,,,,,,,,,,,,,,,,
102024,,,,,,,,,,,,,,,,,,,,,
102042,29.8,29.8,0,29.8,0,29.8,0,29.8,0,,,,,,,,,,,,
102046,182,182,0,182,0,182,0,182,0,182,0,148,0.227,182,0,182,0,146,0.247,137,0.327
102050,95.6,95.6,0,95.6,0,95.6,0,95.6,0,95.6,0,,,95.6,0,95.6,0,81.3,0.176,75,0.275
102057,89.9,89.9,0,89.9,0,89.9,0,89.9,0,89.9,0,98,-0.0827,98,-0.0827,93.5,-0.0385,93.5,-0.0385,74,0.215
102058,62.5,62.5,0,62.5,0,62.5,0,62.5,0,62.5,0,57.5,0.087,57.5,0.087,50,0.25,50,0.25,43,0.453
102059,110,110,0,110,0,110,0,110,0,110,0,101,0.0891,101,0.0891,90,0.222,90,0.222,80,0.375
102065,110,110,0,110,0,110,0,110,0,110,0,101,0.0891,101,0.0891,90,0.222,90,0.222,80,0.375
102066,110,110,0,110,0,110,0,110,0,110,0,101,0.0891,101,0.0891,90,0.222,90,0.222,80,0.375
102068,110,110,0,110,0,110,0,110,0,110,0,101,0.0891,101,0.0891,90,0.222,90,0.222,80,0.375
102069,62.5,62.5,0,62.5,0,62.5,0,62.5,0,62.5,0,57.5,0.087,57.5,0.087,50,0.25,50,0.25,43,0.453
102072,62.5,62.5,0,62.5,0,62.5,0,62.5,0,62.5,0,57.5,0.087,57.5,0.087,50,0.25,50,0.25,43,0.453
102073,62.5,62.5,0,62.5,0,62.5,0,62.5,0,62.5,0,57.5,0.087,57.5,0.087,50,0.25,50,0.25,43,0.453
102080,,,,,,,,,,,,,,,,,,,,,
102091,273,273,0,273,0,273,0,273,0,273,0,273,0,273,0,273,0,185,0.476,,
102093,85.6,85.6,0,85.6,0,85.6,0,85.6,0,85.6,0,85.6,0,85.6,0,85.6,0,70,0.223,,
102095,16.5,16.5,0,16.5,0,16.5,0,16.5,0,16.5,0,16.5,0,16.5,0,16.5,0,15.7,0.051,15.7,0.051
102097,23.5,23.5,0,23.5,0,23.5,0,23.5,0,23.5,0,23.5,0,23.5,0,17,0.382,14.2,0.655,14.2,0.655
102099,,,,,,,,,,,,,,,,,,,,,
102109,,,,,,,,,,,,,,,,,,,,,
102111,35.8,35.8,0,35.8,0,35.8,0,35.8,0,35.8,0,35.8,0,35.8,0,35.8,0,,,,
102118,31,31,0,31,0,31,0,31,0,31,0,31,0,31,0,31,0,25,0.24,25,0.24
102124,26.9,26.9,0,26.9,0,26.9,0,26.9,0,26.9,0,26.9,0,26.9,0,26.9,0,21,0.281,21,0.281
102125,6.5,6.5,0,6.5,0,6.5,0,6.5,0,6.5,0,6.5,0,6.5,0,6.5,0,5.5,0.182,5,0.3
102126,,,,,,,,,,,,,,,,,,,,,
102133,25.5,25.5,0,25.5,0,25.5,0,25.5,0,25.5,0,25.5,0,25.5,0,25.5,0,20,0.275,20,0.275
102134,31.9,31.9,0,31.9,0,31.9,0,31.9,0,31.9,0,31.9,0,,,,,24.5,0.302,24.5,0.302
102135,17,17,0,17,0,17,0,17,0,,,19.5,-0.128,19.5,-0.128,,,19.5,-0.128,,
102153,32,32,0,32,0,32,0,32,0,32,0,32,0,32,0,32,0,32,0,32,0
102154,67,67,0,67,0,67,0,67,0,67,0,67,0,67,0,67,0,49.5,0.354,46.5,0.441
102157,38,38,0,38,0,38,0,38,0,38,0,38,0,38,0,38,0,29,0.31,22.5,0.689
102163,109,109,0,109,0,109,0,109,0,109,0,109,0,,,109,0,51.6,1.11,50,1.18
102165,133,133,0,133,0,133,0,133,0,133,0,133,0,133,0,133,0,,,71,0.873
102169,,,,,,,,,,,,,,,,,,,,,
102176,16.5,16.5,0,16.5,0,16.5,0,16.5,0,16.5,0,16.5,0,16.5,0,16.5,0,16.5,0,16.5,0
102194,55.9,55.9,0,55.9,0,55.9,0,55.9,0,55.9,0,55.9,0,55.9,0,45.9,0.218,38.5,0.452,38.5,0.452
102197,2.39e+03,2.39e+03,0,2.39e+03,0,2.39e+03,0,2.39e+03,0,2.39e+03,0,2.39e+03,0,2.39e+03,0,1.69e+03,0.414,1.39e+03,0.721,1.39e+03,0.721
102201,65.4,65.4,0,65.4,0,65.4,0,65.4,0,65.4,0,65.4,0,,,70,-0.0657,55.6,0.176,49.8,0.313
102203,73,73,0,73,0,73,0,73,0,73,0,73,0,73,0,73,0,73,0,65.8,0.109
102206,,,,,,,,,,,,,,,,,,,,,
102213,,,,,,,,,,,,,,,,,,,,,
102250,,,,,,,,,,,,,,,,,,,,,
102351,108,108,0,108,0,108,0,108,0,,,,,,,,,,,,
102505,,,,,,,,,,,,,,,,,,,,,
102506,8,8,0,8,0,8,0,8,0,8,0,8,0,8,0,8,0,6.5,0.231,6.5,0.231
102507,8,8,0,8,0,8,0,8,0,8,0,8,0,8,0,8,0,6.5,0.231,6.5,0.231
102508,8,8,0,8,0,8,0,8,0,8,0,8,0,8,0,8,0,6.5,0.231,6.5,0.231
102509,20,20,0,20,0,20,0,20,0,20,0,20,0,20,0,20,0,15,0.333,15,0.333
102510,20,20,0,,,20,0,20,0,20,0,20,0,20,0,20,0,15,0.333,15,0.333
102511,20,20,0,,,20,0,20,0,20,0,20,0,20,0,20,0,15,0.333,,
102512,20,20,0,,,20,0,20,0,20,0,20,0,20,0,20,0,15,0.333,15,0.333
102541,,,,,,,,,,,,,,,,,,,,,
102573,,,,,,,,,,,,,,,,,,,,,
102775,6,6,0,6,0,6,0,6,0,6,0,6,0,6,0,,,,,,
102779,5,5,0,5,0,5,0,5,0,5,0,5,0,5,0,5,0,5,0,5,0
103020,129,129,0,129,0,129,0,129,0,129,0,129,0,129,0,129,0,96.2,0.341,75.7,0.704
103050,,,,,,,,,,,,,,,,,,,,,
103060,24,24,0,24,0,24,0,24,0,24,0,24,0,,,24,0,20.5,0.171,20.5,0.171
103061,75,75,0,75,0,75,0,75,0,56.2,0.333,75,0,75,0,75,0,62,0.21,59,0.271
103080,33.8,33.8,0,33.8,0,33.8,0,33.8,0,33.8,0,33.8,0,34,-0.00588,35.5,-0.0479,,,,
103512,,,,,,,,,,,,,,,,,,,,,
103905,21.7,21.7,0,21.7,0,21.7,0,27.1,-0.199,27.1,-0.199,27.2,-0.202,27.2,-0.202,26.6,-0.184,21.3,0.0188,,
103906,21.7,21.7,0,21.7,0,21.7,0,27.1,-0.199,27.1,-0.199,23,-0.0565,27.2,-0.202,26.6,-0.184,21.3,0.0188,19.6,0.107
103908,21.7,21.7,0,21.7,0,21.7,0,27.1,-0.199,27.1,-0.199,23,-0.0565,27.2,-0.202,26.6,-0.184,21.3,0.0188,,
103909,21.7,21.7,0,21.7,0,21.7,0,27.1,-0.199,27.1,-0.199,27.2,-0.202,27.2,-0.202,26.6,-0.184,21.3,0.0188,19.6,0.107
104006,,,,,,,,,,,,,,,,,,,,,
104010,16.2,16.2,0,,,,,16.2,0,,,16.2,0,16.2,0,,,14,0.157,14,0.157
104011,16.2,16.2,0,,,,,16.2,0,16.2,0,16.2,0,16.2,0,,,,,14,0.157
104012,,,,,,,,,,,,,,,,,,,,,
104013,16.2,16.2,0,16.2,0,16.2,0,16.2,0,16.2,0,16.2,0,16.2,0,16.2,0,13.9,0.165,13.9,0.165
104014,,,,,,,,,,,,,,,,,,,,,
104015,,,,,,,,,,,,,,,,,,,,,
104016,,,,,,,,,,,,,,,,,,,,,
104017,97,97,0,,,,,97,0,97,0,97,0,101,-0.0358,97,0,75,0.293,75,0.293
104018,97,97,0,97,0,97,0,97,0,97,0,97,0,97,0,97,0,75,0.293,75,0.293
104019,97,97,0,97,0,97,0,97,0,97,0,97,0,97,0,97,0,75,0.293,,
104061,188,188,0,188,0,188,0,188,0,188,0,188,0,208,-0.0938,208,-0.0938,,,,
104062,188,188,0,188,0,188,0,188,0,188,0,188,0,208,-0.0938,208,-0.0938,150,0.261,135,0.4
104063,124,124,0,124,0,124,0,124,0,124,0,,,136,-0.0952,,,97.5,0.267,,
104064,124,124,0,124,0,124,0,124,0,124,0,124,0,136,-0.0952,136,-0.0952,97.5,0.267,85.7,0.441
104067,74.7,74.7,0,74.7,0,74.7,0,74.7,0,74.7,0,74.7,0,80.6,-0.0732,80.6,-0.0732,58.5,0.277,51,0.465
104071,63.7,63.7,0,63.7,0,63.7,0,63.7,0,63.7,0,63.7,0,70.2,-0.0926,70.2,-0.0926,55.1,0.156,47.2,0.35
104090,43,43,0,43,0,43,0,43,0,43,0,43,0,43,0,,,29,0.483,29,0.483
104095,45,45,0,45,0,45,0,45,0,45,0,45,0,,,,,,,29,0.552
104157,,,,,,,,,,,,,,,,,,,,,
104210,188,188,0,188,0,188,0,188,0,188,0,188,0,188,0,237,-0.207,150,0.253,140,0.344
104211,,,,,,,,,,,,,,,,,,,,,
104217,9.9,9.9,0,9.9,0,9.9,0,9.9,0,9.9,0,9.9,0,9.9,0,9.9,0,7.3,0.356,6.2,0.597
104228,6.1,6.1,0,6.1,0,6.1,0,6.1,0,6.1,0,6.1,0,6.1,0,6,0.0167,,,3.7,0.649
104229,6.1,6.1,0,6.1,0,6.1,0,6.1,0,6.1,0,6.1,0,6.1,0,6,0.0167,,,3.7,0.649
104230,6.1,6.1,0,6.1,0,6.1,0,6.1,0,6.1,0,6.1,0,6.1,0,6,0.0167,,,3.7,0.649
104231,6.1,6.1,0,6.1,0,6.1,0,6.1,0,6.1,0,6.1,0,6.1,0,6,0.0167,,,3.7,0.649
104260,56.9,56.9,0,56.9,0,56.9,0,56.9,0,56.9,0,56.9,0,56.9,0,56.9,0,45.5,0.251,35.9,0.585
104262,49,49,0,49,0,49,0,49,0,49,0,49,0,49,0,49,0,37.5,0.307,33.3,0.471
104263,335,335,0,335,0,335,0,335,0,335,0,335,0,335,0,335,0,249,0.345,199,0.683
104414,237,237,0,237,0,237,0,237,0,237,0,237,0,237,0,237,0,,,199,0.191
104535,,,,,,,,,,,,,,,,,,,,,
104550,4.8,4.8,0,4.8,0,4.8,0,4.8,0,4.8,0,4.8,0,4.8,0,,,4,0.2,4,0.2
104560,30,30,0,30,0,30,0,30,0,30,0,30,0,,,30,0,26,0.154,,
104561,30,30,0,30,0,30,0,30,0,30,0,30,0,,,30,0,26,0.154,25,0.2
104562,30,30,0,30,0,30,0,30,0,30,0,,,30,0,30,0,26,0.154,25,0.2
104563,30,30,0,30,0,30,0,30,0,30,0,30,0,30,0,,,26,0.154,25,0.2
104564,30,30,0,30,0,30,0,,,30,0,30,0,30,0,,,,,25,0.2
104565,30,30,0,30,0,30,0,30,0,30,0,30,0,30,0,30,0,26,0.154,25,0.2
104567,30,30,0,30,0,30,0,30,0,30,0,30,0,30,0,30,0,26,0.154,25,0.2
104600,,,,,,,,,,,,,,,,,,,,,
104601,,,,,,,,,,,,,,,,,,,,,
104603,95,95,0,95,0,95,0,95,0,95,0,95,0,,,95,0,74,0.284,74,0.284
104605,53,53,0,53,0,53,0,53,0,53,0,53,0,53,0,53,0,40,0.325,40,0.325
104606,26.5,26.5,0,26.5,0,26.5,0,26.5,0,26.5,0,26.5,0,26.5,0,26.5,0,19,0.395,19,0.395
104607,95,95,0,95,0,95,0,95,0,95,0,95,0,,,95,0,,,74,0.284
104608,53,53,0,53,0,53,0,53,0,,,53,0,53,0,53,0,40,0.325,40,0.325
104609,95,95,0,,,,,95,0,95,0,,,,,,,74,0.284,74,0.284
104610,25,25,0,25,0,25,0,25,0,25,0,25,0,25,0,25,0,,,25,0
104611,19,19,0,19,0,19,0,19,0,19,0,19,0,19,0,19,0,,,10.9,0.743
104613,44,44,0,44,0,44,0,44,0,44,0,44,0,44,0,,,,,33,0.333
104614,44,44,0,44,0,44,0,44,0,44,0,44,0,44,0,44,0,33,0.333,33,0.333
104615,44,44,0,,,44,0,44,0,44,0,44,0,44,0,44,0,33,0.333,33,0.333
104616,80,80,0,80,0,80,0,80,0,80,0,80,0,80,0,80,0,59.5,0.345,59.5,0.345
104617,80,80,0,80,0,80,0,80,0,80,0,80,0,80,0,80,0,59.5,0.345,59.5,0.345
104618,26.5,26.5,0,26.5,0,26.5,0,26.5,0,26.5,0,,,26.5,0,,,,,,
104619,53,53,0,53,0,53,0,53,0,53,0,53,0,53,0,53,0,40,0.325,40,0.325
104628,26.5,26.5,0,26.5,0,26.5,0,26.5,0,26.5,0,26.5,0,26.5,0,26.5,0,19,0.395,19,0.395
104629,19,19,0,19,0,19,0,19,0,19,0,19,0,19,0,19,0,13.2,0.439,10.9,0.743
104630,,,,,,,,,,,,,,,,,,,,,
104631,79.9,79.9,0,79.9,0,79.9,0,79.9,0,67.9,0.177,79.9,0,79.9,0,79.9,0,60.7,0.316,75.9,0.0527
104633,25,25,0,25,0,25,0,25,0,25,0,25,0,25,0,25,0,,,18.5,0.351
104634,25.5,25.5,0,25.5,0,25.5,0,25.5,0,,,,,,,,,22.8,0.118,22.5,0.133
104635,13,13,0,13,0,13,0,13,0,13,0,13,0,13,0,13,0,12,0.0833,12,0.0833
104636,55.9,55.9,0,55.9,0,55.9,0,59.4,-0.0589,59.4,-0.0589,,,59.4,-0.0589,64.5,-0.133,51,0.0961,43.4,0.288
104637,,,,,,,,,,,,,,,,,,,,,
104638,15.9,15.9,0,15.9,0,15.9,0,15.9,0,15.9,0,15.9,0,,,17.5,-0.0914,13.5,0.178,13.5,0.178
104678,39.5,39.5,0,39.5,0,39.5,0,39.5,0,39.5,0,39.5,0,39.5,0,32.5,0.215,27.5,0.436,27.5,0.436
104681,80,80,0,80,0,80,0,80,0,80,0,80,0,80,0,80,0,69,0.159,65,0.231
104682,80,80,0,80,0,80,0,80,0,80,0,80,0,80,0,80,0,69,0.159,65,0.231
104683,80,80,0,80,0,80,0,80,0,80,0,,,,,80,0,,,65,0.231
104720,30,30,0,30,0,30,0,30,0,30,0,30,0,30,0,30,0,26,0.154,25,0.2
104721,30,30,0,30,0,30,0,30,0,30,0,30,0,30,0,30,0,26,0.154,25,0.2
104750,,,,,,,,,,,,,,,,,,,,,
104751,,,,,,,,,,,,,,,,,,,,,
104753,,,,,,,,,,,,,,,,,,,,,
104754,,,,,,,,,,,,,,,,,,,,,
104757,,,,,,,,,,,,,,,,,,,,,
104758,,,,,,,,,,,,,,,,,,,,,
104796,20,20,0,,,20,0,20,0,20,0,20,0,20,0,22,-0.0909,15,0.333,15,0.333
104797,43.2,43.2,0,43.2,0,43.2,0,43.2,0,64.8,-0.333,58.3,-0.259,80.9,-0.466,80.9,-0.466,58,-0.255,38,0.137
104798,28.6,28.6,0,28.6,0,28.6,0,28.6,0,31.9,-0.103,33.9,-0.156,42.5,-0.327,34,-0.159,31,-0.0774,25.4,0.126
104799,46,46,0,46,0,46,0,46,0,63.9,-0.28,63.9,-0.28,68.9,-0.332,68.9,-0.332,56.3,-0.183,53.9,-0.147
104800,32,32,0,32,0,32,0,,,43.9,-0.271,43.9,-0.271,47.9,-0.332,47.9,-0.332,37.8,-0.153,35.8,-0.106
104802,,,,,,,,,,,,,,,,,,,,,
104806,,,,,,,,,,,,,,,,,,,,,
104807,69,69,0,69,0,69,0,69,0,69,0,69,0,69,0,69,0,51.5,0.34,41.3,0.671
104808,42.3,42.3,0,42.3,0,42.3,0,52.9,-0.2,52.9,-0.2,52.9,-0.2,52.9,-0.2,52.9,-0.2,,,,
104809,74.1,74.1,0,74.1,0,74.1,0,74.1,0,74.1,0,74.1,0,,,84.5,-0.123,59.8,0.239,53.3,0.39
104810,24,24,0,24,0,24,0,24,0,24,0,24,0,24,0,24,0,,,18.5,0.297
104926,75,75,0,75,0,75,0,75,0,75,0,75,0,75,0,75,0,62,0.21,59,0.271
104927,75,75,0,75,0,,,75,0,75,0,75,0,75,0,75,0,62,0.21,59,0.271
104928,83,83,0,83,0,83,0,83,0,83,0,83,0,83,0,,,69,0.203,63,0.317
104935,98,98,0,98,0,98,0,98,0,98,0,98,0,98,0,98,0,82.5,0.188,75,0.307
104936,62,62,0,62,0,62,0,62,0,62,0,62,0,62,0,62,0,51.5,0.204,47,0.319
104937,98,98,0,98,0,98,0,98,0,98,0,98,0,98,0,98,0,82.5,0.188,75,0.307
104938,62,62,0,62,0,62,0,62,0,62,0,62,0,62,0,62,0,51.5,0.204,47,0.319
104939,78,78,0,78,0,78,0,78,0,78,0,78,0,78,0,78,0,64.9,0.202,59,0.322
104987,14.9,14.9,0,14.9,0,14.9,0,14.9,0,18,-0.172,14.9,0,18,-0.172,18,-0.172,14.5,0.0276,14.5,0.0276
104988,83.4,83.4,0,83.4,0,83.4,0,87.5,-0.0469,87.5,-0.0469,87.5,-0.0469,,,98.3,-0.152,76.5,0.0902,70.1,0.19
104989,83.4,83.4,0,83.4,0,83.4,0,,,87.5,-0.0469,87.5,-0.0469,,,98.3,-0.152,76.5,0.0902,70.1,0.19
104990,56,56,0,56,0,56,0,60.5,-0.0744,60.5,-0.0744,60.5,-0.0744,,,65.8,-0.149,51.6,0.0853,43.4,0.29
104992,,,,,,,,,,,,,,,,,,,,,
104993,56,56,0,56,0,56,0,60.5,-0.0744,60.5,-0.0744,60.5,-0.0744,60.5,-0.0744,65.8,-0.149,51.6,0.0853,43.4,0.29
104994,56,56,0,56,0,56,0,,,60.5,-0.0744,60.5,-0.0744,60.5,-0.0744,65.8,-0.149,49.5,0.131,43.4,0.29
104995,43.8,43.8,0,43.8,0,43.8,0,43.8,0,43.8,0,43.8,0,43.8,0,47.3,-0.074,36.9,0.187,34.6,0.266
105010,75,75,0,75,0,75,0,75,0,56.2,0.333,75,0,75,0,75,0,62,0.21,59,0.271
105011,27.6,27.6,0,27.6,0,27.6,0,,,,,,,,,,,,,22,0.255
105012,27.6,,,,,,,,,27.6,0,27.6,0,,,,,,,21.6,0.278
105013,,,,,,,,,,,,,,,,,,,,,
105014,30,30,0,30,0,30,0,30,0,30,0,30,0,30,0,30,0,24,0.25,24,0.25
105015,26,26,0,26,0,26,0,,,,,26,0,,,,,,,22.5,0.156
105016,,,,,,,,,,,,,,,,,,,,,
105049,65.9,65.9,0,,,65.9,0,65.9,0,65.9,0,56.3,0.171,66,-0.00152,66,-0.00152,52.5,0.255,52.5,0.255
105050,,,,,,,,,,,,,,,,,,,,,
105053,,,,,,,,,,,,,,,,,,,,,
105055,,,,,,,,,,,,,,,,,,,,,
105060,,,,,,,,,,,,,,,,,,,,,
105092,13,13,0,13,0,13,0,13,0,13.5,-0.037,17,-0.235,17,-0.235,17,-0.235,,,,
105097,75,75,0,75,0,75,0,75,0,75,0,75,0,75,0,75,0,62,0.21,59,0.271
105098,75,75,0,75,0,75,0,75,0,75,0,75,0,75,0,75,0,62,0.21,59,0.271
105099,75,75,0,75,0,75,0,75,0,75,0,75,0,75,0,75,0,62,0.21,59,0.271
105260,165,165,0,165,0,165,0,165,0,165,0,165,0,,,,,,,,
105320,,,,,,,,,,,,,,,,,,,,,
105321,21,21,0,21,0,21,0,21,0,21,0,21,0,21,0,21,0,16.5,0.273,16.5,0.273
105322,,,,,,,,,,,,,,,,,,,,,
105323,,,,,,,,,,,,,,,,,,,,,
105341,149,149,0,149,0,149,0,149,0,149,0,149,0,149,0,,,,,,
105445,34.5,34.5,0,34.5,0,34.5,0,34.5,0,34.5,0,34.5,0,44.4,-0.223,44.4,-0.223,30.5,0.131,24.5,0.408
105446,34.5,34.5,0,34.5,0,34.5,0,34.5,0,34.5,0,34.5,0,44.4,-0.223,44.4,-0.223,30.5,0.131,24.5,0.408
105448,34.5,34.5,0,34.5,0,34.5,0,34.5,0,34.5,0,34.5,0,44.4,-0.223,44.4,-0.223,30.5,0.131,22.9,0.507
105450,30,30,0,30,0,30,0,30,0,30,0,30,0,42.3,-0.291,42.3,-0.291,29,0.0345,23,0.304
105452,29,29,0,29,0,29,0,29,0,29,0,29,0,36,-0.194,34.8,-0.167,23.3,0.245,18.7,0.551
105453,29,29,0,29,0,29,0,29,0,29,0,29,0,36.6,-0.208,36.6,-0.208,25,0.16,20,0.45
105454,29,29,0,29,0,29,0,29,0,29,0,29,0,37.9,-0.235,36.6,-0.208,25,0.16,20,0.45
105455,36,36,0,36,0,36,0,36,0,36,0,36,0,46.1,-0.219,46.1,-0.219,31.5,0.143,25.5,0.412
105461,,,,,,,,,,,,,,,,,,,,,
105462,,,,,,,,,,,,,,,,,,,,,
105471,,,,,,,,,,,,,,,,,,,,,
105485,,,,,,,,,,,,,,,,,,,,,
105488,17.5,17.5,0,17.5,0,17.5,0,17.5,0,17.5,0,17.5,0,17.5,0,13,0.346,13,0.346,13,0.346
105630,25.1,25.1,0,25.1,0,25.1,0,25.1,0,25.1,0,25.1,0,25.1,0,22,0.141,16,0.569,13.8,0.819
105640,,,,,,,,,,,,,,,,,,,,,
105646,41.9,41.9,0,41.9,0,,,,,33.5,0.251,41.9,0,,,41.9,0,,,,
105647,41.9,41.9,0,41.9,0,41.9,0,41.9,0,33.5,0.251,41.9,0,41.9,0,41.9,0,39.9,0.0501,39.9,0.0501
105660,,,,,,,,,,,,,,,,,,,,,
105683,132,132,0,132,0,132,0,132,0,132,0,132,0,132,0,146,-0.094,105,0.261,94,0.404
105687,59,59,0,59,0,59,0,59,0,59,0,59,0,59,0,59,0,50,0.18,46,0.283
105710,,,,,,,,,,,,,,,,,,,,,
105711,59,59,0,59,0,59,0,59,0,59,0,59,0,59,0,59,0,50,0.18,46,0.283
105712,59,59,0,59,0,59,0,59,0,59,0,,,59,0,59,0,50,0.18,46,0.283
105715,8,8,0,8,0,8,0,8,0,10.9,-0.266,10.9,-0.266,16.9,-0.527,16.9,-0.527,,,10.8,-0.259
105720,22.3,22.3,0,22.3,0,22.3,0,22.3,0,22.3,0,22.3,0,22.3,0,22.3,0,18.8,0.186,18.8,0.186
105725,,,,,,,,,,,,,,,,,,,,,
105727,184,184,0,184,0,184,0,184,0,184,0,182,0.0138,182,0.0138,260,-0.29,171,0.0785,148,0.247
105728,99.9,99.9,0,99.9,0,99.9,0,99.9,0,99.9,0,99.9,0,99.9,0,99.9,0,81.3,0.229,74.9,0.334
105730,20.6,20.6,0,20.6,0,20.6,0,20.6,0,20.6,0,22.9,-0.1,22.9,-0.1,22.9,-0.1,19,0.0842,14.8,0.392
105731,20.6,20.6,0,20.6,0,20.6,0,20.6,0,20.6,0,22.9,-0.1,22.9,-0.1,22.9,-0.1,19,0.0842,14.8,0.392
105732,99.9,99.9,0,99.9,0,99.9,0,99.9,0,99.9,0,99.9,0,99.9,0,99.9,0,75,0.332,66.2,0.509
105735,67.5,67.5,0,67.5,0,67.5,0,67.5,0,67.5,0,67.5,0,67.5,0,67.5,0,54.3,0.243,54.3,0.243
105741,,,,,,,,,,,,,,,,,,,,,
105742,36,36,0,36,0,36,0,36,0,36,0,36,0,36,0,36,0,36,0,36,0
105748,22.3,22.3,0,22.3,0,22.3,0,22.3,0,22.3,0,22.3,0,22.3,0,22.3,0,18.8,0.186,18.8,0.186
105762,37.3,37.3,0,37.3,0,37.3,0,37.3,0,37.3,0,37.3,0,37.3,0,37.3,0,31.1,0.199,28,0.332
105764,,,,,,,,,,,,,,,,,,,,,
105765,99.5,99.5,0,99.5,0,99.5,0,99.5,0,99.5,0,99.5,0,99.5,0,99.5,0,77,0.292,77,0.292
105766,,,,,,,,,,,,,,,,,,,,,
105767,,,,,,,,,,,,,,,,,,,,,
105771,7.5,7.5,0,7.5,0,7.5,0,7.5,0,7.5,0,7.9,-0.0506,7.9,-0.0506,7.2,0.0417,6.8,0.103,6.8,0.103
105775,37.9,37.9,0,37.9,0,37.9,0,37.9,0,37.9,0,37.9,0,37.9,0,34.9,0.086,33,0.148,33,0.148
105778,6.2,6.2,0,6.2,0,6.2,0,6.2,0,6.2,0,6.2,0,6.2,0,,,4.6,0.348,,
105780,,,,,,,,,,,,,,,,,,,,,
105788,,,,,,,,,,,,,,,,,,,,,
105789,11.5,11.5,0,11.5,0,11.5,0,11.5,0,11.5,0,11.5,0,11.5,0,10.5,0.0952,9.2,0.25,9.2,0.25
105790,,,,,,,,,,,,,,,,,,,,,
105791,37.3,37.3,0,37.3,0,37.3,0,37.3,0,37.3,0,37.3,0,37.3,0,37.3,0,31.1,0.199,28,0.332
105810,63.3,63.3,0,63.3,0,63.3,0,63.3,0,63.3,0,63.3,0,63.3,0,80.6,-0.215,,,43.4,0.459
105821,132,132,0,132,0,132,0,132,0,118,0.115,148,-0.108,148,-0.108,148,-0.108,128,0.0312,128,0.0312
105831,9.2,9.2,0,9.2,0,9.2,0,9.2,0,9.2,0,,,,,8,0.15,,,,
105840,28.5,28.5,0,28.5,0,28.5,0,28.5,0,28.5,0,28.5,0,,,28.5,0,18,0.583,18,0.583
105842,28.5,28.5,0,28.5,0,28.5,0,28.5,0,28.5,0,28.5,0,28.5,0,28.5,0,18,0.583,18,0.583
105843,28.5,28.5,0,28.5,0,28.5,0,28.5,0,28.5,0,24.4,0.168,28.5,0,28.5,0,18,0.583,18,0.583
105844,28.5,28.5,0,28.5,0,28.5,0,28.5,0,28.5,0,24.4,0.168,28.5,0,28.5,0,18,0.583,18,0.583
105847,,,,,,,,,,,,,,,,,,,,,
105848,66,66,0,,,66,0,66,0,66,0,66,0,66,0,66,0,50.5,0.307,50.5,0.307
105851,,,,,,,,,,,,,,,,,,,,,
105861,22,22,0,22,0,22,0,22,0,22,0,22,0,22,0,22,0,15,0.467,15,0.467
105862,8,8,0,8,0,8,0,8,0,8,0,8,0,8,0,8,0,4.5,0.778,4.5,0.778
105863,10,10,0,10,0,10,0,10,0,10,0,10,0,10,0,,,,,,
105864,,,,,,,,,,,,,,,,,,,,,
105866,,,,,,,,,,,,,,,,,,,,,
105868,42.5,42.5,0,42.5,0,42.5,0,42.5,0,42.5,0,42.5,0,42.5,0,45.4,-0.0639,36.5,0.164,31.9,0.332
105911,46.8,46.8,0,46.8,0,46.8,0,46.8,0,46.8,0,46.8,0,46.8,0,50.3,-0.0696,39.3,0.191,35.3,0.326
105912,,,,,,,,,,,,,,,,,,,,,
105925,,,,,,,,,,,,,,,,,,,,,
105931,6.9,6.9,0,,,6.9,0,6.9,0,6.9,0,6.9,0,6.9,0,,,,,,
105960,91,91,0,91,0,91,0,91,0,91,0,76.9,0.183,91,0,,,77,0.182,75,0.213
105963,,,,,,,,,,,,,,,,,,,,,
105965,,,,,,,,,,,,,,,,,,,,,
106010,109,109,0,109,0,109,0,109,0,109,0,109,0,109,0,156,-0.3,,,68.2,0.601
106011,109,109,0,109,0,109,0,109,0,109,0,109,0,109,0,156,-0.3,,,68.2,0.601
106012,109,109,0,109,0,109,0,109,0,109,0,109,0,109,0,156,-0.3,106,0.0273,68.2,0.601
106013,109,109,0,109,0,109,0,109,0,109,0,109,0,109,0,156,-0.3,106,0.0273,68.2,0.601
106014,109,109,0,109,0,109,0,109,0,109,0,109,0,109,0,156,-0.3,,,68.2,0.601
106070,55.9,55.9,0,55.9,0,55.9,0,59.4,-0.0589,59.4,-0.0589,59.4,-0.0589,59.4,-0.0589,64.5,-0.133,51,0.0961,43.4,0.288
106072,56,56,0,56,0,56,0,60.5,-0.0744,60.5,-0.0744,60.5,-0.0744,60.5,-0.0744,65.8,-0.149,51.6,0.0853,43.4,0.29
106073,,,,,,,,,,,,,,,,,,,,,
106074,83.4,83.4,0,83.4,0,83.4,0,87.5,-0.0469,87.5,-0.0469,87.5,-0.0469,87.5,-0.0469,98.3,-0.152,76.5,0.0902,70.1,0.19
106075,,,,,,,,,,,,,,,,,,,,,
106076,,,,,,,,,,,,,,,,,,,,,
106078,56,56,0,56,0,56,0,60.5,-0.0744,60.5,-0.0744,60.5,-0.0744,,,65.8,-0.149,49.5,0.131,,
106079,56,56,0,56,0,56,0,60.5,-0.0744,60.5,-0.0744,60.5,-0.0744,60.5,-0.0744,65.8,-0.149,49.5,0.131,43.4,0.29
106082,,,,,,,,,,,,,,,,,,,,,
106083,34.8,34.8,0,34.8,0,34.8,0,36.8,-0.0543,36.8,-0.0543,36.8,-0.0543,36.8,-0.0543,40,-0.13,31,0.123,28.4,0.225
106084,,,,,,,,,,,,,,,,,,,,,
106085,,,,,,,,,,,,,,,,,,,,,
106086,,,,,,,,,,,,,,,,,,,,,
106090,20.6,20.6,0,20.6,0,20.6,0,20.6,0,20.6,0,22.9,-0.1,22.9,-0.1,22.9,-0.1,19,0.0842,14.8,0.392
106151,52.9,52.9,0,52.9,0,52.9,0,52.9,0,52.9,0,52.9,0,54.9,-0.0364,,,41,0.29,35,0.511
106152,,,,,,,,,,,,,,,,,,,,,
106153,52.9,52.9,0,52.9,0,52.9,0,52.9,0,52.9,0,52.9,0,54.9,-0.0364,54.9,-0.0364,41,0.29,35,0.511
106154,52.9,52.9,0,52.9,0,52.9,0,52.9,0,52.9,0,52.9,0,49.9,0.0601,,,41,0.29,35,0.511
106277,11.3,11.3,0,11.3,0,11.3,0,11.3,0,11.3,0,11.3,0,11.3,0,11.3,0,8.9,0.27,8.9,0.27
106278,11.3,11.3,0,11.3,0,11.3,0,11.3,0,11.3,0,11.3,0,11.3,0,11.3,0,8.9,0.27,8.9,0.27
106530,14,14,0,14,0,14,0,14,0,14,0,14,0,14,0,14,0,12,0.167,12,0.167
106531,,,,,,,,,,,,,,,,,,,,,
106532,14,14,0,14,0,14,0,14,0,14,0,14,0,14,0,14,0,12,0.167,12,0.167
106586,54,54,0,54,0,,,54,0,53.9,0.00186,44.9,0.203,44.9,0.203,59.9,-0.0985,52.8,0.0227,37,0.459
106588,28.6,28.6,0,28.6,0,28.6,0,28.6,0,30.6,-0.0654,33.9,-0.156,42.5,-0.327,34,-0.159,31,-0.0774,25.4,0.126
106592,83,83,0,83,0,83,0,83,0,62.2,0.333,83,0,83,0,83,0,69,0.203,63,0.317
106607,186,186,0,186,0,186,0,186,0,186,0,186,0,186,0,,,,,,
106611,,,,,,,,,,,,,,,,,,,,,
106650,30.6,30.6,0,30.6,0,30.6,0,30.6,0,30.6,0,30.6,0,30.6,0,30.6,0,23.8,0.286,18.7,0.636
106651,30.6,30.6,0,30.6,0,30.6,0,30.6,0,30.6,0,30.6,0,30.6,0,,,23.8,0.286,20,0.53
106678,10.2,10.2,0,10.2,0,10.2,0,10.2,0,10.2,0,10.2,0,10.2,0,10.2,0,7.5,0.36,7.5,0.36
106679,17.2,17.2,0,17.2,0,17.2,0,17.2,0,17.2,0,17.2,0,17.2,0,17.2,0,,,12.5,0.376
106680,10.2,10.2,0,10.2,0,10.2,0,10.2,0,10.2,0,,,,,10.2,0,7.5,0.36,7.5,0.36
106681,11.9,11.9,0,11.9,0,11.9,0,11.9,0,11.9,0,11.9,0,11.9,0,11.9,0,9.4,0.266,8.8,0.352
106682,17.2,17.2,0,17.2,0,17.2,0,17.2,0,17.2,0,17.2,0,17.2,0,17.2,0,12.5,0.376,12.5,0.376
106683,17.2,17.2,0,17.2,0,17.2,0,17.2,0,17.2,0,17.2,0,17.2,0,17.2,0,12.5,0.376,12.5,0.376
106684,10.2,10.2,0,10.2,0,10.2,0,10.2,0,10.2,0,10.2,0,10.2,0,10.2,0,7.5,0.36,7.5,0.36
106685,28.6,28.6,0,28.6,0,28.6,0,28.6,0,30.6,-0.0654,33.9,-0.156,42.5,-0.327,34,-0.159,31,-0.0774,25.4,0.126
106688,,,,,,,,,,,,,,,,,,,,,
106712,132,132,0,132,0,132,0,132,0,132,0,132,0,132,0,132,0,132,0,132,0
106779,50,50,0,50,0,50,0,50,0,50,0,50,0,50,0,,,,,25,1
106831,33.5,33.5,0,33.5,0,33.5,0,33.5,0,49.5,-0.323,49.5,-0.323,60,-0.442,60,-0.442,34.4,-0.0262,29.5,0.136
106832,,,,,,,,,,,,,,,,,,,,,
106840,31.9,31.9,0,31.9,0,31.9,0,31.9,0,31.9,0,,,,,31.9,0,27.5,0.16,25,0.276
106910,46.8,46.8,0,46.8,0,46.8,0,46.8,0,46.8,0,46.8,0,46.8,0,50.3,-0.0696,39,0.2,35.3,0.326
107010,,,,,,,,,,,,,,,,,,,,,
107011,23,23,0,,,23,0,23,0,23,0,23,0,23,0,,,18,0.278,18,0.278
107012,28.5,28.5,0,,,28.5,0,28.5,0,28.5,0,28.5,0,28.5,0,28.5,0,18,0.583,18,0.583
107015,29.5,29.5,0,29.5,0,29.5,0,29.5,0,29.5,0,29.5,0,29.5,0,,,22,0.341,22,0.341
107016,29.5,29.5,0,29.5,0,29.5,0,29.5,0,29.5,0,29.5,0,29.5,0,,,22,0.341,22,0.341
107025,20,20,0,20,0,20,0,20,0,20,0,16.5,0.212,,,,,20,0,20,0
107027,20,20,0,20,0,20,0,20,0,20,0,,,,,20,0,20,0,16.5,0.212
107028,99.9,99.9,0,99.9,0,99.9,0,99.9,0,99.9,0,99.9,0,,,99.9,0,89.9,0.111,89.9,0.111
107029,20,20,0,,,,,20,0,20,0,20,0,20,0,20,0,20,0,20,0
107031,89,89,0,89,0,89,0,89,0,89,0,,,,,89,0,89,0,89,0
107032,75,75,0,75,0,75,0,75,0,75,0,75,0,75,0,75,0,62,0.21,59,0.271
107033,75,75,0,75,0,75,0,75,0,75,0,75,0,75,0,75,0,62,0.21,59,0.271
107035,75,75,0,75,0,75,0,75,0,75,0,75,0,75,0,75,0,62,0.21,59,0.271
107118,,,,,,,,,,,,,,,,,,,,,
107120,22.5,22.5,0,22.5,0,22.5,0,22.5,0,22.5,0,22.5,0,23.9,-0.0586,26.5,-0.151,17,0.324,17,0.324
107182,,,,,,,,,,,,,,,,,,,,,
107190,29.5,29.5,0,29.5,0,29.5,0,29.5,0,29.5,0,30.5,-0.0328,30.5,-0.0328,21.5,0.372,21.5,0.372,19.5,0.513
107201,28.5,28.5,0,28.5,0,28.5,0,28.5,0,28.5,0,28.5,0,24.9,0.145,24.9,0.145,24.9,0.145,24.9,0.145
107202,51,51,0,51,0,51,0,51,0,51,0,51,0,44.5,0.146,44.5,0.146,44.5,0.146,44.5,0.146
107213,33.5,33.5,0,33.5,0,33.5,0,33.5,0,33.5,0,33.5,0,33.5,0,33.5,0,19.5,0.718,17,0.971
107216,10,10,0,10,0,10,0,10,0,10,0,10,0,10,0,10,0,,,6.9,0.449
107218,,,,,,,,,,,,,,,,,,,,,
107484,88.9,88.9,0,88.9,0,88.9,0,88.9,0,,,,,,,,,,,60,0.482
107492,,,,,,,,,,,,,,,,,,,,,
107709,156,156,0,156,0,156,0,156,0,156,0,156,0,156,0,235,-0.336,,,,
107715,,,,,,,,,,,,,,,,,,,,,
107717,21,21,0,21,0,21,0,21,0,21,0,21,0,21,0,21,0,15,0.4,15,0.4
107815,11.5,11.5,0,11.5,0,11.5,0,11.5,0,11.5,0,,,,,,,8.4,0.369,7.6,0.513
107817,11.1,11.1,0,11.1,0,11.1,0,11.1,0,,,11.1,0,11.1,0,8.9,0.247,8.4,0.321,7.6,0.461
107818,11.1,11.1,0,11.1,0,11.1,0,11.1,0,11.1,0,11.1,0,11.1,0,8.9,0.247,8.4,0.321,7.6,0.461
107977,81,81,0,81,0,81,0,81,0,81,0,81,0,81,0,81,0,60,0.35,60,0.35
108030,29.5,29.5,0,29.5,0,29.5,0,29.5,0,39.5,-0.253,39.5,-0.253,39.5,-0.253,,,24,0.229,22,0.341
108037,,,,,,,,,,,,,,,,,,,,,
108038,229,229,0,229,0,229,0,229,0,239,-0.0418,219,0.0457,260,-0.119,299,-0.234,204,0.123,186,0.231
108039,229,229,0,229,0,229,0,229,0,239,-0.0418,219,0.0457,260,-0.119,299,-0.234,,,186,0.231
108050,,,,,,,,,,,,,,,,,,,,,
108090,37,37,0,37,0,37,0,37,0,37,0,37,0,37,0,37,0,28.5,0.298,24.5,0.51
108091,41,41,0,41,0,41,0,41,0,41,0,42,-0.0238,42,-0.0238,42,-0.0238,,,,
108120,21,21,0,21,0,21,0,21,0,21,0,21,0,21,0,21,0,18.5,0.135,15.5,0.355
108130,,,,,,,,,,,,,,,,,,,,,
108131,269,269,0,269,0,269,0,269,0,269,0,278,-0.0314,222,0.211,,,,,,
108185,43.5,43.5,0,43.5,0,43.5,0,43.5,0,43.5,0,43.5,0,51.5,-0.155,51.5,-0.155,34.5,0.261,32.5,0.338
108186,51.5,51.5,0,51.5,0,51.5,0,51.5,0,51.5,0,51.5,0,51.5,0,51.5,0,34.5,0.493,32.5,0.585
108187,10.9,10.9,0,10.9,0,10.9,0,10.9,0,10.9,0,10.9,0,,,10.9,0,6.9,0.58,6.5,0.677
108221,20,20,0,20,0,20,0,20,0,20,0,20,0,20,0,20,0,,,,
108222,20,20,0,20,0,20,0,20,0,20,0,20,0,20,0,20,0,,,,
108223,20,20,0,20,0,20,0,20,0,20,0,20,0,20,0,20,0,20,0,20,0
108520,,,,,,,,,,,,,,,,,,,,,
108530,65,65,0,65,0,65,0,65,0,95,-0.316,90,-0.278,98.4,-0.339,98.4,-0.339,74,-0.122,69,-0.058
108531,65,65,0,65,0,65,0,65,0,95,-0.316,90,-0.278,98.4,-0.339,126,-0.484,74,-0.122,74.4,-0.126
108532,80,80,0,80,0,80,0,80,0,114,-0.298,110,-0.273,126,-0.365,,,93,-0.14,93,-0.14
108533,14.4,14.4,0,14.4,0,14.4,0,14.4,0,14.4,0,14.4,0,14.4,0,14.4,0,12,0.2,12,0.2
108534,57.6,57.6,0,57.6,0,57.6,0,,,57.6,0,57.6,0,57.6,0,,,48,0.2,48,0.2
108535,10,10,0,10,0,10,0,10,0,10,0,10,0,10,0,10,0,8.4,0.19,8.4,0.19
108536,,,,,,,,,,,,,,,,,,,,,
108554,,,,,,,,,,,,,,,,,,,,,
108561,64.9,64.9,0,64.9,0,64.9,0,64.9,0,64.9,0,64.9,0,64.9,0,64.9,0,44.9,0.445,41.9,0.549
108565,75,75,0,75,0,75,0,75,0,75,0,75,0,80,-0.0625,80,-0.0625,59,0.271,,
108566,,,,,,,,,,,,,,,,,,,,,
108591,25,25,0,25,0,25,0,25,0,25,0,25,0,25,0,25,0,16.9,0.479,16.9,0.479
108592,25,25,0,25,0,25,0,25,0,25,0,,,25,0,25,0,20,0.25,16.5,0.515
108632,,,,,,,,,,,,,,,,,,,,,
108634,20,20,0,20,0,20,0,20,0,20,0,16.5,0.212,20,0,20,0,20,0,16.5,0.212
108635,24,24,0,24,0,24,0,24,0,24,0,19.8,0.212,24,0,24,0,24,0,19.8,0.212
108637,52.7,52.7,0,52.7,0,52.7,0,52.7,0,52.7,0,52.7,0,55.2,-0.0453,64.5,-0.183,46,0.146,42,0.255
108638,43.2,43.2,0,43.2,0,43.2,0,43.2,0,43.2,0,43.2,0,41,0.0537,44.5,-0.0292,33.5,0.29,30.5,0.416
108639,78.7,78.7,0,78.7,0,78.7,0,78.7,0,78.7,0,78.7,0,73.9,0.065,79.5,-0.0101,59.9,0.314,55,0.431
108640,,,,,,,,,,,,,,,,,,,,,
108655,86.4,86.4,0,86.4,0,86.4,0,86.4,0,86.4,0,,,,,86.4,0,86.4,0,74.6,0.158
108656,,,,,,,,,,,,,,,,,,,,,
108660,71.5,71.5,0,71.5,0,71.5,0,71.5,0,71.5,0,71.5,0,78,-0.0833,78,-0.0833,59.8,0.196,55.5,0.288
108661,76.7,76.7,0,76.7,0,76.7,0,76.7,0,76.7,0,76.7,0,85.8,-0.106,85.8,-0.106,59.8,0.283,55.5,0.382
108662,76.7,76.7,0,76.7,0,76.7,0,76.7,0,76.7,0,76.7,0,85.8,-0.106,85.8,-0.106,59.8,0.283,55.5,0.382
108663,71.5,71.5,0,71.5,0,71.5,0,71.5,0,71.5,0,71.5,0,79.3,-0.0984,79.3,-0.0984,59.8,0.196,48.1,0.486
108664,76.7,76.7,0,76.7,0,76.7,0,76.7,0,76.7,0,76.7,0,85.8,-0.106,85.8,-0.106,59.8,0.283,55.5,0.382
108665,76.7,76.7,0,76.7,0,76.7,0,76.7,0,76.7,0,76.7,0,85.8,-0.106,,,59.8,0.283,55.5,0.382
108666,76.7,76.7,0,76.7,0,76.7,0,76.7,0,76.7,0,76.7,0,85.8,-0.106,85.8,-0.106,59.8,0.283,55.5,0.382
108667,84.5,84.5,0,84.5,0,84.5,0,84.5,0,84.5,0,84.5,0,92.3,-0.0845,92.3,-0.0845,67.6,0.25,61.6,0.372
108701,,,,,,,,,,,,,,,,,,,,,
108705,43.2,43.2,0,43.2,0,43.2,0,43.2,0,64.8,-0.333,58.3,-0.259,80.9,-0.466,80.9,-0.466,58,-0.255,38,0.137
108706,43.2,43.2,0,43.2,0,43.2,0,43.2,0,64.8,-0.333,58.3,-0.259,80.9,-0.466,80.9,-0.466,58,-0.255,38,0.137
108720,61.5,61.5,0,61.5,0,61.5,0,61.5,0,61.5,0,61.5,0,,,66.3,-0.0724,44.1,0.395,46.3,0.328
108721,46.3,46.3,0,46.3,0,46.3,0,46.3,0,46.3,0,46.3,0,46.3,0,49.8,-0.0703,38.9,0.19,34.8,0.33
108730,43.3,43.3,0,43.3,0,43.3,0,43.3,0,43.3,0,43.3,0,43.3,0,43.3,0,,,31.2,0.388
108740,,,,,,,,,,,,,,,,,,,,,
108750,,,,,,,,,,,,,,,,,,,,,
108752,18,18,0,18,0,18,0,18,0,18,0,14.9,0.208,18,0,16,0.125,12.8,0.406,12.8,0.406
108753,,,,,,,,,,,,,,,,,,,,,
108760,127,127,0,127,0,127,0,127,0,,,127,0,127,0,127,0,,,110,0.155
108761,185,185,0,185,0,185,0,185,0,139,0.333,,,185,0,185,0,162,0.142,145,0.276
108768,,,,,,,,,,,,,,,,,,,,,
108783,47.5,47.5,0,47.5,0,47.5,0,47.5,0,47.5,0,47.5,0,47.5,0,47.5,0,,,,
108785,27,27,0,27,0,27,0,27,0,27,0,,,,,,,,,,
108788,,,,,,,,,,,,,,,,,,,,,
108801,,,,,,,,,,,,,,,,,,,,,
108820,15,15,0,15,0,15,0,15,0,18,-0.167,17.9,-0.162,19.5,-0.231,23,-0.348,,,11,0.364
108821,15,15,0,15,0,15,0,15,0,18,-0.167,17.9,-0.162,19.5,-0.231,23,-0.348,,,11,0.364
108830,,,,,,,,,,,,,,,,,,,,,
108863,10,10,0,10,0,10,0,10,0,10,0,10,0,10,0,10,0,6.9,0.449,6.9,0.449
108869,,,,,,,,,,,,,,,,,,,,,
108872,,,,,,,,,,,,,,,,,,,,,
108875,62.4,62.4,0,62.4,0,62.4,0,62.4,0,62.4,0,62.4,0,69.6,-0.103,69.6,-0.103,49.9,0.251,44.2,0.412
108876,62.4,62.4,0,62.4,0,62.4,0,62.4,0,62.4,0,62.4,0,69.6,-0.103,69.6,-0.103,49.9,0.251,44.2,0.412
108890,21,21,0,21,0,21,0,21,0,21,0,21,0,21,0,,,,,,
108893,21,21,0,21,0,21,0,21,0,21,0,21,0,21,0,,,,,,
108905,,,,,,,,,,,,,,,,,,,,,
108906,,,,,,,,,,,,,,,,,,,,,
108936,,,,,,,,,,,,,,,,,,,,,
108944,,,,,,,,,,,,,,,,,,,,,
109013,,,,,,,,,,,,,,,,,,,,,
109014,,,,,,,,,,,,,,,,,,,,,
109019,,,,,,,,,,,,,,,,,,,,,
109020,16.8,16.8,0,16.8,0,16.8,0,16.8,0,16.8,0,16.8,0,16.8,0,,,12.5,0.344,,
109021,16.8,16.8,0,16.8,0,16.8,0,16.8,0,16.8,0,16.8,0,16.8,0,,,,,12.5,0.344
109022,,,,,,,,,,,,,,,,,,,,,
109023,51,51,0,51,0,51,0,74,-0.311,74,-0.311,73.9,-0.31,73.9,-0.31,73.9,-0.31,60,-0.15,,
109024,67.5,67.5,0,67.5,0,67.5,0,67.5,0,67.5,0,,,67.5,0,67.5,0,54.3,0.243,54.3,0.243
109036,25,25,0,25,0,25,0,25,0,25,0,25,0,25,0,,,21.5,0.163,,
109037,25,25,0,25,0,25,0,25,0,25,0,25,0,25,0,25,0,18.3,0.366,18.3,0.366
109038,25,25,0,25,0,25,0,25,0,25,0,25,0,25,0,25,0,21.5,0.163,21.5,0.163
109039,,,,,,,,,,,,,,,,,,,,,
109040,,,,,,,,,,,,,,,,,,,,,
109044,,,,,,,,,,,,,,,,,,,,,
109045,,,,,,,,,,,,,,,,,,,,,
109060,83,83,0,83,0,83,0,83,0,83,0,83,0,83,0,83,0,69,0.203,63,0.317
109061,83,83,0,83,0,83,0,83,0,83,0,83,0,83,0,83,0,69,0.203,63,0.317
109062,83,83,0,83,0,83,0,83,0,83,0,83,0,83,0,83,0,69,0.203,63,0.317
109064,13,13,0,13,0,13,0,13,0,10.8,0.204,10.8,0.204,10.8,0.204,10.8,0.204,10.8,0.204,10.5,0.238
109070,32,32,0,32,0,32,0,32,0,32,0,32,0,32,0,32,0,23,0.391,15.7,1.04
109071,19.5,19.5,0,19.5,0,19.5,0,19.5,0,19.5,0,19.5,0,19.5,0,,,,,,
109078,59,59,0,59,0,59,0,59,0,59,0,67,-0.119,67,-0.119,67,-0.119,45.8,0.288,39.7,0.486
109081,,,,,,,,,,,,,,,,,,,,,
109090,76.7,76.7,0,76.7,0,76.7,0,76.7,0,76.7,0,76.7,0,85.8,-0.106,85.8,-0.106,63.7,0.204,53.3,0.439
109091,124,124,0,124,0,124,0,124,0,124,0,124,0,136,-0.0952,136,-0.0952,97.5,0.267,85.7,0.441
109092,76.7,76.7,0,76.7,0,76.7,0,76.7,0,76.7,0,76.7,0,85.8,-0.106,85.8,-0.106,63.7,0.204,53.3,0.439
109093,188,188,0,188,0,188,0,188,0,188,0,188,0,208,-0.0938,208,-0.0938,150,0.261,135,0.4
109095,27.5,27.5,0,27.5,0,27.5,0,27.5,0,27.5,0,27.5,0,27.5,0,27.5,0,19,0.447,19,0.447
109116,17,17,0,,,17,0,17,0,17,0,17,0,17,0,17,0,12,0.417,12,0.417
109117,,,,,,,,,,,,,,,,,,,,,
109118,21,21,0,21,0,21,0,21,0,21,0,21,0,21,0,21,0,21,0,21,0
109119,,,,,,,,,,,,,,,,,,,,,
109120,,,,,,,,,,,,,,,,,,,,,
109121,26.2,26.2,0,26.2,0,26.2,0,26.2,0,26.2,0,21.6,0.213,,,,,21.5,0.219,21.5,0.219
109122,26.2,26.2,0,26.2,0,26.2,0,26.2,0,26.2,0,21.6,0.213,25,0.048,25,0.048,21.5,0.219,21.5,0.219
109123,,,,,,,,,,,,,,,,,,,,,
109124,,,,,,,,,,,,,,,,,,,,,
109125,66,66,0,66,0,66,0,66,0,66,0,66,0,66,0,66,0,52,0.269,52,0.269
109127,17,17,0,17,0,17,0,17,0,17,0,17,0,17,0,,,17,0,17,0
109211,10,10,0,10,0,10,0,10,0,,,10,0,10,0,10,0,9.5,0.0526,7.9,0.266
109212,,,,,,,,,,,,,,,,,,,,,
109213,10.1,10.1,0,10.1,0,10.1,0,10.1,0,12,-0.158,12,-0.158,15,-0.327,15,-0.327,11,-0.0818,9.5,0.0632
109216,25,25,0,,,,,,,,,,,,,,,,,,
109219,59,59,0,59,0,59,0,59,0,59,0,59,0,59,0,59,0,50,0.18,46,0.283
109220,,,,,,,,,,,,,,,,,,,,,
109222,,,,,,,,,,,,,,,,,,,,,
109223,47.5,47.5,0,47.5,0,47.5,0,47.5,0,47.5,0,47.5,0,47.5,0,47.5,0,47.5,0,47.5,0
109228,,,,,,,,,,,,,,,,,,,,,
109229,,,,,,,,,,,,,,,,,,,,,
109230,14.4,14.4,0,14.4,0,14.4,0,14.4,0,14.4,0,14.4,0,14.4,0,14.4,0,10.6,0.358,10.6,0.358
109232,14.4,14.4,0,14.4,0,14.4,0,14.4,0,14.4,0,,,14.4,0,14.4,0,10.6,0.358,10.6,0.358
109233,38.8,38.8,0,38.8,0,38.8,0,38.8,0,38.8,0,38.8,0,38.8,0,37.5,0.0347,29.9,0.298,27.5,0.411
109234,27.9,27.9,0,27.9,0,27.9,0,27.9,0,27.9,0,27.9,0,,,27.3,0.022,20.9,0.335,20.3,0.374
109240,29,29,0,29,0,29,0,29,0,29,0,29,0,29,0,29,0,,,,
109241,29.3,29.3,0,29.3,0,29.3,0,29.3,0,29.3,0,24,0.221,29,0.0103,29,0.0103,,,,
109242,29,29,0,29,0,29,0,29,0,24,0.208,29,0,29,0,29,0,,,,
109243,29,29,0,29,0,29,0,29,0,29,0,29,0,29,0,29,0,,,,
109245,20,20,0,20,0,20,0,20,0,20,0,20,0,20,0,20,0,13,0.538,9.5,1.11
109246,17,17,0,17,0,17,0,17,0,17,0,17,0,17,0,17,0,13,0.308,9,0.889
109247,,,,,,,,,,,,,,,,,,,,,
109249,19,19,0,19,0,19,0,19,0,19,0,19,0,19,0,19,0,13,0.462,13,0.462
109250,19,19,0,19,0,19,0,19,0,19,0,19,0,19,0,19,0,13,0.462,13,0.462
109251,19.2,19.2,0,19.2,0,19.2,0,19.2,0,19.2,0,19.2,0,19.2,0,19,0.0105,13,0.477,13,0.477
109252,19.2,19.2,0,19.2,0,19.2,0,19.2,0,19.2,0,19.2,0,19.2,0,19,0.0105,13,0.477,13,0.477
109253,19,19,0,19,0,19,0,19,0,19,0,19,0,19,0,19,0,13,0.462,13,0.462
109254,23.9,23.9,0,23.9,0,23.9,0,23.9,0,31,-0.229,31,-0.229,31,-0.229,29.5,-0.19,21,0.138,17,0.406
109255,23.9,23.9,0,23.9,0,23.9,0,23.9,0,31,-0.229,31,-0.229,31,-0.229,29.5,-0.19,21,0.138,17,0.406
109256,23.9,23.9,0,23.9,0,23.9,0,23.9,0,31,-0.229,31,-0.229,31,-0.229,29.5,-0.19,21,0.138,17,0.406
109257,23.9,23.9,0,23.9,0,23.9,0,23.9,0,31,-0.229,31,-0.229,25.5,-0.0627,29.5,-0.19,21,0.138,17,0.406
109265,15,15,0,15,0,15,0,15,0,15,0,15,0,15,0,15,0,12.5,0.2,12.5,0.2
109266,57.5,57.5,0,57.5,0,57.5,0,57.5,0,57.5,0,57.5,0,57.5,0,62,-0.0726,47,0.223,43.8,0.313
109267,16,16,0,16,0,16,0,16,0,16,0,16,0,16,0,16,0,16,0,13,0.231
109268,20.9,20.9,0,20.9,0,20.9,0,,,20.9,0,20.9,0,20.9,0,20.9,0,20.9,0,16.9,0.237
109269,,,,,,,,,,,,,,,,,,,,,
109270,25,25,0,,,,,,,25,0,25,0,25,0,,,21.5,0.163,21.5,0.163
109271,13,13,0,,,,,13,0,13,0,13,0,13,0,13,0,13,0,10.7,0.215
109272,17.5,17.5,0,17.5,0,17.5,0,17.5,0,21,-0.167,21,-0.167,21,-0.167,21,-0.167,16.5,0.0606,16.5,0.0606
109277,,,,,,,,,,,,,,,,,,,,,
109279,28,28,0,28,0,28,0,28,0,28,0,28,0,28,0,28,0,22,0.273,17,0.647
109295,,,,,,,,,,,,,,,,,,,,,
109296,63.1,63.1,0,63.1,0,63.1,0,89.3,-0.293,89.3,-0.293,89.2,-0.293,89.2,-0.293,89.2,-0.293,70,-0.0986,65,-0.0292
109297,,,,,,,,,,,,,,,,,,,,,
109298,,,,,,,,,,,,,,,,,,,,,
109299,,,,,,,,,,,,,,,,,,,,,
109310,227,227,0,227,0,227,0,227,0,227,0,227,0,231,-0.0177,246,-0.0795,203,0.118,182,0.247
109311,227,227,0,227,0,227,0,227,0,227,0,227,0,231,-0.0177,246,-0.0795,203,0.118,182,0.247
109312,227,227,0,227,0,227,0,227,0,227,0,227,0,231,-0.0177,246,-0.0795,203,0.118,182,0.247
109313,227,227,0,227,0,227,0,227,0,227,0,227,0,231,-0.0177,290,-0.218,203,0.118,182,0.247
109314,20,20,0,20,0,20,0,20,0,20,0,20,0,20,0,22,-0.0909,15,0.333,15,0.333
109337,,,,,,,,,,,,,,,,,,,,,
109410,,,,,,,,,,,,,,,,,,,,,
109411,,,,,,,,,,,,,,,,,,,,,
109412,17.9,17.9,0,17.9,0,17.9,0,17.9,0,17.9,0,,,,,,,,,,
109413,,,,,,,,,,,,,,,,,,,,,
109414,,,,,,,,,,,,,,,,,,,,,
109415,33,33,0,33,0,33,0,33,0,36,-0.0833,36,-0.0833,36,-0.0833,36,-0.0833,,,26,0.269
109416,71.5,71.5,0,71.5,0,71.5,0,71.5,0,71.5,0,71.5,0,79.3,-0.0984,79.3,-0.0984,59.8,0.196,48.1,0.486
109496,41.5,41.5,0,41.5,0,41.5,0,41.5,0,41.5,0,45.5,-0.0879,45.5,-0.0879,46.5,-0.108,52.2,-0.205,34.9,0.189
109497,,,,,,,,,,,,,,,,,,,,,
109515,,,,,,,,,,,,,,,,,,,,,
109516,,,,,,,,,,,,,,,,,,,,,
109518,,,,,,,,,,,,,,,,,,,,,
109519,114,114,0,114,0,114,0,114,0,114,0,114,0,128,-0.107,140,-0.186,87.5,0.303,82,0.39
109523,36.8,36.8,0,,,36.8,0,36.8,0,36.8,0,30,0.227,38.9,-0.054,40.9,-0.1,30.6,0.203,26.9,0.368
109524,30.5,30.5,0,30.5,0,30.5,0,30.5,0,30.5,0,30.5,0,34,-0.103,35.5,-0.141,25.8,0.182,27.5,0.109
109526,,,,,,,,,,,,,,,,,,,,,
109530,,,,,,,,,,,,,,,,,,,,,
109531,,,,,,,,,,,,,,,,,,,,,
109542,,,,,,,,,,,,,,,,,,,,,
109544,,,,,,,,,,,,,,,,,,,,,
109550,,,,,,,,,,,,,,,,,,,,,
109551,75,75,0,75,0,75,0,75,0,75,0,75,0,75,0,75,0,65,0.154,62,0.21
109552,75,75,0,75,0,75,0,75,0,75,0,75,0,75,0,75,0,65,0.154,62,0.21
109553,75,75,0,75,0,75,0,75,0,75,0,75,0,75,0,75,0,65,0.154,62,0.21
109555,187,187,0,187,0,187,0,187,0,140,0.333,187,0,187,0,187,0,162,0.151,149,0.255
109556,187,187,0,187,0,187,0,187,0,140,0.333,187,0,187,0,187,0,162,0.151,149,0.255
109558,85,85,0,85,0,85,0,85,0,85,0,100,-0.15,100,-0.15,,,,,,
109559,,,,,,,,,,,,,,,,,,,,,
109570,,,,,,,,,,,,,,,,,,,,,
109572,,,,,,,,,,,,,,,,,,,,,
109574,163,163,0,163,0,163,0,163,0,122,0.333,163,0,163,0,163,0,145,0.124,138,0.181
109575,163,163,0,163,0,163,0,163,0,163,0,163,0,163,0,163,0,145,0.124,138,0.181
109578,,,,,,,,,,,,,,,,,,,,,
109579,,,,,,,,,,,,,,,,,,,,,
109581,66.2,66.2,0,66.2,0,66.2,0,66.2,0,66.2,0,,,,,66.2,0,43.5,0.522,43.5,0.522
109582,66.2,66.2,0,66.2,0,66.2,0,66.2,0,66.2,0,,,66.2,0,66.2,0,43.5,0.522,43.5,0.522
109583,72.3,72.3,0,72.3,0,72.3,0,72.3,0,72.3,0,,,,,72.3,0,52.5,0.377,52.5,0.377
109620,,,,,,,,,,,,,,,,,,,,,
109621,18,18,0,,,,,18,0,18,0,18,0,18,0,18,0,12.9,0.395,12.9,0.395
109622,6.2,6.2,0,,,6.2,0,,,6.2,0,6.2,0,7.5,-0.173,,,,,,
109623,8,8,0,,,8,0,8,0,8,0,8,0,8,0,8,0,,,5.9,0.356
109627,20.6,20.6,0,20.6,0,20.6,0,20.6,0,20.6,0,22.9,-0.1,22.9,-0.1,22.9,-0.1,19,0.0842,14.9,0.383
109628,20.6,20.6,0,20.6,0,20.6,0,20.6,0,20.6,0,22.9,-0.1,22.9,-0.1,22.9,-0.1,19,0.0842,,
109642,34,34,0,34,0,34,0,34,0,34,0,34,0,34,0,35.5,-0.0423,25.8,0.318,,
109643,44.9,44.9,0,44.9,0,44.9,0,44.9,0,44.9,0,,,44.9,0,47.9,-0.0626,35,0.283,32.9,0.365
109644,,,,,,,,,,,,,,,,,,,,,
109645,37.2,37.2,0,37.2,0,37.2,0,37.2,0,37.2,0,37.2,0,37.2,0,40.9,-0.0905,30.6,0.216,26.9,0.383
109646,36.6,36.6,0,36.6,0,36.6,0,36.6,0,36.6,0,30,0.22,36.6,0,40.9,-0.105,30.6,0.196,29,0.262
109648,24.6,24.6,0,,,,,24.6,0,24.6,0,24.6,0,26.1,-0.0575,,,,,,
109649,26.1,26.1,0,26.1,0,26.1,0,26.1,0,26.1,0,26.1,0,26.1,0,,,,,,
109650,35.4,35.4,0,35.4,0,35.4,0,35.4,0,,,,,,,,,30.6,0.157,,
109651,37.5,37.5,0,37.5,0,37.5,0,37.5,0,,,,,,,40.9,-0.0831,30.6,0.225,29,0.293
109652,,,,,,,,,,,,,,,,,,,,,
109653,26.1,26.1,0,26.1,0,26.1,0,26.1,0,26.1,0,26.1,0,26.1,0,,,,,16,0.631
109654,26.1,26.1,0,26.1,0,26.1,0,26.1,0,26.1,0,26.1,0,26.1,0,,,,,,
109655,34,34,0,34,0,34,0,34,0,34,0,34,0,34,0,35.5,-0.0423,25.8,0.318,,
109656,,,,,,,,,,,,,,,,,,,,,
109658,30.5,30.5,0,30.5,0,30.5,0,30.5,0,30.5,0,30.5,0,,,,,25.8,0.182,23.4,0.303
109715,59,59,0,59,0,59,0,59,0,59,0,59,0,59,0,59,0,52,0.135,52,0.135
109716,15,15,0,15,0,15,0,15,0,15,0,15,0,15,0,15,0,12.5,0.2,12.5,0.2
109717,25.2,25.2,0,25.2,0,25.2,0,25.2,0,25.2,0,26,-0.0308,26,-0.0308,26,-0.0308,21.5,0.172,21.5,0.172
109734,,,,,,,,,,,,,,,,,,,,,
109750,,,,,,,,,,,,,,,,,,,,,
109751,,,,,,,,,,,,,,,,,,,,,
109752,,,,,,,,,,,,,,,,,,,,,
109760,32,32,0,32,0,32,0,32,0,32,0,32,0,32,0,32,0,23,0.391,15.7,1.04
109763,60,60,0,60,0,60,0,60,0,60,0,60,0,,,,,,,,
109764,,,,,,,,,,,,,,,,,,,,,
109769,26,26,0,26,0,26,0,26,0,26,0,26,0,,,26,0,,,,
109800,47.5,47.5,0,47.5,0,47.5,0,47.5,0,47.5,0,47.5,0,47.5,0,47.5,0,34.9,0.361,34.9,0.361
109801,47.5,47.5,0,47.5,0,47.5,0,47.5,0,,,47.5,0,47.5,0,47.5,0,34.9,0.361,34.9,0.361
109802,47.5,47.5,0,47.5,0,47.5,0,47.5,0,47.5,0,47.5,0,47.5,0,47.5,0,34.9,0.361,34.9,0.361
109805,24.8,24.8,0,24.8,0,24.8,0,24.8,0,24.8,0,24.8,0,24.8,0,23,0.0783,20,0.24,20,0.24
109809,90,90,0,90,0,90,0,90,0,,,,,,,90,0,90,0,74.6,0.206
109820,20,20,0,20,0,20,0,20,0,20,0,20,0,20,0,20,0,20,0,20,0
109821,,,,,,,,,,,,,,,,,,,,,
109822,,,,,,,,,,,,,,,,,,,,,
109823,25,25,0,25,0,25,0,25,0,25,0,25,0,25,0,25,0,21.5,0.163,21.5,0.163
109824,66,66,0,66,0,66,0,66,0,66,0,66,0,66,0,66,0,52,0.269,52,0.269
109956,18.6,18.6,0,18.6,0,18.6,0,18.6,0,18.6,0,18.6,0,18.6,0,18.6,0,15,0.24,15,0.24
109957,37,37,0,37,0,37,0,37,0,47.5,-0.221,54,-0.315,54,-0.315,54,-0.315,34,0.0882,34,0.0882
109958,75,75,0,75,0,75,0,75,0,94.8,-0.209,94.8,-0.209,94.8,-0.209,94.8,-0.209,69,0.087,69,0.087
109959,18.6,18.6,0,18.6,0,18.6,0,18.6,0,18.6,0,18.6,0,18.6,0,18.6,0,15,0.24,15,0.24
109960,37,37,0,37,0,37,0,37,0,47.5,-0.221,64,-0.422,64,-0.422,64,-0.422,32,0.156,32,0.156
109961,75,75,0,75,0,75,0,75,0,94.8,-0.209,94.8,-0.209,94.8,-0.209,94.8,-0.209,69,0.087,69,0.087
110078,29.5,29.5,0,29.5,0,29.5,0,29.5,0,29.5,0,29.5,0,29.5,0,29.5,0,21.5,0.372,21.5,0.372
110151,27.5,27.5,0,27.5,0,27.5,0,27.5,0,,,27.5,0,27.5,0,,,,,,
110201,82,82,0,82,0,82,0,82,0,82,0,82,0,82,0,,,,,45,0.822
110202,39.5,39.5,0,39.5,0,39.5,0,39.5,0,39.5,0,39.5,0,,,39.5,0,21.5,0.837,21.5,0.837
110204,39.5,39.5,0,39.5,0,39.5,0,39.5,0,39.5,0,39.5,0,39.5,0,,,,,,
110205,39.5,39.5,0,39.5,0,39.5,0,39.5,0,39.5,0,39.5,0,39.5,0,,,21.5,0.837,21.5,0.837
110210,39.5,39.5,0,39.5,0,39.5,0,39.5,0,39.5,0,39.5,0,39.5,0,,,,,21.5,0.837
110214,39.5,39.5,0,39.5,0,39.5,0,39.5,0,39.5,0,39.5,0,39.5,0,,,,,21.5,0.837
110215,39.5,39.5,0,39.5,0,39.5,0,39.5,0,39.5,0,39.5,0,,,,,,,,
110277,105,105,0,105,0,105,0,105,0,105,0,105,0,105,0,,,68.5,0.533,62.5,0.68
110435,13,13,0,13,0,13,0,13,0,13,0,13,0,13,0,13,0,10,0.3,10,0.3
110510,,,,,,,,,,,,,,,,,,,,,
110577,59,59,0,59,0,59,0,59,0,59,0,,,,,,,,,,
110701,,,,,,,,,,,,,,,,,,,,,
110877,31.5,31.5,0,31.5,0,31.5,0,31.5,0,31.5,0,31.5,0,27.5,0.145,25,0.26,25,0.26,25,0.26
110888,61,61,0,61,0,61,0,61,0,61,0,,,,,,,,,,
111001,,,,,,,,,,,,,,,,,,,,,
111003,49.9,49.9,0,49.9,0,49.9,0,49.9,0,49.9,0,49.9,0,,,50,-0.002,40,0.248,37,0.349
111004,49.9,49.9,0,49.9,0,49.9,0,49.9,0,49.9,0,49.9,0,56,-0.109,50,-0.002,40,0.248,37,0.349
111007,,,,,,,,,,,,,,,,,,,,,
111010,,,,,,,,,,,,,,,,,,,,,
111048,32.7,32.7,0,32.7,0,32.7,0,32.7,0,32.7,0,32.7,0,32.7,0,32.7,0,19.9,0.643,19.9,0.643
111054,36,36,0,36,0,36,0,36,0,36,0,36,0,36,0,36,0,34.3,0.0496,34.3,0.0496
111058,36,36,0,36,0,36,0,36,0,36,0,36,0,36,0,36,0,34.3,0.0496,34.3,0.0496
111062,10,10,0,10,0,10,0,10,0,10,0,8.5,0.176,10,0,10,0,8,0.25,,
111087,41,41,0,41,0,41,0,41,0,41,0,,,,,,,,,,
111116,67.5,67.5,0,67.5,0,67.5,0,67.5,0,67.5,0,67.5,0,67.5,0,67.5,0,54.3,0.243,54.3,0.243
111118,67.5,67.5,0,67.5,0,67.5,0,67.5,0,67.5,0,,,67.5,0,67.5,0,54.3,0.243,54.3,0.243
111125,,,,,,,,,,,,,,,,,,,,,
111136,,,,,,,,,,,,,,,,,,,,,
111137,,,,,,,,,,,,,,,,,,,,,
111213,22,22,0,22,0,22,0,22,0,22,0,22,0,22,0,22,0,22,0,22,0
111214,20,20,0,,,,,20,0,20,0,16.5,0.212,20,0,20,0,20,0,20,0
111219,59.9,59.9,0,59.9,0,59.9,0,59.9,0,59.9,0,49.9,0.2,60,-0.00167,60,-0.00167,49.9,0.2,49.9,0.2
111221,,,,,,,,,,,,,,,,,,,,,
111222,92,92,0,92,0,92,0,92,0,98,-0.0612,98,-0.0612,98,-0.0612,114,-0.193,,,,
111223,98,98,0,98,0,,,98,0,98,0,98,0,,,114,-0.14,85,0.153,85,0.153
111224,29.5,29.5,0,29.5,0,29.5,0,29.5,0,46,-0.359,46,-0.359,56,-0.473,56,-0.473,35,-0.157,29,0.0172
111226,56,56,0,56,0,56,0,56,0,61.2,-0.085,69.9,-0.199,69.9,-0.199,85,-0.341,48.1,0.164,40.1,0.397
111228,20.5,20.5,0,20.5,0,20.5,0,20.5,0,20.5,0,20.5,0,20.5,0,18.9,0.0847,15,0.367,,
111310,25.9,25.9,0,25.9,0,25.9,0,25.9,0,30.9,-0.162,30.9,-0.162,30.9,-0.162,28,-0.075,19,0.363,18,0.439
111312,,,,,,,,,,,,,,,,,,,,,
111374,88.3,88.3,0,88.3,0,88.3,0,88.3,0,88.3,0,88.3,0,100,-0.117,108,-0.186,77.6,0.138,71,0.244
111512,,,,,,,,,,,,,,,,,,,,,
111532,,,,,,,,,,,,,,,,,,,,,
111561,4.8,4.8,0,4.8,0,4.8,0,4.8,0,4.8,0,5.9,-0.186,5.3,-0.0943,6.4,-0.25,4,0.2,3.8,0.263
111585,,,,,,,,,,,,,,,,,,,,,
111586,,,,,,,,,,,,,,,,,,,,,
111588,36.9,36.9,0,36.9,0,36.9,0,36.9,0,36.9,0,36.9,0,36.9,0,39.5,-0.0658,31,0.19,28.3,0.304
111590,71.9,71.9,0,71.9,0,71.9,0,71.9,0,71.9,0,71.9,0,71.9,0,77,-0.0662,61,0.179,54.6,0.317
111591,148,148,0,148,0,148,0,148,0,148,0,148,0,148,0,158,-0.0682,125,0.176,122,0.209
111611,,,,,,,,,,,,,,,,,,,,,
111612,,,,,,,,,,,,,,,,,,,,,
111613,108,108,0,108,0,108,0,108,0,108,0,108,0,108,0,108,0,83,0.301,77,0.403
111655,28.6,28.6,0,28.6,0,28.6,0,28.6,0,28.6,0,24,0.192,28,0.0214,28,0.0214,24.9,0.149,24.9,0.149
111656,35,35,0,35,0,35,0,35,0,35,0,35,0,35,0,31.2,0.122,24.6,0.423,24.6,0.423
111666,,,,,,,,,,,,,,,,,,,,,
111668,,,,,,,,,,,,,,,,,,,,,
111670,14.6,14.6,0,14.6,0,14.6,0,14.6,0,14.6,0,14.6,0,14.6,0,14.6,0,11.2,0.304,11.2,0.304
111672,,,,,,,,,,,,,,,,,,,,,
111674,8.8,8.8,0,8.8,0,8.8,0,8.8,0,8.8,0,8.8,0,,,8.8,0,7.3,0.205,7.3,0.205
111675,,,,,,,,,,,,,,,,,,,,,
111676,8.8,8.8,0,8.8,0,8.8,0,8.8,0,8.8,0,8.8,0,,,8.8,0,7.3,0.205,7.3,0.205
111682,84.9,84.9,0,84.9,0,84.9,0,84.9,0,84.9,0,84.9,0,84.9,0,82.5,0.0291,72,0.179,69.6,0.22
111685,126,126,0,126,0,126,0,126,0,126,0,107,0.176,126,-0.000792,121,0.0438,99.9,0.263,97.1,0.3
111686,106,106,0,106,0,,,,,106,0,90.3,0.176,106,0.00283,103,0.0301,86.9,0.222,84,0.264
111687,136,136,0,136,0,136,0,136,0,136,0,136,0,136,0,129,0.0541,89.3,0.526,89.3,0.526
111690,109,109,0,109,0,,,,,109,0,109,0,106,0.0216,106,0.0235,92,0.183,85.3,0.275
111691,103,103,0,103,0,103,0,103,0,103,0,103,0,103,0,103,0,89.9,0.147,85.3,0.209
111692,,,,,,,,,,,,,,,,,,,,,
111693,62.5,62.5,0,62.5,0,62.5,0,62.5,0,62.5,0,62.5,0,62.5,0,59.1,0.0575,53,0.179,51,0.225
111696,53.8,53.8,0,53.8,0,53.8,0,53.8,0,53.8,0,53.8,0,53.8,0,52.3,0.0287,46.9,0.147,49.4,0.0891
111697,31.3,31.3,0,31.3,0,31.3,0,31.3,0,31.3,0,31.3,0,31.3,0,31.3,0,27,0.159,23.1,0.355
111698,41.3,41.3,0,41.3,0,41.3,0,41.3,0,41.3,0,41.3,0,41.3,0,41.3,0,34,0.215,30.7,0.345
111699,31.3,31.3,0,31.3,0,31.3,0,31.3,0,31.3,0,31.3,0,31.3,0,31.3,0,,,25,0.252
111701,43.7,43.7,0,43.7,0,43.7,0,43.7,0,43.7,0,37.1,0.178,43.8,-0.00228,43.8,-0.00228,38,0.15,,
111702,,,,,,,,,,,,,,,,,,,,,
111703,,,,,,,,,,,,,,,,,,,,,
111800,61.2,61.2,0,61.2,0,61.2,0,61.2,0,,,,,61.2,0,87.5,-0.301,60.1,0.0183,49,0.249
111831,,,,,,,,,,,,,,,,,,,,,
111832,,,,,,,,,,,,,,,,,,,,,
111835,43.3,43.3,0,43.3,0,43.3,0,43.3,0,43.3,0,43.3,0,43.3,0,46.5,-0.0688,36.5,0.186,33.4,0.296
111878,25,25,0,25,0,25,0,25,0,25,0,,,,,,,,,,
111912,60,60,0,60,0,60,0,60,0,60,0,71,-0.155,71,-0.155,51.3,0.17,42.9,0.399,42.9,0.399
111913,,,,,,,,,,,,,,,,,,,,,
111990,64.9,64.9,0,64.9,0,64.9,0,64.9,0,51.9,0.25,64.9,0,64.9,0,64.9,0,59.9,0.0835,59.9,0.0835
112018,30.3,30.3,0,30.3,0,30.3,0,30.3,0,30.3,0,30.3,0,30.3,0,30.3,0,,,,
112176,,,,,,,,,,,,,,,,,,,,,
112177,,,,,,,,,,,,,,,,,,,,,
112189,9.2,9.2,0,9.2,0,9.2,0,9.2,0,13.7,-0.328,13.7,-0.328,17.3,-0.468,16,-0.425,11.7,-0.214,11.7,-0.214
112201,,,,,,,,,,,,,,,,,,,,,
112251,,,,,,,,,,,,,,,,,,,,,
112255,65,65,0,65,0,65,0,65,0,65,0,65,0,61,0.0656,60,0.0833,48,0.354,45,0.444
112259,,,,,,,,,,,,,,,,,,,,,
112276,,,,,,,,,,,,,,,,,,,,,
112277,31.2,31.2,0,31.2,0,31.2,0,31.2,0,31.2,0,31.2,0,,,,,26.3,0.186,25,0.248
112292,,,,,,,,,,,,,,,,,,,,,
112293,,,,,,,,,,,,,,,,,,,,,
112294,,,,,,,,,,,,,,,,,,,,,
112295,,,,,,,,,,,,,,,,,,,,,
112296,,,,,,,,,,,,,,,,,,,,,
112297,,,,,,,,,,,,,,,,,,,,,
112298,,,,,,,,,,,,,,,,,,,,,
112299,,,,,,,,,,,,,,,,,,,,,
112300,,,,,,,,,,,,,,,,,,,,,
112301,,,,,,,,,,,,,,,,,,,,,
112302,14,14,0,14,0,14,0,,,,,,,,,,,,,,
112303,14,14,0,14,0,14,0,,,,,,,,,,,,,,
112304,14,14,0,14,0,14,0,,,,,,,,,,,,,,
112305,,,,,,,,,,,,,,,,,,,,,
112307,,,,,,,,,,,,,,,,,,,,,
112368,25.2,25.2,0,25.2,0,25.2,0,25.2,0,25.2,0,25.2,0,25.2,0,25.2,0,22,0.145,22,0.145
112369,159,159,0,159,0,159,0,159,0,159,0,159,0,159,0,173,-0.0809,,,,
112382,75.9,75.9,0,75.9,0,75.9,0,75.9,0,,,,,75.9,0,,,,,,
112383,75.9,75.9,0,75.9,0,75.9,0,75.9,0,75.9,0,75.9,0,75.9,0,75.9,0,69.9,0.0858,69.9,0.0858
112384,,,,,,,,,,,,,,,,,,,,,
112385,83,83,0,83,0,83,0,83,0,,,,,,,,,,,,
112390,,,,,,,,,,,,,,,,,,,,,
112391,10.9,10.9,0,10.9,0,10.9,0,10.9,0,10.9,0,10.9,0,10.9,0,,,8.9,0.225,,
112393,,,,,,,,,,,,,,,,,,,,,
112394,90,90,0,90,0,90,0,90,0,90,0,90,0,90,0,90,0,78,0.154,76,0.184
112395,90,90,0,90,0,90,0,90,0,,,90,0,90,0,,,78,0.154,,
112396,90,90,0,90,0,90,0,90,0,90,0,90,0,90,0,,,78,0.154,76,0.184
112397,90,90,0,90,0,90,0,90,0,90,0,90,0,90,0,90,0,78,0.154,76,0.184
112398,90,90,0,90,0,90,0,90,0,90,0,90,0,90,0,90,0,78,0.154,76,0.184
112406,148,148,0,148,0,148,0,148,0,104,0.429,148,0,148,0,148,0,132,0.121,128,0.156
112407,148,148,0,148,0,148,0,148,0,74,1,148,0,148,0,148,0,132,0.121,128,0.156
112416,,,,,,,,,,,,,,,,,,,,,
112423,42,42,0,42,0,42,0,42,0,42,0,42,0,42,0,42,0,38,0.105,,
112424,42,42,0,42,0,42,0,42,0,42,0,42,0,42,0,42,0,38,0.105,38,0.105
112431,55.9,55.9,0,55.9,0,55.9,0,55.9,0,55.9,0,52.5,0.0648,55,0.0164,59.9,-0.0668,48.5,0.153,40.9,0.367
112435,9,9,0,9,0,9,0,9,0,11.9,-0.244,11.9,-0.244,11.9,-0.244,11.9,-0.244,9.8,-0.0816,8.9,0.0112
112438,190,190,0,190,0,190,0,190,0,159,0.193,190,0,190,0,,,,,,
112439,190,190,0,190,0,190,0,190,0,159,0.193,190,0,190,0,,,,,,
112440,190,190,0,190,0,190,0,190,0,159,0.193,190,0,190,0,,,,,,
112500,,,,,,,,,,,,,,,,,,,,,
112501,,,,,,,,,,,,,,,,,,,,,
112502,,,,,,,,,,,,,,,,,,,,,
112510,8.9,8.9,0,8.9,0,8.9,0,8.9,0,8.9,0,8.9,0,8.9,0,8.9,0,7.5,0.187,7,0.271
112513,,,,,,,,,,,,,,,,,,,,,
112514,43.1,43.1,0,43.1,0,43.1,0,43.1,0,43.1,0,43.1,0,43.1,0,43.1,0,29.6,0.456,25,0.724
112515,,,,,,,,,,,,,,,,,,,,,
112540,28,28,0,28,0,28,0,28,0,28,0,23.5,0.191,28,0,28,0,22,0.273,20,0.4
112541,28,28,0,28,0,28,0,28,0,28,0,23.5,0.191,28,0,28,0,22,0.273,20,0.4
112542,45.9,45.9,0,45.9,0,45.9,0,45.9,0,45.9,0,39,0.177,45.9,0,45.9,0,,,39.9,0.15
112545,79.9,79.9,0,79.9,0,79.9,0,79.9,0,79.9,0,79.9,0,79.9,0,79.9,0,60.7,0.316,75.9,0.0527
112563,280,280,0,280,0,280,0,280,0,280,0,280,0,280,0,354,-0.21,235,0.192,201,0.391
112570,15.4,15.4,0,15.4,0,15.4,0,15.4,0,15.4,0,15.4,0,,,14.5,0.0621,,,12.2,0.262
112571,,,,,,,,,,,,,,,,,,,,,
112572,22.9,22.9,0,22.9,0,,,22.9,0,,,,,,,22.5,0.0178,,,20.5,0.117
112573,13.5,13.5,0,13.5,0,,,13.5,0,13.5,0,10.8,0.25,13.5,0,12.9,0.0465,9.6,0.406,11.5,0.174
112575,310,310,0,310,0,310,0,310,0,310,0,310,0,310,0,310,0,205,0.512,185,0.676
112577,310,310,0,310,0,310,0,310,0,310,0,310,0,310,0,310,0,205,0.512,185,0.676
112579,13,13,0,13,0,13,0,13,0,13,0,13,0,13,0,13,0,12.5,0.04,12.5,0.04
112580,,,,,,,,,,,,,,,,,,,,,
112582,27.5,27.5,0,27.5,0,27.5,0,27.5,0,27.5,0,24.8,0.109,26.9,0.0223,26.9,0.0223,26.2,0.0496,26.2,0.0496
112586,23,23,0,23,0,23,0,23,0,23,0,23,0,23,0,23,0,22.3,0.0314,22.3,0.0314
112590,26.9,26.9,0,26.9,0,26.9,0,26.9,0,26.9,0,27,-0.0037,27,-0.0037,27,-0.0037,20.8,0.293,20,0.345
112730,,,,,,,,,,,,,,,,,,,,,
112731,,,,,,,,,,,,,,,,,,,,,
112808,,,,,,,,,,,,,,,,,,,,,
112809,24.9,24.9,0,24.9,0,24.9,0,24.9,0,33,-0.245,33,-0.245,33,-0.245,33,-0.245,25.5,-0.0235,23.5,0.0596
112810,24.9,24.9,0,24.9,0,24.9,0,24.9,0,33,-0.245,33,-0.245,33,-0.245,33,-0.245,25.5,-0.0235,23.5,0.0596
112811,,,,,,,,,,,,,,,,,,,,,
112814,58,58,0,58,0,58,0,58,0,58,0,58,0,58,0,58,0,43.8,0.324,40,0.45
112815,,,,,,,,,,,,,,,,,,,,,
112860,,,,,,,,,,,,,,,,,,,,,
112870,,,,,,,,,,,,,,,,,,,,,
112871,63.8,63.8,0,,,,,63.8,0,63.8,0,63.8,0,65,-0.0185,65,-0.0185,48,0.329,43.5,0.467
112894,51.2,51.2,0,51.2,0,51.2,0,51.2,0,51.2,0,51.2,0,51.2,0,56.2,-0.089,40,0.28,35,0.463
112935,,,,,,,,,,,,,,,,,,,,,
112936,,,,,,,,,,,,,,,,,,,,,
112938,14.6,14.6,0,14.6,0,14.6,0,14.6,0,14.6,0,14.6,0,14.6,0,14.6,0,13.7,0.0657,13.7,0.0657
112941,42,42,0,42,0,42,0,42,0,42,0,38.2,0.0995,52.4,-0.198,58.5,-0.282,41.8,0.00478,34.5,0.217
112967,22.1,22.1,0,22.1,0,22.1,0,22.1,0,35,-0.369,35,-0.369,35,-0.369,36.3,-0.391,27,-0.181,30.8,-0.282
112970,34,34,0,34,0,34,0,34,0,34,0,34,0,34,0,35.5,-0.0423,25.8,0.318,23.4,0.453
112971,32.1,32.1,0,32.1,0,32.1,0,32.1,0,32.1,0,32.1,0,32.1,0,35.5,-0.0958,25.8,0.244,23.4,0.372
112973,36.1,36.1,0,36.1,0,36.1,0,36.1,0,36.1,0,36.1,0,36.1,0,40.9,-0.117,30.6,0.18,26.9,0.342
112975,35.7,35.7,0,35.7,0,35.7,0,35.7,0,35.7,0,35.7,0,,,45.5,-0.215,30.6,0.167,,
113041,92.9,92.9,0,92.9,0,92.9,0,92.9,0,92.9,0,92.9,0,92.9,0,133,-0.3,85.5,0.0865,75.9,0.224
113042,221,221,0,221,0,221,0,221,0,221,0,217,0.018,217,0.018,310,-0.288,205,0.0786,178,0.244
113043,250,250,0,250,0,250,0,250,0,250,0,246,0.0154,246,0.0154,352,-0.289,,,,
113102,48.7,48.7,0,48.7,0,48.7,0,48.7,0,48.7,0,41.4,0.176,47.5,0.0253,47.5,0.0253,36.9,0.32,38,0.282
113103,48.7,48.7,0,48.7,0,,,,,41.4,0.176,48.8,-0.00205,,,47.5,0.0253,36.9,0.32,37.5,0.299
113104,24.1,24.1,0,24.1,0,,,,,24.1,0,24.1,0,,,24.1,0,,,21.8,0.106
113105,24.1,24.1,0,24.1,0,,,24.1,0,24.1,0,,,,,24.1,0,21.8,0.106,21.8,0.106
113106,24.1,24.1,0,24.1,0,,,,,24.1,0,,,,,24.1,0,,,21.8,0.106
113107,24.1,24.1,0,24.1,0,24.1,0,24.1,0,24.1,0,,,24.1,0,24.1,0,21.8,0.106,21.8,0.106
113153,,,,,,,,,,,,,,,,,,,,,
113220,15.9,15.9,0,,,,,,,15.9,0,15.9,0,15.9,0,,,,,13.5,0.178
113221,,,,,,,,,,,,,,,,,,,,,
113222,15.9,15.9,0,,,,,,,15.9,0,15.9,0,15.9,0,,,,,13.5,0.178
113223,15.9,15.9,0,15.9,0,15.9,0,,,15.9,0,15.9,0,15.9,0,15.9,0,13.5,0.178,13.5,0.178
113224,,,,,,,,,,,,,,,,,,,,,
113225,24,24,0,24,0,24,0,24,0,24,0,24,0,24,0,24,0,20.5,0.171,20.5,0.171
113303,60,60,0,60,0,60,0,60,0,60,0,60,0,,,,,,,,
113305,60,60,0,60,0,60,0,60,0,,,60,0,,,,,,,,
113308,,,,,,,,,,,,,,,,,,,,,
113310,29.3,29.3,0,29.3,0,29.3,0,34.4,-0.148,37.5,-0.219,32,-0.0844,39.5,-0.258,39.5,-0.258,,,,
113311,29.3,29.3,0,29.3,0,29.3,0,39.5,-0.258,30,-0.0233,32,-0.0844,39.5,-0.258,39.5,-0.258,30,-0.0233,26.2,0.118
113315,30,30,0,30,0,30,0,30,0,30,0,30,0,30,0,,,,,,
113317,30,30,0,30,0,30,0,30,0,30,0,30,0,,,,,,,,
113318,30,30,0,30,0,30,0,30,0,30,0,30,0,30,0,,,,,,
113340,23,23,0,23,0,23,0,23,0,32,-0.281,32,-0.281,32,-0.281,21,0.0952,21,0.0952,15,0.533
113460,,,,,,,,,,,,,,,,,,,,,
113520,,,,,,,,,,,,,,,,,,,,,
113521,,,,,,,,,,,,,,,,,,,,,
113523,,,,,,,,,,,,,,,,,,,,,
113524,,,,,,,,,,,,,,,,,,,,,
113529,85,85,0,85,0,85,0,85,0,85,0,85,0,85,0,78,0.0897,64,0.328,56,0.518
113530,85,85,0,85,0,85,0,85,0,85,0,85,0,85,0,71,0.197,64,0.328,56,0.518
113531,57.9,57.9,0,57.9,0,57.9,0,57.9,0,57.9,0,57.9,0,,,52,0.113,44,0.316,36,0.608
113532,,,,,,,,,,,,,,,,,,,,,
113533,,,,,,,,,,,,,,,,,,,,,
113534,57,57,0,57,0,57,0,57,0,57,0,57,0,57,0,52,0.0962,44,0.295,36,0.583
113535,57,57,0,57,0,57,0,57,0,57,0,57,0,57,0,52,0.0962,44,0.295,36,0.583
113537,85,85,0,85,0,85,0,85,0,85,0,85,0,85,0,78,0.0897,64,0.328,56,0.518
113538,85,85,0,85,0,85,0,85,0,85,0,85,0,85,0,78,0.0897,64,0.328,56,0.518
113540,229,229,0,229,0,229,0,229,0,239,-0.0418,219,0.0457,260,-0.119,299,-0.234,204,0.123,186,0.231
113543,,,,,,,,,,,,,,,,,,,,,
113544,,,,,,,,,,,,,,,,,,,,,
113545,51,51,0,51,0,51,0,51,0,51,0,51,0,51,0,51,0,51,0,43.4,0.175
113546,91,91,0,,,,,91,0,91,0,91,0,91,0,,,69.5,0.309,69.5,0.309
113547,91,91,0,,,,,91,0,91,0,91,0,91,0,91,0,69.5,0.309,69.5,0.309
113548,91,91,0,,,,,91,0,91,0,91,0,91,0,91,0,69.5,0.309,69.5,0.309
113549,21,21,0,,,21,0,21,0,21,0,21,0,21,0,21,0,16.5,0.273,16.5,0.273
113550,,,,,,,,,,,,,,,,,,,,,
113629,36.2,36.2,0,36.2,0,36.2,0,36.2,0,,,36.2,0,88.9,-0.593,,,,,75,-0.517
113630,,,,,,,,,,,,,,,,,,,,,
113631,,,,,,,,,,,,,,,,,,,,,
113632,36.2,36.2,0,,,,,36.2,0,36.2,0,36.2,0,,,,,,,75,-0.517
113633,,,,,,,,,,,,,,,,,,,,,
113635,36.2,36.2,0,,,,,36.2,0,36.2,0,,,,,,,,,,
113636,,,,,,,,,,,,,,,,,,,,,
113637,36.2,36.2,0,36.2,0,36.2,0,36.2,0,36.2,0,36.2,0,88.9,-0.593,,,,,75,-0.517
113639,15,15,0,15,0,15,0,16.8,-0.107,16.8,-0.107,16.8,-0.107,16.8,-0.107,16.8,-0.107,14,0.0714,13.5,0.111
113640,15,15,0,15,0,15,0,16.8,-0.107,16.8,-0.107,16.8,-0.107,16.8,-0.107,16.8,-0.107,14,0.0714,13.5,0.111
113680,39,39,0,39,0,39,0,39,0,39,0,39,0,39,0,31.7,0.23,23.7,0.646,21.7,0.797
113683,,,,,,,,,,,,,,,,,,,,,
113700,45.6,45.6,0,45.6,0,45.6,0,45.6,0,45.6,0,45.6,0,45.6,0,45.6,0,36,0.267,33.1,0.378
113701,,,,,,,,,,,,,,,,,,,,,
113813,51,51,0,51,0,51,0,51,0,51,0,51,0,51,0,51,0,41.3,0.235,37.5,0.36
113814,,,,,,,,,,,,,,,,,,,,,
113815,21.7,21.7,0,21.7,0,21.7,0,21.7,0,21.7,0,,,,,20.4,0.0637,17.5,0.24,17.5,0.24
113888,49.8,49.8,0,49.8,0,49.8,0,49.8,0,59.9,-0.169,59.9,-0.169,59.9,-0.169,59.9,-0.169,52.3,-0.0478,40.8,0.221
114020,,,,,,,,,,,,,,,,,,,,,
114021,23.5,23.5,0,23.5,0,23.5,0,23.5,0,23.5,0,23.5,0,23.5,0,,,16.9,0.391,16.9,0.391
114050,20,20,0,,,20,0,20,0,20,0,20,0,20,0,20,0,17,0.176,12,0.667
114060,64.9,64.9,0,64.9,0,64.9,0,64.9,0,51.9,0.25,64.9,0,64.9,0,64.9,0,44.9,0.445,41.9,0.549
114061,,,,,,,,,,,,,,,,,,,,,
114064,132,132,0,132,0,132,0,132,0,132,0,132,0,132,0,132,0,,,,
114080,119,119,0,119,0,119,0,119,0,119,0,119,0,119,0,84.9,0.402,84.9,0.402,84.9,0.402
114085,59,59,0,59,0,59,0,59,0,59,0,59,0,59,0,59,0,,,27,1.19
114086,,,,,,,,,,,,,,,,,,,,,
114087,56,56,0,56,0,56,0,,,56,0,56,0,56,0,56,0,35,0.6,32,0.75
114089,39,39,0,39,0,39,0,39,0,39,0,39,0,,,,,31,0.258,21.5,0.814
114091,73,73,0,73,0,73,0,73,0,73,0,73,0,73,0,73,0,40,0.825,39,0.872
114097,,,,,,,,,,,,,,,,,,,,,
114098,53,53,0,53,0,53,0,53,0,53,0,53,0,58,-0.0862,,,,,,
114134,60,60,0,60,0,60,0,60,0,60,0,,,71,-0.155,52.5,0.143,,,34,0.765
114135,60,60,0,60,0,60,0,60,0,60,0,71,-0.155,71,-0.155,,,,,34,0.765
114136,70.3,70.3,0,70.3,0,70.3,0,70.3,0,70.3,0,83,-0.153,83,-0.153,,,,,,
114155,39,39,0,39,0,39,0,39,0,39,0,39,0,39,0,39,0,33.7,0.157,32,0.219
114156,,,,,,,,,,,,,,,,,,,,,
114157,39,39,0,39,0,39,0,39,0,39,0,39,0,39,0,39,0,33.7,0.157,,
114158,38,38,0,38,0,38,0,38,0,38,0,38,0,38,0,38,0,33,0.152,,
114159,,,,,,,,,,,,,,,,,,,,,
114166,,,,,,,,,,,,,,,,,,,,,
114201,,,,,,,,,,,,,,,,,,,,,
114206,,,,,,,,,,,,,,,,,,,,,
114208,,,,,,,,,,,,,,,,,,,,,
114214,,,,,,,,,,,,,,,,,,,,,
114216,39.6,39.6,0,39.6,0,39.6,0,39.6,0,39.6,0,39.6,0,39.6,0,39.6,0,27.3,0.451,22.3,0.776
114218,36,36,0,36,0,36,0,36,0,36,0,36,0,36,0,37,-0.027,,,,
114219,36,36,0,36,0,36,0,36,0,36,0,36,0,36,0,37,-0.027,,,,
114221,7,7,0,7,0,7,0,7,0,7,0,7,0,,,7,0,5,0.4,,
114223,,,,,,,,,,,,,,,,,,,,,
114224,,,,,,,,,,,,,,,,,,,,,
114226,,,,,,,,,,,,,,,,,,,,,
114227,,,,,,,,,,,,,,,,,,,,,
114228,36,36,0,36,0,36,0,36,0,36,0,36,0,36,0,37,-0.027,,,,
114229,31,31,0,31,0,31,0,31,0,31,0,31,0,31,0,31,0,,,,
114231,31,31,0,31,0,31,0,31,0,,,,,,,31,0,,,,
114232,,,,,,,,,,,,,,,,,,,,,
114233,31,31,0,31,0,31,0,31,0,31,0,31,0,31,0,31,0,,,,
114236,13.4,13.4,0,13.4,0,13.4,0,13.4,0,13.4,0,13.4,0,13.4,0,13.4,0,10.2,0.314,9.4,0.426
114237,,,,,,,,,,,,,,,,,,,,,
114238,13.4,13.4,0,13.4,0,13.4,0,13.4,0,13.4,0,13.4,0,13.4,0,13.4,0,10.2,0.314,9.4,0.426
114239,13.4,13.4,0,13.4,0,13.4,0,13.4,0,13.4,0,13.4,0,13.4,0,13.4,0,10.2,0.314,9.4,0.426
114240,8.9,8.9,0,8.9,0,8.9,0,8.9,0,8.9,0,8.9,0,8.9,0,8.9,0,6.8,0.309,6.3,0.413
114241,8.9,8.9,0,8.9,0,8.9,0,8.9,0,8.9,0,8.9,0,8.9,0,8.9,0,6.8,0.309,6.3,0.413
114242,36.8,36.8,0,36.8,0,36.8,0,36.8,0,36.8,0,36.8,0,36.8,0,40,-0.08,31,0.187,28.4,0.296
114246,15.9,15.9,0,15.9,0,15.9,0,15.9,0,15.9,0,15.9,0,15.9,0,17.5,-0.0914,13.5,0.178,13.5,0.178
114247,35,35,0,35,0,35,0,35,0,,,,,,,,,,,,
114251,42,42,0,42,0,42,0,42,0,42,0,42,0,42,0,42,0,,,,
114252,42,42,0,42,0,42,0,42,0,42,0,42,0,42,0,,,,,,
114270,27,27,0,27,0,27,0,27,0,27,0,27,0,27,0,,,,,,
114271,27,27,0,27,0,27,0,27,0,27,0,27,0,27,0,,,,,,
114274,,,,,,,,,,,,,,,,,,,,,
114275,,,,,,,,,,,,,,,,,,,,,
114276,,,,,,,,,,,,,,,,,,,,,
114277,27,27,0,27,0,27,0,27,0,27,0,27,0,27,0,,,,,,
114279,27,27,0,27,0,27,0,27,0,27,0,27,0,27,0,,,,,,
114280,20,20,0,20,0,20,0,20,0,20,0,20,0,20,0,,,,,,
114281,27,27,0,27,0,27,0,27,0,27,0,27,0,27,0,30.5,-0.115,,,,
114290,266,266,0,266,0,266,0,266,0,200,0.333,266,0,266,0,266,0,233,0.142,215,0.237
114295,,,,,,,,,,,,,,,,,,,,,
114310,10.5,10.5,0,10.5,0,10.5,0,10.5,0,10.5,0,10.5,0,,,10.5,0,7.5,0.4,7.5,0.4
114311,7.5,7.5,0,7.5,0,7.5,0,7.5,0,7.5,0,7.5,0,7.5,0,7.5,0,4,0.875,4,0.875
114318,20.6,20.6,0,20.6,0,20.6,0,20.6,0,20.6,0,20.6,0,22.9,-0.1,22.9,-0.1,19,0.0842,14.9,0.383
114319,20.6,20.6,0,20.6,0,20.6,0,20.6,0,20.6,0,20.6,0,22.9,-0.1,22.9,-0.1,19,0.0842,16.7,0.234
114320,20.6,20.6,0,20.6,0,20.6,0,20.6,0,20.6,0,20.6,0,22.9,-0.1,22.9,-0.1,19,0.0842,14,0.471
114321,20.6,20.6,0,20.6,0,20.6,0,,,20.6,0,20.6,0,22.9,-0.1,22.9,-0.1,19,0.0842,14.8,0.392
114356,56,56,0,56,0,56,0,56,0,56,0,56,0,56,0,,,25.1,1.23,25.1,1.23
114360,45.4,45.4,0,45.4,0,45.4,0,45.4,0,45.4,0,45.4,0,45.4,0,,,,,,
114378,42.9,42.9,0,42.9,0,42.9,0,42.9,0,42.9,0,35.7,0.202,43,-0.00233,43,-0.00233,35.9,0.195,,
114379,,,,,,,,,,,,,,,,,,,,,
114390,58.8,58.8,0,58.8,0,58.8,0,58.8,0,58.8,0,58.8,0,58.8,0,69,-0.148,51.3,0.146,46.5,0.265
114445,105,105,0,105,0,105,0,105,0,105,0,105,0,105,0,150,-0.3,97.1,0.0844,84.8,0.242
114446,,,,,,,,,,,,,,,,,,,,,
114447,105,105,0,105,0,105,0,105,0,105,0,105,0,105,0,150,-0.3,97.1,0.0844,84.8,0.242
114455,67.6,67.6,0,67.6,0,67.6,0,67.6,0,67.6,0,67.6,0,67.6,0,67.6,0,56.3,0.201,50,0.352
114471,18.4,18.4,0,18.4,0,18.4,0,18.4,0,18.4,0,18.4,0,18.4,0,18.4,0,14.4,0.278,,
114540,81.3,81.3,0,81.3,0,81.3,0,81.3,0,81.3,0,81.3,0,81.3,0,,,54,0.506,46.6,0.745
114656,42.4,42.4,0,42.4,0,42.4,0,42.4,0,42.4,0,42.4,0,42.4,0,43.1,-0.0162,29.6,0.432,25,0.696
114657,42.4,42.4,0,42.4,0,42.4,0,42.4,0,42.4,0,42.4,0,42.4,0,43.1,-0.0162,29.6,0.432,25,0.696
114671,10.9,10.9,0,10.9,0,10.9,0,10.9,0,10.9,0,10.9,0,10.9,0,,,,,,
114700,15.3,15.3,0,15.3,0,15.3,0,15.3,0,15.3,0,15.3,0,,,,,,,12.5,0.224
114760,59,59,0,59,0,59,0,59,0,59,0,59,0,59,0,59,0,52,0.135,52,0.135
114790,75,75,0,75,0,75,0,75,0,75,0,75,0,,,,,,,,
114791,,,,,,,,,,,,,,,,,,,,,
114792,75,75,0,75,0,,,75,0,75,0,,,,,,,,,,
114797,,,,,,,,,,,,,,,,,,,,,
114806,1,1,0,1,0,1,0,1,0,1,0,1,0,1,0,1,0,,,,
114807,1,1,0,1,0,1,0,1,0,1,0,1,0,1,0,1,0,1,0,1,0
114841,56.5,56.5,0,56.5,0,56.5,0,56.5,0,56.5,0,56,0.00893,63.6,-0.112,70,-0.193,56,0.00893,56,0.00893
114894,25.6,25.6,0,25.6,0,25.6,0,25.6,0,25.6,0,25.6,0,25.6,0,25.6,0,18.9,0.354,18.9,0.354
114895,,,,,,,,,,,,,,,,,,,,,
114898,36.9,36.9,0,36.9,0,36.9,0,36.9,0,36.9,0,,,31.9,0.157,31.9,0.157,28.9,0.277,,
114899,36.9,36.9,0,36.9,0,36.9,0,36.9,0,36.9,0,36.9,0,31.9,0.157,31.9,0.157,28.9,0.277,,
114900,108,108,0,108,0,108,0,108,0,108,0,108,0,108,0,82.5,0.309,56.3,0.918,56.3,0.918
114910,38,38,0,38,0,38,0,44.5,-0.146,44.5,-0.146,40,-0.05,44.5,-0.146,43.7,-0.13,,,33.7,0.128
114911,20.9,20.9,0,20.9,0,20.9,0,23.3,-0.103,23.3,-0.103,25.8,-0.19,25,-0.164,23.7,-0.118,21,-0.00476,,
114912,11,11,0,11,0,11,0,12,-0.0833,11,0,13.6,-0.191,13.6,-0.191,12,-0.0833,11,0,10.6,0.0377
114913,7.5,7.5,0,7.5,0,7.5,0,6.7,0.119,,,,,,,,,,,6,0.25
114914,3.7,3.7,0,3.7,0,3.7,0,3.7,0,3.7,0,3.7,0,3.7,0,3.5,0.0571,3,0.233,3,0.233
114985,42,42,0,42,0,42,0,42,0,57.2,-0.266,57.2,-0.266,86.9,-0.517,86.9,-0.517,59.9,-0.299,36,0.167
114995,22,22,0,22,0,22,0,22,0,23.9,-0.0795,31.9,-0.31,31.9,-0.31,25.5,-0.137,31.5,-0.302,26.5,-0.17
115001,20,20,0,20,0,20,0,20,0,20,0,17.5,0.143,20,0,20,0,17,0.176,,
115011,20,20,0,20,0,20,0,20,0,20,0,17.5,0.143,20,0,20,0,17,0.176,17,0.176
115017,20,20,0,20,0,20,0,20,0,20,0,17.5,0.143,20,0,20,0,17,0.176,17,0.176
115020,36.4,36.4,0,36.4,0,36.4,0,36.4,0,,,,,49,-0.257,,,33.3,0.0931,29.7,0.226
115031,,,,,,,,,,,,,,,,,,,,,
115050,152,152,0,152,0,152,0,152,0,152,0,152,0,152,0,138,0.101,102,0.492,86.7,0.749
115051,,,,,,,,,,,,,,,,,,,,,
115060,14,14,0,14,0,14,0,14,0,14,0,14,0,14,0,14,0,12,0.167,12,0.167
115110,25,25,0,,,,,25,0,25,0,25,0,25,0,,,,,,
115111,25,25,0,,,,,,,25,0,25,0,25,0,25,0,,,,
115112,25,25,0,25,0,25,0,25,0,25,0,25,0,25,0,25,0,21.5,0.163,,
115113,25,25,0,25,0,25,0,25,0,25,0,25,0,25,0,25,0,21.5,0.163,20,0.25
115114,25,25,0,25,0,25,0,25,0,25,0,25,0,25,0,25,0,21.5,0.163,20,0.25
115116,25,25,0,25,0,25,0,25,0,25,0,25,0,25,0,25,0,21.5,0.163,20,0.25
115117,26.5,26.5,0,,,26.5,0,26.5,0,26.5,0,26.5,0,26.5,0,26.5,0,23,0.152,21,0.262
115150,74.5,74.5,0,74.5,0,74.5,0,74.5,0,74.5,0,74.5,0,84.5,-0.118,91.5,-0.186,65.6,0.136,54,0.38
115151,48.9,48.9,0,48.9,0,48.9,0,48.9,0,48.9,0,48.9,0,55.5,-0.119,60,-0.185,43,0.137,35.5,0.377
115220,44,44,0,44,0,44,0,44,0,44,0,43.9,0.00228,43.9,0.00228,43.9,0.00228,37.5,0.173,37.5,0.173
115250,40,40,0,40,0,40,0,40,0,49.9,-0.198,49.9,-0.198,49.9,-0.198,34.9,0.146,37.4,0.0695,24,0.667
115350,194,194,0,194,0,194,0,194,0,146,0.333,194,0,194,0,194,0,170,0.141,152,0.276
115353,215,215,0,215,0,215,0,215,0,161,0.333,215,0,215,0,215,0,197,0.0914,90,1.39
115357,215,215,0,215,0,215,0,215,0,161,0.333,215,0,215,0,215,0,197,0.0914,180,0.194
115362,,,,,,,,,,,,,,,,,,,,,
115602,49.9,49.9,0,49.9,0,49.9,0,49.9,0,49.9,0,49.9,0,56,-0.109,56,-0.109,,,37,0.349
115603,13.9,13.9,0,13.9,0,13.9,0,13.9,0,13.9,0,23,-0.396,23,-0.396,21.9,-0.365,16,-0.131,,
115707,19,19,0,,,19,0,19,0,19,0,16.9,0.124,19,0,16.5,0.152,14,0.357,14,0.357
115710,,,,,,,,,,,,,,,,,,,,,
115777,,,,,,,,,,,,,,,,,,,,,
115800,19.9,19.9,0,19.9,0,19.9,0,19.9,0,19.9,0,,,19.9,0,19.9,0,14.4,0.382,12.7,0.567
115802,19.9,19.9,0,19.9,0,19.9,0,19.9,0,19.9,0,19.9,0,19.9,0,19.9,0,14.4,0.382,12.7,0.567
115878,,,,,,,,,,,,,,,,,,,,,
115906,,,,,,,,,,,,,,,,,,,,,
115907,,,,,,,,,,,,,,,,,,,,,
115912,28,28,0,28,0,28,0,28,0,28,0,28,0,28,0,28,0,22,0.273,17,0.647
115917,,,,,,,,,,,,,,,,,,,,,
115918,,,,,,,,,,,,,,,,,,,,,
115919,,,,,,,,,,,,,,,,,,,,,
115920,,,,,,,,,,,,,,,,,,,,,
115922,,,,,,,,,,,,,,,,,,,,,
116010,78,78,0,78,0,78,0,78,0,78,0,78,0,78,0,78,0,64.9,0.202,59,0.322
116013,,,,,,,,,,,,,,,,,,,,,
116014,51,51,0,51,0,51,0,,,51,0,51,0,51,0,51,0,47.5,0.0737,34,0.5
116016,68,68,0,68,0,68,0,68,0,68,0,68,0,68,0,68,0,39,0.744,36,0.889
116019,94,94,0,94,0,94,0,94,0,94,0,94,0,94,0,94,0,80,0.175,73,0.288
116038,67.6,67.6,0,67.6,0,67.6,0,67.6,0,67.6,0,67.6,0,67.6,0,67.6,0,56.3,0.201,50,0.352
116040,20.5,20.5,0,20.5,0,20.5,0,20.5,0,20.5,0,20.5,0,20.5,0,,,,,,
116057,,,,,,,,,,,,,,,,,,,,,
116058,4.5,4.5,0,4.5,0,,,4.5,0,4.5,0,4.5,0,4.5,0,4.5,0,3.5,0.286,2.5,0.8
116059,20,20,0,20,0,20,0,20,0,20,0,20,0,20,0,20,0,12,0.667,,
116061,4,4,0,4,0,4,0,4,0,4,0,4,0,4,0,4,0,3.5,0.143,3,0.333
116062,5,5,0,5,0,5,0,5,0,5,0,5,0,5,0,5,0,3.5,0.429,3,0.667
116063,13,13,0,13,0,13,0,13,0,13,0,13,0,13,0,13,0,9.2,0.413,6.5,1
116064,,,,,,,,,,,,,,,,,,,,,
116065,23,23,0,23,0,23,0,23,0,23,0,23,0,23,0,,,,,11.6,0.983
116102,,,,,,,,,,,,,,,,,,,,,
116103,,,,,,,,,,,,,,,,,,,,,
116107,50,50,0,50,0,50,0,50,0,50,0,50,0,50,0,50,0,37.5,0.333,,
116108,55,55,0,,,55,0,55,0,55,0,55,0,55,0,55,0,36.8,0.495,36.8,0.495
116109,25,25,0,25,0,25,0,25,0,25,0,25,0,25,0,25,0,21,0.19,21,0.19
116130,40.8,40.8,0,40.8,0,40.8,0,40.8,0,40.8,0,40.8,0,40.8,0,40.8,0,36.3,0.124,33.8,0.207
116301,15.5,15.5,0,15.5,0,15.5,0,15.5,0,15.5,0,15.5,0,15.5,0,17,-0.0882,11.5,0.348,9.6,0.615
116302,24,24,0,24,0,24,0,24,0,24,0,24,0,24,0,26,-0.0769,19.5,0.231,16.9,0.42
116303,,,,,,,,,,,,,,,,,,,,,
116304,40.3,40.3,0,40.3,0,40.3,0,40.3,0,33,0.221,40.3,0,40.3,0,40.3,0,,,29.6,0.361
116340,29.7,29.7,0,29.7,0,29.7,0,29.7,0,29.7,0,29.7,0,29.7,0,29.7,0,22,0.35,16,0.856
116341,,,,,,,,,,,,,,,,,,,,,
116347,97.5,97.5,0,97.5,0,97.5,0,97.5,0,97.5,0,97.5,0,97.5,0,97.5,0,69.9,0.395,53,0.84
116350,,,,,,,,,,,,,,,,,,,,,
116408,10.5,10.5,0,10.5,0,10.5,0,10.5,0,,,10.5,0,11.5,-0.087,13,-0.192,9,0.167,8,0.312
116450,8,8,0,8,0,8,0,8,0,8,0,8,0,,,7.4,0.0811,7,0.143,,
116500,80.9,80.9,0,80.9,0,80.9,0,104,-0.218,80.9,0,104,-0.218,,,104,-0.218,81,-0.00123,71.5,0.131
116501,80.9,80.9,0,80.9,0,80.9,0,104,-0.218,,,104,-0.218,104,-0.218,104,-0.218,81,-0.00123,71.5,0.131
116620,153,153,0,153,0,153,0,153,0,153,0,153,0,169,-0.0923,169,-0.0923,125,0.223,105,0.465
116621,74.1,74.1,0,74.1,0,74.1,0,74.1,0,74.1,0,74.1,0,84.5,-0.123,84.5,-0.123,59.8,0.239,53.3,0.39
116622,29,29,0,29,0,29,0,29,0,29,0,29,0,29,0,29,0,20,0.45,18.9,0.534
116623,29,29,0,29,0,29,0,29,0,29,0,29,0,29,0,29,0,20,0.45,18.9,0.534
116624,98.1,98.1,0,98.1,0,98.1,0,98.1,0,98.1,0,98.1,0,104,-0.0567,,,68.9,0.424,57.2,0.715
116625,100,100,0,100,0,100,0,100,0,100,0,100,0,110,-0.0941,110,-0.0941,71.5,0.4,62.7,0.596
116690,28,28,0,28,0,28,0,28,0,28,0,28,0,28,0,28,0,22,0.273,20,0.4
116696,10.4,10.4,0,10.4,0,10.4,0,10.4,0,10.4,0,10.4,0,10.4,0,10.4,0,8.4,0.238,7.5,0.387
116710,,,,,,,,,,,,,,,,,,,,,
116840,9.5,9.5,0,9.5,0,9.5,0,9.5,0,9.5,0,9.5,0,9.5,0,9.5,0,7.6,0.25,6.6,0.439
116908,,,,,,,,,,,,,,,,,,,,,
116998,16.5,16.5,0,16.5,0,16.5,0,,,,,16.5,0,16.5,0,16.5,0,13.3,0.241,11.8,0.398
117031,59,59,0,59,0,59,0,59,0,59,0,59,0,59,0,32.5,0.815,32.5,0.815,27,1.19
117071,10.9,10.9,0,10.9,0,10.9,0,10.9,0,10.9,0,10.9,0,10.9,0,,,,,,
117072,10.9,10.9,0,10.9,0,10.9,0,10.9,0,10.9,0,10.9,0,10.9,0,,,,,,
117073,10.9,10.9,0,10.9,0,10.9,0,10.9,0,10.9,0,10.9,0,10.9,0,,,,,,
117074,10.9,10.9,0,10.9,0,10.9,0,10.9,0,10.9,0,10.9,0,10.9,0,,,,,,
117077,15.5,15.5,0,15.5,0,15.5,0,15.5,0,15.5,0,15.5,0,15.5,0,,,,,,
117101,5,5,0,5,0,5,0,5,0,5,0,5,0,5,0,5,0,4.3,0.163,4.2,0.19
117103,7.5,7.5,0,7.5,0,7.5,0,7.5,0,7.5,0,6.5,0.154,7.1,0.0563,7.1,0.0563,6,0.25,6,0.25
117140,52.2,52.2,0,52.2,0,52.2,0,52.2,0,52.2,0,52.2,0,52.2,0,52.2,0,39.7,0.315,29,0.8
117141,52.2,52.2,0,52.2,0,52.2,0,52.2,0,52.2,0,52.2,0,52.2,0,52.2,0,39.7,0.315,29,0.8
117144,,,,,,,,,,,,,,,,,,,,,
117151,90.4,90.4,0,90.4,0,90.4,0,90.4,0,90.4,0,90.4,0,90.4,0,90.4,0,63,0.435,55.2,0.638
117170,,,,,,,,,,,,,,,,,,,,,
117560,79.9,79.9,0,79.9,0,79.9,0,79.9,0,79.9,0,79.9,0,79.9,0,79.9,0,55.5,0.44,54,0.48
117773,11.5,11.5,0,11.5,0,11.5,0,11.5,0,11.5,0,11.5,0,11.5,0,11.5,0,9.3,0.237,8.1,0.42
117781,3.6,3.6,0,3.6,0,3.6,0,3.6,0,3.6,0,3.6,0,3.6,0,3.6,0,2.9,0.241,2.6,0.385
117820,,,,,,,,,,,,,,,,,,,,,
117977,13.5,13.5,0,13.5,0,13.5,0,13.5,0,13.5,0,13.5,0,13.5,0,12.5,0.08,11.5,0.174,11.5,0.174
117994,11.5,11.5,0,11.5,0,11.5,0,11.5,0,11.5,0,11.5,0,11.5,0,11.5,0,9.3,0.237,8.1,0.42
118001,3.9,3.9,0,3.9,0,3.9,0,3.9,0,3.9,0,3.9,0,3.9,0,3.9,0,3,0.3,2.3,0.696
118026,94,94,0,94,0,94,0,94,0,94,0,94,0,94,0,94,0,80,0.175,,
118027,94,94,0,94,0,94,0,94,0,94,0,94,0,,,94,0,80,0.175,73,0.288
118028,4,4,0,4,0,4,0,4,0,4,0,4,0,4,0,4,0,3.3,0.212,2.4,0.667
118029,66,66,0,66,0,66,0,66,0,49.5,0.333,85,-0.224,85,-0.224,85,-0.224,57,0.158,51,0.294
118035,128,128,0,128,0,128,0,128,0,89.6,0.429,128,0,128,0,128,0,116,0.103,108,0.185
118036,,,,,,,,,,,,,,,,,,,,,
118037,128,128,0,128,0,128,0,128,0,89.6,0.429,128,0,128,0,128,0,116,0.103,108,0.185
118116,39.6,39.6,0,39.6,0,39.6,0,39.6,0,30,0.32,33,0.2,39.6,0,39.6,0,29.7,0.333,28.6,0.385
118140,40.8,40.8,0,40.8,0,40.8,0,40.8,0,40.8,0,40.8,0,,,,,,,,
118141,67.6,67.6,0,67.6,0,67.6,0,67.6,0,67.6,0,67.6,0,67.6,0,67.6,0,56.3,0.201,50,0.352
118144,15.3,15.3,0,15.3,0,15.3,0,15.3,0,15.3,0,15.3,0,15.3,0,,,,,12.5,0.224
118188,40.5,40.5,0,40.5,0,40.5,0,40.5,0,40.5,0,40.5,0,40.5,0,31.5,0.286,28,0.446,28,0.446
118326,,,,,,,,,,,,,,,,,,,,,
118338,,,,,,,,,,,,,,,,,,,,,
118400,52,52,0,52,0,52,0,52,0,52,0,52,0,,,,,,,,
118410,50.9,50.9,0,50.9,0,50.9,0,50.9,0,,,50.9,0,50.9,0,50.9,0,42.2,0.206,38.5,0.322
118411,45.2,45.2,0,45.2,0,45.2,0,45.2,0,45.2,0,45.2,0,45.2,0,45.2,0,37.7,0.199,34.5,0.31
118800,18.8,18.8,0,18.8,0,18.8,0,18.8,0,18.8,0,18.8,0,18.8,0,18.8,0,15.1,0.245,13.3,0.414
118870,81.5,81.5,0,81.5,0,81.5,0,81.5,0,81.5,0,76.5,0.0654,,,53.5,0.523,33.5,1.43,25,2.26
118871,49,49,0,49,0,49,0,49,0,49,0,49,0,49,0,43,0.14,27,0.815,17.5,1.8
118872,,,,,,,,,,,,,,,,,,,,,
118873,,,,,,,,,,,,,,,,,,,,,
118874,19.5,19.5,0,19.5,0,19.5,0,19.5,0,19.5,0,19.5,0,19.5,0,19.5,0,14.5,0.345,13.5,0.444
118875,37.5,37.5,0,37.5,0,37.5,0,37.5,0,37.5,0,37.5,0,37.5,0,37.5,0,22,0.705,22,0.705
118879,62,62,0,62,0,62,0,62,0,62,0,62,0,62,0,62,0,36,0.722,36,0.722
118900,94,94,0,94,0,94,0,94,0,47,1,94,0,94,0,94,0,80,0.175,,
118923,18.8,18.8,0,18.8,0,18.8,0,18.8,0,18.8,0,18.8,0,18.8,0,18.8,0,15.1,0.245,13.3,0.414
119001,,,,,,,,,,,,,,,,,,,,,
119007,,,,,,,,,,,,,,,,,,,,,
119008,,,,,,,,,,,,,,,,,,,,,
119009,8.8,8.8,0,8.8,0,8.8,0,8.8,0,8.8,0,8.8,0,8.8,0,8.8,0,7.3,0.205,,
119012,,,,,,,,,,,,,,,,,,,,,
119013,,,,,,,,,,,,,,,,,,,,,
119014,,,,,,,,,,,,,,,,,,,,,
119015,,,,,,,,,,,,,,,,,,,,,
119023,76,76,0,76,0,76,0,76,0,76,0,76,0,76,0,76,0,53.5,0.421,43,0.767
119032,18.8,18.8,0,18.8,0,18.8,0,18.8,0,18.8,0,18.8,0,18.8,0,18.8,0,15.1,0.245,,
119040,26.5,26.5,0,26.5,0,26.5,0,26.5,0,26.5,0,26.5,0,26.5,0,26.5,0,20.5,0.293,20.5,0.293
119067,20.6,20.6,0,20.6,0,20.6,0,20.6,0,20.6,0,20.6,0,20.6,0,20.6,0,,,14.5,0.421
119100,25,25,0,25,0,25,0,25,0,25,0,25,0,25,0,25,0,15.1,0.656,15.1,0.656
119120,,,,,,,,,,,,,,,,,,,,,
119122,,,,,,,,,,,,,,,,,,,,,
119145,,,,,,,,,,,,,,,,,,,,,
119148,12.5,12.5,0,12.5,0,12.5,0,12.5,0,12.5,0,12.5,0,12.5,0,12.5,0,10.1,0.238,8.8,0.42
119156,4.6,4.6,0,4.6,0,4.6,0,4.6,0,4.6,0,4.6,0,4.6,0,4.6,0,3.8,0.211,3.4,0.353
119190,43,43,0,43,0,43,0,43,0,43,0,43,0,43,0,43,0,27,0.593,27,0.593
119229,19.4,19.4,0,19.4,0,19.4,0,19.4,0,19.4,0,19.4,0,19.4,0,19.4,0,16,0.212,14.1,0.376
119313,,,,,,,,,,,,,,,,,,,,,
119316,,,,,,,,,,,,,,,,,,,,,
119325,30,30,0,30,0,30,0,30,0,30,0,30,0,30,0,30,0,23.1,0.299,23.1,0.299
119327,,,,,,,,,,,,,,,,,,,,,
119351,,,,,,,,,,,,,,,,,,,,,
119355,14,14,0,14,0,14,0,14,0,14,0,14,0,14,0,14,0,11.5,0.217,11.5,0.217
119356,14,14,0,14,0,14,0,14,0,14,0,14,0,,,14,0,11.5,0.217,,
119380,,,,,,,,,,,,,,,,,,,,,
119381,,,,,,,,,,,,,,,,,,,,,
119395,,,,,,,,,,,,,,,,,,,,,
119396,23,23,0,23,0,23,0,23,0,30,-0.233,24.3,-0.0535,,,,,,,30,-0.233
119397,23,23,0,23,0,23,0,23,0,30,-0.233,24.3,-0.0535,,,,,,,30,-0.233
119398,23,23,0,23,0,23,0,23,0,30,-0.233,24.3,-0.0535,,,,,,,30,-0.233
119427,32.1,32.1,0,32.1,0,32.1,0,32.1,0,,,,,,,55.1,-0.417,56.3,-0.43,42,-0.236
119436,85,85,0,85,0,85,0,,,85,0,,,,,,,,,,
119437,,,,,,,,,,,,,,,,,,,,,
119438,,,,,,,,,,,,,,,,,,,,,
119439,89.7,89.7,0,89.7,0,89.7,0,89.7,0,89.7,0,89.7,0,99.5,-0.0985,99.5,-0.0985,71.5,0.255,62.7,0.431
119441,72.8,72.8,0,72.8,0,72.8,0,72.8,0,72.8,0,72.8,0,80.6,-0.0968,80.6,-0.0968,55.9,0.302,52.3,0.392
119442,29,29,0,29,0,29,0,29,0,29,0,29,0,29,0,29,0,20,0.45,18.9,0.534
119443,,,,,,,,,,,,,,,,,,,,,
119444,153,153,0,153,0,153,0,153,0,153,0,153,0,169,-0.0923,169,-0.0923,125,0.223,105,0.465
119446,142,142,0,142,0,142,0,142,0,142,0,142,0,142,0,292,-0.512,194,-0.266,158,-0.0982
119448,69.7,69.7,0,69.7,0,69.7,0,69.7,0,69.7,0,69.7,0,69.7,0,143,-0.512,95.4,-0.269,76.3,-0.0865
119449,69.7,69.7,0,69.7,0,69.7,0,69.7,0,69.7,0,69.7,0,69.7,0,143,-0.513,95.4,-0.269,76.6,-0.0901
119450,,,,,,,,,,,,,,,,,,,,,
119451,,,,,,,,,,,,,,,,,,,,,
119452,57,57,0,57,0,57,0,57,0,57,0,57,0,57,0,117,-0.512,78,-0.269,64.1,-0.111
119453,57,57,0,57,0,57,0,57,0,57,0,57,0,57,0,117,-0.512,78,-0.269,62.6,-0.0895
119454,,,,,,,,,,,,,,,,,,,,,
119460,13,13,0,13,0,13,0,13,0,13,0,13,0,13,0,13,0,10.6,0.226,9,0.444
119491,29.5,29.5,0,29.5,0,29.5,0,29.5,0,39.9,-0.261,39.9,-0.261,39.9,-0.261,36,-0.181,,,22,0.341
119501,,,,,,,,,,,,,,,,,,,,,
119502,158,158,0,158,0,158,0,158,0,158,0,158,0,158,0,158,0,84,0.881,,
119543,,,,,,,,,,,,,,,,,,,,,
119545,65,65,0,65,0,65,0,65,0,65,0,65,0,,,,,,,,
119546,65,65,0,65,0,65,0,65,0,65,0,65,0,,,,,,,,
119547,68,68,0,68,0,68,0,68,0,68,0,68,0,68,0,,,,,,
119554,,,,,,,,,,,,,,,,,,,,,
119555,,,,,,,,,,,,,,,,,,,,,
119556,,,,,,,,,,,,,,,,,,,,,
119557,,,,,,,,,,,,,,,,,,,,,
119558,,,,,,,,,,,,,,,,,,,,,
119570,30,30,0,30,0,30,0,30,0,30,0,30,0,30,0,,,14.6,1.05,14.6,1.05
119572,30,30,0,30,0,30,0,30,0,30,0,30,0,30,0,,,14.6,1.05,14.6,1.05
119573,30,30,0,30,0,30,0,30,0,30,0,30,0,30,0,,,14.6,1.05,,
119574,30,30,0,30,0,30,0,30,0,30,0,30,0,30,0,,,,,,
119576,30,30,0,30,0,30,0,30,0,30,0,30,0,30,0,,,14.6,1.05,14.6,1.05
119578,20,20,0,20,0,20,0,20,0,20,0,20,0,20,0,,,9.5,1.11,,
119602,,,,,,,,,,,,,,,,,,,,,
119603,,,,,,,,,,,,,,,,,,,,,
119756,20,20,0,,,20,0,20,0,20,0,20,0,20,0,,,,,,
119758,20,20,0,20,0,20,0,20,0,20,0,20,0,20,0,20,0,9.5,1.11,,
119759,20,20,0,20,0,20,0,20,0,20,0,20,0,20,0,,,9.5,1.11,9.5,1.11
119760,34.8,34.8,0,34.8,0,34.8,0,36.8,-0.0543,36.8,-0.0543,36.8,-0.0543,36.8,-0.0543,40,-0.13,31,0.123,28.4,0.225
119785,,,,,,,,,,,,,,,,,,,,,
119786,20,20,0,20,0,20,0,20,0,20,0,20,0,20,0,19.5,0.0256,19.5,0.0256,19.5,0.0256
119832,,,,,,,,,,,,,,,,,,,,,
119906,18,18,0,18,0,18,0,18,0,18,0,14.9,0.208,18,0,18,0,12.8,0.406,12.8,0.406
119990,49,49,0,49,0,49,0,49,0,49,0,49,0,49,0,49,0,38.6,0.269,33.5,0.463
120003,,,,,,,,,,,,,,,,,,,,,
120004,,,,,,,,,,,,,,,,,,,,,
120019,,,,,,,,,,,,,,,,,,,,,
120020,,,,,,,,,,,,,,,,,,,,,
120045,39.5,39.5,0,39.5,0,39.5,0,39.5,0,39.5,0,39.5,0,39.5,0,32.5,0.215,27.5,0.436,27.5,0.436
120047,,,,,,,,,,,,,,,,,,,,,
120065,13.9,13.9,0,13.9,0,13.9,0,13.9,0,15.9,-0.126,15.9,-0.126,15.9,-0.126,15.9,-0.126,13.9,0,,
120120,199,199,0,,,,,199,0,199,0,,,236,-0.157,,,178,0.116,172,0.154
120121,199,199,0,199,0,199,0,199,0,199,0,236,-0.157,236,-0.157,,,178,0.116,172,0.154
120123,,,,,,,,,,,,,,,,,,,,,
120523,31,31,0,31,0,31,0,31,0,32,-0.0312,31,0,31,0,31,0,25,0.24,25,0.24
120524,31,31,0,,,31,0,31,0,32,-0.0312,31,0,31,0,31,0,25,0.24,25,0.24
120525,31,31,0,,,,,31,0,31,0,31,0,31,0,31,0,25,0.24,25,0.24
120526,,,,,,,,,,,,,,,,,,,,,
120527,31,31,0,31,0,31,0,31,0,32,-0.0312,31,0,31,0,31,0,25,0.24,25,0.24
120528,,,,,,,,,,,,,,,,,,,,,
120541,60,60,0,60,0,60,0,60,0,60,0,60,0,60,0,60,0,52,0.154,52,0.154
120543,60,60,0,60,0,60,0,60,0,60,0,,,,,,,,,,
120546,60,60,0,60,0,60,0,60,0,60,0,60,0,60,0,60,0,52,0.154,52,0.154
120548,60,60,0,60,0,60,0,60,0,60,0,60,0,,,,,,,,
120549,60,60,0,60,0,60,0,60,0,60,0,,,,,,,,,,
120550,36,36,0,36,0,36,0,36,0,36,0,36,0,36,0,36,0,,,31,0.161
120551,,,,,,,,,,,,,,,,,,,,,
120552,36,36,0,36,0,36,0,36,0,36,0,36,0,36,0,36,0,31,0.161,31,0.161
120554,,,,,,,,,,,,,,,,,,,,,
120555,36,36,0,36,0,36,0,36,0,36,0,36,0,,,36,0,,,,
120556,36,36,0,36,0,36,0,36,0,36,0,36,0,36,0,36,0,31,0.161,31,0.161
120557,36,36,0,36,0,36,0,36,0,36,0,36,0,36,0,36,0,31,0.161,31,0.161
120559,45,45,0,45,0,45,0,45,0,45,0,45,0,45,0,45,0,40,0.125,40,0.125
120560,45,45,0,45,0,45,0,45,0,45,0,,,,,,,40,0.125,,
120564,45,45,0,45,0,45,0,45,0,45,0,,,,,45,0,,,,
120569,17,17,0,17,0,17,0,17,0,21,-0.19,21,-0.19,21,-0.19,,,,,,
120573,15.5,15.5,0,15.5,0,15.5,0,15.5,0,15.5,0,15.5,0,15.5,0,16.8,-0.0774,13,0.192,12.1,0.281
120574,,,,,,,,,,,,,,,,,,,,,
120580,,,,,,,,,,,,,,,,,,,,,
120581,,,,,,,,,,,,,,,,,,,,,
120582,,,,,,,,,,,,,,,,,,,,,
120584,,,,,,,,,,,,,,,,,,,,,
120585,,,,,,,,,,,,,,,,,,,,,
120587,,,,,,,,,,,,,,,,,,,,,
120717,15.5,15.5,0,15.5,0,15.5,0,15.5,0,15.5,0,15.5,0,15.5,0,12.5,0.24,12.5,0.24,12.5,0.24
120718,18.5,18.5,0,18.5,0,18.5,0,18.5,0,18.5,0,18.5,0,18.5,0,18.5,0,18.5,0,18.5,0
120719,25.5,25.5,0,25.5,0,25.5,0,25.5,0,25.5,0,25.5,0,25.5,0,19.5,0.308,19.5,0.308,19.5,0.308
120720,23.5,23.5,0,23.5,0,23.5,0,23.5,0,23.5,0,23.5,0,23.5,0,20,0.175,20,0.175,20,0.175
120726,20,20,0,20,0,20,0,20,0,20,0,20,0,20,0,16.5,0.212,16.5,0.212,16.5,0.212
121000,29.9,29.9,0,29.9,0,29.9,0,38.9,-0.231,,,,,,,,,,,,
121353,34.9,34.9,0,34.9,0,34.9,0,34.9,0,34.9,0,34.9,0,34.9,0,34.9,0,20.9,0.67,20.9,0.67
121392,32,32,0,32,0,32,0,46.9,-0.318,,,,,,,,,,,23,0.391
121452,45,47,-0.0426,47,-0.0426,47,-0.0426,47,-0.0426,47,-0.0426,47,-0.0426,47,-0.0426,47,-0.0426,47,-0.0426,,
121537,,,,,,,,,,,,,,,,,,,,,
121538,49,49,0,49,0,49,0,49,0,49,0,49,0,49,0,49,0,42.6,0.15,42.6,0.15
121563,54,54,0,54,0,54,0,54,0,54,0,54,0,54,0,54,0,45,0.2,35.9,0.504
121564,57.5,57.5,0,57.5,0,57.5,0,57.5,0,57.5,0,49.9,0.152,,,54,0.0648,47.9,0.2,40.9,0.406
121873,22,22,0,,,22,0,22,0,22,0,22,0,22,0,,,16,0.375,15,0.467
121875,26.5,26.5,0,,,,,,,26.5,0,26.5,0,26.5,0,,,26.5,0,24.5,0.0816
121876,,,,,,,,,,,,,,,,,,,,,
121877,19.9,19.9,0,19.9,0,19.9,0,19.9,0,19.9,0,19.9,0,19.9,0,,,20.5,-0.0293,15.5,0.284
121879,,,,,,,,,,,,,,,,,,,,,
121880,15,15,0,15,0,15,0,15,0,,,15,0,15,0,,,12.5,0.2,10.5,0.429
121881,12,12,0,12,0,12,0,12,0,12,0,12,0,12,0,,,12,0,11,0.0909
121882,20,20,0,20,0,20,0,20,0,20,0,20,0,20,0,,,16,0.25,15,0.333
121883,25.9,25.9,0,25.9,0,25.9,0,25.9,0,25.9,0,25.9,0,25.9,0,,,23.9,0.0837,18.5,0.4
121884,22,22,0,22,0,22,0,22,0,22,0,22,0,22,0,,,18.5,0.189,,
121886,21,21,0,21,0,21,0,21,0,21,0,21,0,21,0,21,0,21,0,15,0.4
121888,,,,,,,,,,,,,,,,,,,,,
121889,15,15,0,15,0,15,0,15,0,15,0,15,0,15,0,,,11.6,0.293,10,0.5
121890,15,15,0,15,0,15,0,15,0,15,0,15,0,15,0,15,0,11.6,0.293,10.2,0.471
121891,15,15,0,15,0,15,0,15,0,15,0,15,0,15,0,15,0,11.6,0.293,,
121892,15,15,0,15,0,15,0,15,0,15,0,15,0,15,0,15,0,11.6,0.293,,
121893,15,15,0,15,0,15,0,15,0,15,0,15,0,15,0,15,0,11.6,0.293,10.2,0.471
121894,15,15,0,15,0,15,0,15,0,15,0,15,0,15,0,15,0,13.8,0.087,12,0.25
121895,15,15,0,15,0,15,0,15,0,15,0,15,0,15,0,15,0,11.6,0.293,10.2,0.471
121896,15,15,0,15,0,15,0,15,0,15,0,15,0,15,0,15,0,11.6,0.293,,
121897,15,15,0,15,0,15,0,15,0,15,0,15,0,15,0,15,0,11.6,0.293,10.2,0.471
121899,13.9,13.9,0,13.9,0,13.9,0,13.9,0,13.9,0,13.9,0,13.9,0,,,13.9,0,11,0.264
121915,31.5,31.5,0,31.5,0,31.5,0,31.5,0,31.5,0,31.5,0,31.5,0,31.5,0,,,,
121916,57.9,57.9,0,57.9,0,57.9,0,57.9,0,57.9,0,59.9,-0.0334,69.5,-0.167,69.5,-0.167,45,0.287,35.5,0.631
121930,49.9,49.9,0,49.9,0,49.9,0,49.9,0,49.9,0,56.5,-0.117,56.5,-0.117,,,,,42.9,0.163
121984,,,,,,,,,,,,,,,,,,,,,
121994,,,,,,,,,,,,,,,,,,,,,
122009,,,,,,,,,,,,,,,,,,,,,
122010,,,,,,,,,,,,,,,,,,,,,
122011,19.5,19.5,0,19.5,0,19.5,0,19.5,0,19.5,0,19.5,0,19.5,0,19.5,0,19.5,0,19.5,0
122013,,,,,,,,,,,,,,,,,,,,,
122014,,,,,,,,,,,,,,,,,,,,,
122015,,,,,,,,,,,,,,,,,,,,,
122016,,,,,,,,,,,,,,,,,,,,,
122018,,,,,,,,,,,,,,,,,,,,,
122019,,,,,,,,,,,,,,,,,,,,,
122022,,,,,,,,,,,,,,,,,,,,,
122050,73.9,73.9,0,73.9,0,73.9,0,73.9,0,73.9,0,73.9,0,73.9,0,82.5,-0.104,59.9,0.234,49.9,0.481
122078,25,25,0,25,0,25,0,25,0,,,,,,,,,,,19.5,0.282
122079,,,,,,,,,,,,,,,,,,,,,
122097,10,10,0,10,0,10,0,10,0,10,0,10,0,10,0,10,0,8.5,0.176,9,0.111
122112,,,,,,,,,,,,,,,,,,,,,
122157,12.5,12.5,0,12.5,0,12.5,0,12.5,0,,,,,,,12.5,0,12.5,0,,
122191,54,54,0,54,0,54,0,54,0,54,0,54,0,54,0,54,0,54,0,49.9,0.0822
122192,95,95,0,95,0,95,0,95,0,95,0,95,0,95,0,95,0,,,,
122301,60,60,0,60,0,60,0,60,0,60,0,60,0,60,0,60,0,52,0.154,52,0.154
122309,19.5,19.5,0,19.5,0,19.5,0,19.5,0,19.5,0,,,19.5,0,19.5,0,19.5,0,19.5,0
122310,,,,,,,,,,,,,,,,,,,,,
122311,,,,,,,,,,,,,,,,,,,,,
122312,,,,,,,,,,,,,,,,,,,,,
122313,,,,,,,,,,,,,,,,,,,,,
122314,79,79,0,79,0,79,0,79,0,79,0,79,0,79,0,69,0.145,69,0.145,69,0.145
122316,79,79,0,79,0,79,0,79,0,79,0,,,,,,,69,0.145,69,0.145
122317,79,79,0,79,0,79,0,79,0,79,0,,,,,69,0.145,69,0.145,69,0.145
122329,36,36,0,36,0,36,0,36,0,36,0,36,0,,,36,0,31,0.161,31,0.161
122330,31,31,0,31,0,31,0,31,0,31,0,31,0,31,0,31,0,31,0,31,0
122331,36,36,0,36,0,36,0,36,0,36,0,36,0,36,0,36,0,31,0.161,31,0.161
122332,,,,,,,,,,,,,,,,,,,,,
122333,,,,,,,,,,,,,,,,,,,,,
122334,36,36,0,36,0,36,0,36,0,36,0,36,0,36,0,36,0,31,0.161,31,0.161
122335,,,,,,,,,,,,,,,,,,,,,
122731,,,,,,,,,,,,,,,,,,,,,
122740,53.8,53.8,0,53.8,0,53.8,0,53.8,0,53.8,0,53.8,0,53.8,0,53.8,0,41.5,0.296,41.5,0.296
122744,,,,,,,,,,,,,,,,,,,,,
122745,99.9,99.9,0,99.9,0,99.9,0,99.9,0,99.9,0,99.9,0,99.9,0,99.9,0,89.9,0.111,89.9,0.111
122746,,,,,,,,,,,,,,,,,,,,,
122747,29,29,0,29,0,29,0,29,0,38,-0.237,38,-0.237,45.5,-0.363,45.5,-0.363,32.6,-0.11,30.9,-0.0615
122748,,,,,,,,,,,,,,,,,,,,,
122772,,,,,,,,,,,,,,,,,,,,,
122815,8,8,0,8,0,8,0,8,0,8,0,8,0,8,0,8,0,8,0,8,0
122823,29.9,29.9,0,29.9,0,29.9,0,29.9,0,29.9,0,29.9,0,29.9,0,29.9,0,29.9,0,22,0.359
122880,243,243,0,243,0,243,0,243,0,182,0.333,243,0,243,0,243,0,211,0.152,193,0.259
122881,62,62,0,62,0,62,0,62,0,62,0,62,0,62,0,62,0,51.5,0.204,47,0.319
122883,98,98,0,98,0,98,0,98,0,98,0,98,0,98,0,98,0,82.5,0.188,75,0.307
122884,62,62,0,62,0,62,0,62,0,62,0,62,0,,,62,0,51.5,0.204,47,0.319
122885,83,83,0,83,0,83,0,83,0,83,0,83,0,83,0,83,0,69,0.203,67,0.239
122886,,,,,,,,,,,,,,,,,,,,,
122887,,,,,,,,,,,,,,,,,,,,,
122901,36,36,0,36,0,36,0,36,0,,,,,,,31,0.161,31,0.161,31,0.161
122902,36,36,0,36,0,36,0,36,0,36,0,36,0,36,0,36,0,31,0.161,31,0.161
122903,,,,,,,,,,,,,,,,,,,,,
122905,,,,,,,,,,,,,,,,,,,,,
122906,36,36,0,36,0,36,0,36,0,36,0,36,0,36,0,36,0,31,0.161,31,0.161
122907,,,,,,,,,,,,,,,,,,,,,
122911,19.5,19.5,0,19.5,0,19.5,0,19.5,0,19.5,0,19.5,0,19.5,0,19.5,0,19.5,0,19.5,0
122913,,,,,,,,,,,,,,,,,,,,,
122914,19.5,19.5,0,19.5,0,19.5,0,19.5,0,19.5,0,19.5,0,19.5,0,19.5,0,19.5,0,19.5,0
122915,19.5,19.5,0,19.5,0,19.5,0,19.5,0,19.5,0,19.5,0,19.5,0,19.5,0,19.5,0,19.5,0
122916,,,,,,,,,,,,,,,,,,,,,
122917,19.5,19.5,0,19.5,0,19.5,0,19.5,0,19.5,0,19.5,0,19.5,0,,,,,19.5,0
122918,,,,,,,,,,,,,,,,,,,,,
122919,19.5,19.5,0,19.5,0,19.5,0,19.5,0,10.5,0.857,19.5,0,19.5,0,,,19.5,0,19.5,0
122921,19.5,19.5,0,19.5,0,19.5,0,19.5,0,19.5,0,19.5,0,19.5,0,19.5,0,19.5,0,19.5,0
122922,19.5,19.5,0,19.5,0,19.5,0,19.5,0,19.5,0,19.5,0,19.5,0,19.5,0,19.5,0,19.5,0
122923,19.5,19.5,0,19.5,0,19.5,0,19.5,0,19.5,0,19.5,0,19.5,0,19.5,0,,,19.5,0
122924,,,,,,,,,,,,,,,,,,,,,
122925,,,,,,,,,,,,,,,,,,,,,
122926,,,,,,,,,,,,,,,,,,,,,
122927,,,,,,,,,,,,,,,,,,,,,
122928,,,,,,,,,,,,,,,,,,,,,
122929,19.5,19.5,0,19.5,0,19.5,0,19.5,0,19.5,0,19.5,0,19.5,0,,,19.5,0,19.5,0
122930,19.5,19.5,0,19.5,0,19.5,0,19.5,0,19.5,0,19.5,0,19.5,0,19.5,0,19.5,0,19.5,0
122931,,,,,,,,,,,,,,,,,,,,,
122933,,,,,,,,,,,,,,,,,,,,,
122949,,,,,,,,,,,,,,,,,,,,,
122950,19.5,19.5,0,19.5,0,19.5,0,19.5,0,10.5,0.857,19.5,0,19.5,0,19.5,0,19.5,0,19.5,0
122951,,,,,,,,,,,,,,,,,,,,,
122952,,,,,,,,,,,,,,,,,,,,,
122953,19.5,19.5,0,19.5,0,19.5,0,19.5,0,10.5,0.857,19.5,0,19.5,0,19.5,0,19.5,0,19.5,0
122954,19.5,19.5,0,19.5,0,19.5,0,19.5,0,19.5,0,19.5,0,19.5,0,19.5,0,19.5,0,19.5,0
122955,19.5,19.5,0,19.5,0,19.5,0,19.5,0,19.5,0,19.5,0,19.5,0,19.5,0,19.5,0,19.5,0
122956,,,,,,,,,,,,,,,,,,,,,
122957,19.5,19.5,0,19.5,0,19.5,0,19.5,0,19.5,0,,,,,19.5,0,19.5,0,,
122958,48,48,0,48,0,48,0,48,0,48,0,48,0,48,0,48,0,41,0.171,41,0.171
122959,48,48,0,48,0,48,0,48,0,48,0,48,0,48,0,48,0,41,0.171,41,0.171
122960,,,,,,,,,,,,,,,,,,,,,
122961,,,,,,,,,,,,,,,,,,,,,
122962,36,36,0,36,0,36,0,36,0,36,0,36,0,36,0,36,0,31,0.161,31,0.161
122963,36,36,0,36,0,36,0,36,0,36,0,36,0,36,0,36,0,31,0.161,31,0.161
122964,,,,,,,,,,,,,,,,,,,,,
122974,,,,,,,,,,,,,,,,,,,,,
122975,,,,,,,,,,,,,,,,,,,,,
122976,36,36,0,36,0,36,0,36,0,36,0,36,0,36,0,36,0,31,0.161,31,0.161
122977,,,,,,,,,,,,,,,,,,,,,
122978,,,,,,,,,,,,,,,,,,,,,
122979,,,,,,,,,,,,,,,,,,,,,
122980,19.5,19.5,0,19.5,0,19.5,0,19.5,0,10.5,0.857,,,,,,,,,19.5,0
122981,36,36,0,36,0,36,0,36,0,36,0,36,0,36,0,36,0,31,0.161,31,0.161
122982,36,36,0,36,0,36,0,36,0,36,0,36,0,36,0,36,0,,,31,0.161
122983,29,29,0,29,0,29,0,29,0,29,0,,,,,29,0,25,0.16,25,0.16
122984,29,29,0,29,0,29,0,29,0,29,0,29,0,29,0,29,0,25,0.16,25,0.16
122985,29,29,0,29,0,29,0,29,0,29,0,29,0,29,0,29,0,25,0.16,25,0.16
122986,29,29,0,29,0,29,0,29,0,29,0,29,0,29,0,29,0,25,0.16,25,0.16
122987,60,60,0,60,0,60,0,60,0,60,0,60,0,60,0,60,0,52,0.154,52,0.154
122988,60,60,0,60,0,60,0,60,0,60,0,60,0,60,0,60,0,52,0.154,52,0.154
122990,60,60,0,60,0,60,0,60,0,60,0,60,0,60,0,60,0,52,0.154,52,0.154
123021,142,142,0,142,0,142,0,142,0,142,0,142,0,124,0.145,124,0.145,124,0.145,124,0.145
123024,14.3,14.3,0,14.3,0,14.3,0,14.3,0,14.3,0,14.3,0,14.3,0,14.3,0,10.6,0.349,10.6,0.349
123059,3,3,0,3,0,3,0,3,0,3,0,3.8,-0.211,3.8,-0.211,,,2.9,0.0345,2.2,0.364
123061,,,,,,,,,,,,,,,,,,,,,
123334,36.5,36.5,0,36.5,0,36.5,0,36.5,0,36.5,0,36.5,0,36.5,0,35,0.0429,35,0.0429,35,0.0429
123418,,,,,,,,,,,,,,,,,,,,,
123617,21.7,21.7,0,21.7,0,21.7,0,21.7,0,30.9,-0.298,30.9,-0.298,30.9,-0.298,30.9,-0.298,22.6,-0.0398,19.2,0.13
123655,,,,,,,,,,,,,,,,,,,,,
123692,,,,,,,,,,,,,,,,,,,,,
125026,,,,,,,,,,,,,,,,,,,,,
125717,6.8,6.8,0,6.8,0,6.8,0,6.8,0,6.8,0,6.8,0,6.8,0,6.8,0,6,0.133,5.5,0.236
125719,6.8,6.8,0,6.8,0,6.8,0,6.8,0,6.8,0,6.8,0,6.8,0,6.8,0,6,0.133,5.5,0.236
126011,21,21,0,21,0,21,0,21,0,24,-0.125,24,-0.125,24,-0.125,24,-0.125,,,16,0.312
126012,27,27,0,27,0,27,0,27,0,29,-0.069,29,-0.069,29,-0.069,29,-0.069,21,0.286,21,0.286
126013,101,101,0,101,0,101,0,101,0,101,0,101,0,,,101,0,90,0.122,89,0.135
126023,,,,,,,,,,,,,,,,,,,,,
126024,62.8,62.8,0,62.8,0,62.8,0,,,62.8,0,62.8,0,77.1,-0.185,85.5,-0.265,61,0.0295,56.5,0.112
126489,,,,,,,,,,,,,,,,,,,,,
126519,31.5,31.5,0,31.5,0,31.5,0,31.5,0,31.5,0,31.5,0,31.5,0,31.5,0,26.3,0.198,24,0.312
126587,83,83,0,83,0,83,0,83,0,83,0,83,0,83,0,60,0.383,60,0.383,58,0.431
127868,6.5,6.5,0,6.5,0,6.5,0,6.5,0,6.5,0,,,,,,,,,,
127970,,,,,,,,,,,,,,,,,,,,,
127971,,,,,,,,,,,,,,,,,,,,,
128317,19.5,19.5,0,19.5,0,19.5,0,19.5,0,19.5,0,,,,,,,,,,
128538,75,75,0,75,0,75,0,75,0,75,0,75,0,75,0,75,0,65,0.154,62,0.21
129097,11,11,0,11,0,11,0,11,0,10.5,0.0476,10.5,0.0476,10.5,0.0476,8.9,0.236,10,0.1,,
129240,,,,,,,,,,,,,,,,,,,,,
129267,,,,,,,,,,,,,,,,,,,,,
129275,37.9,37.9,0,37.9,0,37.9,0,37.9,0,37.9,0,37.9,0,37.9,0,37.9,0,32.9,0.152,32.9,0.152
129283,8,8,0,8,0,8,0,8,0,8,0,8,0,8,0,8,0,,,,
129348,6,6,0,6,0,6,0,6,0,6,0,7.6,-0.211,7.6,-0.211,,,,,,
129380,,,,,,,,,,,,,,,,,,,,,
129399,8.2,8.2,0,8.2,0,8.2,0,8.2,0,8.2,0,8.2,0,8.2,0,8.2,0,6,0.367,6,0.367
129429,15.3,15.3,0,15.3,0,15.3,0,15.3,0,15.3,0,15.3,0,15.3,0,15.3,0,12.9,0.186,,
129437,41,41,0,41,0,41,0,41,0,41,0,41,0,41,0,,,37,0.108,37,0.108
129445,17.5,17.5,0,17.5,0,17.5,0,17.5,0,17.5,0,21.5,-0.186,21.5,-0.186,22,-0.205,,,,
129461,9.2,9.2,0,9.2,0,9.2,0,9.2,0,9.2,0,9.2,0,9.2,0,,,7.9,0.165,8,0.15
129470,8.2,8.2,0,8.2,0,8.2,0,8.2,0,8.2,0,8.2,0,8.2,0,8.2,0,6.5,0.262,6.5,0.262
129608,20.7,20.7,0,20.7,0,20.7,0,20.7,0,20.7,0,20.7,0,20.7,0,18.5,0.119,18,0.15,18,0.15
130100,10,10,0,10,0,10,0,10,0,,,10,0,17.5,-0.429,17.5,-0.429,14.8,-0.324,10,0
130431,24.5,24.5,0,24.5,0,24.5,0,24.5,0,24.5,0,24.5,0,24.5,0,27.5,-0.109,16.4,0.494,,
130432,,,,,,,,,,,,,,,,,,,,,
131131,80.9,80.9,0,80.9,0,80.9,0,104,-0.218,80.9,0,104,-0.218,104,-0.218,104,-0.218,81,-0.00123,71.5,0.131
131132,80.9,80.9,0,80.9,0,80.9,0,104,-0.218,80.9,0,104,-0.218,,,104,-0.218,81,-0.00123,71.5,0.131
131134,,,,,,,,,,,,,,,,,,,,,
131135,,,,,,,,,,,,,,,,,,,,,
131136,,,,,,,,,,,,,,,,,,,,,
131138,,,,,,,,,,,,,,,,,,,,,
131232,301,301,0,301,0,301,0,301,0,301,0,301,0,,,,,,,,
131241,21.8,21.8,0,21.8,0,21.8,0,21.8,0,21.8,0,18,0.211,24.4,-0.107,27.5,-0.207,19.8,0.101,18,0.211
131291,172,172,0,172,0,172,0,172,0,172,0,172,0,172,0,210,-0.182,150,0.145,137,0.254
131292,193,193,0,193,0,193,0,193,0,193,0,193,0,193,-0.00155,237,-0.185,169,0.144,155,0.246
131423,63,63,0,63,0,63,0,63,0,63,0,63,0,63,0,63,0,51,0.235,51,0.235
131431,63,63,0,63,0,63,0,63,0,63,0,63,0,63,0,63,0,51,0.235,51,0.235
131458,26.5,26.5,0,26.5,0,26.5,0,26.5,0,26.5,0,26.5,0,26.5,0,24.5,0.0816,,,14.5,0.828
131466,53.5,53.5,0,53.5,0,53.5,0,53.5,0,53.5,0,53.5,0,53.5,0,49.5,0.0808,30,0.783,29,0.845
131474,12.5,12.5,0,12.5,0,12.5,0,12.5,0,12.5,0,12.5,0,12.5,0,9,0.389,9,0.389,9,0.389
131502,,,,,,,,,,,,,,,,,,,,,
131820,36.8,36.8,0,36.8,0,36.8,0,36.8,0,36.8,0,36.8,0,36.8,0,40,-0.08,31,0.187,28.4,0.296
131821,,,,,,,,,,,,,,,,,,,,,
131823,,,,,,,,,,,,,,,,,,,,,
131824,,,,,,,,,,,,,,,,,,,,,
131825,,,,,,,,,,,,,,,,,,,,,
131827,,,,,,,,,,,,,,,,,,,,,
131828,,,,,,,,,,,,,,,,,,,,,
131829,38.9,38.9,0,38.9,0,38.9,0,38.9,0,38.9,0,38.9,0,38.9,0,41.9,-0.0716,32.5,0.197,30.1,0.292
131830,38.9,38.9,0,38.9,0,38.9,0,38.9,0,38.9,0,38.9,0,38.9,0,41.9,-0.0716,32.5,0.197,30.1,0.292
131831,43.3,43.3,0,43.3,0,43.3,0,43.3,0,43.3,0,43.3,0,43.3,0,46.5,-0.0688,36.5,0.186,33.4,0.296
131832,43.3,43.3,0,43.3,0,43.3,0,43.3,0,43.3,0,43.3,0,43.3,0,46.5,-0.0688,36.5,0.186,33.4,0.296
131857,10.5,10.5,0,10.5,0,10.5,0,10.5,0,10.5,0,,,,,10.6,-0.00943,8.5,0.235,8.5,0.235
131908,,,,,,,,,,,,,,,,,,,,,
131941,,,,,,,,,,,,,,,,,,,,,
132269,41.5,41.5,0,41.5,0,41.5,0,41.5,0,41.5,0,41.5,0,41.5,0,41.5,0,,,31.5,0.317
132270,42.8,42.8,0,42.8,0,42.8,0,42.8,0,42.8,0,42.8,0,42.8,0,42.8,0,,,32.5,0.317
132271,36.7,36.7,0,36.7,0,36.7,0,36.7,0,36.7,0,36.7,0,36.7,0,36.7,0,30.6,0.199,,
132272,41.5,41.5,0,41.5,0,41.5,0,41.5,0,41.5,0,41.5,0,41.5,0,41.5,0,34.5,0.203,31.5,0.317
132273,41,41,0,41,0,41,0,41,0,41,0,41,0,41,0,41,0,34.2,0.199,31,0.323
132274,41,41,0,41,0,41,0,41,0,41,0,41,0,41,0,41,0,34.2,0.199,31,0.323
132275,,,,,,,,,,,,,,,,,,,,,
132277,47.9,47.9,0,47.9,0,47.9,0,47.9,0,47.9,0,47.9,0,47.9,0,47.9,0,39.9,0.201,36.5,0.312
132443,,,,,,,,,,,,,,,,,,,,,
132477,112,112,0,112,0,112,0,112,0,112,0,106,0.0664,,,92,0.223,83,0.355,69.9,0.609
132478,112,112,0,112,0,112,0,112,0,112,0,106,0.0664,106,0.0664,92,0.223,83,0.355,69.9,0.609
132489,81.5,81.5,0,81.5,0,81.5,0,81.5,0,81.5,0,81.5,0,81.5,0,75,0.0867,75,0.0867,72.5,0.124
132519,30,30,0,30,0,30,0,30,0,,,30,0,30,0,33,-0.0909,33,-0.0909,33,-0.0909
132527,28,28,0,28,0,28,0,28,0,28,0,28,0,28,0,29.5,-0.0508,29.5,-0.0508,29.5,-0.0508
132608,6.9,6.9,0,6.9,0,6.9,0,6.9,0,6.9,0,6.9,0,6.9,0,6.5,0.0615,6.5,0.0615,6.5,0.0615
132624,,,,,,,,,,,,,,,,,,,,,
132990,,,,,,,,,,,,,,,,,,,,,
133134,,,,,,,,,,,,,,,,,,,,,
133566,57,57,0,57,0,57,0,57,0,57,0,57,0,57,0,57,0,50,0.14,45.5,0.253
133795,195,195,0,195,0,195,0,195,0,195,0,195,0,195,0,195,0,,,105,0.857
134261,20.9,20.9,0,20.9,0,20.9,0,20.9,0,20.9,0,20.9,0,20.9,0,17.5,0.194,17.5,0.194,17.5,0.194
135135,,,,,,,,,,,,,,,,,,,,,
135143,,,,,,,,,,,,,,,,,,,,,
135151,32.5,32.5,0,32.5,0,32.5,0,32.5,0,32.5,0,32.5,0,32.5,0,28,0.161,23.5,0.383,23.5,0.383
135186,,,,,,,,,,,,,,,,,,,,,
135208,,,,,,,,,,,,,,,,,,,,,
135216,,,,,,,,,,,,,,,,,,,,,
135259,,,,,,,,,,,,,,,,,,,,,
135623,49.7,49.7,0,49.7,0,49.7,0,49.7,0,49.7,0,49.7,0,49.7,0,49.7,0,41.4,0.2,38,0.308
135675,,,,,,,,,,,,,,,,,,,,,
136344,,,,,,,,,,,,,,,,,,,,,
136501,31.5,31.5,0,31.5,0,31.5,0,31.5,0,31.5,0,31.5,0,27.5,0.145,25,0.26,25,0.26,25,0.26
136523,,,,,,,,,,,,,,,,,,,,,
136576,220,220,0,220,0,220,0,220,0,220,0,220,0,220,0,220,0,185,0.189,185,0.189
136999,8,8,0,8,0,8,0,8,0,8,0,8,0,8,0,8,0,8,0,8,0
137022,21.5,21.5,0,21.5,0,21.5,0,21.5,0,21.5,0,21.5,0,21.5,0,21.5,0,21.5,0,21.5,0
137228,,,,,,,,,,,,,,,,,,,,,
137677,,,,,,,,,,,,,,,,,,,,,
138058,223,223,0,223,0,223,0,223,0,223,0,223,0,223,0,149,0.494,142,0.568,129,0.726
138215,13,13,0,13,0,13,0,13,0,13,0,12.9,0.00775,15.5,-0.161,15.5,-0.161,13,0,12,0.0833
138223,12.9,12.9,0,12.9,0,12.9,0,17,-0.241,17,-0.241,13.9,-0.0719,17,-0.241,17,-0.241,13,-0.00769,12,0.075
138231,12.9,12.9,0,12.9,0,12.9,0,17,-0.241,17,-0.241,13.9,-0.0719,17,-0.241,17,-0.241,13,-0.00769,11.9,0.084
138304,,,,,,,,,,,,,,,,,,,,,
138517,69.9,69.9,0,69.9,0,69.9,0,69.9,0,69.9,0,69.9,0,69.9,0,69.9,0,60,0.165,60,0.165
138614,6.8,6.8,0,6.8,0,6.8,0,6.8,0,6.8,0,6.8,0,6.8,0,6.8,0,5.4,0.259,5.4,0.259
138711,,,,,,,,,,,,,,,,,,,,,
138860,12.2,12.2,0,12.2,0,12.2,0,12.2,0,12.2,0,12.2,0,12.2,0,12.2,0,8.5,0.435,8,0.525
138975,,,,,,,,,,,,,,,,,,,,,
138983,,,,,,,,,,,,,,,,,,,,,
139033,,,,,,,,,,,,,,,,,,,,,
139386,57,57,0,57,0,57,0,57,0,57,0,57,0,57,0,57,0,41.9,0.36,37.5,0.52
139521,69,69,0,69,0,69,0,69,0,69,0,59.9,0.152,69,0,59,0.169,45,0.533,42.9,0.608
139653,,,,,,,,,,,,,,,,,,,,,
139718,56.1,56.1,0,56.1,0,56.1,0,56.1,0,56.1,0,56.1,0,56.1,0,47.5,0.181,47.5,0.181,47.5,0.181
139807,50,50,0,50,0,50,0,50,0,50,0,50,0,50,0,50,0,50,0,44.6,0.121
139866,,,,,,,,,,,,,,,,,,,,,
139963,69,69,0,69,0,69,0,69,0,69,0,59.9,0.152,69,0,59,0.169,45,0.533,42.9,0.608
140058,,,,,,,,,,,,,,,,,,,,,
140198,,,,,,,,,,,,,,,,,,,,,
140228,,,,,,,,,,,,,,,,,,,,,
140260,,,,,,,,,,,,,,,,,,,,,
140287,16,16,0,16,0,16,0,16,0,16,0,16,0,16,0,16,0,9,0.778,8,1
140309,,,,,,,,,,,,,,,,,,,,,
140317,,,,,,,,,,,,,,,,,,,,,
140376,28.1,28.1,0,28.1,0,28.1,0,28.1,0,28.1,0,28.1,0,28.1,0,,,,,,
140465,18.5,18.5,0,18.5,0,18.5,0,18.5,0,18.5,0,33,-0.439,33,-0.439,32,-0.422,22.5,-0.178,12,0.542
141100,8.9,8.9,0,8.9,0,8.9,0,8.9,0,8.9,0,8.9,0,8.9,0,8.9,0,8.9,0,8.9,0
141424,,,,,,,,,,,,,,,,,,,,,
141428,,,,,,,,,,,,,,,,,,,,,
141433,9.4,9.4,0,9.4,0,9.4,0,9.4,0,9.4,0,9.4,0,9.4,0,,,,,,
141510,,,,,,,,,,,,,,,,,,,,,
141515,,,,,,,,,,,,,,,,,,,,,
141958,109,109,0,109,0,109,0,109,0,109,0,109,0,109,0,109,0,99,0.101,79.6,0.369
141959,49.9,49.9,0,,,,,49.9,0,49.9,0,49.9,0,49.9,0,,,46.5,0.0731,39,0.279
141999,9.9,9.9,0,9.9,0,9.9,0,9.9,0,,,9.9,0,,,,,,,,
142233,39.5,39.5,0,39.5,0,39.5,0,39.5,0,39.5,0,39.5,0,39.5,0,32.5,0.215,24,0.646,22,0.795
143006,42.9,42.9,0,42.9,0,42.9,0,42.9,0,42.9,0,,,,,35,0.226,29.9,0.435,29.9,0.435
143049,8,8,0,8,0,8,0,8,0,,,8,0,8,0,8,0,,,,
143051,8,8,0,8,0,8,0,8,0,8,0,,,8,0,8,0,,,,
143804,45.9,45.9,0,45.9,0,45.9,0,45.9,0,45.9,0,45.9,0,45.9,0,45.9,0,37.5,0.224,37.5,0.224
143863,128,128,0,128,0,128,0,128,0,128,0,149,-0.142,149,-0.142,149,-0.142,105,0.218,87.5,0.462
143871,56.8,56.8,0,56.8,0,56.8,0,56.8,0,56.8,0,56.8,0,55.5,0.0234,55.5,0.0234,53.6,0.0597,52.3,0.086
144320,,,,,,,,,,,,,,,,,,,,,
144460,70,70,0,70,0,70,0,70,0,70,0,70,0,66.4,0.0542,66.4,0.0542,62,0.129,59.4,0.178
144872,103,103,0,103,0,103,0,103,0,103,0,103,0,103,0,103,0,103,0,103,0
144940,,,,,,,,,,,,,,,,,,,,,
145432,51,51,0,51,0,51,0,51,0,51,0,51,0,51,0,51,0,47.5,0.0737,35,0.457
146064,6,6,0,6,0,6,0,6,0,6,0,6,0,6,0,5.5,0.0909,4.2,0.429,,
146200,27.4,27.4,0,27.4,0,27.4,0,27.4,0,27.4,0,27.4,0,27.4,0,27.4,0,22.8,0.202,21,0.305
146366,43.9,43.9,0,43.9,0,43.9,0,43.9,0,43.9,0,43.9,0,43.9,0,43.9,0,32,0.372,30,0.463
146455,38.8,38.8,0,38.8,0,38.8,0,38.8,0,38.8,0,38.8,0,38.8,0,38.8,0,25,0.552,19.8,0.96
146536,45.5,45.5,0,45.5,0,45.5,0,45.5,0,45.5,0,45.5,0,45.5,0,45.5,0,38,0.197,34.5,0.319
146625,19,19,0,19,0,19,0,19,0,19,0,19,0,19,0,19,0,13.5,0.407,10.7,0.776
146633,19,19,0,19,0,19,0,19,0,19,0,19,0,19,0,19,0,13.5,0.407,10.7,0.776
146749,49.6,49.6,0,49.6,0,49.6,0,49.6,0,49.6,0,49.6,0,40.6,0.222,49,0.0122,37.7,0.316,35.2,0.409
147206,,,,,,,,,,,,,,,,,,,,,
147447,153,153,0,153,0,153,0,153,0,153,0,153,0,153,0,,,,,,
149101,48.5,48.5,0,48.5,0,48.5,0,48.5,0,48.5,0,48.5,0,48.5,0,48.5,0,43.8,0.107,43.8,0.107
149268,42,42,0,42,0,42,0,42,0,42,0,38.2,0.0995,50.5,-0.168,58.5,-0.282,41.8,0.00478,34.5,0.217
149659,33,33,0,33,0,33,0,33,0,33,0,33,0,33,0,39.5,-0.165,25,0.32,22.5,0.467
150001,,,,,,,,,,,,,,,,,,,,,
150006,193,193,0,193,0,193,0,193,0,193,0,193,0,,,,,,,151,0.278
150180,16,16,0,16,0,16,0,16,0,16,0,16,0,16,0,13.5,0.185,13.5,0.185,13.5,0.185
150182,27,27,0,27,0,27,0,27,0,27,0,27,0,27,0,24.5,0.102,24.5,0.102,24.5,0.102
150187,29.5,29.5,0,29.5,0,29.5,0,29.5,0,29.5,0,29.5,0,29.5,0,25,0.18,25,0.18,25,0.18
150418,21,21,0,21,0,21,0,21,0,21,0,21,0,21,0,21,0,15,0.4,14.4,0.458
150521,,,,,,,,,,,,,,,,,,,,,
150536,,,,,,,,,,,,,,,,,,,,,
150544,,,,,,,,,,,,,,,,,,,,,
150560,10.5,10.5,0,,,,,,,,,,,10.5,0,,,,,,
150561,31.5,,,,,,,31.5,0,31.5,0,31.5,0,28.5,0.105,27.5,0.145,25.9,0.216,25.9,0.216
150677,,,,,,,,,,,,,,,,,,,,,
150681,4,4,0,4,0,4,0,4,0,4,0,4,0,4,0,4,0,3.5,0.143,3.5,0.143
150682,37.2,37.2,0,37.2,0,37.2,0,37.2,0,37.2,0,37.2,0,37.2,0,,,28.8,0.292,25,0.488
150695,107,107,0,107,0,107,0,107,0,107,0,107,0,107,0,83.8,0.276,78.8,0.357,72.5,0.474
150697,,,,,,,,,,,,,,,,,,,,,
150783,,,,,,,,,,,,,,,,,,,,,
150795,20.5,20.5,0,20.5,0,20.5,0,20.5,0,20.5,0,20.5,0,20.5,0,,,17,0.206,17,0.206
150812,36.2,36.2,0,36.2,0,36.2,0,36.2,0,36.2,0,36.2,0,36.2,0,36.2,0,31.5,0.149,31.5,0.149
150816,47,47,0,47,0,47,0,47,0,47,0,47,0,47,0,47,0,41,0.146,41,0.146
150817,68,68,0,68,0,68,0,68,0,68,0,68,0,,,68,0,59.5,0.143,59.5,0.143
150947,23.3,23.3,0,23.3,0,23.3,0,23.3,0,23.3,0,,,,,23.3,0,18.5,0.259,,
151031,18,18,0,18,0,18,0,18,0,18,0,18,0,18,0,,,18,0,18,0
151117,70,70,0,70,0,70,0,70,0,70,0,76.5,-0.085,76.5,-0.085,,,,,,
151128,46.3,46.3,0,46.3,0,46.3,0,46.3,0,46.3,0,52.5,-0.118,52.5,-0.118,,,,,45.8,0.0109
151140,7.7,7.7,0,7.7,0,7.7,0,7.7,0,7.7,0,,,,,7.3,0.0548,6,0.283,,
151141,9.4,9.4,0,9.4,0,9.4,0,9.4,0,9.4,0,9.4,0,,,,,7.5,0.253,7.5,0.253
151142,9.4,9.4,0,9.4,0,9.4,0,,,,,9.4,0,9.4,0,,,8.2,0.146,8.2,0.146
151199,45,45,0,45,0,45,0,45,0,45,0,45,0,45,0,45,0,42.3,0.0638,38.5,0.169
151212,14,14,0,14,0,14,0,14,0,14,0,12.4,0.129,12.4,0.129,12.4,0.129,11.6,0.207,11.6,0.207
151223,,,,,,,,,,,,,,,,,,,,,
151302,70,70,0,70,0,70,0,70,0,70,0,76.5,-0.085,76.5,-0.085,,,,,71,-0.0141
151384,,,,,,,,,,,,,,,,,,,,,
151395,32.5,32.5,0,32.5,0,32.5,0,32.5,0,32.5,0,32.5,0,31,0.0484,30.4,0.0691,27.5,0.182,26.7,0.217
151398,,,,,,,,,,,,,,,,,,,,,
151555,,,,,,,,,,,,,,,,,,,,,
151568,95,95,0,95,0,95,0,95,0,95,0,95,0,95,0,95,0,95,0,95,0
151576,25.9,25.9,0,25.9,0,25.9,0,25.9,0,25.9,0,25.9,0,24,0.0792,24,0.0792,20.8,0.245,19.9,0.302
151594,89,89,0,89,0,89,0,75.3,0.182,64.9,0.371,64.9,0.371,81.5,0.092,80.3,0.108,75.5,0.179,75.5,0.179
151713,14.2,14.2,0,14.2,0,14.2,0,14.2,0,,,14.2,0,14.2,0,,,12,0.183,,
151715,,,,,,,,,,,,,,,,,,,,,
152202,99.5,99.5,0,99.5,0,99.5,0,99.5,0,99.5,0,99.4,0.00101,98,0.0153,99.4,0.00101,77,0.292,77,0.292
152204,35,35,0,35,0,35,0,35,0,35,0,35,0,35,0,35,0,28.9,0.211,27.5,0.273
152281,,,,,,,,,,,,,,,,,,,,,
152293,2,2,0,2,0,2,0,2,0,,,,,,,,,1,1,2,0
152310,45,45,0,45,0,45,0,45,0,45,0,54.1,-0.168,54.1,-0.168,34.5,0.304,34.5,0.304,34.5,0.304
152420,33,33,0,33,0,33,0,33,0,33,0,33,0,33,0,33,0,25,0.32,25,0.32
152684,14.5,14.5,0,14.5,0,14.5,0,14.5,0,14.5,0,14.9,-0.0268,17,-0.147,17,-0.147,13,0.115,10.5,0.381
152790,63,63,0,63,0,63,0,63,0,63,0,63,0,59,0.0678,58,0.0862,46,0.37,43,0.465
152816,15,15,0,15,0,15,0,15,0,15,0,15,0,14.5,0.0345,14,0.0714,12.5,0.2,12,0.25
152817,,,,,,,,,,,,,,,,,,,,,
152820,61.9,61.9,0,61.9,0,61.9,0,61.9,0,61.9,0,59.5,0.0403,59.5,0.0403,59.5,0.0403,46.5,0.331,46.5,0.331
152824,15,15,0,15,0,15,0,15,0,15,0,14.5,0.0345,14.5,0.0345,14,0.0714,13,0.154,12.5,0.2
152994,65,65,0,65,0,65,0,65,0,65,0,65,0,61,0.0656,60,0.0833,46,0.413,43,0.512
153017,6.9,6.9,0,6.9,0,6.9,0,6.9,0,6.9,0,6.9,0,6.9,0,,,,,,
153021,,,,,,,,,,,,,,,,,,,,,
153026,,,,,,,,,,,,,,,,,,,,,
153110,3.5,3.5,0,3.5,0,3.5,0,3.5,0,3.5,0,3.5,0,3.5,0,3.5,0,3.5,0,3.5,0
153112,8.5,8.5,0,8.5,0,8.5,0,8.5,0,8.5,0,8.5,0,8.5,0,6.5,0.308,6.5,0.308,6.5,0.308
153119,12.9,12.9,0,12.9,0,12.9,0,12.9,0,,,,,,,,,,,13,-0.00769
153312,50,50,0,50,0,50,0,50,0,50,0,50,0,50,0,48.4,0.0331,43.8,0.142,35,0.429
153648,30,30,0,30,0,30,0,30,0,30,0,30,0,30,0,29,0.0345,23.5,0.277,13.5,1.22
153700,16,16,0,16,0,16,0,16,0,16,0,16,0,16,0,16,0,12.5,0.28,12.5,0.28
153702,35,35,0,35,0,35,0,35,0,35,0,35,0,35,0,35,0,26,0.346,26,0.346
153705,10.5,10.5,0,10.5,0,10.5,0,10.5,0,10.5,0,10.5,0,10.5,0,10,0.05,8,0.312,8,0.312
153710,65,65,0,65,0,65,0,65,0,65,0,65,0,65,0,65,0,48.5,0.34,48.5,0.34
153761,57.5,57.5,0,57.5,0,57.5,0,57.5,0,57.5,0,57.5,0,57.5,0,62,-0.0726,47,0.223,43.8,0.313
153821,38.9,38.9,0,38.9,0,38.9,0,38.9,0,38.9,0,38.9,0,38.9,0,41.9,-0.0716,32.5,0.197,30,0.297
153823,38.9,38.9,0,38.9,0,38.9,0,38.9,0,38.9,0,38.9,0,38.9,0,41.9,-0.0716,32.5,0.197,30.1,0.292
153907,3.5,3.5,0,3.5,0,3.5,0,3.5,0,3.5,0,3.5,0,3.5,0,,,3,0.167,3,0.167
154270,178,178,0,178,0,178,0,178,0,178,0,125,0.424,230,-0.224,230,-0.224,168,0.0627,135,0.319
154326,165,165,0,165,0,165,0,165,0,165,0,115,0.435,210,-0.216,210,-0.216,162,0.0154,132,0.25
154717,28.1,28.1,0,28.1,0,28.1,0,28.1,0,28.1,0,28.1,0,28.1,0,28.1,0,23.2,0.211,20.5,0.371
155462,44.5,44.5,0,44.5,0,44.5,0,44.5,0,44.5,0,44.5,0,63.5,-0.299,61,-0.27,41.5,0.0723,33.5,0.328
155713,5,5,0,5,0,5,0,5,0,5,0,5,0,5,0,5,0,4,0.25,4,0.25
155726,21,21,0,21,0,21,0,,,,,21,0,21,0,21,0,12,0.75,12,0.75
155758,,,,,,,,,,,,,,,,,,,,,
155759,,,,,,,,,,,,,,,,,,,,,
155760,,,,,,,,,,,,,,,,,,,,,
155764,,,,,,,,,,,,,,,,,,,,,
155765,,,,,,,,,,,,,,,,,,,,,
155766,,,,,,,,,,,,,,,,,,,,,
155768,,,,,,,,,,,,,,,,,,,,,
155769,,,,,,,,,,,,,,,,,,,,,
155770,,,,,,,,,,,,,,,,,,,,,
155771,,,,,,,,,,,,,,,,,,,,,
155773,,,,,,,,,,,,,,,,,,,,,
155774,,,,,,,,,,,,,,,,,,,,,
155787,75,75,0,75,0,75,0,75,0,75,0,75,0,75,0,75,0,62,0.21,59,0.271
155788,75,75,0,75,0,75,0,75,0,75,0,75,0,75,0,75,0,62,0.21,59,0.271
155789,76,76,0,76,0,76,0,76,0,76,0,76,0,76,0,76,0,63,0.206,63,0.206
155790,83,83,0,83,0,83,0,83,0,83,0,83,0,83,0,83,0,69,0.203,63,0.317
155791,,,,,,,,,,,,,,,,,,,,,
155793,,,,,,,,,,,,,,,,,,,,,
155809,225,225,0,225,0,225,0,225,0,230,-0.0217,255,-0.118,255,-0.118,288,-0.219,190,0.184,178,0.265
155810,225,225,0,225,0,225,0,225,0,230,-0.0217,255,-0.118,255,-0.118,288,-0.219,190,0.184,178,0.265
155812,60,60,0,60,0,60,0,60,0,60,0,60,0,60,0,60,0,45,0.333,40,0.5
155813,85.4,85.4,0,85.4,0,85.4,0,85.4,0,85.4,0,85.4,0,85.4,0,81.6,0.0466,68.8,0.241,58.7,0.455
155928,23,23,0,23,0,23,0,,,29.6,-0.223,29.6,-0.223,29.6,-0.223,,,19,0.211,,
155930,74.3,74.3,0,74.3,0,74.3,0,74.3,0,,,,,,,74.4,-0.00134,58.2,0.277,,
155931,,,,,,,,,,,,,,,,,,,,,
155932,31.7,31.7,0,31.7,0,31.7,0,31.7,0,31.7,0,31.8,-0.00314,31.8,-0.00314,31.8,-0.00314,,,22.9,0.384
156200,,,,,,,,,,,,,,,,,,,,,
156201,,,,,,,,,,,,,,,,,,,,,
156202,,,,,,,,,,,,,,,,,,,,,
156203,197,197,0,197,0,197,0,197,0,276,-0.286,230,-0.143,264,-0.253,286,-0.312,237,-0.167,170,0.16
156204,197,197,0,197,0,197,0,197,0,290,-0.32,230,-0.143,264,-0.253,,,237,-0.167,170,0.16
156205,98.4,98.4,0,98.4,0,98.4,0,98.4,0,92,0.0696,98,0.00408,135,-0.271,,,123,-0.2,90,0.0933
156206,98.4,98.4,0,98.4,0,98.4,0,98.4,0,92,0.0696,98,0.00408,135,-0.271,97.5,0.00923,123,-0.2,90,0.0933
156207,98.4,98.4,0,98.4,0,98.4,0,98.4,0,92,0.0696,98,0.00408,135,-0.271,97.5,0.00923,123,-0.2,90,0.0933
156208,98.4,98.4,0,98.4,0,98.4,0,98.4,0,92,0.0696,98,0.00408,134,-0.266,97.5,0.00923,123,-0.2,90,0.0933
156209,,,,,,,,,,,,,,,,,,,,,
156210,,,,,,,,,,,,,,,,,,,,,
156211,197,197,0,197,0,197,0,197,0,264,-0.253,230,-0.143,264,-0.253,286,-0.311,237,-0.167,170,0.16
156212,310,310,0,310,0,310,0,310,0,310,0,310,0,272,0.139,294,0.0541,216,0.435,194,0.597
156213,292,292,0,292,0,292,0,292,0,292,0,292,0,272,0.0717,294,-0.0085,216,0.35,194,0.503
156214,244,244,0,244,0,244,0,244,0,244,0,244,0,244,0,,,,,,
156248,11.5,11.5,0,11.5,0,11.5,0,11.5,0,11.5,0,11.5,0,11.5,0,9.9,0.162,10,0.15,10,0.15
157108,,,,,,,,,,,,,,,,,,,,,
157147,12.5,12.5,0,12.5,0,12.5,0,12.5,0,12.5,0,12.5,0,12.5,0,12.5,0,12.5,0,10,0.25
157700,25.5,25.5,0,25.5,0,25.5,0,25.5,0,25.5,0,25.5,0,25.5,0,36,-0.292,25,0.02,19.5,0.308
157721,225,225,0,225,0,225,0,225,0,230,-0.0217,255,-0.118,255,-0.118,288,-0.219,190,0.184,178,0.265
157722,,,,,,,,,,,,,,,,,,,,,
157723,41.2,41.2,0,41.2,0,41.2,0,41.2,0,41.2,0,41.2,0,41.2,0,39.9,0.0326,,,39.9,0.0326
157725,20.5,20.5,0,20.5,0,20.5,0,20.5,0,20.5,0,,,,,20.5,0,14.4,0.424,12.7,0.614
157730,,,,,,,,,,,,,,,,,,,,,
157731,,,,,,,,,,,,,,,,,,,,,
157732,225,225,0,225,0,225,0,225,0,219,0.0274,239,-0.0586,250,-0.1,285,-0.211,186,0.208,176,0.278
158012,,,,,,,,,,,,,,,,,,,,,
158039,,,,,,,,,,,,,,,,,,,,,
158470,8,8,0,8,0,8,0,8,0,8,0,8,0,8,0,8,0,8,0,8,0
158526,64.6,64.6,0,64.6,0,64.6,0,64.6,0,64.6,0,91.7,-0.296,91.7,-0.296,91.7,-0.296,60.9,0.0608,53,0.219
158550,,,,,,,,,,,,,,,,,,,,,
158569,143,143,0,143,0,143,0,143,0,143,0,174,-0.179,174,-0.179,,,121,0.177,117,0.224
158747,,,,,,,,,,,,,,,,,,,,,
158815,29.9,29.9,0,29.9,0,29.9,0,39.9,-0.251,,,39.9,-0.251,,,,,,,23.9,0.251
158828,4.5,4.5,0,4.5,0,4.5,0,4.5,0,4.5,0,4.5,0,4.5,0,4.5,0,,,4.5,0
158829,4.5,4.5,0,4.5,0,4.5,0,4.5,0,4.5,0,4.5,0,4.5,0,4.5,0,4.5,0,4.5,0
158830,4.5,4.5,0,4.5,0,4.5,0,4.5,0,4.5,0,4.5,0,4.5,0,4.5,0,4.5,0,4.5,0
158895,79.9,79.9,0,79.9,0,79.9,0,79.9,0,79.9,0,79.9,0,79.9,0,79.9,0,61,0.31,46.9,0.704
160122,,,,,,,,,,,,,,,,,,,,,
160148,38.6,38.6,0,38.6,0,38.6,0,38.6,0,38.6,0,,,,,,,,,26,0.485
160431,,,,,,,,,,,,,,,,,,,,,
160512,,,,,,,,,,,,,,,,,,,,,
160835,,,,,,,,,,,,,,,,,,,,,
160932,,,,,,,,,,,,,,,,,,,,,
161060,,,,,,,,,,,,,,,,,,,,,
161061,,,,,,,,,,,,,,,,,,,,,
161928,49.9,49.9,0,49.9,0,49.9,0,49.9,0,49.9,0,49.9,0,49.9,0,49.9,0,47.9,0.0418,38.5,0.296
161929,61.5,61.5,0,61.5,0,61.5,0,61.5,0,61.5,0,61.5,0,61.5,0,61.5,0,55.9,0.1,51.9,0.185
162035,75.2,75.2,0,75.2,0,75.2,0,75.2,0,75.2,0,75.2,0,75.2,0,75.2,0,,,,
162036,39.5,39.5,0,39.5,0,39.5,0,39.5,0,39.5,0,39.5,0,39.5,0,39.5,0,31.3,0.262,28.7,0.376
162041,,,,,,,,,,,,,,,,,,,,,
162042,20.7,20.7,0,20.7,0,20.7,0,20.7,0,20.7,0,19,0.0895,22.3,-0.0717,22.3,-0.0717,17.5,0.183,17.5,0.183
162043,26.7,26.7,0,26.7,0,26.7,0,35.1,-0.239,35.1,-0.239,34,-0.215,38.2,-0.301,38.2,-0.301,30.2,-0.116,30.2,-0.116
162068,,,,,,,,,,,,,,,,,,,,,
162434,3.5,3.5,0,3.5,0,3.5,0,3.5,0,3.5,0,3.5,0,3.5,0,3.5,0,3,0.167,3,0.167
162450,7,7,0,7,0,7,0,7,0,7,0,7,0,7,0,7,0,5.7,0.228,5.7,0.228
162515,83,83,0,83,0,83,0,83,0,83,0,83,0,83,0,83,0,69,0.203,67,0.239
163032,,,,,,,,,,,,,,,,,,,,,
163155,29.5,29.5,0,29.5,0,29.5,0,29.5,0,29.5,0,30.5,-0.0328,30.5,-0.0328,21.5,0.372,21.5,0.372,19.5,0.513
164216,14.5,14.5,0,14.5,0,14.5,0,14.5,0,14.5,0,14.5,0,14.5,0,14.5,0,13,0.115,,
164321,,,,,,,,,,,,,,,,,,,,,
164330,,,,,,,,,,,,,,,,,,,,,
164372,6,6,0,6,0,6,0,6,0,6,0,6,0,,,,,5,0.2,4.5,0.333
164380,22.5,22.5,0,22.5,0,22.5,0,22.5,0,22.5,0,22.5,0,,,,,,,19.8,0.136
165182,13,13,0,13,0,13,0,13,0,13,0,12.9,0.00775,15.5,-0.161,15.5,-0.161,13,0,12,0.0833
165310,29.5,29.5,0,29.5,0,29.5,0,29.5,0,29.5,0,29.5,0,29.5,0,29,0.0172,19.5,0.513,,
165735,49.5,49.5,0,49.5,0,49.5,0,49.5,0,49.5,0,49.5,0,49.5,0,48,0.0312,33.5,0.478,32,0.547
165743,58,58,0,58,0,58,0,58,0,58,0,58,0,58,0,58,0,37.5,0.547,33.5,0.731
165751,,,,,,,,,,,,,,,,,,,,,
165890,24.9,24.9,0,24.9,0,24.9,0,24.9,0,24.9,0,24.9,0,24.9,0,24.9,0,24.9,0,24.9,0
165921,105,105,0,105,0,105,0,105,0,105,0,105,0,105,0,105,0,69,0.522,65,0.615
165971,48.9,48.9,0,48.9,0,48.9,0,48.9,0,48.9,0,48.9,0,55.5,-0.119,60,-0.185,43,0.137,35.5,0.377
165972,78.7,78.7,0,78.7,0,78.7,0,78.7,0,78.7,0,59.7,0.318,78.7,0,91.5,-0.14,65.6,0.2,54,0.457
166332,16,16,0,16,0,16,0,16,0,16,0,16,0,16,0,16,0,11.9,0.345,11.9,0.345
168270,70,70,0,70,0,70,0,70,0,70,0,70,0,66,0.0606,58,0.207,50,0.4,47,0.489
168816,75,75,0,75,0,75,0,75,0,,,75.9,-0.0119,,,,,,,59,0.271
169102,,,,,,,,,,,,,,,,,,,,,
169856,33,33,0,33,0,33,0,33,0,43.9,-0.248,43.9,-0.248,53.9,-0.388,53.9,-0.388,53.9,-0.388,45.8,-0.279
170240,,,,,,,,,,,,,,,,,,,,,
170429,,,,,,,,,,,,,,,,,,,,,
170712,171,171,0,171,0,171,0,171,0,171,0,171,0,171,0,,,,,,
171093,,,,,,,,,,,,,,,,,,,,,
171824,,,,,,,,,,,,,,,,,,,,,
172006,48,48,0,48,0,48,0,48,0,48,0,48,0,48,0,48,0,44,0.0909,44,0.0909
172014,79,79,0,79,0,79,0,79,0,79,0,79,0,79,0,78,0.0128,72,0.0972,72,0.0972
173363,,,,,,,,,,,,,,,,,,,,,
173545,,,,,,,,,,,,,,,,,,,,,
174645,76.8,76.8,0,76.8,0,76.8,0,,,76.8,0,,,,,,,58.7,0.308,50,0.536
174661,34.9,34.9,0,34.9,0,34.9,0,34.9,0,34.9,0,,,,,,,29,0.203,,
174670,7,7,0,7,0,7,0,7,0,7,0,,,,,,,6.7,0.0448,,
174700,279,279,0,279,0,279,0,279,0,279,0,329,-0.152,329,-0.152,329,-0.152,239,0.167,209,0.335
174726,205,205,0,205,0,205,0,205,0,205,0,205,0,205,0,205,0,169,0.213,140,0.465
174755,29,29,0,29,0,29,0,29,0,23.4,0.239,29,0,29,0,,,18.5,0.568,16.8,0.726
174756,29,29,0,29,0,29,0,29,0,23.4,0.239,29,0,29,0,29,0,18.5,0.568,16.8,0.726
174757,29,29,0,29,0,29,0,29,0,23.4,0.239,,,29,0,29,0,18.5,0.568,16.8,0.726
174758,,,,,,,,,,,,,,,,,,,,,
174759,23,23,0,23,0,23,0,23,0,23,0,23,0,23,0,,,16,0.438,16,0.438
174760,,,,,,,,,,,,,,,,,,,,,
174763,28,28,0,,,28,0,28,0,28,0,28,0,28,0,,,,,,
174764,,,,,,,,,,,,,,,,,,,,,
174780,114,114,0,114,0,114,0,114,0,,,114,0,114,0,150,-0.24,,,82.4,0.381
174782,,,,,,,,,,,,,,,,,,,,,
174783,114,114,0,114,0,114,0,114,0,114,0,114,0,114,0,150,-0.24,102,0.111,82.4,0.381
174784,,,,,,,,,,,,,,,,,,,,,
174785,,,,,,,,,,,,,,,,,,,,,
174941,,,,,,,,,,,,,,,,,,,,,
175020,27,27,0,27,0,27,0,27,0,27,0,27,0,27,0,,,,,,
175021,27,27,0,27,0,27,0,27,0,27,0,27,0,27,0,31,-0.129,,,,
175023,27,27,0,27,0,27,0,27,0,,,27,0,27,0,,,,,,
175024,27,27,0,27,0,27,0,27,0,27,0,,,27,0,,,,,,
175025,27,27,0,27,0,27,0,27,0,27,0,27,0,27,0,27,0,,,,
175026,42,42,0,42,0,42,0,42,0,42,0,57.4,-0.268,57.4,-0.268,57.4,-0.268,,,,
175027,42,42,0,42,0,42,0,42,0,,,57.4,-0.268,57.4,-0.268,,,,,,
175028,31,31,0,31,0,31,0,31,0,31,0,36.5,-0.151,36.5,-0.151,,,,,,
175029,44.5,44.5,0,44.5,0,44.5,0,44.5,0,44.5,0,44.5,0,,,,,,,,
175031,,,,,,,,,,,,,,,,,,,,,
175032,31,31,0,31,0,31,0,31,0,31,0,31,0,31,0,31,0,,,,
175033,31,31,0,31,0,31,0,31,0,31,0,31,0,31,0,31,0,,,,
175034,31,31,0,31,0,31,0,31,0,31,0,31,0,31,0,,,,,,
175756,20.6,20.6,0,20.6,0,20.6,0,20.6,0,20.6,0,22.9,-0.1,22.9,-0.1,22.9,-0.1,19,0.0842,14.9,0.383
176133,889,889,0,889,0,889,0,889,0,889,0,889,0,889,0,889,0,650,0.368,489,0.818
176508,10.9,10.9,0,10.9,0,10.9,0,10.9,0,,,,,,,,,10.5,0.0381,10.5,0.0381
176559,14.5,14.5,0,14.5,0,14.5,0,14.5,0,14.5,0,14.5,0,15,-0.0333,18.2,-0.203,11.5,0.261,8.8,0.648
176567,15,15,0,15,0,15,0,15,0,15,0,15,0,15,0,18.2,-0.176,11.5,0.304,10.5,0.429
177113,,,,,,,,,,,,,,,,,,,,,
177871,16.9,16.9,0,16.9,0,16.9,0,16.9,0,16.9,0,16.9,0,16.9,0,16.9,0,15.5,0.0903,13.5,0.252
177881,,,,,,,,,,,,,,,,,,,,,
178039,107,107,0,107,0,107,0,107,0,107,0,83.8,0.282,83.8,0.282,107,0,72.3,0.485,64.4,0.668
178047,107,107,0,107,0,107,0,107,0,107,0,85.9,0.25,85.9,0.25,107,0,72.3,0.485,64.4,0.668
178136,265,265,0,265,0,265,0,265,0,265,0,265,0,265,0,265,0,199,0.332,175,0.514
178551,14,14,0,14,0,14,0,14,0,14,0,14,0,14,0,12,0.167,12,0.167,10,0.4
179914,,,,,,,,,,,,,,,,,,,,,
180092,17,17,0,17,0,17,0,17,0,17,0,17,0,17,0,17,0,12.1,0.405,12.1,0.405
180100,,,,,,,,,,,,,,,,,,,,,
181704,18,18,0,18,0,18,0,18,0,18,0,18,0,18,0,18,0,15,0.2,15,0.2
181710,26.8,26.8,0,26.8,0,26.8,0,26.8,0,26.8,0,26.8,0,26.8,0,,,,,,
181711,68,68,0,68,0,68,0,68,0,68,0,68,0,68,0,,,,,34.5,0.971
182036,32,32,0,32,0,32,0,32,0,29.9,0.0702,39.9,-0.198,39.9,-0.198,39.9,-0.198,28.4,0.127,24.9,0.285
182287,72.5,72.5,0,72.5,0,72.5,0,72.5,0,72.5,0,72.5,0,72.5,0,68.5,0.0584,65.5,0.107,65,0.115
183018,61,61,0,,,,,,,61,0,61,0,,,61,0,43.2,0.412,,
183020,92.7,92.7,0,92.7,0,92.7,0,92.7,0,92.7,0,92.7,0,92.7,0,109,-0.15,75.8,0.223,69.5,0.334
187818,20.5,20.5,0,20.5,0,20.5,0,20.5,0,20.5,0,19.5,0.0513,19.5,0.0513,18.5,0.108,17.5,0.171,17.5,0.171
187877,81,81,0,81,0,81,0,81,0,81,0,81,0,81,0,81,0,60,0.35,60,0.35
187971,,,,,,,,,,,,,,,,,,,,,
189359,,,,,,,,,,,,,,,,,,,,,
189375,231,231,0,231,0,231,0,231,0,231,0,,,,,,,,,,
191630,25.5,25.5,0,25.5,0,25.5,0,25.5,0,25.5,0,25.5,0,25.5,0,,,,,16.9,0.509
191950,,,,,,,,,,,,,,,,,,,,,
192011,,,,,,,,,,,,,,,,,,,,,
192044,92.5,92.5,0,92.5,0,92.5,0,92.5,0,92.5,0,92.5,0,92.5,0,92.5,0,,,,
192045,92.5,92.5,0,92.5,0,92.5,0,92.5,0,92.5,0,92.5,0,92.5,0,92.5,0,,,,
192643,42.6,42.6,0,42.6,0,42.6,0,42.6,0,42.6,0,42.6,0,,,,,,,,
192686,,,,,,,,,,,,,,,,,,,,,
192996,,,,,,,,,,,,,,,,,,,,,
193224,9.5,9.5,0,9.5,0,,,9.5,0,9.5,0,9.5,0,9.5,0,9.5,0,8.3,0.145,8.3,0.145
193380,14.5,14.5,0,14.5,0,14.5,0,14.5,0,14.5,0,13.5,0.0741,13.5,0.0741,13.5,0.0741,12.5,0.16,12.5,0.16
193402,14.5,14.5,0,14.5,0,14.5,0,14.5,0,14.5,0,13.5,0.0741,13.5,0.0741,12.5,0.16,11.5,0.261,11.5,0.261
193410,14.5,14.5,0,14.5,0,14.5,0,14.5,0,14.5,0,13.5,0.0741,13.5,0.0741,12.5,0.16,11,0.318,11,0.318
193828,26.7,26.7,0,26.7,0,26.7,0,38.3,-0.303,38.3,-0.303,38.2,-0.301,38.2,-0.301,38.2,-0.301,30.2,-0.116,30.2,-0.116
193836,,,,,,,,,,,,,,,,,,,,,
193946,35.5,35.5,0,35.5,0,35.5,0,35.5,0,35.5,0,35.5,0,35.5,0,35.5,0,29.6,0.199,27,0.315
194175,,,,,,,,,,,,,,,,,,,,,
194456,34.9,34.9,0,34.9,0,,,,,,,34.9,0,34.9,0,34,0.0265,,,27.5,0.269
194457,34.9,34.9,0,34.9,0,34.9,0,34.9,0,34.9,0,,,,,34,0.0265,27.9,0.251,27.5,0.269
194778,,,,,,,,,,,,,,,,,,,,,
195447,48.7,48.7,0,48.7,0,48.7,0,48.7,0,48.7,0,41.4,0.176,48.1,0.0125,48.1,0.0125,36.3,0.342,32.5,0.498
195588,31,31,0,31,0,31,0,31,0,31,0,31,0,31,0,31,0,25,0.24,25,0.24
195626,87.5,87.5,0,87.5,0,87.5,0,87.5,0,87.5,0,87.5,0,87.5,0,87.5,0,67.5,0.296,62,0.411
195634,87.5,87.5,0,87.5,0,87.5,0,87.5,0,87.5,0,87.5,0,87.5,0,87.5,0,67.5,0.296,62,0.411
197487,89.5,89.5,0,89.5,0,89.5,0,89.5,0,89.5,0,89.5,0,89.5,0,91,-0.0165,89,0.00562,87.5,0.0229
198005,33.5,33.5,0,33.5,0,33.5,0,33.5,0,33.5,0,33.5,0,25,0.34,25,0.34,25,0.34,,
198011,,,,,,,,,,,,,,,,,,,,,
198012,,,,,,,,,,,,,,,,,,,,,
198480,,,,,,,,,,,,,,,,,,,,,
198596,60,60,0,60,0,60,0,60,0,60,0,,,,,,,,,,
198597,95,95,0,95,0,95,0,95,0,80.7,0.177,94.9,0.00105,94.9,0.00105,,,,,44,1.16
198598,,,,,,,,,,,,,,,,,,,,,
198600,39.9,39.9,0,39.9,0,39.9,0,39.9,0,39.9,0,33.9,0.177,39.9,0,39.9,0,25.4,0.571,33.9,0.177
200018,,,,,,,,,,,,,,,,,,,,,
200185,14.8,14.8,0,14.8,0,14.8,0,14.8,0,,,14.8,0,14.8,0,13.7,0.0803,10.9,0.358,10.9,0.358
200204,,,,,,,,,,,,,,,,,,,,,
200226,,,,,,,,,,,,,,,,,,,,,
200242,,,,,,,,,,,,,,,,,,,,,
200254,18.9,18.9,0,18.9,0,18.9,0,18.9,0,,,16.9,0.118,16.9,0.118,,,14.9,0.268,,
200258,,,,,,,,,,,,,,,,,,,,,
200260,,,,,,,,,,,,,,,,,,,,,
200304,,,,,,,,,,,,,,,,,,,,,
200305,,,,,,,,,,,,,,,,,,,,,
200309,,,,,,,,,,,,,,,,,,,,,
200311,,,,,,,,,,,,,,,,,,,,,
200313,,,,,,,,,,,,,,,,,,,,,
200326,,,,,,,,,,,,,,,,,,,,,
200327,7.2,7.2,0,7.2,0,7.2,0,7.2,0,7.2,0,7.2,0,7.2,0,7.2,0,5.7,0.263,5.5,0.309
200339,,,,,,,,,,,,,,,,,,,,,
200421,,,,,,,,,,,,,,,,,,,,,
200435,21,21,0,21,0,21,0,21,0,21,0,21,0,21,0,20.4,0.0294,16,0.312,14.5,0.448
200450,,,,,,,,,,,,,,,,,,,,,
200496,85,85,0,85,0,85,0,85,0,85,0,85,0,85,0,,,,,,
200714,,,,,,,,,,,,,,,,,,,,,
200715,82.5,82.5,0,82.5,0,82.5,0,82.5,0,82.5,0,,,,,,,,,,
200733,42.5,42.5,0,42.5,0,42.5,0,42.5,0,42.5,0,42.5,0,42.5,0,42.5,0,19.9,1.14,19.9,1.14
201014,19,19,0,,,19,0,19,0,19,0,19,0,19,0,19,0,17.5,0.0857,,
201015,19,19,0,19,0,19,0,19,0,19,0,19,0,19,0,19,0,17.5,0.0857,,
201016,,,,,,,,,,,,,,,,,,,,,
201031,,,,,,,,,,,,,,,,,,,,,
201047,37.5,37.5,0,37.5,0,37.5,0,37.5,0,37.5,0,,,37.5,0,24.5,0.531,24.5,0.531,,
201050,37.5,37.5,0,37.5,0,37.5,0,37.5,0,37.5,0,,,,,,,24.5,0.531,,
201112,29.5,29.5,0,29.5,0,29.5,0,29.5,0,29.5,0,29.5,0,29.5,0,29.5,0,22.5,0.311,22.5,0.311
201210,24,24,0,24,0,24,0,24,0,24,0,24,0,18,0.333,24,0,15.1,0.589,14,0.714
201212,,,,,,,,,,,,,,,,,,,,,
201228,64.1,64.1,0,64.1,0,64.1,0,64.1,0,64.1,0,,,,,64.1,0,45.4,0.412,40.2,0.595
201269,,,,,,,,,,,,,,,,,,,,,
201270,,,,,,,,,,,,,,,,,,,,,
201339,28.5,28.5,0,28.5,0,28.5,0,28.5,0,28.5,0,28.5,0,24.9,0.145,24.9,0.145,24.9,0.145,24.9,0.145
201341,16.5,16.5,0,16.5,0,16.5,0,16.5,0,16.5,0,16.5,0,14.9,0.107,14.9,0.107,14.9,0.107,14.9,0.107
201354,39.9,39.9,0,39.9,0,39.9,0,39.9,0,39.9,0,48,-0.169,48,-0.169,48,-0.169,43,-0.0721,44,-0.0932
201383,57.5,57.5,0,57.5,0,57.5,0,57.5,0,57.5,0,57.5,0,57.5,0,,,,,,
201487,285,285,0,285,0,285,0,285,0,285,0,285,0,285,0,285,0,285,0,260,0.0962
201540,,,,,,,,,,,,,,,,,,,,,
201542,,,,,,,,,,,,,,,,,,,,,
201577,188,188,0,188,0,188,0,188,0,188,0,188,0,188,0,188,0,128,0.469,128,0.469
201702,,,,,,,,,,,,,,,,,,,,,
201703,54.5,54.5,0,54.5,0,54.5,0,54.5,0,54.5,0,54.5,0,54.5,0,54.5,0,41.5,0.313,41.5,0.313
201704,51.5,51.5,0,51.5,0,51.5,0,51.5,0,51.5,0,51.5,0,51.5,0,51.5,0,38.5,0.338,38.5,0.338
201778,11.9,11.9,0,11.9,0,11.9,0,11.9,0,11.9,0,14.7,-0.19,14.7,-0.19,14.7,-0.19,11.7,0.0171,11.5,0.0348
201789,,,,,,,,,,,,,,,,,,,,,
201816,78.5,78.5,0,78.5,0,78.5,0,78.5,0,78.5,0,78.5,0,78.5,0,67.5,0.163,59.5,0.319,,
201863,37.5,37.5,0,37.5,0,37.5,0,37.5,0,37.5,0,37.5,0,37.5,0,37.5,0,37.5,0,,
201872,,,,,,,,,,,,,,,,,,,,,
201898,,,,,,,,,,,,,,,,,,,,,
201971,10,10,0,10,0,10,0,10,0,10,0,,,,,10,0,10,0,10,0
201978,44.9,44.9,0,44.9,0,44.9,0,44.9,0,52,-0.137,52,-0.137,52,-0.137,52,-0.137,39.5,0.137,32.5,0.382
202002,,,,,,,,,,,,,,,,,,,,,
202088,19.4,19.4,0,19.4,0,19.4,0,19.4,0,19.4,0,19.4,0,19.4,0,19.2,0.0104,16.4,0.183,15,0.293
202097,108,108,0,108,0,108,0,108,0,108,0,108,0,108,0,82.5,0.309,56.3,0.918,56.3,0.918
202098,82.5,82.5,0,82.5,0,82.5,0,82.5,0,82.5,0,,,82.5,0,82.5,0,56.3,0.465,56.3,0.465
202131,42,42,0,42,0,42,0,42,0,42,0,42,0,36,0.167,42,0,,,,
202132,21.5,21.5,0,21.5,0,21.5,0,21.5,0,21.5,0,21.5,0,21.5,0,,,,,,
202133,51,51,0,51,0,51,0,51,0,51,0,51,0,53,-0.0377,53,-0.0377,,,,
202135,21.5,21.5,0,21.5,0,21.5,0,21.5,0,21.5,0,21.5,0,21.5,0,,,,,,
202136,31.9,31.9,0,31.9,0,31.9,0,31.9,0,31.9,0,31.9,0,28.5,0.119,34.5,-0.0754,,,,
202137,31.9,31.9,0,31.9,0,31.9,0,31.9,0,31.9,0,31.9,0,28.5,0.119,34.5,-0.0754,,,,
202140,23.3,23.3,0,23.3,0,23.3,0,23.3,0,46.9,-0.503,46.9,-0.503,69.9,-0.667,69.9,-0.667,54.9,-0.576,43.9,-0.469
202155,8.9,8.9,0,8.9,0,8.9,0,8.9,0,8.9,0,8.5,0.0471,10.2,-0.127,10.2,-0.127,7,0.271,7,0.271
202167,40.5,40.5,0,40.5,0,40.5,0,40.5,0,40.5,0,40.5,0,40.5,0,40.5,0,22.7,0.784,18.9,1.14
202170,39.5,39.5,0,39.5,0,39.5,0,39.5,0,39.5,0,39.5,0,39.5,0,39.5,0,26.5,0.491,22,0.795
202175,32,32,0,32,0,32,0,32,0,32,0,32,0,32,0,32,0,24,0.333,22,0.455
202273,,,,,,,,,,,,,,,,,,,,,
202276,94.9,94.9,0,94.9,0,94.9,0,94.9,0,94.9,0,99,-0.0414,99,-0.0414,99,-0.0414,99,-0.0414,,
202501,,,,,,,,,,,,,,,,,,,,,
202504,25.7,25.7,0,25.7,0,25.7,0,25.7,0,25.7,0,18,0.428,25.7,0,,,14.2,0.81,13,0.977
202618,20.7,20.7,0,20.7,0,20.7,0,20.7,0,20.7,0,20.7,0,20.7,0,20.7,0,18.3,0.131,18.3,0.131
202781,41.9,41.9,0,41.9,0,41.9,0,41.9,0,41.9,0,41.9,0,41.9,0,39,0.0744,34,0.232,24.9,0.683
202782,41.9,41.9,0,41.9,0,41.9,0,41.9,0,41.9,0,41.9,0,41.9,0,39,0.0744,,,,
202783,41.9,41.9,0,41.9,0,41.9,0,41.9,0,41.9,0,41.9,0,41.9,0,39,0.0744,33,0.27,24.9,0.683
203026,,,,,,,,,,,,,,,,,,,,,
203038,,,,,,,,,,,,,,,,,,,,,
203080,24.2,24.2,0,24.2,0,24.2,0,24.2,0,24.2,0,24.2,0,,,24.2,0,18.1,0.337,18.1,0.337
203138,51,51,0,51,0,51,0,51,0,51,0,51,0,53,-0.0377,53,-0.0377,,,,
203139,100,100,0,100,0,100,0,100,0,,,,,,,85,0.176,,,,
203141,,,,,,,,,,,,,,,,,,,,,
203142,,,,,,,,,,,,,,,,,,,,,
203143,,,,,,,,,,,,,,,,,,,,,
203145,42,42,0,42,0,42,0,42,0,42,0,42,0,42,0,,,,,,
203149,85,85,0,85,0,85,0,85,0,85,0,100,-0.15,100,-0.15,,,,,,
203150,82,82,0,82,0,82,0,82,0,83,-0.012,83,-0.012,83,-0.012,,,,,,
203152,83,83,0,83,0,83,0,83,0,83,0,83,0,83,0,,,,,,
203227,29.5,29.5,0,29.5,0,29.5,0,29.5,0,29.5,0,29.5,0,29.5,0,29.5,0,,,,
203521,,,,,,,,,,,,,,,,,,,,,
203522,,,,,,,,,,,,,,,,,,,,,
203523,75,75,0,75,0,,,75,0,75,0,75,0,75,0,,,67,0.119,67,0.119
203707,16.9,16.9,0,16.9,0,16.9,0,16.9,0,16.9,0,16.9,0,16.9,0,14.5,0.166,,,14.5,0.166
203710,11.5,11.5,0,11.5,0,11.5,0,11.5,0,11.5,0,11.5,0,,,,,,,,
203912,,,,,,,,,,,,,,,,,,,,,
204015,,,,,,,,,,,,,,,,,,,,,
204017,,,,,,,,,,,,,,,,,,,,,
204028,39.5,39.5,0,39.5,0,39.5,0,39.5,0,39.5,0,39.5,0,39.5,0,,,,,,
204035,49,49,0,49,0,49,0,49,0,49,0,49,0,49,0,,,,,,
204109,53.5,53.5,0,53.5,0,53.5,0,53.5,0,53.5,0,53.5,0,53.5,0,53.5,0,45,0.189,40,0.337
204154,,,,,,,,,,,,,,,,,,,,,
204199,685,685,0,685,0,685,0,685,0,685,0,685,0,,,,,,,,
204279,,,,,,,,,,,,,,,,,,,,,
204310,32,32,0,32,0,32,0,32,0,32,0,36.5,-0.123,36.5,-0.123,29.5,0.0847,24,0.333,21,0.524
204311,15,15,0,15,0,15,0,15,0,15,0,15,0,15,0,15,0,15,0,13.5,0.111
204313,,,,,,,,,,,,,,,,,,,,,
204314,,,,,,,,,,,,,,,,,,,,,
204316,56,56,0,56,0,56,0,56,0,56,0,56,0,56,0,45,0.244,38,0.474,35,0.6
204318,29.9,29.9,0,29.9,0,29.9,0,29.9,0,29.9,0,36.5,-0.181,36.5,-0.181,29.5,0.0136,24,0.246,21,0.424
204319,45,45,0,45,0,45,0,45,0,45,0,49.5,-0.0909,49.5,-0.0909,39.5,0.139,34,0.324,29.8,0.51
204322,44.9,44.9,0,44.9,0,44.9,0,44.9,0,52,-0.137,52,-0.137,,,52,-0.137,39.5,0.137,32.5,0.382
204447,,,,,,,,,,,,,,,,,,,,,
204487,32.5,32.5,0,32.5,0,32.5,0,32.5,0,32.5,0,32.5,0,32.5,0,32.5,0,32.5,0,32.5,0
204580,,,,,,,,,,,,,,,,,,,,,
204728,,,,,,,,,,,,,,,,,,,,,
204764,,,,,,,,,,,,,,,,,,,,,
204777,,,,,,,,,,,,,,,,,,,,,
204787,16,16,0,16,0,16,0,16,0,16,0,16,0,16,0,16,0,16,0,16,0
204788,15,15,0,15,0,15,0,15,0,15,0,15,0,15,0,15,0,15,0,15,0
204811,,,,,,,,,,,,,,,,,,,,,
204817,15.5,15.5,0,15.5,0,15.5,0,15.5,0,15.5,0,15.5,0,15.5,0,13.8,0.123,10,0.55,10,0.55
204872,42,42,0,42,0,42,0,42,0,42,0,42,0,42,0,42,0,42,0,42,0
204991,47,47,0,47,0,47,0,47,0,47,0,47,0,47,0,47,0,39.5,0.19,33.5,0.403
205111,,,,,,,,,,,,,,,,,,,,,
205112,,,,,,,,,,,,,,,,,,,,,
205177,110,110,0,110,0,110,0,110,0,110,0,110,0,110,0,110,0,73.5,0.497,73.5,0.497
205213,,,,,,,,,,,,,,,,,,,,,
205415,,,,,,,,,,,,,,,,,,,,,
205871,48,48,0,48,0,48,0,48,0,48,0,48,0,48,0,47.5,0.0105,,,47.5,0.0105
205877,48,48,0,48,0,48,0,48,0,48,0,48,0,48,0,47.5,0.0105,47.5,0.0105,47.5,0.0105
205975,45.5,45.5,0,45.5,0,45.5,0,45.5,0,45.5,0,45.5,0,51.5,-0.117,55.9,-0.186,,,33,0.379
205976,45.5,45.5,0,45.5,0,45.5,0,45.5,0,45.5,0,45.5,0,51.5,-0.117,55.9,-0.186,40,0.137,33,0.379
205981,10,10,0,10,0,10,0,10,0,10,0,10,0,10,0,10,0,8.5,0.176,6.9,0.449
206578,,,,,,,,,,,,,,,,,,,,,
206587,,,,,,,,,,,,,,,,,,,,,
206718,17.5,17.5,0,17.5,0,17.5,0,17.5,0,17.5,0,14.9,0.174,16.8,0.0417,16.8,0.0417,14.5,0.207,14,0.25
206779,,,,,,,,,,,,,,,,,,,,,
206879,36.5,36.5,0,36.5,0,36.5,0,36.5,0,36.5,0,36.5,0,36.5,0,36.5,0,25.8,0.415,25.8,0.415
207174,19,19,0,19,0,19,0,19,0,19,0,18.9,0.00529,18.9,0.00529,18.8,0.0106,18.8,0.0106,18.8,0.0106
207250,51.3,51.3,0,51.3,0,51.3,0,51.3,0,51.3,0,51.3,0,51.3,0,51.3,0,51,0.00588,51,0.00588
207365,6,6,0,6,0,6,0,,,,,,,,,,,,,,
207373,6,6,0,6,0,6,0,,,,,,,,,,,,,,
207710,17.5,17.5,0,17.5,0,17.5,0,17.5,0,17.5,0,17.5,0,17.5,0,17.5,0,16,0.0938,16,0.0938
207795,15.9,15.9,0,15.9,0,15.9,0,15.9,0,15.9,0,19.8,-0.197,19.8,-0.197,19.8,-0.197,15.5,0.0258,15.5,0.0258
207797,19.9,19.9,0,19.9,0,19.9,0,19.9,0,19.9,0,25,-0.204,25,-0.204,25,-0.204,20,-0.005,19.9,0
208118,,,,,,,,,,,,,,,,,,,,,
208395,25,25,0,25,0,25,0,,,,,,,,,,,,,,
208612,,,,,,,,,,,,,,,,,,,,,
208639,31.9,31.9,0,31.9,0,31.9,0,31.9,0,31.9,0,26,0.227,31.8,0.00314,31.8,0.00314,,,,
208717,51,51,0,51,0,51,0,51,0,51,0,51,0,51,0,51,0,41.5,0.229,36.5,0.397
208971,93,93,0,93,0,93,0,93,0,93,0,93,0,93,0,82.5,0.127,79.5,0.17,79.5,0.17
209051,225,225,0,225,0,225,0,225,0,225,0,225,0,,,,,,,,
209052,225,225,0,225,0,225,0,225,0,225,0,225,0,,,,,,,,
209054,,,,,,,,,,,,,,,,,,,,,
209062,,,,,,,,,,,,,,,,,,,,,
209063,18.9,18.9,0,,,18.9,0,18.9,0,18.9,0,18.9,0,,,,,,,,
209072,18,18,0,18,0,18,0,18,0,18,0,16.5,0.0909,,,,,,,,
209080,99.9,99.9,0,99.9,0,99.9,0,,,,,,,,,,,,,,
209081,135,135,0,135,0,135,0,135,0,135,0,135,0,151,-0.103,,,,,,
209083,82.5,82.5,0,82.5,0,82.5,0,82.5,0,82.5,0,82.5,0,89.7,-0.0803,89.7,-0.0803,,,,
209084,82.5,82.5,0,82.5,0,82.5,0,82.5,0,82.5,0,82.5,0,89.7,-0.0803,89.7,-0.0803,,,,
209085,198,198,0,198,0,198,0,198,0,198,0,198,0,221,-0.103,,,,,,
209086,,,,,,,,,,,,,,,,,,,,,
209087,25,25,0,25,0,25,0,25,0,25,0,25,0,25,0,,,,,,
209088,25,25,0,25,0,25,0,25,0,25,0,25,0,25,0,,,,,,
209092,128,128,0,128,0,128,0,128,0,128,0,128,0,128,0,,,,,,
209094,138,138,0,138,0,138,0,138,0,138,0,138,0,138,0,,,,,,
209095,138,138,0,138,0,138,0,138,0,138,0,138,0,138,0,,,,,,
209122,63.1,63.1,0,63.1,0,63.1,0,89.3,-0.293,89.3,-0.293,89.2,-0.293,,,,,,,,
209123,63.1,63.1,0,63.1,0,63.1,0,89.3,-0.293,89.3,-0.293,89.2,-0.293,89.2,-0.293,,,,,,
209124,48.5,48.5,0,48.5,0,48.5,0,48.5,0,48.5,0,48.5,0,48.5,0,,,,,,
209126,17.2,17.2,0,17.2,0,17.2,0,17.2,0,17.2,0,17.2,0,17.2,0,17.2,0,,,,
209127,10.2,10.2,0,10.2,0,10.2,0,10.2,0,10.2,0,10.2,0,10.2,0,10.2,0,,,,
209128,21.5,21.5,0,21.5,0,21.5,0,21.5,0,21.5,0,21.5,0,21.5,0,,,,,,
209129,21.5,21.5,0,21.5,0,21.5,0,21.5,0,21.5,0,21.5,0,21.5,0,,,,,,
209273,21,21,0,21,0,21,0,21,0,,,21,0,21,0,21,0,16.5,0.273,16.5,0.273
209274,22.4,22.4,0,22.4,0,22.4,0,22.4,0,22.4,0,22.4,0,,,,,16.5,0.358,16.5,0.358
209325,34.5,34.5,0,34.5,0,34.5,0,34.5,0,,,,,,,,,31,0.113,24.5,0.408
209455,,,,,,,,,,,,,,,,,,,,,
209456,,,,,,,,,,,,,,,,,,,,,
209530,65,65,0,65,0,65,0,65,0,65,0,93.6,-0.306,93.6,-0.306,93.6,-0.306,,,,
209531,270,270,0,270,0,270,0,270,0,270,0,,,,,,,,,,
209533,23.8,23.8,0,23.8,0,23.8,0,23.8,0,23.8,0,23.8,0,23.8,0,,,,,,
209534,,,,,,,,,,,,,,,,,,,,,
209539,,,,,,,,,,,,,,,,,,,,,
209541,,,,,,,,,,,,,,,,,,,,,
209542,40,40,0,40,0,40,0,,,40,0,40,0,40,0,,,,,,
209543,68.5,68.5,0,68.5,0,68.5,0,68.5,0,68.5,0,68.5,0,68.5,0,,,,,,
209544,,,,,,,,,,,,,,,,,,,,,
209545,,,,,,,,,,,,,,,,,,,,,
209547,31,31,0,,,,,31,0,31,0,31,0,31,0,,,,,,
209549,20.5,20.5,0,20.5,0,20.5,0,20.5,0,24.2,-0.153,21,-0.0238,24.2,-0.153,24.2,-0.153,,,,
209552,167,167,0,167,0,,,,,,,,,,,167,0,,,,
209560,225,225,0,225,0,225,0,225,0,225,0,225,0,,,225,0,,,,
209678,17.5,17.5,0,17.5,0,17.5,0,17.5,0,17.5,0,17.5,0,,,,,,,,
209701,,,,,,,,,,,,,,,,,,,,,
209703,15,15,0,15,0,15,0,15,0,15,0,15,0,14.5,0.0345,14,0.0714,13,0.154,,
209705,15,15,0,15,0,15,0,15,0,15,0,15,0,14.5,0.0345,14,0.0714,13,0.154,12.5,0.2
209718,6.2,6.2,0,6.2,0,6.2,0,6.2,0,6.2,0,6.2,0,6.2,0,6,0.0333,4.3,0.442,,
209730,15,15,0,15,0,15,0,15,0,15,0,15,0,,,14,0.0714,13.5,0.111,,
209731,,,,,,,,,,,,,,,,,,,,,
209735,6.2,6.2,0,6.2,0,6.2,0,6.2,0,6.2,0,6.2,0,6.2,0,6,0.0333,4.3,0.442,3.4,0.824
209736,6.2,6.2,0,6.2,0,6.2,0,6.2,0,6.2,0,6.2,0,6.2,0,6,0.0333,4.3,0.442,3.4,0.824
209741,8,8,0,8,0,8,0,8,0,,,8,0,8,0,8,0,7,0.143,7,0.143
209775,6.5,6.5,0,6.5,0,6.5,0,6.5,0,6.5,0,6.5,0,6.5,0,6.4,0.0156,6,0.0833,6,0.0833
209777,5.5,5.5,0,5.5,0,5.5,0,5.5,0,5.5,0,5.5,0,5.5,0,5,0.1,,,,
209778,150,150,0,150,0,150,0,150,0,150,0,150,0,150,0,150,0,115,0.304,99,0.515
210100,,,,,,,,,,,,,,,,,,,,,
210153,30.5,30.5,0,30.5,0,30.5,0,30.5,0,30.5,0,30.5,0,30.5,0,,,27.5,0.109,23,0.326
210157,,,,,,,,,,,,,,,,,,,,,
210500,12,12,0,12,0,12,0,12,0,12,0,12,0,12,0,11,0.0909,11,0.0909,11,0.0909
210502,7.9,7.9,0,7.9,0,7.9,0,7.9,0,7.9,0,8.5,-0.0706,8.5,-0.0706,8,-0.0125,7,0.129,6.3,0.254
210504,5,5,0,5,0,5,0,5,0,5,0,5,0,5,0,5,0,,,,
210505,10.4,10.4,0,10.4,0,10.4,0,10.4,0,10.4,0,10.4,0,10.4,0,9.5,0.0947,9.5,0.0947,9.5,0.0947
210571,,,,,,,,,,,,,,,,,,,,,
210577,,,,,,,,,,,,,,,,,,,,,
210718,,,,,,,,,,,,,,,,,,,,,
210987,325,325,0,325,0,325,0,325,0,325,0,325,0,325,0,325,0,290,0.121,279,0.165
211346,37.5,37.5,0,37.5,0,37.5,0,37.5,0,37.5,0,37.5,0,36,0.0417,33.5,0.119,33.5,0.119,33.5,0.119
211913,,,,,,,,,,,,,,,,,,,,,
212784,,,,,,,,,,,,,,,,,,,,,
213015,29.5,29.5,0,29.5,0,29.5,0,29.5,0,29.5,0,29.5,0,29.5,0,29.5,0,21.5,0.372,21.5,0.372
213016,29.5,29.5,0,29.5,0,29.5,0,29.5,0,29.5,0,29.5,0,29.5,0,29.5,0,21.5,0.372,21.5,0.372
213312,63.8,63.8,0,63.8,0,63.8,0,63.8,0,63.8,0,63.8,0,63.8,0,63.8,0,74,-0.138,66.5,-0.0406
213611,45,45,0,45,0,45,0,45,0,34.5,0.304,46,-0.0217,46,-0.0217,46,-0.0217,39.5,0.139,31,0.452
213748,,,,,,,,,,,,,,,,,,,,,
213764,158,158,0,158,0,158,0,158,0,158,0,158,0,158,0,142,0.113,123,0.285,92.5,0.708
214077,,,,,,,,,,,,,,,,,,,,,
214491,42,42,0,42,0,42,0,42,0,42,0,42,0,42,0,42,0,34.8,0.207,32.5,0.292
215152,,,,,,,,,,,,,,,,,,,,,
215252,2.7,2.7,0,2.7,0,2.7,0,2.7,0,2.7,0,2.7,0,2.7,0,,,2.1,0.286,2.1,0.286
215414,46,46,0,,,46,0,46,0,46,0,46,0,46,0,,,34,0.353,34,0.353
215422,,,,,,,,,,,,,,,,,,,,,
215466,,,,,,,,,,,,,,,,,,,,,
215771,35.8,35.8,0,35.8,0,35.8,0,35.8,0,35.8,0,35.8,0,35.8,0,35.8,0,26.5,0.351,26.5,0.351
215773,31,31,0,31,0,31,0,31,0,31,0,31,0,31,0,31,0,25,0.24,25,0.24
215777,570,570,0,570,0,570,0,570,0,570,0,570,0,570,0,570,0,365,0.562,299,0.906
215787,9,9,0,9,0,9,0,9,0,9,0,9,0,9,0,8.6,0.0465,8,0.125,8,0.125
215996,6.7,6.7,0,6.7,0,6.7,0,6.7,0,6.7,0,6.7,0,6.7,0,6.7,0,5.6,0.196,5.7,0.175
216046,30.6,30.6,0,30.6,0,30.6,0,30.6,0,30.6,0,30.6,0,30.6,0,,,21.9,0.397,19,0.611
216771,21,21,0,21,0,21,0,21,0,21,0,21,0,,,20,0.05,18.1,0.16,18.1,0.16
217042,39,39,0,39,0,39,0,39,0,39,0,39,0,39,0,39,0,31.5,0.238,28,0.393
217122,12,12,0,12,0,12,0,12,0,12,0,12,0,12,0,12,0,9,0.333,8.2,0.463
217125,5.5,5.5,0,5.5,0,5.5,0,5.5,0,5.5,0,5.5,0,5.5,0,5.5,0,3.8,0.447,3.8,0.447
217126,5.5,5.5,0,5.5,0,5.5,0,5.5,0,5.5,0,5.5,0,5.5,0,5.5,0,3.8,0.447,3.8,0.447
217127,5.5,5.5,0,5.5,0,5.5,0,5.5,0,5.5,0,5.5,0,5.5,0,5.5,0,3.8,0.447,3.8,0.447
217133,17,17,0,17,0,17,0,17,0,17,0,17,0,17,0,17,0,15.3,0.111,15.3,0.111
217136,15,15,0,15,0,15,0,15,0,15,0,15,0,15,0,15,0,9.5,0.579,9.5,0.579
217137,16,16,0,16,0,16,0,16,0,16,0,16,0,16,0,16,0,12,0.333,12,0.333
217138,23.5,23.5,0,23.5,0,23.5,0,23.5,0,23.5,0,23.5,0,23.5,0,23.5,0,17.9,0.313,17.9,0.313
217171,8,8,0,8,0,8,0,8.4,-0.0476,8.4,-0.0476,8.4,-0.0476,8.4,-0.0476,7.5,0.0667,6.9,0.159,6.9,0.159
217188,,,,,,,,,,,,,,,,,,,,,
217196,,,,,,,,,,,,,,,,,,,,,
217433,41,41,0,,,41,0,41,0,41,0,41,0,41,0,41,0,35,0.171,35,0.171
217441,4.5,4.5,0,4.5,0,4.5,0,4.5,0,4.5,0,4.5,0,,,4.5,0,4.5,0,4.5,0
217735,,,,,,,,,,,,,,,,,,,,,
217743,18.2,18.2,0,18.2,0,18.2,0,18.2,0,18.2,0,18.2,0,18.2,0,18,0.0111,15.6,0.167,15.6,0.167
217791,15.5,15.5,0,15.5,0,15.5,0,15.5,0,15.5,0,15.5,0,15.5,0,15.5,0,,,11.5,0.348
217881,15,15,0,15,0,15,0,15,0,15,0,15,0,15,0,15,0,15,0,15,0
217882,15,15,0,15,0,15,0,15,0,15,0,15,0,15,0,15,0,15,0,15,0
217885,,,,,,,,,,,,,,,,,,,,,
217886,15,15,0,15,0,15,0,15,0,15,0,15,0,15,0,15,0,15,0,15,0
218480,6.2,6.2,0,6.2,0,6.2,0,6.2,0,6.2,0,,,6.2,0,6.2,0,6,0.0333,5.7,0.0877
218634,24,24,0,24,0,24,0,24,0,24,0,24,0,24,0,24,0,19.6,0.224,19.6,0.224
218780,43,43,0,43,0,43,0,43,0,43,0,43,0,,,,,31,0.387,31,0.387
218781,43,43,0,43,0,43,0,43,0,43,0,43,0,43,0,,,31,0.387,31,0.387
218788,7.5,7.5,0,7.5,0,7.5,0,7.5,0,7.5,0,7.5,0,7.5,0,7,0.0714,6.5,0.154,6,0.25
219747,15,15,0,15,0,15,0,15,0,15,0,15,0,15,0,15,0,14,0.0714,14,0.0714
219748,6.5,6.5,0,6.5,0,6.5,0,6.5,0,6.5,0,6.5,0,6.5,0,6.5,0,6.5,0,6.5,0
219776,16,16,0,16,0,16,0,16,0,16,0,16,0,,,,,11.5,0.391,11.5,0.391
219777,16,16,0,16,0,16,0,16,0,16,0,16,0,,,,,,,11.5,0.391
219920,,,,,,,,,,,,,,,,,,,,,
219979,52,52,0,52,0,52,0,52,0,52,0,52,0,52,0,52,0,32.5,0.6,25,1.08
220069,16.5,16.5,0,16.5,0,16.5,0,16.5,0,16.5,0,16.5,0,16.5,0,16.5,0,12.5,0.32,,
220110,36.3,36.3,0,36.3,0,36.3,0,36.3,0,36.3,0,,,,,,,,,20.5,0.771
220111,42.4,42.4,0,42.4,0,42.4,0,42.4,0,42.4,0,42.4,0,42.4,0,43.1,-0.0162,29.6,0.432,25,0.696
220130,38,38,0,,,38,0,38,0,38,0,43.3,-0.122,43.3,-0.122,43.3,-0.122,30.5,0.246,25.7,0.479
220191,,,,,,,,,,,,,,,,,,,,,
220370,22.5,22.5,0,22.5,0,22.5,0,22.5,0,22.5,0,29.9,-0.247,34.5,-0.348,34.5,-0.348,23.5,-0.0426,17.5,0.286
220389,,,,,,,,,,,,,,,,,,,,,
220390,31.9,31.9,0,31.9,0,31.9,0,31.9,0,31.9,0,26,0.227,31.8,0.00314,31.8,0.00314,25,0.276,21.8,0.463
220403,,,,,,,,,,,,,,,,,,,,,
220411,27,27,0,27,0,27,0,27,0,27,0,27,0,27,0,27,0,21.5,0.256,,
220412,,,,,,,,,,,,,,,,,,,,,
220413,16.8,16.8,0,16.8,0,16.8,0,16.8,0,16.8,0,16.8,0,16.8,0,16.8,0,15.5,0.0839,,
220414,37.5,37.5,0,37.5,0,37.5,0,37.5,0,37.5,0,37.5,0,37.5,0,28,0.339,19.9,0.884,19.9,0.884
220417,,,,,,,,,,,,,,,,,,,,,
220419,,,,,,,,,,,,,,,,,,,,,
220453,,,,,,,,,,,,,,,,,,,,,
220454,28.5,28.5,0,28.5,0,28.5,0,28.5,0,28.5,0,28.5,0,28.5,0,29,-0.0172,,,,
220484,112,112,0,112,0,112,0,112,0,112,0,112,0,112,0,,,,,,
220486,112,112,0,112,0,112,0,112,0,112,0,112,0,112,0,,,,,,
220488,112,112,0,112,0,112,0,112,0,112,0,112,0,112,0,,,,,,
220491,,,,,,,,,,,,,,,,,,,,,
220495,,,,,,,,,,,,,,,,,,,,,
220496,,,,,,,,,,,,,,,,,,,,,
220498,,,,,,,,,,,,,,,,,,,,,
220499,,,,,,,,,,,,,,,,,,,,,
220501,,,,,,,,,,,,,,,,,,,,,
220508,,,,,,,,,,,,,,,,,,,,,
220513,88.9,88.9,0,88.9,0,,,88.9,0,88.9,0,68.9,0.29,88.9,0,88.9,0,,,85.9,0.0349
220514,88.9,88.9,0,88.9,0,88.9,0,88.9,0,71.1,0.25,88.9,0,88.9,0,88.9,0,85.9,0.0349,85.9,0.0349
220517,29.9,29.9,0,29.9,0,29.9,0,29.9,0,29.9,0,29.9,0,26.1,0.146,26.1,0.146,21.5,0.391,21.5,0.391
220518,29.9,29.9,0,29.9,0,29.9,0,29.9,0,29.9,0,29.9,0,26.1,0.146,26.1,0.146,21.5,0.391,21.5,0.391
220519,30.3,30.3,0,30.3,0,30.3,0,30.3,0,30.3,0,30.3,0,30.3,0,,,,,,
220521,8.3,8.3,0,8.3,0,8.3,0,,,8.3,0,8.3,0,8.3,0,6.3,0.317,6.5,0.277,,
220522,19.4,19.4,0,19.4,0,19.4,0,19.4,0,19.4,0,,,,,22,-0.118,22,-0.118,22.5,-0.138
220524,8.6,8.6,0,8.6,0,8.6,0,8.6,0,8.6,0,8.6,0,8.6,0,9.5,-0.0947,7.6,0.132,7,0.229
220525,8.2,8.2,0,8.2,0,8.2,0,8.2,0,8.2,0,8.2,0,8.2,0,8.9,-0.0787,5.8,0.414,5.5,0.491
220526,19.8,19.8,0,19.8,0,19.8,0,19.8,0,,,19.8,0,19.8,0,21.8,-0.0917,16,0.238,14.9,0.329
220571,42.5,42.5,0,42.5,0,42.5,0,42.5,0,42.5,0,42.5,0,42.5,0,42.5,0,29,0.466,29,0.466
220577,23.5,23.5,0,23.5,0,23.5,0,23.5,0,23.5,0,23.5,0,23.5,0,,,14.5,0.621,14.5,0.621
220580,85,85,0,85,0,85,0,85,0,85,0,85,0,85,0,85,0,65.9,0.29,65.9,0.29
220581,14.9,14.9,0,14.9,0,14.9,0,14.9,0,11.9,0.252,20.9,-0.287,20.9,-0.287,20.9,-0.287,14.9,0,14.9,0
220600,25.5,25.5,0,25.5,0,25.5,0,25.5,0,25.5,0,25.5,0,25.5,0,25.5,0,16.7,0.527,22.5,0.133
220633,,,,,,,,,,,,,,,,,,,,,
220640,9.5,9.5,0,9.5,0,9.5,0,9.5,0,9.5,0,9.5,0,9.5,0,9.5,0,8,0.188,8,0.188
220658,,,,,,,,,,,,,,,,,,,,,
220678,14.4,14.4,0,14.4,0,14.4,0,14.4,0,14.4,0,14.4,0,,,14.4,0,10,0.44,10,0.44
220679,14.4,14.4,0,14.4,0,14.4,0,14.4,0,14.4,0,14.4,0,14.4,0,14.4,0,10,0.44,10,0.44
220700,21,21,0,21,0,21,0,21,0,18,0.167,19.2,0.0938,19.2,0.0938,18,0.167,15,0.4,12,0.75
220702,21,21,0,21,0,21,0,21,0,18,0.167,19.2,0.0938,19.2,0.0938,18,0.167,15,0.4,12,0.75
220703,21,21,0,21,0,21,0,21,0,18,0.167,19.2,0.0938,19.2,0.0938,18,0.167,15,0.4,12,0.75
220704,21,21,0,21,0,21,0,21,0,18,0.167,19.2,0.0938,19.2,0.0938,18,0.167,15,0.4,12,0.75
220705,21,21,0,21,0,21,0,21,0,18,0.167,19.2,0.0938,19.2,0.0938,18,0.167,15,0.4,12,0.75
220706,21,21,0,21,0,21,0,21,0,18,0.167,19.2,0.0938,19.2,0.0938,18,0.167,15,0.4,12,0.75
220707,14.4,14.4,0,14.4,0,14.4,0,14.4,0,14.4,0,14.4,0,14.4,0,14.4,0,9.6,0.5,9.6,0.5
220708,20.4,20.4,0,20.4,0,20.4,0,20.4,0,20.4,0,20.4,0,20.4,0,20.4,0,15.6,0.308,15.6,0.308
220709,20.4,20.4,0,20.4,0,20.4,0,20.4,0,20.4,0,20.4,0,20.4,0,20.4,0,15.6,0.308,15.6,0.308
220711,20.4,20.4,0,20.4,0,20.4,0,20.4,0,20.4,0,20.4,0,20.4,0,20.4,0,15.6,0.308,15.6,0.308
220712,20.4,20.4,0,20.4,0,20.4,0,20.4,0,20.4,0,20.4,0,20.4,0,20.4,0,16.6,0.229,16.6,0.229
220713,20.4,20.4,0,20.4,0,20.4,0,20.4,0,20.4,0,20.4,0,20.4,0,20.4,0,16.6,0.229,16.6,0.229
220714,20.4,20.4,0,20.4,0,20.4,0,20.4,0,20.4,0,20.4,0,20.4,0,20.4,0,15.6,0.308,15.6,0.308
220718,77.8,77.8,0,77.8,0,77.8,0,77.8,0,91.2,-0.147,91.2,-0.147,76,0.0237,95,-0.181,72,0.0806,53.5,0.454
220719,97.8,97.8,0,97.8,0,97.8,0,97.8,0,97.8,0,97.8,0,83,0.178,107,-0.086,91.5,0.0689,68,0.438
220725,37.3,37.3,0,37.3,0,37.3,0,37.3,0,37.3,0,32,0.166,37.3,0,37.3,0,28.1,0.327,28.1,0.327
220726,37.3,37.3,0,37.3,0,37.3,0,37.3,0,37.3,0,32,0.166,,,,,28.1,0.327,28.1,0.327
220727,37.3,37.3,0,37.3,0,37.3,0,37.3,0,37.3,0,32,0.166,37.3,0,,,28.1,0.327,28.1,0.327
220729,,,,,,,,,,,,,,,,,,,,,
220740,8.7,8.7,0,8.7,0,8.7,0,8.7,0,15.7,-0.446,11.3,-0.23,14.9,-0.416,16,-0.456,12.5,-0.304,11.9,-0.269
220741,16.6,16.6,0,16.6,0,16.6,0,16.6,0,24.9,-0.333,24.9,-0.333,25,-0.336,30.5,-0.456,22.7,-0.269,22.7,-0.269
220742,15,15,0,,,15,0,15,0,15,0,15,0,,,15,0,10,0.5,10,0.5
220743,15,15,0,15,0,15,0,15,0,15,0,15,0,15,0,,,10,0.5,10,0.5
220746,153,153,0,153,0,153,0,153,0,153,0,153,0,153,0,153,0,,,,
220747,17.9,17.9,0,17.9,0,17.9,0,17.9,0,17.9,0,17.9,0,17.9,0,16.6,0.0783,16.2,0.105,16.2,0.105
220749,,,,,,,,,,,,,,,,,,,,,
220755,,,,,,,,,,,,,,,,,,,,,
220756,,,,,,,,,,,,,,,,,,,,,
220761,14.9,14.9,0,14.9,0,,,14.9,0,,,14.9,0,,,14.9,0,13,0.146,,
220762,18.4,18.4,0,18.4,0,18.4,0,18.4,0,18.4,0,18.4,0,18.4,0,17.9,0.0279,14.9,0.235,,
220763,26.8,26.8,0,26.8,0,26.8,0,26.8,0,26.8,0,26.8,0,26.8,0,26.8,0,20.6,0.301,20.6,0.301
220780,17.9,17.9,0,17.9,0,17.9,0,17.9,0,17.9,0,17.9,0,17.9,0,16.6,0.0783,16.2,0.105,16.2,0.105
220783,47.9,47.9,0,47.9,0,47.9,0,47.9,0,35,0.369,47.9,0,47.9,0,,,,,29.2,0.64
220791,,,,,,,,,,,,,,,,,,,,,
220792,46.4,46.4,0,46.4,0,46.4,0,46.4,0,,,46.4,0,46.4,0,49.6,-0.0645,39,0.19,35.4,0.311
220793,68.9,68.9,0,68.9,0,68.9,0,68.9,0,68.9,0,68.9,0,68.9,0,73.9,-0.0677,58.8,0.172,52.8,0.305
220810,104,104,0,104,0,104,0,104,0,104,0,104,0,104,0,126,-0.181,97.9,0.0582,91.5,0.132
220871,,,,,,,,,,,,,,,,,,,,,
220877,130,130,0,130,0,130,0,130,0,130,0,130,0,130,0,79,0.646,79,0.646,79,0.646
220878,130,130,0,130,0,130,0,130,0,130,0,130,0,130,0,79,0.646,79,0.646,79,0.646
220906,52,52,0,52,0,52,0,52,0,52,0,52,0,52,0,57.9,-0.102,33.9,0.534,33.9,0.534
220907,132,132,0,132,0,132,0,132,0,132,0,132,0,132,0,148,-0.111,108,0.223,94,0.404
220911,12.5,12.5,0,12.5,0,12.5,0,12.5,0,12.5,0,12.5,0,12.5,0,,,,,7.5,0.667
220912,12.5,12.5,0,12.5,0,12.5,0,12.5,0,12.5,0,12.5,0,12.5,0,,,,,7.5,0.667
220913,,,,,,,,,,,,,,,,,,,,,
220914,,,,,,,,,,,,,,,,,,,,,
220915,,,,,,,,,,,,,,,,,,,,,
220916,,,,,,,,,,,,,,,,,,,,,
220970,35.9,35.9,0,35.9,0,35.9,0,35.9,0,45.5,-0.211,45.5,-0.211,45.5,-0.211,42,-0.145,29,0.238,26,0.381
220971,35.9,35.9,0,35.9,0,35.9,0,35.9,0,45.5,-0.211,45.5,-0.211,45.5,-0.211,42,-0.145,29,0.238,26,0.381
220976,35.9,35.9,0,35.9,0,35.9,0,35.9,0,45.9,-0.218,45.5,-0.211,45.5,-0.211,,,29,0.238,26,0.381
220977,,,,,,,,,,,,,,,,,,,,,
221077,22.5,22.5,0,22.5,0,22.5,0,22.5,0,22.5,0,22.5,0,,,,,,,,
221107,137,137,0,137,0,137,0,137,0,137,0,137,0,137,0,137,0,88.5,0.548,88.5,0.548
221108,137,137,0,137,0,137,0,137,0,137,0,137,0,137,0,137,0,88.5,0.548,88.5,0.548
221109,137,137,0,137,0,137,0,137,0,137,0,137,0,137,0,137,0,88.5,0.548,88.5,0.548
221212,192,192,0,192,0,192,0,192,0,149,0.286,185,0.0379,185,0.0379,185,0.0379,134,0.43,99,0.935
221376,13,13,0,13,0,13,0,13,0,13,0,13,0,13,0,12.2,0.0656,10.5,0.238,10.5,0.238
221505,39,39,0,39,0,39,0,39,0,39,0,39,0,39,0,39,0,32.5,0.2,29.5,0.322
221506,37,37,0,37,0,37,0,37,0,37,0,37,0,37,0,37,0,30.9,0.197,28,0.321
221510,,,,,,,,,,,,,,,,,,,,,
221718,15,15,0,15,0,15,0,15,0,14,0.0714,14,0.0714,14,0.0714,15,0,,,15,0
221791,,,,,,,,,,,,,,,,,,,,,
221871,125,125,0,125,0,125,0,125,0,125,0,125,0,125,0,125,0,125,0,125,0
221922,121,121,0,121,0,121,0,121,0,121,0,121,0,121,0,142,-0.151,98.5,0.228,85.7,0.412
221923,,,,,,,,,,,,,,,,,,,,,
221924,97.4,97.4,0,97.4,0,97.4,0,97.4,0,97.4,0,97.4,0,97.4,0,93,0.0473,66.4,0.467,58.1,0.676
221925,83.7,83.7,0,83.7,0,83.7,0,83.7,0,83.7,0,83.7,0,83.7,0,83.7,0,63.7,0.314,46.7,0.792
221926,83.7,83.7,0,83.7,0,83.7,0,83.7,0,83.7,0,83.7,0,83.7,0,83.7,0,63.7,0.314,46.7,0.792
222070,24,24,0,24,0,24,0,24,0,24,0,24,0,24,0,24,0,19.6,0.224,19.6,0.224
222120,,,,,,,,,,,,,,,,,,,,,
222121,,,,,,,,,,,,,,,,,,,,,
222123,,,,,,,,,,,,,,,,,,,,,
222124,,,,,,,,,,,,,,,,,,,,,
222125,,,,,,,,,,,,,,,,,,,,,
222126,45,45,0,45,0,45,0,45,0,45,0,45,0,45,0,,,26.5,0.698,,
222128,,,,,,,,,,,,,,,,,,,,,
222129,56.3,56.3,0,56.3,0,56.3,0,56.3,0,56.3,0,,,56.3,0,44.8,0.257,44.8,0.257,44.8,0.257
222130,56.3,56.3,0,56.3,0,56.3,0,56.3,0,56.3,0,56.3,0,56.3,0,44.8,0.257,44.8,0.257,,
222131,17.9,17.9,0,,,17.9,0,17.9,0,,,17.9,0,,,,,,,,
222132,56.3,56.3,0,56.3,0,56.3,0,56.3,0,56.3,0,56.3,0,56.3,0,,,44.8,0.257,44.8,0.257
222133,56.3,56.3,0,56.3,0,56.3,0,56.3,0,56.3,0,56.3,0,56.3,0,,,44.8,0.257,,
222134,,,,,,,,,,,,,,,,,,,,,
222136,,,,,,,,,,,,,,,,,,,,,
222137,56.3,56.3,0,56.3,0,56.3,0,56.3,0,56.3,0,56.3,0,56.3,0,44.8,0.257,44.8,0.257,44.8,0.257
222139,,,,,,,,,,,,,,,,,,,,,
222140,100,100,0,100,0,100,0,100,0,119,-0.16,119,-0.16,119,-0.16,119,-0.16,86,0.163,91,0.0989
222141,115,115,0,115,0,115,0,115,0,131,-0.122,131,-0.122,131,-0.122,131,-0.122,82,0.402,86,0.337
222142,140,140,0,140,0,140,0,140,0,175,-0.2,175,-0.2,175,-0.2,175,-0.2,120,0.167,125,0.12
222144,120,120,0,120,0,,,120,0,147,-0.184,147,-0.184,147,-0.184,147,-0.184,105,0.143,107,0.121
222145,110,110,0,110,0,110,0,110,0,132,-0.167,132,-0.167,132,-0.167,132,-0.167,100,0.1,102,0.0784
222147,53.8,53.8,0,53.8,0,53.8,0,,,53.8,0,53.8,0,53.8,0,53.8,0,41.5,0.296,41.5,0.296
222154,,,,,,,,,,,,,,,,,,,,,
222156,45.9,45.9,0,45.9,0,45.9,0,45.9,0,45.9,0,45.9,0,45.9,0,45.9,0,37.5,0.224,31.3,0.466
222159,,,,,,,,,,,,,,,,,,,,,
222163,27.9,27.9,0,27.9,0,27.9,0,27.9,0,33,-0.155,33,-0.155,33,-0.155,30,-0.07,21.5,0.298,20,0.395
222164,,,,,,,,,,,,,,,,,,,,,
222165,85,85,0,85,0,85,0,85,0,85,0,85,0,85,0,78,0.0897,64,0.328,56,0.518
222167,,,,,,,,,,,,,,,,,,,,,
222168,27.9,27.9,0,27.9,0,27.9,0,27.9,0,27.9,0,27.9,0,27.9,0,27.3,0.022,,,,
222169,38.8,38.8,0,38.8,0,,,38.8,0,38.8,0,38.8,0,38.8,0,37.5,0.0347,29.9,0.298,27.5,0.411
222170,26.4,26.4,0,26.4,0,26.4,0,26.4,0,26.4,0,26.4,0,26.4,0,26.4,0,22,0.2,22,0.2
222189,61.3,61.3,0,61.3,0,61.3,0,61.3,0,61.3,0,61.3,0,61.3,0,,,,,,
222190,61.3,61.3,0,61.3,0,61.3,0,61.3,0,61.3,0,61.3,0,61.3,0,,,,,,
222192,61.3,61.3,0,61.3,0,61.3,0,61.3,0,61.3,0,61.3,0,61.3,0,,,,,,
222193,61.3,61.3,0,61.3,0,61.3,0,61.3,0,61.3,0,61.3,0,61.3,0,,,,,,
222198,7,7,0,7,0,7,0,7,0,7,0,7,0,,,,,4,0.75,4,0.75
222199,7,7,0,,,7,0,7,0,7,0,,,,,,,4,0.75,,
222200,50,50,0,50,0,50,0,50,0,53,-0.0566,53,-0.0566,53,-0.0566,62.4,-0.199,43.4,0.152,36.8,0.359
222201,49,49,0,49,0,49,0,49,0,98,-0.5,98,-0.5,98,-0.5,98,-0.5,,,58.1,-0.157
222203,365,365,0,365,0,365,0,365,0,324,0.127,387,-0.0578,387,-0.0578,,,226,0.611,226,0.611
222204,,,,,,,,,,,,,,,,,,,,,
222206,45,45,0,45,0,45,0,45,0,45,0,37,0.216,37,0.216,45,0,37.7,0.194,27.9,0.613
222218,185,185,0,185,0,185,0,185,0,139,0.333,185,0,185,0,185,0,165,0.121,145,0.276
222225,,,,,,,,,,,,,,,,,,,,,
222226,,,,,,,,,,,,,,,,,,,,,
222227,81,81,0,81,0,81,0,81,0,81,0,81,0,81,0,81,0,70.5,0.149,67,0.209
222228,81,81,0,81,0,81,0,81,0,81,0,81,0,81,0,81,0,70.5,0.149,67,0.209
222229,81,81,0,81,0,81,0,81,0,81,0,81,0,81,0,,,70.5,0.149,67,0.209
222230,81,81,0,81,0,81,0,81,0,81,0,81,0,81,0,81,0,70.5,0.149,67,0.209
222231,81,81,0,81,0,81,0,81,0,81,0,,,,,81,0,70.5,0.149,67,0.209
222233,81,81,0,81,0,81,0,81,0,81,0,81,0,81,0,81,0,70.5,0.149,67,0.209
222234,81,81,0,81,0,81,0,81,0,81,0,81,0,81,0,81,0,,,67,0.209
222235,13.1,13.1,0,13.1,0,13.1,0,13.1,0,17,-0.229,17,-0.229,17,-0.229,,,,,17,-0.229
222236,15.2,15.2,0,15.2,0,15.2,0,15.2,0,22,-0.309,22,-0.309,22,-0.309,22,-0.309,17,-0.106,17,-0.106
222240,24,24,0,24,0,24,0,24,0,24,0,24,0,24,0,24,0,19.6,0.224,19.6,0.224
222248,15.3,15.3,0,15.3,0,15.3,0,15.3,0,15.3,0,,,,,,,11.9,0.286,10.4,0.471
222249,111,111,0,,,,,111,0,111,0,111,0,111,0,111,0,,,99,0.121
222252,37,37,0,37,0,37,0,37,0,37,0,37,0,37,0,37,0,25,0.48,25,0.48
222253,,,,,,,,,,,,,,,,,,,,,
222254,66,66,0,66,0,66,0,66,0,66,0,66,0,66,0,66,0,53.7,0.229,44.8,0.473
222261,55,55,0,55,0,55,0,55,0,55,0,,,,,55,0,41,0.341,41.5,0.325
222262,55,55,0,55,0,55,0,,,55,0,,,,,,,44,0.25,44,0.25
222264,18.5,18.5,0,18.5,0,18.5,0,18.5,0,15.7,0.178,16.3,0.135,18.5,0,18.5,0,,,12,0.542
222265,64.9,64.9,0,64.9,0,64.9,0,,,51.9,0.25,64.9,0,64.9,0,64.9,0,59.9,0.0835,41.9,0.549
222266,,,,,,,,,,,,,,,,,,,,,
222268,99.9,99.9,0,99.9,0,,,99.9,0,79.9,0.25,99.9,0,99.9,0,92.9,0.0753,89.9,0.111,89.9,0.111
222269,,,,,,,,,,,,,,,,,,,,,
222270,,,,,,,,,,,,,,,,,,,,,
222272,,,,,,,,,,,,,,,,,,,,,
222274,,,,,,,,,,,,,,,,,,,,,
222276,,,,,,,,,,,,,,,,,,,,,
222277,140,140,0,140,0,140,0,140,0,112,0.25,140,0,140,0,140,0,133,0.0526,123,0.138
222278,140,140,0,140,0,140,0,140,0,112,0.25,140,0,140,0,,,133,0.0526,123,0.138
222279,140,140,0,140,0,140,0,140,0,112,0.25,140,0,140,0,140,0,133,0.0526,123,0.138
222280,140,140,0,140,0,140,0,140,0,112,0.25,140,0,140,0,140,0,133,0.0526,123,0.138
222284,140,140,0,140,0,140,0,140,0,123,0.138,123,0.138,123,0.138,123,0.138,123,0.138,123,0.138
222285,227,227,0,227,0,227,0,227,0,227,0,227,0,227,0,229,-0.00873,185,0.224,160,0.414
222288,46,46,0,46,0,46,0,,,,,,,,,55,-0.164,37,0.243,29.9,0.538
222305,22,22,0,22,0,22,0,22,0,22,0,22,0,22,0,22,0,18,0.222,18,0.222
222306,23,23,0,23,0,23,0,23,0,23,0,23,0,23,0,23,0,18,0.278,18,0.278
222337,24.8,24.8,0,24.8,0,24.8,0,29,-0.145,29,-0.145,29,-0.145,29,-0.145,29,-0.145,,,,
222338,29,29,0,29,0,29,0,29,0,24,0.208,29,0,29,0,29,0,,,,
222339,29.3,29.3,0,29.3,0,29.3,0,29.3,0,29.3,0,24,0.221,29,0.0103,29,0.0103,,,,
222360,98,98,0,98,0,,,,,98,0,98,0,,,114,-0.14,85,0.153,85,0.153
222361,98,98,0,98,0,,,98,0,98,0,98,0,,,114,-0.14,85,0.153,85,0.153
222362,98,98,0,98,0,,,98,0,98,0,98,0,98,0,114,-0.14,85,0.153,85,0.153
222382,37.3,37.3,0,37.3,0,37.3,0,37.3,0,37.3,0,37.3,0,,,37.3,0,28.4,0.313,26.9,0.387
222383,37.3,37.3,0,37.3,0,37.3,0,37.3,0,37.3,0,37.3,0,,,37.3,0,28.4,0.313,26.9,0.387
222384,20.9,20.9,0,20.9,0,20.9,0,20.9,0,20.9,0,20.9,0,20.9,0,,,15.1,0.384,15.1,0.384
222399,7.5,7.5,0,7.5,0,7.5,0,7.5,0,7.5,0,,,,,,,6.5,0.154,6.3,0.19
222487,,,,,,,,,,,,,,,,,,,,,
222505,21,21,0,21,0,21,0,21,0,,,21,0,21,0,21,0,18,0.167,18,0.167
222506,25.2,25.2,0,25.2,0,25.2,0,25.2,0,25.2,0,26,-0.0308,,,26,-0.0308,21.5,0.172,21.5,0.172
222507,25.2,25.2,0,25.2,0,25.2,0,25.2,0,25.2,0,26,-0.0308,26,-0.0308,26,-0.0308,21.5,0.172,21.5,0.172
222508,14.7,14.7,0,14.7,0,14.7,0,14.7,0,14.7,0,14.7,0,14.7,0,14.7,0,12.5,0.176,12.5,0.176
222509,25.2,25.2,0,25.2,0,25.2,0,25.2,0,25.2,0,26,-0.0308,26,-0.0308,26,-0.0308,21.5,0.172,21.5,0.172
222518,,,,,,,,,,,,,,,,,,,,,
222608,,,,,,,,,,,,,,,,,,,,,
222615,8.5,8.5,0,8.5,0,8.5,0,8.5,0,8.5,0,8.5,0,8.5,0,8.5,0,,,8.5,0
222619,,,,,,,,,,,,,,,,,,,,,
222621,,,,,,,,,,,,,,,,,,,,,
222751,,,,,,,,,,,,,,,,,,,,,
222757,,,,,,,,,,,,,,,,,,,,,
222758,,,,,,,,,,,,,,,,,,,,,
222760,64.9,64.9,0,64.9,0,64.9,0,64.9,0,64.9,0,64.9,0,64.9,0,64.9,0,59.9,0.0835,59.9,0.0835
222765,,,,,,,,,,,,,,,,,,,,,
222778,,,,,,,,,,,,,,,,,,,,,
222783,,,,,,,,,,,,,,,,,,,,,
222791,,,,,,,,,,,,,,,,,,,,,
222792,,,,,,,,,,,,,,,,,,,,,
222802,,,,,,,,,,,,,,,,,,,,,
222807,35.4,35.4,0,35.4,0,35.4,0,35.4,0,35.4,0,35.4,0,,,40.9,-0.134,30.6,0.157,26.9,0.316
222813,15,15,0,15,0,15,0,15,0,18,-0.167,17.9,-0.162,19.5,-0.231,23,-0.348,,,,
222825,,,,,,,,,,,,,,,,,,,,,
222830,,,,,,,,,,,,,,,,,,,,,
222831,,,,,,,,,,,,,,,,,,,,,
222833,,,,,,,,,,,,,,,,,,,,,
222920,22,22,0,22,0,22,0,22,0,22,0,22,0,,,,,,,,
222927,15,15,0,15,0,15,0,15,0,15,0,15,0,15,0,15,0,14,0.0714,14,0.0714
222931,,,,,,,,,,,,,,,,,,,,,
222932,,,,,,,,,,,,,,,,,,,,,
222934,,,,,,,,,,,,,,,,,,,,,
222971,24.6,24.6,0,24.6,0,24.6,0,24.6,0,24.6,0,24.6,0,24.6,0,24.6,0,21.5,0.144,21.5,0.144
223035,12.5,12.5,0,12.5,0,12.5,0,12.5,0,12.5,0,12.5,0,12.5,0,12.5,0,8.5,0.471,6.5,0.923
223036,12,12,0,12,0,12,0,12,0,12,0,12,0,12,0,12,0,9,0.333,7,0.714
223037,10,10,0,10,0,10,0,10,0,10,0,10,0,10,0,10,0,7.5,0.333,6.3,0.587
223038,20,20,0,20,0,20,0,20,0,20,0,20,0,20,0,20,0,14,0.429,11,0.818
223044,,,,,,,,,,,,,,,,,,,,,
223045,,,,,,,,,,,,,,,,,,,,,
223046,57.5,57.5,0,57.5,0,57.5,0,57.5,0,57.5,0,57.5,0,57.5,0,62,-0.0726,47,0.223,43.8,0.313
223093,9.5,9.5,0,,,,,9.5,0,12.5,-0.24,12.5,-0.24,12.5,-0.24,8.7,0.092,7.5,0.267,7.5,0.267
223300,,,,,,,,,,,,,,,,,,,,,
223603,,,,,,,,,,,,,,,,,,,,,
223606,,,,,,,,,,,,,,,,,,,,,
223608,,,,,,,,,,,,,,,,,,,,,
223611,15,15,0,15,0,15,0,15,0,15,0,15,0,15,0,15,0,12,0.25,9.8,0.531
223616,118,118,0,118,0,118,0,118,0,118,0,122,-0.0328,122,-0.0328,,,,,,
223617,39.9,39.9,0,39.9,0,39.9,0,39.9,0,,,,,39.9,0,37,0.0784,34.9,0.143,34.9,0.143
223618,15,15,0,,,,,15,0,,,,,15,0,15,0,14,0.0714,14,0.0714
223619,,,,,,,,,,,,,,,,,,,,,
223620,44.9,44.9,0,44.9,0,44.9,0,44.9,0,51.9,-0.135,51.9,-0.135,51.9,-0.135,46,-0.0239,35.5,0.265,33,0.361
223621,39.9,39.9,0,39.9,0,39.9,0,39.9,0,44.9,-0.111,44.9,-0.111,44.9,-0.111,40,-0.0025,30.5,0.308,28,0.425
223622,39.9,39.9,0,39.9,0,39.9,0,39.9,0,44.9,-0.111,44.9,-0.111,44.9,-0.111,40,-0.0025,30.5,0.308,28,0.425
223624,,,,,,,,,,,,,,,,,,,,,
223627,10.5,10.5,0,10.5,0,10.5,0,10.5,0,10.5,0,,,,,,,,,10,0.05
223628,10.5,10.5,0,10.5,0,10.5,0,10.5,0,10.5,0,,,,,,,10,0.05,10,0.05
223638,48.1,48.1,0,48.1,0,48.1,0,48.1,0,48.1,0,48.1,0,48.1,0,48.1,0,38.8,0.24,35,0.374
223640,,,,,,,,,,,,,,,,,,,,,
223641,,,,,,,,,,,,,,,,,,,,,
223642,,,,,,,,,,,,,,,,,,,,,
223655,65.9,65.9,0,65.9,0,65.9,0,65.9,0,65.9,0,65.9,0,65.9,0,72.5,-0.091,50,0.318,,
223656,65.9,65.9,0,65.9,0,65.9,0,65.9,0,65.9,0,65.9,0,65.9,0,72.5,-0.091,50,0.318,50,0.318
223658,41.9,41.9,0,41.9,0,,,,,33.5,0.251,,,41.9,0,41.9,0,39.9,0.0501,39.9,0.0501
223659,,,,,,,,,,,,,,,,,,,,,
223660,,,,,,,,,,,,,,,,,,,,,
223661,,,,,,,,,,,,,,,,,,,,,
223662,,,,,,,,,,,,,,,,,,,,,
223663,21,21,0,21,0,21,0,21,0,21,0,21,0,21,0,,,,,10,1.1
223664,21,21,0,21,0,21,0,21,0,21,0,21,0,21,0,,,,,,
223665,21,21,0,21,0,21,0,21,0,21,0,21,0,21,0,21,0,,,,
223666,21,21,0,21,0,21,0,21,0,21,0,21,0,21,0,18.8,0.117,16.8,0.25,16.8,0.25
223667,,,,,,,,,,,,,,,,,,,,,
223668,,,,,,,,,,,,,,,,,,,,,
223669,57.3,57.3,0,57.3,0,57.3,0,57.3,0,57.3,0,,,,,57.3,0,,,,
223671,,,,,,,,,,,,,,,,,,,,,
223674,,,,,,,,,,,,,,,,,,,,,
223675,,,,,,,,,,,,,,,,,,,,,
223676,,,,,,,,,,,,,,,,,,,,,
223678,28.5,28.5,0,28.5,0,28.5,0,28.5,0,28.5,0,28.5,0,28.5,0,30.9,-0.0777,22,0.295,20,0.425
223679,42,42,0,42,0,42,0,42,0,42,0,42,0,42,0,42,0,33,0.273,33,0.273
223681,15,15,0,15,0,15,0,16.8,-0.107,16.8,-0.107,16.8,-0.107,16.8,-0.107,16.8,-0.107,14,0.0714,,
223682,15,15,0,15,0,15,0,16.8,-0.107,16.8,-0.107,16.8,-0.107,16.8,-0.107,16.8,-0.107,14,0.0714,,
223685,,,,,,,,,,,,,,,,,,,,,
223691,,,,,,,,,,,,,,,,,,,,,
223692,,,,,,,,,,,,,,,,,,,,,
223706,,,,,,,,,,,,,,,,,,,,,
223707,,,,,,,,,,,,,,,,,,,,,
223708,,,,,,,,,,,,,,,,,,,,,
223709,8.5,8.5,0,8.5,0,8.5,0,8.5,0,7,0.214,8.5,0,8.5,0,8.5,0,,,,
223710,8.5,8.5,0,8.5,0,8.5,0,8.5,0,7,0.214,8.5,0,8.5,0,8.5,0,,,3.9,1.18
223711,8.5,8.5,0,8.5,0,8.5,0,8.5,0,7,0.214,8.5,0,8.5,0,8.5,0,,,,
223712,8.5,8.5,0,8.5,0,8.5,0,8.5,0,7,0.214,8.5,0,8.5,0,8.5,0,,,3.9,1.18
223713,22,22,0,22,0,22,0,22,0,22,0,22,0,22,0,22,0,,,,
223716,,,,,,,,,,,,,,,,,,,,,
223717,52.5,52.5,0,52.5,0,52.5,0,52.5,0,52.5,0,52.5,0,52.5,0,52.5,0,,,48.1,0.0915
223718,24.9,24.9,0,24.9,0,24.9,0,24.9,0,20,0.245,24.9,0,24.9,0,24.9,0,20.6,0.209,22,0.132
223719,144,144,0,144,0,,,,,144,0,144,0,144,0,140,0.0279,117,0.23,113,0.269
223723,69.3,69.3,0,69.3,0,69.3,0,69.3,0,69.3,0,69.3,0,69,0.00435,85,-0.185,61,0.136,44.9,0.543
223724,76.7,76.7,0,76.7,0,76.7,0,76.7,0,76.7,0,76.7,0,69,0.112,85,-0.0976,,,49.9,0.537
223725,45.5,45.5,0,45.5,0,45.5,0,45.5,0,45.5,0,45.5,0,51.5,-0.117,55.9,-0.186,40,0.137,33,0.379
223727,16.6,16.6,0,16.6,0,16.6,0,16.6,0,16.6,0,16.6,0,16.6,0,16.6,0,14.4,0.153,,
223728,,,,,,,,,,,,,,,,,,,,,
223729,,,,,,,,,,,,,,,,,,,,,
223730,,,,,,,,,,,,,,,,,,,,,
223731,31.1,31.1,0,31.1,0,31.1,0,31.1,0,,,,,,,31.1,0,27.4,0.135,,
223732,,,,,,,,,,,,,,,,,,,,,
223733,,,,,,,,,,,,,,,,,,,,,
223734,22.9,22.9,0,22.9,0,22.9,0,22.9,0,28.5,-0.196,28.5,-0.196,31,-0.261,36.9,-0.379,25.5,-0.102,15,0.527
223763,15,15,0,15,0,15,0,15,0,18.5,-0.189,17,-0.118,18.5,-0.189,,,13,0.154,13,0.154
223764,15,15,0,15,0,15,0,15,0,18.5,-0.189,17,-0.118,18.5,-0.189,,,,,13,0.154
223765,15,15,0,15,0,15,0,15,0,18.5,-0.189,17,-0.118,18.5,-0.189,13.8,0.087,,,13,0.154
223766,15,15,0,15,0,15,0,15,0,18.5,-0.189,17,-0.118,18.5,-0.189,13.8,0.087,,,13,0.154
223778,,,,,,,,,,,,,,,,,,,,,
223779,,,,,,,,,,,,,,,,,,,,,
223780,,,,,,,,,,,,,,,,,,,,,
223792,260,260,0,260,0,260,0,260,0,260,0,266,-0.0211,266,-0.0211,,,,,,
223798,,,,,,,,,,,,,,,,,,,,,
223805,6,6,0,6,0,6,0,6,0,9.5,-0.368,9.5,-0.368,9.4,-0.362,12.8,-0.531,8.3,-0.277,7.6,-0.211
223809,31.5,31.5,0,31.5,0,31.5,0,31.5,0,31.5,0,31.5,0,31.5,0,,,25,0.26,25,0.26
223810,,,,,,,,,,,,,,,,,,,,,
223811,94,94,0,94,0,94,0,94,0,96.9,-0.0299,96.9,-0.0299,97.5,-0.0359,97.5,-0.0359,82,0.146,76,0.237
223812,,,,,,,,,,,,,,,,,,,,,
223813,,,,,,,,,,,,,,,,,,,,,
223817,23,23,0,,,23,0,23,0,23,0,23,0,,,,,,,,
223819,88,88,0,88,0,88,0,88,0,87.9,0.00114,87.9,0.00114,87.9,0.00114,87.9,0.00114,64.3,0.369,49.4,0.781
223820,54,54,0,54,0,54,0,54,0,53.9,0.00186,53.9,0.00186,53.9,0.00186,53.9,0.00186,38.9,0.388,33.9,0.593
223821,85,85,0,85,0,85,0,85,0,84.9,0.00118,84.9,0.00118,84.9,0.00118,84.9,0.00118,62.8,0.354,48.3,0.76
223822,,,,,,,,,,,,,,,,,,,,,
223825,167,167,0,167,0,167,0,167,0,134,0.25,167,0,167,0,167,0,149,0.121,138,0.21
223826,,,,,,,,,,,,,,,,,,,,,
223830,,,,,,,,,,,,,,,,,,,,,
223839,169,169,0,169,0,169,0,169,0,179,-0.0559,187,-0.0963,190,-0.111,215,-0.214,130,0.3,125,0.352
223840,169,169,0,169,0,169,0,169,0,179,-0.0559,187,-0.0963,190,-0.111,215,-0.214,,,125,0.352
223868,65,65,0,65,0,65,0,65,0,65,0,65,0,65,0,65,0,65,0,65,0
223869,65,65,0,65,0,65,0,65,0,65,0,65,0,,,65,0,65,0,65,0
223870,65,65,0,65,0,65,0,65,0,65,0,65,0,65,0,65,0,65,0,65,0
223871,65,65,0,65,0,65,0,65,0,65,0,65,0,65,0,65,0,65,0,65,0
223872,65,65,0,65,0,65,0,65,0,65,0,65,0,,,65,0,65,0,65,0
223873,65,65,0,65,0,65,0,65,0,65,0,65,0,65,0,65,0,,,65,0
223874,65,65,0,65,0,65,0,65,0,65,0,65,0,,,65,0,65,0,,
223879,90,90,0,90,0,90,0,90,0,90,0,90,0,90,0,44,1.05,44,1.05,44,1.05
223880,,,,,,,,,,,,,,,,,,,,,
223882,163,163,0,163,0,163,0,163,0,122,0.333,163,0,163,0,163,0,,,127,0.283
223883,131,131,0,131,0,131,0,131,0,131,0,131,0,131,0,131,0,114,0.149,102,0.284
223884,185,185,0,185,0,185,0,185,0,139,0.333,185,0,,,185,0,,,,
223885,28.5,28.5,0,28.5,0,28.5,0,28.5,0,28.5,0,24.4,0.168,28.5,0,28.5,0,18,0.583,18,0.583
223897,65.3,65.3,0,65.3,0,65.3,0,65.3,0,,,65.3,0,65.3,0,65.3,0,51.8,0.261,53.7,0.216
223904,,,,,,,,,,,,,,,,,,,,,
223906,46.1,46.1,0,46.1,0,46.1,0,46.1,0,46.1,0,,,,,47.9,-0.0376,35,0.317,32.9,0.401
223907,,,,,,,,,,,,,,,,,,,,,
223908,43.9,43.9,0,43.9,0,43.9,0,43.9,0,44.9,-0.0223,44.9,-0.0223,44.9,-0.0223,45,-0.0244,33.5,0.31,31,0.416
223909,43.9,43.9,0,43.9,0,43.9,0,43.9,0,44.9,-0.0223,44.9,-0.0223,44.9,-0.0223,45,-0.0244,33.5,0.31,31,0.416
223910,20,20,0,,,20,0,20,0,20,0,20,0,20,0,20,0,20,0,20,0
223911,15.9,15.9,0,15.9,0,15.9,0,15.9,0,15.9,0,,,,,,,13.5,0.178,13.5,0.178
223912,66,66,0,66,0,66,0,66,0,66,0,66,0,66,0,,,52,0.269,52,0.269
223913,47,47,0,47,0,47,0,47,0,47,0,,,,,47,0,47,0,34.3,0.37
223914,163,163,0,163,0,163,0,163,0,163,0,163,0,163,0,163,0,145,0.124,133,0.226
223917,62,62,0,62,0,62,0,62,0,62,0,62,0,62,0,62,0,51.5,0.204,47,0.319
223918,98,98,0,98,0,98,0,98,0,98,0,98,0,98,0,98,0,82.5,0.188,75,0.307
223919,62,62,0,62,0,62,0,62,0,62,0,62,0,62,0,62,0,51.5,0.204,46,0.348
223920,83,83,0,83,0,83,0,83,0,83,0,83,0,83,0,83,0,69,0.203,67,0.239
223921,78,78,0,78,0,78,0,78,0,78,0,78,0,78,0,78,0,64.9,0.202,59,0.322
223922,11,11,0,11,0,11,0,11,0,11,0,13,-0.154,13,-0.154,13,-0.154,,,,
223923,21.5,21.5,0,21.5,0,21.5,0,21.5,0,21.5,0,23.5,-0.0851,23.5,-0.0851,25,-0.14,21.5,0,21.5,0
223926,,,,,,,,,,,,,,,,,,,,,
223927,,,,,,,,,,,,,,,,,,,,,
223928,,,,,,,,,,,,,,,,,,,,,
223949,,,,,,,,,,,,,,,,,,,,,
223950,,,,,,,,,,,,,,,,,,,,,
223953,35,35,0,35,0,35,0,35,0,48,-0.271,39,-0.103,48,-0.271,48,-0.271,33,0.0606,,
223954,108,108,0,108,0,108,0,108,0,108,0,108,0,108,0,123,-0.123,,,,
223955,19.2,19.2,0,19.2,0,19.2,0,19.2,0,19.2,0,19.2,0,19.2,0,19.2,0,16.8,0.143,16.8,0.143
223956,30,30,0,30,0,30,0,30,0,30,0,30,0,30,0,30,0,21.5,0.395,21.5,0.395
223976,309,309,0,309,0,309,0,309,0,232,0.333,,,309,0,309,0,270,0.142,250,0.236
223977,42,42,0,42,0,42,0,42,0,42,0,42,0,36,0.167,42,0,30,0.4,25,0.68
223978,31.9,31.9,0,31.9,0,31.9,0,31.9,0,31.9,0,31.9,0,28.5,0.119,34.5,-0.0754,26.5,0.204,21.5,0.484
223979,51,51,0,51,0,51,0,51,0,51,0,51,0,53,-0.0377,53,-0.0377,39,0.308,34,0.5
223980,31.9,31.9,0,31.9,0,31.9,0,31.9,0,31.9,0,31.9,0,28.5,0.119,34.5,-0.0754,26.5,0.204,21.5,0.484
223981,,,,,,,,,,,,,,,,,,,,,
223982,,,,,,,,,,,,,,,,,,,,,
223983,,,,,,,,,,,,,,,,,,,,,
223984,,,,,,,,,,,,,,,,,,,,,
223985,46.9,46.9,0,46.9,0,46.9,0,46.9,0,,,50,-0.062,50,-0.062,71.4,-0.343,47.5,-0.0126,42.7,0.0984
223986,52.9,52.9,0,52.9,0,52.9,0,52.9,0,52.9,0,52.9,0,54.9,-0.0364,54.9,-0.0364,41,0.29,35,0.511
223987,402,402,0,402,0,402,0,402,0,402,0,453,-0.112,453,-0.112,566,-0.289,373,0.078,324,0.241
223988,190,190,0,190,0,190,0,190,0,190,0,190,0,190,0,272,-0.3,174,0.0937,151,0.261
223989,395,395,0,395,0,395,0,395,0,395,0,395,0,395,0,493,-0.2,321,0.23,274,0.44
223990,436,436,0,436,0,436,0,436,0,436,0,436,0,436,0,544,-0.2,347,0.254,302,0.443
223991,168,168,0,168,0,168,0,168,0,168,0,166,0.0151,166,0.0151,237,-0.289,157,0.076,134,0.256
223992,179,179,0,179,0,179,0,179,0,179,0,177,0.0136,177,0.0136,253,-0.29,163,0.098,140,0.282
223993,117,117,0,117,0,117,0,117,0,117,0,117,0,117,0,117,0,117,0,117,0
223995,,,,,,,,,,,,,,,,,,,,,
223996,75,75,0,75,0,75,0,75,0,75,0,75,0,75,0,,,,,,
223997,75,75,0,75,0,75,0,75,0,75,0,75,0,75,0,75,0,,,71,0.0563
224005,,,,,,,,,,,,,,,,,,,,,
224007,,,,,,,,,,,,,,,,,,,,,
224008,17.9,17.9,0,17.9,0,17.9,0,17.9,0,17.9,0,17.9,0,17.9,0,17.9,0,,,,
224009,25.2,25.2,0,25.2,0,25.2,0,25.2,0,25.2,0,25.2,0,25.2,0,25.2,0,16,0.575,,
224010,37.9,37.9,0,37.9,0,37.9,0,37.9,0,37.9,0,37.9,0,37.9,0,37.9,0,25,0.516,25,0.516
224011,,,,,,,,,,,,,,,,,,,,,
224012,21,21,0,21,0,21,0,21,0,21,0,21,0,21,0,21,0,,,,
224013,33.6,33.6,0,33.6,0,33.6,0,33.6,0,33.6,0,33.6,0,33.6,0,33.6,0,,,,
224019,94,94,0,94,0,94,0,94,0,94,0,,,,,94,0,74,0.27,74,0.27
224020,,,,,,,,,,,,,,,,,,,,,
224021,94,94,0,94,0,94,0,94,0,94,0,,,,,94,0,74,0.27,74,0.27
224023,99,99,0,99,0,99,0,99,0,99,0,,,,,99,0,,,74,0.338
224034,24,24,0,24,0,24,0,24,0,24,0,24,0,24,0,25.9,-0.0734,,,,
224035,16,16,0,,,16,0,16,0,16,0,16,0,,,19.5,-0.179,14.5,0.103,13.4,0.194
224036,16,16,0,16,0,16,0,,,16,0,16,0,17.5,-0.0857,18.9,-0.153,,,,
224041,138,138,0,138,0,138,0,138,0,138,0,138,0,138,0,138,0,120,0.147,118,0.165
224042,26.7,26.7,0,26.7,0,26.7,0,35.1,-0.239,35.1,-0.239,34,-0.215,38.2,-0.301,38.2,-0.301,30.2,-0.116,30.2,-0.116
224043,26.7,26.7,0,26.7,0,26.7,0,35.1,-0.239,35.1,-0.239,34,-0.215,38.2,-0.301,38.2,-0.301,30.2,-0.116,30.2,-0.116
224044,,,,,,,,,,,,,,,,,,,,,
224047,120,120,0,120,0,120,0,120,0,120,0,120,0,120,0,,,,,,
224048,120,120,0,120,0,120,0,120,0,120,0,120,0,120,0,120,0,120,0,116,0.0337
224050,124,124,0,124,0,124,0,124,0,124,0,124,0,136,-0.0952,136,-0.0952,97.5,0.267,85.7,0.441
224051,162,162,0,162,0,162,0,162,0,162,0,162,0,182,-0.107,182,-0.107,136,0.19,130,0.251
224075,40.9,40.9,0,40.9,0,40.9,0,40.9,0,40.9,0,,,,,,,,,,
224082,,,,,,,,,,,,,,,,,,,,,
224083,88.9,88.9,0,88.9,0,,,,,71.1,0.25,68.9,0.29,,,85.9,0.0349,85.9,0.0349,85.9,0.0349
224084,54.9,54.9,0,54.9,0,54.9,0,54.9,0,54.9,0,54.9,0,54.9,0,54.9,0,49.9,0.1,49.9,0.1
224085,,,,,,,,,,,,,,,,,,,,,
224088,245,245,0,245,0,245,0,245,0,245,0,245,0,,,,,,,,
224089,,,,,,,,,,,,,,,,,,,,,
224091,,,,,,,,,,,,,,,,,,,,,
224095,20.6,20.6,0,20.6,0,20.6,0,20.6,0,20.6,0,22.9,-0.1,22.9,-0.1,22.9,-0.1,19,0.0842,14.9,0.383
224096,231,231,0,231,0,231,0,231,0,,,231,0,231,0,231,0,202,0.144,154,0.5
224097,97,97,0,97,0,97,0,97,0,67.9,0.429,97,0,97,0,97,0,80,0.212,59,0.644
224098,120,120,0,120,0,120,0,120,0,120,0,120,0,136,-0.114,148,-0.186,106,0.136,86,0.4
224101,,,,,,,,,,,,,,,,,,,,,
224140,20.5,20.5,0,20.5,0,20.5,0,20.5,0,20.5,0,20.5,0,20.5,0,20.5,0,16.5,0.242,,
224141,,,,,,,,,,,,,,,,,,,,,
224187,22.5,22.5,0,22.5,0,22.5,0,22.5,0,22.5,0,22.5,0,22.5,0,22.5,0,22.5,0,22.5,0
224471,26,26,0,26,0,26,0,26,0,26,0,26,0,26,0,26,0,19.5,0.333,,
224477,28.5,28.5,0,28.5,0,28.5,0,28.5,0,28.5,0,28.5,0,28.5,0,28.5,0,16.5,0.727,18,0.583
224478,60,60,0,60,0,60,0,60,0,60,0,60,0,60,0,60,0,33,0.818,32,0.875
224479,,,,,,,,,,,,,,,,,,,,,
224823,,,,,,,,,,,,,,,,,,,,,
224904,32.9,32.9,0,32.9,0,32.9,0,32.9,0,32.9,0,32.9,0,32.9,0,32.8,0.00305,,,,
224917,,,,,,,,,,,,,,,,,,,,,
225035,20.9,20.9,0,,,,,,,,,,,,,,,,,,
225037,,,,,,,,,,,,,,,,,,,,,
225048,65.6,65.6,0,65.6,0,65.6,0,65.6,0,65.6,0,65.6,0,,,70.8,-0.0734,,,51.7,0.269
225049,83.4,83.4,0,83.4,0,83.4,0,87.5,-0.0469,87.5,-0.0469,87.5,-0.0469,87.5,-0.0469,98.3,-0.152,76,0.0974,70,0.191
225120,83.4,83.4,0,83.4,0,83.4,0,87.5,-0.0469,87.5,-0.0469,87.5,-0.0469,87.5,-0.0469,98.3,-0.152,76,0.0974,70,0.191
225121,72,72,0,72,0,72,0,72,0,72,0,72,0,,,75.4,-0.0451,59,0.22,,
225133,21.3,21.3,0,,,,,,,,,,,,,,,,,,
225135,20.9,20.9,0,,,,,,,,,,,,,,,,,,
225136,20.9,20.9,0,,,,,,,,,,,,,,,,,,
225137,20.9,20.9,0,,,,,,,,,,,,,,,,,,
225142,7.5,7.5,0,7.5,0,7.5,0,7.5,0,7.5,0,7.5,0,7.5,0,7.5,0,7.5,0,7.5,0
225143,59.8,59.8,0,59.8,0,59.8,0,,,,,,,,,,,,,,
225144,276,276,0,276,0,276,0,,,,,,,,,,,,,,
225145,276,276,0,276,0,276,0,,,,,,,,,,,,,,
225146,276,276,0,276,0,276,0,,,,,,,,,,,,,,
225150,,,,,,,,,,,,,,,,,,,,,
225194,,,,,,,,,,,,,,,,,,,,,
225225,45,45,0,45,0,45,0,45,0,45,0,45,0,45,0,45,0,38,0.184,38,0.184
225401,,,,,,,,,,,,,,,,,,,,,
225505,,,,,,,,,,,,,,,,,,,,,
225506,,,,,,,,,,,,,,,,,,,,,
225507,,,,,,,,,,,,,,,,,,,,,
225510,39.5,39.5,0,39.5,0,39.5,0,39.5,0,39.5,0,39.5,0,,,,,,,29.3,0.348
225517,15.5,15.5,0,15.5,0,15.5,0,15.5,0,15.5,0,15.5,0,15.5,0,17,-0.0882,8.2,0.89,8.2,0.89
225531,,,,,,,,,,,,,,,,,,,,,
225557,61,61,0,61,0,61,0,61,0,61,0,61,0,61,0,56,0.0893,56,0.0893,44.5,0.371
225580,36.6,36.6,0,36.6,0,36.6,0,36.6,0,36.6,0,36.6,0,,,,,,,,
225581,,,,,,,,,,,,,,,,,,,,,
225582,,,,,,,,,,,,,,,,,,,,,
225690,,,,,,,,,,,,,,,,,,,,,
225789,12.9,12.9,0,12.9,0,12.9,0,12.9,0,12.9,0,14.5,-0.11,14.5,-0.11,14,-0.0786,13,-0.00769,12.5,0.032
225959,14.5,14.5,0,14.5,0,14.5,0,14.5,0,14.5,0,14.5,0,14.5,0,14,0.0357,13,0.115,12.5,0.16
226010,14.7,14.7,0,14.7,0,14.7,0,14.7,0,14.7,0,14.7,0,14.7,0,14.7,0,12.5,0.176,12.5,0.176
226014,76.8,76.8,0,76.8,0,76.8,0,76.8,0,76.8,0,76.8,0,76.8,0,76.8,0,66,0.164,66,0.164
226018,15,15,0,15,0,15,0,15,0,15,0,15,0,15,0,15,0,11,0.364,11,0.364
226019,15,15,0,15,0,15,0,15,0,15,0,15,0,15,0,15,0,12.5,0.2,12.5,0.2
226020,59,59,0,59,0,59,0,59,0,,,59,0,59,0,,,52,0.135,52,0.135
226021,59,59,0,59,0,59,0,59,0,59,0,59,0,,,59,0,52,0.135,52,0.135
226022,27,27,0,27,0,27,0,27,0,27,0,27,0,27,0,27,0,25,0.08,25,0.08
226023,22.8,22.8,0,22.8,0,22.8,0,22.8,0,22.8,0,22.8,0,22.8,0,22.8,0,20.5,0.112,20.5,0.112
226024,18.6,18.6,0,18.6,0,18.6,0,18.6,0,18.6,0,18.6,0,18.6,0,18.6,0,17,0.0941,17,0.0941
226026,15.6,15.6,0,15.6,0,15.6,0,15.6,0,15.6,0,15.6,0,15.6,0,15.6,0,15,0.04,15,0.04
226027,,,,,,,,,,,,,,,,,,,,,
226477,41,41,0,41,0,41,0,41,0,41,0,41,0,41,0,41,0,36.5,0.123,36.5,0.123
226700,36.5,36.5,0,36.5,0,36.5,0,36.5,0,36.5,0,36.5,0,36.5,0,,,,,,
226877,,,,,,,,,,,,,,,,,,,,,
226998,13.7,13.7,0,13.7,0,13.7,0,13.7,0,,,,,,,,,,,9.5,0.442
227094,,,,,,,,,,,,,,,,,,,,,
227095,22.3,22.3,0,22.3,0,22.3,0,22.3,0,22.3,0,22.3,0,22.3,0,22.3,0,,,,
227096,228,228,0,228,0,228,0,228,0,228,0,188,0.21,188,0.21,,,,,,
227103,20.5,20.5,0,20.5,0,20.5,0,20.5,0,24.2,-0.153,20,0.025,24.2,-0.153,24.2,-0.153,20,0.025,17.3,0.185
227104,225,225,0,225,0,225,0,225,0,219,0.0274,239,-0.0586,250,-0.1,285,-0.211,186,0.208,,
227105,225,225,0,225,0,225,0,225,0,219,0.0274,239,-0.0586,250,-0.1,285,-0.211,186,0.208,,
227109,159,159,0,159,0,159,0,159,0,159,0,,,,,159,0,,,120,0.317
227112,31,31,0,,,31,0,31,0,31,0,31,0,31,0,31,0,25,0.24,25,0.24
227113,31,31,0,,,,,31,0,31,0,31,0,31,0,31,0,,,25,0.24
227121,36.9,36.9,0,36.9,0,36.9,0,36.9,0,46.9,-0.213,46.9,-0.213,46.9,-0.213,43,-0.142,,,28,0.318
227122,35.9,35.9,0,35.9,0,35.9,0,35.9,0,45.9,-0.218,45.5,-0.211,,,,,28,0.282,,
227124,27,27,0,27,0,27,0,27,0,27,0,27,0,27,0,27,0,17.5,0.543,17.5,0.543
227128,36.2,36.2,0,36.2,0,36.2,0,36.2,0,36.2,0,,,,,,,,,75,-0.517
227130,,,,,,,,,,,,,,,,,,,,,
227134,,,,,,,,,,,,,,,,,,,,,
227135,14,14,0,14,0,14,0,14,0,14,0,14,0,,,14,0,11.5,0.217,11.5,0.217
227136,14,14,0,14,0,14,0,14,0,14,0,14,0,14,0,14,0,11.5,0.217,11.5,0.217
227143,232,232,0,232,0,232,0,232,0,174,0.333,232,0,232,0,,,,,,
227146,,,,,,,,,,,,,,,,,,,,,
227147,,,,,,,,,,,,,,,,,,,,,
227148,244,244,0,244,0,244,0,244,0,244,0,180,0.354,214,0.139,260,-0.0623,167,0.463,139,0.755
227149,244,244,0,244,0,244,0,244,0,,,180,0.354,214,0.139,220,0.108,193,0.263,139,0.755
227150,204,204,0,204,0,204,0,204,0,204,0,180,0.131,214,-0.0486,228,-0.107,167,0.222,139,0.466
227157,56,56,0,56,0,56,0,60.5,-0.0744,60.5,-0.0744,60.5,-0.0744,60.5,-0.0744,65.8,-0.149,49.8,0.124,47.3,0.184
227158,83.4,83.4,0,83.4,0,83.4,0,87.5,-0.0469,87.5,-0.0469,87.5,-0.0469,87.5,-0.0469,98.3,-0.152,76,0.0974,70.1,0.19
227159,64,64,0,64,0,64,0,64,0,64,0,64,0,64,0,68.3,-0.063,54,0.185,49.9,0.283
227160,34.8,34.8,0,34.8,0,34.8,0,36.8,-0.0543,36.8,-0.0543,36.8,-0.0543,,,,,,,,
227162,43.3,43.3,0,43.3,0,43.3,0,43.3,0,43.3,0,43.3,0,43.3,0,46.5,-0.0688,36.5,0.186,33.4,0.296
227163,43.3,43.3,0,43.3,0,43.3,0,43.3,0,43.3,0,43.3,0,43.3,0,46.5,-0.0688,36.5,0.186,33.4,0.296
227164,38.9,38.9,0,38.9,0,38.9,0,38.9,0,38.9,0,,,38.9,0,41.9,-0.0716,32.5,0.197,30.1,0.292
227165,38.9,38.9,0,38.9,0,38.9,0,38.9,0,38.9,0,38.9,0,38.9,0,41.9,-0.0716,32.5,0.197,30.1,0.292
227166,56,56,0,56,0,56,0,60.5,-0.0744,60.5,-0.0744,60.5,-0.0744,60.5,-0.0744,65.8,-0.149,51.6,0.0853,43.4,0.29
227167,83.4,83.4,0,83.4,0,83.4,0,87.5,-0.0469,87.5,-0.0469,87.5,-0.0469,87.5,-0.0469,98.3,-0.152,76.5,0.0902,70.1,0.19
227168,83.4,83.4,0,83.4,0,83.4,0,87.5,-0.0469,87.5,-0.0469,87.5,-0.0469,87.5,-0.0469,98.3,-0.152,76.5,0.0902,70.1,0.19
227169,,,,,,,,,,,,,,,,,,,,,
227171,,,,,,,,,,,,,,,,,,,,,
227172,56,56,0,56,0,56,0,60.5,-0.0744,60.5,-0.0744,60.5,-0.0744,,,65.8,-0.149,51.6,0.0853,43.4,0.29
227174,10,10,0,10,0,10,0,10,0,10,0,10,0,10,0,10,0,8.5,0.176,8.5,0.176
227176,57.6,57.6,0,57.6,0,57.6,0,57.6,0,57.6,0,57.6,0,57.6,0,,,,,,
227179,14.4,14.4,0,14.4,0,14.4,0,14.4,0,14.4,0,14.4,0,14.4,0,14.4,0,12,0.2,12,0.2
227182,19.2,19.2,0,19.2,0,19.2,0,19.2,0,19.2,0,19.2,0,19.2,0,19.2,0,16.8,0.143,16.8,0.143
227183,64.9,64.9,0,64.9,0,64.9,0,64.9,0,,,64.9,0,64.9,0,64.9,0,39.1,0.66,39.1,0.66
227487,171,171,0,171,0,171,0,171,0,171,0,171,0,171,0,171,0,130,0.318,130,0.318
227611,,,,,,,,,,,,,,,,,,,,,
227712,189,189,0,189,0,189,0,189,0,189,0,224,-0.155,224,-0.155,224,-0.155,153,0.234,137,0.381
227785,66.2,66.2,0,66.2,0,66.2,0,66.2,0,66.2,0,66.2,0,,,66.2,0,43.5,0.522,43.5,0.522
227786,66.2,66.2,0,66.2,0,66.2,0,66.2,0,66.2,0,66.2,0,66.2,0,66.2,0,43,0.54,43.5,0.522
227787,,,,,,,,,,,,,,,,,,,,,
227791,47.5,47.5,0,47.5,0,47.5,0,47.5,0,47.5,0,47.5,0,,,,,39,0.218,39,0.218
227819,9.5,9.5,0,9.5,0,9.5,0,9.5,0,9.5,0,,,,,,,,,,
227820,158,158,0,158,0,158,0,158,0,158,0,158,0,158,0,158,0,124,0.274,116,0.362
227830,,,,,,,,,,,,,,,,,,,,,
227838,13,13,0,13,0,13,0,13,0,13,0,13,0,13,0,13,0,11.8,0.102,11.8,0.102
227878,29,29,0,29,0,29,0,29,0,29,0,29,0,36.6,-0.208,36.6,-0.208,,,,
227919,11.5,11.5,0,11.5,0,11.5,0,11.5,0,11.5,0,9.9,0.162,11.5,0,11.5,0,7.3,0.575,,
228004,,,,,,,,,,,,,,,,,,,,,
228005,,,,,,,,,,,,,,,,,,,,,
228006,,,,,,,,,,,,,,,,,,,,,
228008,,,,,,,,,,,,,,,,,,,,,
228009,,,,,,,,,,,,,,,,,,,,,
228011,75.9,75.9,0,75.9,0,75.9,0,75.9,0,64.5,0.177,,,75.9,0,,,,,,
228012,75.9,75.9,0,75.9,0,75.9,0,75.9,0,64.5,0.177,,,,,,,,,,
228013,75.9,75.9,0,75.9,0,,,,,64.5,0.177,,,75.9,0,,,,,,
228023,59.9,59.9,0,59.9,0,59.9,0,59.9,0,59.9,0,59.9,0,59.9,0,59.9,0,,,,
228024,,,,,,,,,,,,,,,,,,,,,
228028,14,14,0,,,14,0,14,0,14,0,14,0,14,0,13.9,0.00719,12,0.167,12,0.167
228032,75,75,0,75,0,75,0,75,0,75,0,75,0,75,0,75,0,,,,
228033,75,75,0,75,0,75,0,75,0,75,0,75,0,75,0,75,0,,,,
228034,83,83,0,83,0,83,0,83,0,83,0,83,0,83,0,83,0,,,,
228035,36,36,0,36,0,36,0,36,0,36,0,,,36,0,,,,,,
228037,36,36,0,36,0,36,0,36,0,36,0,36,0,,,,,,,,
228038,36,36,0,36,0,36,0,36,0,36,0,,,36,0,,,,,,
228039,36,36,0,36,0,36,0,36,0,36,0,36,0,36,0,,,,,,
228040,36,36,0,36,0,36,0,36,0,36,0,36,0,36,0,,,,,,
228041,36,36,0,36,0,36,0,36,0,36,0,,,,,,,,,,
228042,36,36,0,36,0,36,0,36,0,36,0,,,,,,,,,,
228043,170,170,0,170,0,170,0,170,0,170,0,178,-0.0449,178,-0.0449,,,,,,
228045,170,170,0,170,0,170,0,170,0,170,0,178,-0.0449,178,-0.0449,,,,,,
228049,12.9,12.9,0,12.9,0,12.9,0,12.9,0,12.9,0,12.5,0.032,10.5,0.229,12.5,0.032,,,,
228056,26.1,26.1,0,26.1,0,26.1,0,26.1,0,26.1,0,26.1,0,26.1,0,,,,,,
228057,26.1,26.1,0,26.1,0,26.1,0,26.1,0,26.1,0,26.1,0,,,,,,,,
228058,23.8,23.8,0,23.8,0,23.8,0,23.8,0,23.8,0,23.8,0,,,,,,,,
228059,26.1,26.1,0,26.1,0,26.1,0,26.1,0,26.1,0,26.1,0,,,,,,,,
228061,26.1,26.1,0,26.1,0,26.1,0,26.1,0,26.1,0,,,,,,,,,,
228062,26.1,26.1,0,26.1,0,26.1,0,26.1,0,26.1,0,26.1,0,,,,,,,,
228063,26.1,26.1,0,26.1,0,26.1,0,26.1,0,26.1,0,26.1,0,26.1,0,,,,,,
228070,19.5,19.5,0,19.5,0,19.5,0,19.5,0,19.5,0,19.5,0,,,,,,,,
228083,60,60,0,60,0,60,0,60,0,96,-0.375,86,-0.302,93,-0.355,,,,,,
228084,,,,,,,,,,,,,,,,,,,,,
228085,15.8,15.8,0,15.8,0,15.8,0,15.8,0,15.8,0,15.8,0,15.8,0,,,,,,
228086,25.7,25.7,0,25.7,0,25.7,0,25.7,0,31,-0.171,31,-0.171,,,,,,,,
228088,35.9,35.9,0,35.9,0,35.9,0,35.9,0,35.9,0,30.9,0.162,30.9,0.162,,,,,,
228089,21,21,0,21,0,21,0,21,0,21,0,17.4,0.207,21,0,,,,,,
228090,21,21,0,21,0,21,0,21,0,21,0,17.4,0.207,21,0,,,,,,
228091,11,11,0,11,0,11,0,11,0,11,0,11,0,11,0,,,,,,
228092,66,66,0,66,0,66,0,66,0,66,0,,,,,,,,,,
228101,36,36,0,36,0,36,0,36,0,36,0,36,0,36,0,,,,,,
228102,36,36,0,36,0,36,0,36,0,36,0,36,0,,,,,,,,
228107,69,69,0,69,0,69,0,69,0,69,0,69,0,,,,,,,,
228113,,,,,,,,,,,,,,,,,,,,,
228114,,,,,,,,,,,,,,,,,,,,,
228115,16.4,16.4,0,16.4,0,16.4,0,16.4,0,16.4,0,16.4,0,16.4,0,,,,,,
228120,20,20,0,20,0,20,0,20,0,20,0,20,0,20,0,,,,,,
228121,20,20,0,20,0,20,0,20,0,20,0,20,0,20,0,,,,,,
228122,20,20,0,20,0,20,0,20,0,20,0,20,0,20,0,,,,,,
228123,20,20,0,20,0,20,0,20,0,20,0,20,0,20,0,,,,,,
228131,83.4,83.4,0,83.4,0,83.4,0,87.5,-0.0469,87.5,-0.0469,87.5,-0.0469,,,,,,,,
228137,65,65,0,65,0,65,0,65,0,65,0,65,0,65,0,,,,,,
228139,14.6,14.6,0,14.6,0,14.6,0,14.6,0,14.6,0,14.6,0,14.6,0,,,,,,
228140,24.4,24.4,0,24.4,0,24.4,0,24.4,0,36.5,-0.332,36.5,-0.332,36.5,-0.332,,,,,,
228142,32,32,0,32,0,32,0,32,0,32,0,32,0,,,,,,,,
228143,32,32,0,32,0,32,0,32,0,32,0,32,0,,,,,,,,
228144,47,47,0,47,0,47,0,47,0,47,0,47,0,47,0,,,,,,
228145,139,139,0,139,0,139,0,139,0,139,0,139,0,139,0,139,0,96,0.448,89,0.562
228146,7.5,7.5,0,7.5,0,7.5,0,7.5,0,7.5,0,7.5,0,7.5,0,,,,,,
228147,7.5,7.5,0,7.5,0,7.5,0,7.5,0,7.5,0,7.5,0,7.5,0,,,,,,
228148,7.5,7.5,0,7.5,0,7.5,0,7.5,0,7.5,0,7.5,0,7.5,0,,,,,,
228149,,,,,,,,,,,,,,,,,,,,,
228153,21,21,0,21,0,21,0,21,0,21,0,21,0,21,0,,,,,,
228154,10.5,10.5,0,10.5,0,10.5,0,10.5,0,10.5,0,10.5,0,10.5,0,,,,,,
228155,41.5,41.5,0,41.5,0,41.5,0,41.5,0,41.5,0,41.5,0,41.5,0,,,,,,
228156,16,16,0,16,0,16,0,16,0,16,0,16,0,16,0,,,,,,
228161,,,,,,,,,,,,,,,,,,,,,
228162,,,,,,,,,,,,,,,,,,,,,
228163,,,,,,,,,,,,,,,,,,,,,
228164,,,,,,,,,,,,,,,,,,,,,
228165,14.5,14.5,0,14.5,0,14.5,0,,,,,,,,,,,,,,
228166,8.4,8.4,0,,,,,,,,,,,,,,,,,,
228167,5.2,5.2,0,,,,,,,,,,,,,,,,,,
228169,,,,,,,,,,,,,,,,,,,,,
228178,98,98,0,98,0,98,0,98,0,98,0,98,0,98,0,,,,,,
228179,62,62,0,62,0,62,0,62,0,62,0,62,0,62,0,,,,,,
228180,62,62,0,62,0,62,0,62,0,62,0,62,0,62,0,,,,,,
228181,98,98,0,98,0,98,0,98,0,98,0,98,0,98,0,,,,,,
228182,78,78,0,78,0,78,0,78,0,78,0,78,0,78,0,,,,,,
228183,83,83,0,83,0,83,0,83,0,83,0,83,0,83,0,,,,,,
228185,,,,,,,,,,,,,,,,,,,,,
228186,,,,,,,,,,,,,,,,,,,,,
228187,,,,,,,,,,,,,,,,,,,,,
228188,,,,,,,,,,,,,,,,,,,,,
228189,,,,,,,,,,,,,,,,,,,,,
228190,,,,,,,,,,,,,,,,,,,,,
228194,,,,,,,,,,,,,,,,,,,,,
228196,,,,,,,,,,,,,,,,,,,,,
228197,23.3,23.3,0,23.3,0,23.3,0,23.3,0,23.3,0,,,,,,,,,,
228199,60,60,0,60,0,60,0,60,0,60,0,60,0,,,,,,,,
228200,,,,,,,,,,,,,,,,,,,,,
228201,,,,,,,,,,,,,,,,,,,,,
228202,100,100,0,100,0,100,0,100,0,100,0,100,0,,,,,,,,
228203,100,100,0,100,0,100,0,100,0,100,0,100,0,,,,,,,,
228204,,,,,,,,,,,,,,,,,,,,,
228205,99,99,0,99,0,99,0,99,0,99,0,99,0,,,,,,,,
228209,45,45,0,45,0,45,0,45,0,45,0,45,0,,,,,,,,
228210,60,60,0,60,0,60,0,60,0,60,0,,,,,,,,,,
228211,60,60,0,60,0,60,0,60,0,60,0,,,,,,,,,,
228212,45,45,0,45,0,45,0,45,0,45,0,45,0,,,,,,,,
228213,60,60,0,60,0,60,0,60,0,60,0,60,0,,,,,,,,
228215,45,45,0,45,0,45,0,45,0,45,0,,,45,0,,,,,,
228216,57,57,0,57,0,57,0,57,0,57,0,,,,,,,,,,
228219,57,57,0,57,0,57,0,57,0,57,0,,,,,,,,,,
228220,57,57,0,57,0,57,0,57,0,57,0,,,,,,,,,,
228221,266,266,0,266,0,266,0,266,0,200,0.333,,,,,,,,,,
228223,22.9,22.9,0,22.9,0,22.9,0,22.9,0,22.9,0,22.9,0,22.9,0,,,,,,
228224,14.3,14.3,0,14.3,0,14.3,0,14.3,0,14.3,0,14.3,0,14.3,0,,,,,,
228225,13,13,0,,,13,0,13,0,13,0,13,0,13,0,,,,,,
228226,6.2,6.2,0,6.2,0,6.2,0,6.2,0,6.2,0,6.2,0,6.2,0,,,,,,
228227,132,132,0,132,0,132,0,132,0,132,0,132,0,132,0,,,,,,
228228,27.3,27.3,0,27.3,0,27.3,0,27.3,0,27.3,0,27.3,0,27.3,0,,,,,,
228229,48.9,48.9,0,48.9,0,48.9,0,48.9,0,,,48.9,0,,,,,,,,
228231,,,,,,,,,,,,,,,,,,,,,
228233,63.8,63.8,0,63.8,0,63.8,0,63.8,0,63.8,0,63.8,0,63.8,0,,,,,,
228239,40.8,40.8,0,40.8,0,40.8,0,40.8,0,40.8,0,,,,,,,,,,
228240,40.8,40.8,0,40.8,0,40.8,0,40.8,0,40.8,0,,,,,,,,,,
228241,19.5,19.5,0,19.5,0,19.5,0,19.5,0,27,-0.278,22.4,-0.129,27,-0.278,,,,,,
228242,100,100,0,100,0,100,0,100,0,100,0,,,100,0,,,,,,
228243,140,140,0,140,0,140,0,140,0,140,0,122,0.148,,,,,,,,
228244,45,45,0,45,0,45,0,45,0,45,0,45,0,45,0,,,,,,
228245,,,,,,,,,,,,,,,,,,,,,
228246,22.4,22.4,0,22.4,0,22.4,0,,,22.4,0,22.4,0,22.4,0,,,,,,
228247,22.4,22.4,0,22.4,0,22.4,0,,,22.4,0,22.4,0,,,,,,,,
228248,38.7,38.7,0,38.7,0,38.7,0,38.7,0,32.9,0.176,,,38,0.0184,,,,,,
228250,38.7,38.7,0,38.7,0,38.7,0,38.7,0,32.9,0.176,,,38.1,0.0157,,,,,,
228266,188,188,0,188,0,188,0,188,0,188,0,188,0,188,0,,,,,,
228268,188,188,0,188,0,188,0,188,0,188,0,188,0,188,0,,,,,,
228271,188,188,0,188,0,188,0,188,0,188,0,188,0,188,0,,,,,,
228272,188,188,0,188,0,188,0,188,0,188,0,188,0,188,0,,,,,,
228273,188,188,0,188,0,188,0,188,0,188,0,188,0,188,0,,,,,,
228274,188,188,0,188,0,188,0,188,0,188,0,188,0,188,0,,,,,,
228275,188,188,0,188,0,188,0,188,0,188,0,188,0,188,0,,,,,,
228276,188,188,0,188,0,188,0,188,0,188,0,188,0,188,0,,,,,,
228277,188,188,0,188,0,188,0,188,0,188,0,188,0,188,0,,,,,,
228280,143,143,0,143,0,143,0,143,0,143,0,143,0,143,0,,,,,,
228283,143,143,0,143,0,143,0,143,0,143,0,143,0,143,0,,,,,,
228284,143,143,0,143,0,143,0,143,0,143,0,143,0,143,0,,,,,,
228285,143,143,0,143,0,143,0,143,0,143,0,143,0,143,0,,,,,,
228286,143,143,0,143,0,143,0,143,0,143,0,143,0,143,0,,,,,,
228288,143,143,0,143,0,143,0,143,0,143,0,143,0,143,0,,,,,,
228289,143,143,0,143,0,143,0,143,0,143,0,143,0,143,0,,,,,,
228291,167,167,0,167,0,167,0,167,0,134,0.25,167,0,167,0,,,,,,
228296,,,,,,,,,,,,,,,,,,,,,
228297,22.2,22.2,0,22.2,0,22.2,0,22.2,0,22.2,0,22,0.00909,,,,,,,,
228298,22.2,22.2,0,22.2,0,22.2,0,22.2,0,22.2,0,22,0.00909,22,0.00909,,,,,,
228299,35.3,35.3,0,35.3,0,35.3,0,35.3,0,35.3,0,35,0.00857,35,0.00857,,,,,,
228300,30.4,30.4,0,30.4,0,30.4,0,30.4,0,30.4,0,30,0.0133,30,0.0133,,,,,,
228301,35.3,35.3,0,35.3,0,35.3,0,35.3,0,35.3,0,35,0.00857,35,0.00857,,,,,,
228304,22.2,22.2,0,22.2,0,22.2,0,22.2,0,22.2,0,22,0.00909,22,0.00909,,,,,,
228306,,,,,,,,,,,,,,,,,,,,,
228307,45,45,0,,,,,,,,,45,0,45,0,,,,,,
228319,57,57,0,57,0,57,0,57,0,57,0,57,0,57,0,,,,,,
228321,,,,,,,,,,,,,,,,,,,,,
228322,14.8,14.8,0,14.8,0,14.8,0,14.8,0,14.8,0,14.8,0,13,0.138,,,,,,
228323,11,11,0,11,0,11,0,11,0,11,0,11,0,10,0.1,,,,,,
228324,14,14,0,14,0,14,0,14,0,14,0,14,0,12.5,0.12,,,,,,
228325,13.3,13.3,0,13.3,0,13.3,0,13.3,0,13.3,0,13.3,0,12,0.108,,,,,,
228326,18,18,0,18,0,18,0,18,0,18,0,18,0,16,0.125,,,,,,
228332,,,,,,,,,,,,,,,,,,,,,
228334,170,170,0,170,0,170,0,170,0,170,0,170,0,,,,,,,,
228336,13,13,0,13,0,13,0,13,0,13,0,13,0,13,0,,,,,,
228337,298,298,0,298,0,298,0,298,0,298,0,298,0,298,0,,,,,,
228345,45,45,0,45,0,45,0,45,0,45,0,45,0,,,,,,,,
228347,45,45,0,45,0,45,0,45,0,45,0,45,0,,,,,,,,
228349,45,45,0,45,0,45,0,45,0,45,0,45,0,,,,,,,,
228350,38.5,38.5,0,38.5,0,38.5,0,38.5,0,45,-0.144,45,-0.144,,,,,,,,
228351,38.5,38.5,0,38.5,0,38.5,0,38.5,0,45,-0.144,45,-0.144,,,,,,,,
228352,45,45,0,45,0,45,0,45,0,45,0,45,0,,,,,,,,
228353,45,45,0,45,0,45,0,45,0,45,0,45,0,,,,,,,,
228359,,,,,,,,,,,,,,,,,,,,,
228377,30,30,0,30,0,30,0,30,0,30,0,,,,,,,,,,
228378,2.8,2.8,0,2.8,0,2.8,0,2.8,0,2.8,0,,,,,,,,,,
228379,15.5,15.5,0,,,15.5,0,,,,,,,,,,,,,,
228380,14,14,0,,,14,0,14,0,,,,,,,,,,,,
228384,,,,,,,,,,,,,,,,,,,,,
228391,,,,,,,,,,,,,,,,,,,,,
228392,30.3,30.3,0,30.3,0,30.3,0,,,,,,,,,,,,,,
228393,16.4,16.4,0,16.4,0,16.4,0,16.4,0,16.4,0,16.4,0,,,,,,,,
228394,29.6,29.6,0,29.6,0,29.6,0,29.6,0,29.6,0,29.6,0,,,,,,,,
228396,25,25,0,25,0,25,0,,,,,,,,,,,,,,
228398,64.3,64.3,0,,,64.3,0,64.3,0,64,0.00469,,,,,,,,,,
228441,12,12,0,12,0,12,0,12,0,,,,,,,,,,,,
228444,13.5,13.5,0,13.5,0,13.5,0,14,-0.0357,,,,,,,,,,,,
228450,18.5,18.5,0,18.5,0,18.5,0,18.5,0,,,,,,,,,,,,
228452,18.5,18.5,0,18.5,0,18.5,0,18.5,0,,,,,,,,,,,,
228457,50,50,0,50,0,50,0,50,0,50,0,,,,,,,,,,
228459,49,49,0,49,0,49,0,49,0,49,0,,,,,,,,,,
228461,66,66,0,66,0,66,0,66,0,66,0,,,,,,,,,,
228670,27,27,0,27,0,27,0,27,0,27,0,27,0,27,0,,,,,,
228671,51,51,0,51,0,51,0,51,0,51,0,51,0,,,,,,,,
228725,,,,,,,,,,,,,,,,,,,,,
228771,33.5,33.5,0,33.5,0,33.5,0,33.5,0,33.5,0,33.5,0,33.5,0,33.5,0,27.9,0.201,25.8,0.298
228772,49.9,49.9,0,49.9,0,49.9,0,49.9,0,49.9,0,49.9,0,49.9,0,49.9,0,41.5,0.202,39.5,0.263
228780,,,,,,,,,,,,,,,,,,,,,
228810,,,,,,,,,,,,,,,,,,,,,
228888,,,,,,,,,,,,,,,,,,,,,
228975,65.9,65.9,0,65.9,0,65.9,0,,,,,,,,,,,,,,
228976,17,17,0,17,0,17,0,,,,,,,,,,,,,,
228977,,,,,,,,,,,,,,,,,,,,,
228978,18.9,18.9,0,18.9,0,18.9,0,18.9,0,18.6,0.0161,,,,,,,,,,
228979,31.5,31.5,0,31.5,0,31.5,0,31.5,0,,,,,,,,,,,,
228980,75,75,0,,,,,,,69.5,0.0791,,,,,,,,,,
228981,16,16,0,16,0,16,0,16,0,16.5,-0.0303,,,,,,,,,,
228983,23,23,0,,,,,23,0,23,0,,,,,,,,,,
228984,23,23,0,,,,,,,23,0,,,,,,,,,,
228985,23,23,0,,,,,23,0,23,0,,,,,,,,,,
228986,23,23,0,,,,,,,23,0,,,,,,,,,,
229006,17,17,0,17,0,17,0,17,0,17,0,,,,,,,,,,
229016,18,18,0,18,0,18,0,18,0,17.3,0.0405,,,,,,,,,,
229018,105,105,0,105,0,105,0,105,0,,,,,,,,,,,,
229019,18,18,0,18,0,18,0,18,0,,,,,,,,,,,,
229025,50.9,50.9,0,50.9,0,50.9,0,50.9,0,46.2,0.102,,,,,,,,,,
229026,105,105,0,105,0,105,0,105,0,102,0.0294,,,,,,,,,,
229027,18,18,0,18,0,18,0,18,0,17.3,0.0405,,,,,,,,,,
229028,50.9,50.9,0,50.9,0,,,,,,,,,,,,,,,,
229029,105,105,0,105,0,105,0,105,0,,,,,,,,,,,,
229030,18,18,0,18,0,18,0,18,0,,,,,,,,,,,,
229031,50.9,50.9,0,50.9,0,50.9,0,50.9,0,46.2,0.102,,,,,,,,,,
229033,,,,,,,,,,,,,,,,,,,,,
229034,16.8,16.8,0,16.8,0,16.8,0,16.8,0,,,,,,,,,,,,
229073,28,28,0,28,0,28,0,28,0,28,0,28,0,28,0,28,0,27.9,0.00358,27.9,0.00358
229074,27.9,27.9,0,27.9,0,27.9,0,27.9,0,27.9,0,27.9,0,27.9,0,27.9,0,27.9,0,27.9,0
229115,144,144,0,144,0,,,,,,,,,,,,,,,,
229118,51,51,0,51,0,51,0,51,0,,,,,,,,,,,,
229119,83,83,0,83,0,83,0,83,0,,,,,,,,,,,,
229146,230,230,0,230,0,230,0,230,0,,,,,,,,,,,,
229149,91,91,0,91,0,91,0,91,0,,,,,,,,,,,,
229151,118,118,0,118,0,118,0,118,0,,,,,,,,,,,,
229152,48,48,0,48,0,48,0,48,0,,,,,,,,,,,,
229153,64,64,0,64,0,64,0,64,0,,,,,,,,,,,,
229154,57,57,0,57,0,57,0,57,0,,,,,,,,,,,,
229155,69,69,0,69,0,69,0,69,0,,,,,,,,,,,,
229157,74.5,74.5,0,74.5,0,74.5,0,74.5,0,,,,,,,,,,,,
229718,99,99,0,99,0,99,0,99,0,85,0.165,85,0.165,85,0.165,85,0.165,85,0.165,85,0.165
229865,,,,,,,,,,,,,,,,,,,,,
229874,,,,,,,,,,,,,,,,,,,,,
229877,,,,,,,,,,,,,,,,,,,,,
230090,,,,,,,,,,,,,,,,,,,,,
230103,,,,,,,,,,,,,,,,,,,,,
230200,,,,,,,,,,,,,,,,,,,,,
230219,,,,,,,,,,,,,,,,,,,,,
230260,,,,,,,,,,,,,,,,,,,,,
230278,252,,,,,252,0,252,0,252,0,,,200,0.265,,,167,0.512,160,0.578
230367,129,129,0,129,0,129,0,129,0,129,0,125,0.0271,125,0.0271,125,0.0271,,,120,0.0698
230383,,,,,,,,,,,,,,,,,,,,,
230407,,,,,,,,,,,,,,,,,,,,,
230421,,,,,,,,,,,,,,,,,,,,,
230430,,,,,,,,,,,,,,,,,,,,,
230464,140,140,0,140,0,140,0,140,0,140,0,134,0.044,134,0.044,134,0.044,,,129,0.0845
230478,,,,,,,,,,,,,,,,,,,,,
230479,69,69,0,69,0,69,0,69,0,69,0,75,-0.08,75,-0.08,94.8,-0.272,68.6,0.00583,49.7,0.388
230481,69,69,0,69,0,69,0,69,0,69,0,75,-0.08,75,-0.08,94.8,-0.272,68.6,0.00583,49.7,0.388
230482,69,69,0,69,0,69,0,69,0,69,0,75,-0.08,75,-0.08,94.8,-0.272,68.6,0.00583,49.7,0.388
230483,69,69,0,69,0,69,0,69,0,69,0,75,-0.08,75,-0.08,94.8,-0.272,68.6,0.00583,49.7,0.388
230487,34,34,0,34,0,34,0,34,0,34,0,34,0,34,0,35.5,-0.0423,,,,
230488,22.9,22.9,0,22.9,0,22.9,0,22.9,0,28.5,-0.196,28.5,-0.196,36.9,-0.379,36.9,-0.379,25.5,-0.102,19.5,0.174
230489,56,56,0,56,0,56,0,56,0,56,0,56,0,56,0,56,0,56,0,50,0.12
230490,56,56,0,56,0,56,0,56,0,56,0,56,0,56,0,56,0,56,0,50,0.12
230491,74.9,74.9,0,74.9,0,74.9,0,74.9,0,74.9,0,74.9,0,74.9,0,74.9,0,52,0.44,46.9,0.597
230492,74.9,74.9,0,74.9,0,74.9,0,74.9,0,74.9,0,63.8,0.174,74.9,0,74.9,0,52,0.44,46.9,0.597
230493,144,144,0,144,0,144,0,144,0,144,0,144,0,144,0,131,0.0977,92.9,0.548,81.5,0.764
230494,144,144,0,144,0,144,0,144,0,144,0,144,0,144,0,131,0.0977,92.9,0.548,81.5,0.764
230496,168,168,0,168,0,168,0,168,0,118,0.429,168,0,168,0,168,0,150,0.12,150,0.12
230498,,,,,,,,,,,,,,,,,,,,,
230499,25.6,,,,,,,25.6,0,25.6,0,25,0.024,25,0.024,,,21.5,0.191,,
230500,52,52,0,52,0,52,0,52,0,52,0,,,,,,,,,,
230501,52,52,0,52,0,52,0,52,0,52,0,52,0,52,0,52,0,43,0.209,43,0.209
230503,,,,,,,,,,,,,,,,,,,,,
230506,55,55,0,55,0,55,0,55,0,55,0,,,,,,,,,,
230508,55,55,0,55,0,55,0,55,0,55,0,,,,,,,,,,
230513,,,,,,,,,,,,,,,,,,,,,
230514,39.9,39.9,0,39.9,0,39.9,0,39.9,0,39.9,0,33.9,0.177,39.9,0,39.9,0,29.9,0.334,39.9,0
230517,185,185,0,185,0,185,0,185,0,185,0,180,0.0294,214,-0.134,260,-0.287,167,0.112,139,0.334
230524,18,18,0,18,0,18,0,18,0,18,0,18,0,18,0,18.5,-0.027,19,-0.0526,17.4,0.0345
230526,,,,,,,,,,,,,,,,,,,,,
230540,36.9,36.9,0,36.9,0,36.9,0,36.9,0,46.9,-0.213,46.9,-0.213,46.9,-0.213,43,-0.142,30,0.23,,
230541,27.9,27.9,0,27.9,0,27.9,0,27.9,0,33,-0.155,33,-0.155,33,-0.155,30,-0.07,21.5,0.298,20,0.395
230542,41.9,41.9,0,41.9,0,41.9,0,41.9,0,45.5,-0.0791,45.5,-0.0791,45.5,-0.0791,,,29.5,0.42,28,0.496
230543,,,,,,,,,,,,,,,,,,,,,
230550,45,45,0,45,0,45,0,45,0,45,0,45,0,45,0,45,0,,,31.8,0.415
230551,30.3,30.3,0,30.3,0,30.3,0,,,30.3,0,30.3,0,30.3,0,30.3,0,24.3,0.247,21.3,0.423
230554,30.3,30.3,0,30.3,0,30.3,0,30.3,0,30.3,0,30.3,0,30.3,0,,,24.3,0.247,21.3,0.423
230555,33.9,33.9,0,33.9,0,33.9,0,33.9,0,33.9,0,25.9,0.309,34,-0.00294,35.5,-0.0451,25.8,0.314,,
230556,32.6,32.6,0,32.6,0,32.6,0,32.6,0,32.6,0,32.6,0,32.6,0,35.5,-0.0817,25.8,0.264,23.4,0.393
230558,30.5,30.5,0,30.5,0,30.5,0,30.5,0,30.5,0,30.5,0,34,-0.103,35.5,-0.141,25.8,0.182,,
230559,27.5,27.5,0,27.5,0,27.5,0,27.5,0,39.5,-0.304,39.5,-0.304,39.5,-0.304,40.9,-0.328,30.6,-0.101,26.9,0.0223
230560,35.4,35.4,0,35.4,0,35.4,0,35.4,0,35.4,0,35.4,0,,,40.9,-0.134,30.6,0.157,,
230580,6.2,6.2,0,6.2,0,6.2,0,6.2,0,6.2,0,6.2,0,6.2,0,6.2,0,6.2,0,6.2,0
230591,8,8,0,8,0,8,0,8,0,8,0,8,0,8,0,10.4,-0.231,9,-0.111,8.2,-0.0244
230592,,,,,,,,,,,,,,,,,,,,,
230593,,,,,,,,,,,,,,,,,,,,,
230594,,,,,,,,,,,,,,,,,,,,,
230595,8,8,0,8,0,8,0,8,0,8,0,8,0,8,0,10.4,-0.231,9,-0.111,8.2,-0.0244
230597,8,8,0,8,0,8,0,8,0,8,0,8,0,8,0,10.4,-0.231,9,-0.111,8.2,-0.0244
230640,79.2,79.2,0,79.2,0,79.2,0,79.2,0,79.2,0,79.2,0,79.2,0,,,,,,
230641,57,57,0,57,0,57,0,57,0,57,0,57,0,57,0,,,,,,
230643,,,,,,,,,,,,,,,,,,,,,
230646,80,80,0,80,0,80,0,80,0,80,0,80,0,80,0,,,,,,
230648,15.9,15.9,0,15.9,0,18.5,-0.141,18.5,-0.141,18.5,-0.141,16,-0.00625,20.5,-0.224,20.5,-0.224,17.5,-0.0914,14.5,0.0966
230701,40.8,40.8,0,40.8,0,40.8,0,40.8,0,40.8,0,40.8,0,40.8,0,38.8,0.0515,,,27.5,0.484
230702,169,169,0,169,0,169,0,169,0,169,0,169,0,169,0,169,0,115,0.47,95,0.776
230703,155,155,0,155,0,155,0,155,0,,,,,,,203,-0.24,,,112,0.378
230705,,,,,,,,,,,,,,,,,,,,,
230811,75,75,0,75,0,75,0,75,0,75,0,75,0,75,0,75,0,65,0.154,62,0.21
230850,,,,,,,,,,,,,,,,,,,,,
230851,8,8,0,8,0,8,0,8,0,8,0,6.5,0.231,7.8,0.0256,7.8,0.0256,6,0.333,6,0.333
230950,,,,,,,,,,,,,,,,,,,,,
231001,31.9,31.9,0,31.9,0,31.9,0,31.9,0,34.9,-0.086,39.9,-0.201,39.9,-0.201,38,-0.161,26,0.227,23.5,0.357
231002,31.9,31.9,0,31.9,0,31.9,0,31.9,0,39.9,-0.201,39.9,-0.201,39.9,-0.201,38,-0.161,24.5,0.302,23.5,0.357
231006,39.9,39.9,0,39.9,0,39.9,0,43.5,-0.0828,51.5,-0.225,51.9,-0.231,51.9,-0.231,48.9,-0.184,39,0.0231,35.5,0.124
231008,11,11,0,11,0,11,0,11,0,15.5,-0.29,17.9,-0.385,15.5,-0.29,17.9,-0.385,10.9,0.00917,9.9,0.111
231009,10,10,0,10,0,10,0,10,0,13.9,-0.281,13.9,-0.281,13.9,-0.281,13.9,-0.281,8.9,0.124,8,0.25
231020,265,265,0,265,0,265,0,265,0,265,0,284,-0.0669,284,-0.0669,311,-0.147,217,0.223,189,0.405
231037,,,,,,,,,,,,,,,,,,,,,
231215,8.8,8.8,0,8.8,0,8.8,0,8.8,0,8.8,0,8.8,0,8.8,0,8.8,0,7,0.257,7,0.257
231240,,,,,,,,,,,,,,,,,,,,,
231258,,,,,,,,,,,,,,,,,,,,,
231445,32.9,32.9,0,32.9,0,32.9,0,32.9,0,32.9,0,32.9,0,32.9,0,32.8,0.00305,,,,
231673,65,65,0,65,0,65,0,65,0,65,0,65,0,65,0,65,0,47,0.383,43,0.512
231681,,,,,,,,,,,,,,,,,,,,,
231890,19,19,0,19,0,19,0,19,0,19,0,19,0,19,0,19,0,19,0,19,0
231913,,,,,,,,,,,,,,,,,,,,,
232003,20,20,0,20,0,20,0,20,0,20,0,20,0,20,0,20,0,17.5,0.143,17.5,0.143
232006,6,6,0,6,0,6,0,6,0,,,,,6,0,5,0.2,5,0.2,5,0.2
232007,6,6,0,6,0,6,0,6,0,6,0,6,0,6,0,5,0.2,5,0.2,5,0.2
232084,150,150,0,150,0,150,0,150,0,150,0,150,0,150,0,119,0.256,108,0.384,,
232234,24.8,24.8,0,24.8,0,24.8,0,29,-0.145,29,-0.145,29,-0.145,29,-0.145,29,-0.145,,,,
232235,29,29,0,29,0,29,0,29,0,29,0,29,0,29,0,29,0,,,,
232236,29,29,0,29,0,29,0,29,0,29,0,29,0,29,0,29,0,,,,
232427,61.7,61.7,0,61.7,0,61.7,0,61.7,0,61.7,0,61.7,0,61.7,0,81.2,-0.24,,,44.5,0.387
232428,,,,,,,,,,,,,,,,,,,,,
232491,29.5,29.5,0,29.5,0,29.5,0,29.5,0,29.5,0,29.5,0,29.5,0,29.5,0,21.5,0.372,21.5,0.372
232513,19.9,19.9,0,19.9,0,19.9,0,19.9,0,19.9,0,19.9,0,21,-0.0524,25.5,-0.22,17,0.171,15.3,0.301
232650,,,,,,,,,,,,,,,,,,,,,
232939,29.5,29.5,0,29.5,0,29.5,0,29.5,0,29.5,0,29.5,0,29.5,0,29.5,0,21.5,0.372,21.5,0.372
233048,53,53,0,,,53,0,53,0,53,0,,,53,0,53,0,,,,
233137,16.5,16.5,0,16.5,0,16.5,0,16.5,0,16.5,0,16.5,0,16.5,0,16.5,0,15,0.1,15,0.1
233471,21,21,0,21,0,21,0,21,0,21,0,21,0,21,0,14,0.5,13.5,0.556,12,0.75
234011,,,,,,,,,,,,,,,,,,,,,
234015,49.9,49.9,0,49.9,0,49.9,0,49.9,0,49.9,0,49.9,0,56,-0.109,56,-0.109,40,0.248,37,0.349
234016,60.9,60.9,0,60.9,0,60.9,0,60.9,0,60.9,0,61,-0.00164,61,-0.00164,61,-0.00164,44,0.384,39,0.562
234017,60.9,60.9,0,60.9,0,60.9,0,60.9,0,60.9,0,61,-0.00164,61,-0.00164,61,-0.00164,44,0.384,39,0.562
234018,72.9,72.9,0,72.9,0,72.9,0,72.9,0,72.9,0,73,-0.00137,73,-0.00137,73,-0.00137,53,0.375,48,0.519
234019,36.9,36.9,0,36.9,0,36.9,0,36.9,0,36.9,0,36.9,0,42,-0.121,42,-0.121,31,0.19,26,0.419
234020,231,231,0,231,0,231,0,231,0,231,0,218,0.0596,218,0.0596,185,0.249,145,0.593,114,1.03
234021,9,9,0,9,0,9,0,9,0,9,0,9,0,9,0,9,0,8,0.125,8,0.125
234022,10.5,10.5,0,10.5,0,10.5,0,10.5,0,10.5,0,10.5,0,10.5,0,10.5,0,8,0.312,8,0.312
234023,144,144,0,144,0,,,,,144,0,144,0,144,0,144,0,120,0.205,115,0.252
234024,,,,,,,,,,,,,,,,,,,,,
234025,118,118,0,118,0,118,0,118,0,94.4,0.25,118,0,118,0,118,0,105,0.124,95,0.242
234026,118,118,0,118,0,118,0,118,0,94.4,0.25,118,0,,,,,,,,
234029,,,,,,,,,,,,,,,,,,,,,
234042,183,183,0,183,0,183,0,183,0,137,0.333,183,0,183,0,183,0,,,147,0.245
234043,118,118,0,118,0,118,0,118,0,94.4,0.25,118,0,118,0,118,0,,,,
234044,118,118,0,118,0,118,0,118,0,94.4,0.25,118,0,118,0,118,0,105,0.124,95,0.242
234047,140,140,0,140,0,140,0,140,0,112,0.25,140,0,140,0,140,0,133,0.0526,123,0.138
234048,,,,,,,,,,,,,,,,,,,,,
234053,62,62,0,62,0,62,0,62,0,62,0,62,0,62,0,62,0,54,0.148,54,0.148
234054,,,,,,,,,,,,,,,,,,,,,
234055,72,72,0,72,0,72,0,72,0,72,0,72,0,72,0,72,0,62,0.161,62,0.161
234058,72,72,0,72,0,72,0,72,0,72,0,72,0,72,0,72,0,62,0.161,62,0.161
234060,83,83,0,83,0,83,0,83,0,83,0,83,0,83,0,83,0,69,0.203,67,0.239
234061,98,98,0,98,0,98,0,98,0,98,0,98,0,98,0,98,0,82.5,0.188,75,0.307
234062,98,98,0,98,0,98,0,98,0,98,0,98,0,98,0,98,0,82.5,0.188,75,0.307
234063,62,62,0,62,0,62,0,62,0,62,0,62,0,62,0,62,0,51.5,0.204,47,0.319
234064,78,78,0,78,0,78,0,78,0,78,0,78,0,78,0,78,0,64.9,0.202,59,0.322
234066,,,,,,,,,,,,,,,,,,,,,
234067,165,165,0,165,0,165,0,165,0,165,0,165,0,165,0,165,0,165,0,160,0.0312
234068,115,115,0,115,0,115,0,115,0,115,0,115,0,115,0,115,0,115,0,110,0.0455
234069,95,95,0,95,0,95,0,95,0,95,0,95,0,95,0,95,0,95,0,90,0.0556
234070,145,145,0,145,0,145,0,145,0,145,0,145,0,145,0,145,0,145,0,145,0
234071,100,100,0,100,0,100,0,100,0,100,0,,,,,,,100,0,95,0.0526
234072,,,,,,,,,,,,,,,,,,,,,
234073,105,105,0,105,0,105,0,105,0,105,0,105,0,105,0,105,0,105,0,100,0.05
234074,145,145,0,145,0,145,0,145,0,145,0,145,0,145,0,145,0,145,0,140,0.0357
234075,37.4,37.4,0,37.4,0,37.4,0,37.4,0,37.4,0,37.4,0,37.4,0,40.9,-0.0856,30.6,0.222,26.9,0.39
234076,38,38,0,38,0,38,0,38,0,38,0,38,0,39.5,-0.038,40.9,-0.0709,30.6,0.242,,
234077,,,,,,,,,,,,,,,,,,,,,
234480,27.5,27.5,0,27.5,0,27.5,0,27.5,0,27.5,0,27.5,0,27.5,0,27.5,0,26,0.0577,23,0.196
234481,27.5,27.5,0,27.5,0,27.5,0,27.5,0,27.5,0,27.5,0,27.5,0,27.5,0,26,0.0577,23.5,0.17
234591,,,,,,,,,,,,,,,,,,,,,
234923,37.5,37.5,0,37.5,0,37.5,0,37.5,0,37.5,0,37.5,0,37.5,0,43,-0.128,28.7,0.307,26,0.442
234931,37.5,37.5,0,37.5,0,37.5,0,37.5,0,37.5,0,37.5,0,37.5,0,43,-0.128,28.7,0.307,26,0.442
235013,148,148,0,148,0,148,0,148,0,148,0,148,0,148,0,148,0,98,0.508,81.7,0.809
235180,22.5,22.5,0,22.5,0,22.5,0,22.5,0,22.5,0,23.1,-0.026,23.1,-0.026,23.1,-0.026,22,0.0227,,
236415,,,,,,,,,,,,,,,,,,,,,
236896,45.5,45.5,0,45.5,0,45.5,0,45.5,0,45.5,0,45.5,0,45.5,0,45.5,0,38,0.197,34.5,0.319
236900,54,54,0,54,0,54,0,54,0,54,0,54,0,54,0,54,0,45,0.2,37.5,0.44
237124,,,,,,,,,,,,,,,,,,,,,
237171,31,31,0,31,0,31,0,31,0,31,0,31,0,,,,,,,26,0.192
237277,35,35,0,35,0,35,0,35,0,35,0,35,0,26,0.346,26,0.346,26,0.346,23,0.522
237507,27.4,27.4,0,27.4,0,27.4,0,27.4,0,27.4,0,27.4,0,27.4,0,27.4,0,22.8,0.202,21,0.305
238406,120,120,0,120,0,120,0,120,0,140,-0.143,140,-0.143,140,-0.143,140,-0.143,,,,
238481,42,42,0,,,,,42,0,42,0,42,0,42,0,42,0,35.6,0.18,35.6,0.18
238562,6,6,0,6,0,6,0,6,0,6,0,6,0,6,0,5,0.2,5,0.2,5,0.2
238570,6,6,0,6,0,6,0,6,0,6,0,6,0,6,0,5,0.2,5,0.2,5,0.2
238589,6,6,0,6,0,6,0,6,0,6,0,6,0,6,0,5,0.2,5,0.2,5,0.2
238619,20,20,0,20,0,20,0,20,0,20,0,20,0,20,0,20,0,16.9,0.183,16.9,0.183
238871,165,165,0,165,0,165,0,165,0,165,0,165,0,165,0,165,0,88,0.875,,
238873,125,125,0,125,0,125,0,125,0,125,0,125,0,125,0,,,,,,
238880,16.8,16.8,0,16.8,0,16.8,0,16.8,0,16.8,0,16.8,0,16.8,0,16.8,0,14.5,0.159,14.5,0.159
238945,26,26,0,26,0,26,0,26,0,26,0,26,0,26,0,26,0,23.6,0.102,23.6,0.102
239038,23,23,0,23,0,23,0,23,0,23,0,23,0,23,0,23,0,19.5,0.179,19.5,0.179
239062,24,24,0,24,0,24,0,24,0,24,0,24,0,24,0,24,0,19.8,0.212,19.8,0.212
239240,26,26,0,,,26,0,26,0,26,0,26,0,26,0,26,0,23.6,0.102,19.6,0.327
239259,24,24,0,24,0,24,0,24,0,24,0,24,0,24,0,24,0,20,0.2,20,0.2
240123,39.9,39.9,0,39.9,0,39.9,0,39.9,0,39.9,0,39.9,0,48,-0.169,48,-0.169,43,-0.0721,44,-0.0932
240453,,,,,,,,,,,,,,,,,,,,,
240464,,,,,,,,,,,,,,,,,,,,,
240533,,,,,,,,,,,,,,,,,,,,,
240535,56,56,0,,,56,0,56,0,,,,,56,0,56,0,,,56,0
240539,,,,,,,,,,,,,,,,,,,,,
240542,15,15,0,15,0,15,0,15,0,19,-0.211,17,-0.118,19.8,-0.242,19.8,-0.242,18,-0.167,15,0
240543,15,15,0,15,0,15,0,15,0,19,-0.211,17,-0.118,20.4,-0.265,19.8,-0.242,18,-0.167,15,0
240544,15,15,0,15,0,15,0,15,0,19,-0.211,17,-0.118,20.4,-0.265,19.8,-0.242,18,-0.167,15,0
240545,14.7,14.7,0,14.7,0,14.7,0,14.7,0,14.7,0,14.7,0,14.7,0,14.7,0,12.5,0.176,12.5,0.176
240546,21,,,21,0,21,0,21,0,21,0,17,0.235,21,0,21,0,19,0.105,19,0.105
240547,76,76,0,76,0,76,0,76,0,76,0,76,0,76,0,76,0,66,0.152,66,0.152
240548,20,20,0,20,0,20,0,20,0,20,0,,,,,20,0,20,0,20,0
240549,25,25,0,25,0,25,0,25,0,25,0,25,0,25,0,25,0,,,,
240550,6.6,6.6,0,6.6,0,6.6,0,6.6,0,6.6,0,6.6,0,6.6,0,6.6,0,,,,
240552,6.6,6.6,0,6.6,0,6.6,0,6.6,0,6.6,0,6.6,0,6.6,0,6.6,0,,,,
240554,17.9,17.9,0,17.9,0,17.9,0,17.9,0,17.9,0,12.5,0.432,18,-0.00556,18,-0.00556,15,0.193,15,0.193
240555,29,29,0,29,0,29,0,29,0,29,0,29,0,29,0,29,0,25,0.16,25,0.16
240556,,,,,,,,,,,,,,,,,,,,,
240557,,,,,,,,,,,,,,,,,,,,,
240558,102,102,0,102,0,102,0,102,0,102,0,102,0,102,0,102,0,,,,
240565,,,,,,,,,,,,,,,,,,,,,
240566,,,,,,,,,,,,,,,,,,,,,
240573,,,,,,,,,,,,,,,,,,,,,
240580,97,97,0,97,0,97,0,97,0,97,0,97,0,97,0,97,0,,,67,0.448
240581,,,,,,,,,,,,,,,,,,,,,
240582,102,102,0,102,0,102,0,102,0,102,0,102,0,,,,,,,,
240584,,,,,,,,,,,,,,,,,,,,,
240610,,,,,,,,,,,,,,,,,,,,,
240611,180,180,0,180,0,180,0,180,0,180,0,,,,,,,,,,
240614,,,,,,,,,,,,,,,,,,,,,
240615,20.9,20.9,0,20.9,0,20.9,0,20.9,0,20.9,0,20.9,0,,,20.6,0.0146,,,,
240616,26.8,26.8,0,26.8,0,,,26.8,0,,,,,,,26.2,0.0229,,,,
240617,,,,,,,,,,,,,,,,,,,,,
240618,39.9,39.9,0,39.9,0,39.9,0,39.9,0,39.9,0,,,,,39.9,0,31.2,0.279,,
240624,21.3,21.3,0,21.3,0,21.3,0,21.3,0,21.3,0,21.3,0,21,0.0143,21,0.0143,16.5,0.291,16.5,0.291
240625,21.3,21.3,0,21.3,0,21.3,0,21.3,0,21.3,0,21.3,0,21,0.0143,,,,,,
240626,29.5,29.5,0,,,,,29.5,0,29.5,0,29.5,0,29.5,0,29.5,0,21.5,0.372,21.5,0.372
240627,29.5,29.5,0,29.5,0,29.5,0,29.5,0,29.5,0,29.5,0,29.5,0,29.5,0,,,21.5,0.372
240628,,,,,,,,,,,,,,,,,,,,,
240632,10,10,0,10,0,10,0,10,0,24,-0.583,24,-0.583,24,-0.583,24,-0.583,18,-0.444,14.5,-0.31
240633,23.5,23.5,0,23.5,0,23.5,0,23.5,0,23.5,0,26,-0.0962,26,-0.0962,26,-0.0962,21,0.119,21,0.119
240634,23.5,23.5,0,23.5,0,23.5,0,23.5,0,23.5,0,26,-0.0962,26,-0.0962,26,-0.0962,22,0.0682,,
240635,55.9,55.9,0,55.9,0,55.9,0,55.9,0,55.9,0,60,-0.0683,60,-0.0683,60,-0.0683,46,0.215,,
240639,160,160,0,160,0,160,0,160,0,112,0.429,158,0.0127,158,0.0127,158,0.0127,,,,
240640,99,99,0,99,0,99,0,99,0,99,0,,,,,,,75,0.32,74,0.338
240641,42,42,0,,,,,,,,,48.8,-0.139,48.8,-0.139,48.8,-0.139,,,27.8,0.511
240642,,,,,,,,,,,,,,,,,,,,,
240644,,,,,,,,,,,,,,,,,,,,,
240646,83.4,83.4,0,83.4,0,83.4,0,87.5,-0.0469,87.5,-0.0469,87.5,-0.0469,87.5,-0.0469,98.3,-0.152,76,0.0974,68.5,0.218
240647,39.3,39.3,0,,,,,,,,,,,,,,,,,22,0.786
240649,,,,,,,,,,,,,,,,,,,,,
240650,83.4,83.4,0,83.4,0,83.4,0,87.5,-0.0469,87.5,-0.0469,87.5,-0.0469,,,98.3,-0.152,76.5,0.0902,,
240651,92.4,92.4,0,92.4,0,92.4,0,92.4,0,92.4,0,92.4,0,92.4,0,99,-0.0667,64.6,0.43,69.9,0.322
240653,19.4,19.4,0,19.4,0,19.4,0,19.4,0,19.4,0,19.4,0,19.4,0,19.4,0,,,,
240654,11.2,11.2,0,11.2,0,11.2,0,11.2,0,11.2,0,11.2,0,11.2,0,11.2,0,,,,
240663,86.9,86.9,0,86.9,0,86.9,0,86.9,0,86.9,0,87,-0.00115,87,-0.00115,87,-0.00115,68,0.278,,
240665,,,,,,,,,,,,,,,,,,,,,
240667,,,,,,,,,,,,,,,,,,,,,
240674,188,188,0,188,0,188,0,188,0,188,0,188,0,208,-0.0938,,,,,,
240675,202,202,0,202,0,202,0,202,0,202,0,202,0,228,-0.114,,,,,,
240676,107,107,0,107,0,107,0,107,0,107,0,107,0,117,-0.0889,,,84.5,0.262,69,0.545
240677,107,107,0,107,0,107,0,107,0,107,0,107,0,117,-0.0889,,,,,,
240678,,,,,,,,,,,,,,,,,,,,,
240679,,,,,,,,,,,,,,,,,,,,,
240682,,,,,,,,,,,,,,,,,,,,,
240685,14.6,14.6,0,14.6,0,,,14.6,0,14.6,0,14.6,0,14.6,0,14.1,0.0355,,,,
240686,99.9,99.9,0,99.9,0,99.9,0,99.9,0,99.9,0,99.9,0,99.9,0,99.9,0,74.9,0.334,,
240688,88.9,88.9,0,88.9,0,,,88.9,0,71.1,0.25,88.9,0,88.9,0,88.9,0,,,85.9,0.0349
240689,64.9,64.9,0,64.9,0,64.9,0,64.9,0,51.9,0.25,64.9,0,64.9,0,64.9,0,,,50.9,0.275
240690,28.8,28.8,0,28.8,0,28.8,0,28.8,0,28.8,0,28.8,0,,,27.5,0.0473,,,,
240691,28.8,28.8,0,28.8,0,,,28.8,0,28.8,0,28.8,0,28.8,0,27.5,0.0473,,,,
240693,21,21,0,21,0,21,0,21,0,21,0,21,0,21,0,17.5,0.2,17.5,0.2,15.5,0.355
240694,61,61,0,61,0,61,0,61,0,61,0,,,61,0,,,,,36,0.694
240695,28,28,0,28,0,28,0,28,0,28,0,28,0,28,0,28,0,,,16,0.75
240696,90,90,0,90,0,90,0,,,,,,,75,0.2,75,0.2,75,0.2,,
240697,90,90,0,90,0,90,0,,,,,75,0.2,75,0.2,75,0.2,,,,
240698,50,50,0,50,0,50,0,50,0,62,-0.194,62,-0.194,62,-0.194,62,-0.194,40,0.25,,
240700,78,78,0,78,0,78,0,78,0,78,0,78,0,78,0,,,,,,
240701,78,78,0,78,0,,,78,0,78,0,78,0,78,0,,,,,,
240704,78,78,0,78,0,78,0,78,0,78,0,78,0,78,0,78,0,68,0.147,66,0.182
240705,78,78,0,78,0,78,0,78,0,78,0,78,0,78,0,78,0,,,,
240706,78,78,0,78,0,78,0,78,0,78,0,78,0,78,0,,,,,,
240707,78,78,0,78,0,78,0,78,0,78,0,78,0,78,0,78,0,68,0.147,,
240708,78,78,0,78,0,78,0,78,0,78,0,78,0,78,0,78,0,68,0.147,,
240720,,,,,,,,,,,,,,,,,,,,,
240721,,,,,,,,,,,,,,,,,,,,,
240722,,,,,,,,,,,,,,,,,,,,,
240723,,,,,,,,,,,,,,,,,,,,,
240724,26.4,26.4,0,26.4,0,26.4,0,,,,,,,,,,,20,0.32,,
240726,,,,,,,,,,,,,,,,,,,,,
240735,,,,,,,,,,,,,,,,,,,,,
240736,14,14,0,14,0,,,,,14,0,,,,,,,,,,
240738,14,14,0,14,0,14,0,14,0,14,0,14,0,,,,,,,,
240739,,,,,,,,,,,,,,,,,,,,,
240741,55.7,55.7,0,55.7,0,55.7,0,55.7,0,55.7,0,55.7,0,55.7,0,55.7,0,38.3,0.454,,
240742,85,85,0,85,0,85,0,85,0,,,,,112,-0.242,,,,,,
240743,85,85,0,85,0,85,0,85,0,85,0,112,-0.242,112,-0.242,106,-0.2,,,,
240744,6.6,6.6,0,6.6,0,6.6,0,6.6,0,6.6,0,6.6,0,6.6,0,6.6,0,,,,
240746,11.2,11.2,0,11.2,0,11.2,0,11.2,0,11.2,0,11.2,0,11.2,0,11.2,0,,,,
240747,4.5,4.5,0,4.5,0,4.5,0,4.5,0,4.5,0,4.5,0,4.5,0,4.5,0,,,,
240748,4.5,4.5,0,4.5,0,4.5,0,4.5,0,4.5,0,4.5,0,4.5,0,4.5,0,,,,
240749,39.9,39.9,0,39.9,0,39.9,0,39.9,0,39.9,0,45,-0.113,45,-0.113,45,-0.113,38,0.05,,
240750,93.9,93.9,0,93.9,0,93.9,0,93.9,0,93.9,0,99,-0.0515,99,-0.0515,99,-0.0515,82,0.145,,
240751,93.9,93.9,0,93.9,0,93.9,0,93.9,0,93.9,0,99,-0.0515,99,-0.0515,,,82,0.145,,
240754,,,,,,,,,,,,,,,,,,,,,
240755,25,25,0,25,0,25,0,25,0,25,0,25,0,25,0,25,0,17.5,0.429,,
240756,25,25,0,25,0,25,0,25,0,25,0,25,0,25,0,25,0,17.5,0.429,,
240757,,,,,,,,,,,,,,,,,,,,,
240759,,,,,,,,,,,,,,,,,,,,,
240762,,,,,,,,,,,,,,,,,,,,,
240763,,,,,,,,,,,,,,,,,,,,,
240769,15.9,15.9,0,15.9,0,15.9,0,15.9,0,15.9,0,15.9,0,15.9,0,,,,,,
240771,27,27,0,27,0,27,0,27,0,27,0,27,0,31.9,-0.154,29,-0.069,22,0.227,,
240773,31.9,31.9,0,31.9,0,31.9,0,31.9,0,33.9,-0.059,39.5,-0.192,39.5,-0.192,36,-0.114,,,,
240774,31.9,31.9,0,31.9,0,31.9,0,31.9,0,39.5,-0.192,39.5,-0.192,39.5,-0.192,36,-0.114,,,,
240775,15,15,0,15,0,15,0,15,0,18.2,-0.176,18.2,-0.176,18.2,-0.176,18.2,-0.176,13,0.154,,
240776,12,12,0,12,0,12,0,12,0,12,0,12,0,12,0,12,0,9.5,0.263,,
240793,15.9,15.9,0,15.9,0,15.9,0,15.9,0,15.9,0,12.9,0.233,15.9,0,,,,,,
240794,26.2,26.2,0,26.2,0,26.2,0,26.2,0,26.2,0,23,0.139,26,0.00769,,,,,,
240804,38.7,38.7,0,38.7,0,38.7,0,38.7,0,38.7,0,31,0.248,38.8,-0.00258,,,,,,
240805,38.7,38.7,0,38.7,0,,,,,32.9,0.176,31,0.248,38.8,-0.00258,37.5,0.032,,,,
240806,38.7,38.7,0,38.7,0,38.7,0,38.7,0,38.7,0,31,0.248,38.8,-0.00258,38.5,0.00519,,,,
240807,17.2,17.2,0,17.2,0,17.2,0,17.2,0,15.1,0.139,17.3,-0.00578,17.3,-0.00578,,,,,,
240808,17.2,17.2,0,17.2,0,17.2,0,17.2,0,17.2,0,15.5,0.11,17.3,-0.00578,,,,,,
240809,17.3,17.3,0,17.3,0,17.3,0,17.3,0,17.3,0,17.3,0,,,,,,,,
240813,45.2,45.2,0,45.2,0,45.2,0,45.2,0,45.2,0,42,0.0762,46.5,-0.028,,,,,,
240814,29.4,29.4,0,29.4,0,29.4,0,29.4,0,29.4,0,28,0.05,32.9,-0.106,,,,,,
240817,,,,,,,,,,,,,,,,,,,,,
240838,62,62,0,62,0,62,0,62,0,62,0,62,0,,,,,54,0.148,,
240841,,,,,,,,,,,,,,,,,,,,,
240844,,,,,,,,,,,,,,,,,,,,,
240845,12.8,12.8,0,12.8,0,12.8,0,12.8,0,12.8,0,12.8,0,12.8,0,10.2,0.255,,,,
240846,20.4,20.4,0,20.4,0,20.4,0,20.4,0,,,,,,,,,,,,
240847,40.8,40.8,0,40.8,0,40.8,0,40.8,0,40.8,0,40.8,0,40.8,0,29.3,0.392,,,,
240848,25,25,0,,,25,0,25,0,36,-0.306,35,-0.286,36.4,-0.313,36.4,-0.313,24.8,0.00806,,
240849,24,24,0,24,0,24,0,24,0,24,0,24,0,24,0,24,0,18.5,0.297,,
240850,3.7,3.7,0,3.7,0,3.7,0,3.7,0,3.7,0,3.7,0,3.7,0,3.7,0,3.7,0,3.2,0.156
240851,,,,,,,,,,,,,,,,,,,,,
240853,29,29,0,29,0,29,0,29,0,29,0,29,0,29,0,29,0,,,,
240855,,,,,,,,,,,,,,,,,,,,,
240856,99,99,0,99,0,99,0,99,0,,,,,,,,,,,,
240863,233,233,0,233,0,233,0,233,0,,,,,234,-0.00171,,,,,,
240864,233,233,0,233,0,233,0,233,0,,,,,,,,,,,,
240890,37.5,37.5,0,37.5,0,37.5,0,37.5,0,37.5,0,,,,,,,,,,
240893,13.9,13.9,0,13.9,0,13.9,0,13.9,0,13.9,0,,,,,,,,,,
240896,,,,,,,,,,,,,,,,,,,,,
240897,,,,,,,,,,,,,,,,,,,,,
240898,19.9,19.9,0,19.9,0,19.9,0,19.9,0,19.9,0,16.3,0.221,16.3,0.221,20,-0.005,14.3,0.392,,
240900,138,138,0,138,0,138,0,138,0,104,0.333,138,0,138,0,138,0,,,,
240901,266,266,0,266,0,266,0,266,0,200,0.333,266,0,266,0,266,0,240,0.108,,
240970,,,,,,,,,,,,,,,,,,,,,
241172,11.1,11.1,0,11.1,0,11.1,0,11.1,0,11.1,0,11.1,0,11.1,0,11.1,0,10.5,0.0571,10.5,0.0571
241771,,,,,,,,,,,,,,,,,,,,,
241806,130,130,0,130,0,130,0,130,0,130,0,130,0,120,0.0834,120,0.0834,84.9,0.53,84.9,0.53
241822,,,,,,,,,,,,,,,,,,,,,
242136,,,,,,,,,,,,,,,,,,,,,
242164,19.5,19.5,0,19.5,0,19.5,0,19.5,0,19.5,0,19.5,0,19.5,0,19.5,0,13.5,0.444,13.5,0.444
242166,108,108,0,108,0,108,0,108,0,108,0,108,0,108,0,108,0,74.9,0.442,69,0.565
242210,,,,,,,,,,,,,,,,,,,,,
242330,39,39,0,39,0,39,0,39,0,36.9,0.0569,36.9,0.0569,36.9,0.0569,36.9,0.0569,34.9,0.117,34.9,0.117
242438,29.9,29.9,0,29.9,0,29.9,0,29.9,0,29.9,0,29.9,0,34,-0.121,,,,,,
243540,19.5,19.5,0,19.5,0,19.5,0,19.5,0,19.5,0,22,-0.114,29,-0.328,27,-0.278,23.5,-0.17,17.5,0.114
243850,6.3,6.3,0,6.3,0,6.3,0,6.3,0,6.3,0,6.3,0,6.3,0,6,0.05,5.5,0.145,5.5,0.145
243930,16,16,0,16,0,16,0,16,0,16,0,16,0,16,0,15.7,0.0191,14.5,0.103,14.5,0.103
244198,21,21,0,21,0,21,0,21,0,21,0,21,0,21,0,21,0,21,0,21,0
244201,14,14,0,14,0,14,0,14,0,14,0,14,0,14,0,14,0,14,0,14,0
244210,7,7,0,7,0,7,0,7,0,7,0,7,0,7,0,7,0,7,0,7,0
244223,,,,,,,,,,,,,,,,,,,,,
244279,,,,,,,,,,,,,,,,,,,,,
244309,45.3,45.3,0,45.3,0,45.3,0,45.3,0,45.3,0,45.3,0,45.3,0,40,0.132,31,0.461,31,0.461
244373,,,,,,,,,,,,,,,,,,,,,
244376,33,33,0,33,0,33,0,33,0,33,0,33,0,33,0,33,0,33,0,33,0
244523,,,,,,,,,,,,,,,,,,,,,
244775,3.9,3.9,0,3.9,0,3.9,0,3.9,0,3.9,0,3.9,0,3.9,0,3.9,0,3.9,0,3,0.3
244791,166,166,0,166,0,166,0,166,0,166,0,158,0.054,158,0.054,154,0.0779,130,0.277,95.5,0.738
244937,,,,,,,,,,,,,,,,,,,,,
244953,69.5,69.5,0,69.5,0,69.5,0,69.5,0,69.5,0,69.5,0,69.5,0,62,0.121,53,0.311,53,0.311
244961,89,89,0,89,0,89,0,89,0,89,0,89,0,89,0,75.5,0.179,66,0.348,66,0.348
245021,52,52,0,52,0,52,0,52,0,52,0,52,0,38.8,0.34,,,38.8,0.34,33.9,0.534
245100,,,,,,,,,,,,,,,,,,,,,
245560,,,,,,,,,,,,,,,,,,,,,
245790,12,12,0,12,0,12,0,12,0,12,0,12,0,12,0,12,0,12.5,-0.04,12.5,-0.04
245791,12,12,0,12,0,12,0,12,0,12,0,12,0,,,12,0,12.5,-0.04,12.5,-0.04
245792,16,16,0,16,0,16,0,16,0,16,0,13.9,0.151,15.4,0.039,15.4,0.039,14.5,0.103,14.5,0.103
245793,17.1,17.1,0,17.1,0,17.1,0,17.1,0,17.1,0,17.1,0,17.1,0,17.1,0,16.5,0.0364,16.5,0.0364
245794,30.8,30.8,0,,,30.8,0,30.8,0,30.8,0,30.8,0,30.8,0,30.8,0,31,-0.00645,,
245796,15,15,0,15,0,15,0,15,0,15,0,15,0,15,0,14.3,0.049,13.5,0.111,13.5,0.111
245797,15,15,0,15,0,15,0,15,0,15,0,15,0,15,0,14.3,0.049,13.5,0.111,13.5,0.111
245799,,,,,,,,,,,,,,,,,,,,,
246120,,,,,,,,,,,,,,,,,,,,,
248482,,,,,,,,,,,,,,,,,,,,,
248483,16.7,16.7,0,16.7,0,16.7,0,16.7,0,16.7,0,16.7,0,16.7,0,16,0.0437,16,0.0437,16,0.0437
248780,26.4,26.4,0,26.4,0,26.4,0,26.4,0,26.4,0,26.4,0,,,24.5,0.0776,,,,
248781,21.4,21.4,0,21.4,0,21.4,0,21.4,0,21.4,0,21.4,0,21.4,0,20,0.07,,,,
248908,10.5,10.5,0,10.5,0,10.5,0,10.5,0,10.5,0,10.5,0,10.5,0,10.5,0,10.5,0,10,0.05
249002,13.2,13.2,0,13.2,0,13.2,0,13.2,0,13.2,0,13.2,0,13.2,0,,,,,,
249003,8,8,0,8,0,8,0,8,0,9,-0.111,9,-0.111,9,-0.111,9,-0.111,,,,
249004,8,8,0,8,0,8,0,8,0,8,0,8,0,8,0,7,0.143,,,,
249005,,,,,,,,,,,,,,,,,,,,,
249006,,,,,,,,,,,,,,,,,,,,,
249007,,,,,,,,,,,,,,,,,,,,,
249008,,,,,,,,,,,,,,,,,,,,,
249010,,,,,,,,,,,,,,,,,,,,,
249011,28,28,0,28,0,28,0,28,0,28,0,25,0.12,28,0,28,0,22,0.273,,
249012,40.5,40.5,0,40.5,0,40.5,0,40.5,0,53.9,-0.249,44.9,-0.098,,,59.9,-0.324,,,,
249013,26.9,26.9,0,26.9,0,26.9,0,26.9,0,26.9,0,20,0.345,26.9,0,26.9,0,19.9,0.352,,
249014,26.9,26.9,0,26.9,0,26.9,0,26.9,0,26.9,0,20,0.345,26.9,0,,,,,,
249026,243,243,0,243,0,243,0,243,0,182,0.335,243,0,,,243,0,,,,
249027,243,243,0,243,0,,,,,182,0.333,243,0,243,0,243,0,,,,
249028,,,,,,,,,,,,,,,,,,,,,
249029,45.6,45.6,0,45.6,0,45.6,0,45.6,0,45.6,0,45.6,0,45.6,0,45.6,0,36,0.267,,
249030,77.5,77.5,0,77.5,0,77.5,0,77.5,0,77.5,0,77.5,0,,,77.5,0,,,,
249031,143,143,0,143,0,143,0,143,0,143,0,143,0,143,0,143,0,113,0.268,,
249032,45.6,45.6,0,45.6,0,45.6,0,45.6,0,45.6,0,45.6,0,45.6,0,45.6,0,36,0.267,,
249034,,,,,,,,,,,,,,,,,,,,,
249036,,,,,,,,,,,,,,,,,,,,,
249037,99.8,99.8,0,99.8,0,99.8,0,,,99.8,0,,,,,,,,,,
249039,,,,,,,,,,,,,,,,,,,,,
249040,58.6,58.6,0,58.6,0,58.6,0,58.6,0,58.6,0,,,,,,,,,,
249043,42.1,42.1,0,42.1,0,42.1,0,42.1,0,42.1,0,42.1,0,42.1,0,,,,,,
249045,42.1,42.1,0,42.1,0,42.1,0,42.1,0,42.1,0,42.1,0,42.1,0,,,,,,
249046,40.3,40.3,0,40.3,0,40.3,0,40.3,0,40.3,0,40.3,0,40.3,0,,,,,,
249047,45.4,45.4,0,45.4,0,45.4,0,45.4,0,45.4,0,45.4,0,45.4,0,,,,,,
249048,,,,,,,,,,,,,,,,,,,,,
249049,40.6,40.6,0,40.6,0,40.6,0,40.6,0,40.6,0,40.6,0,40.6,0,,,,,,
249052,,,,,,,,,,,,,,,,,,,,,
249053,77.3,77.3,0,77.3,0,77.3,0,77.3,0,77.3,0,77.3,0,77.3,0,,,,,,
249058,,,,,,,,,,,,,,,,,,,,,
249064,49.9,49.9,0,49.9,0,49.9,0,49.9,0,49.9,0,49.9,0,49.9,0,,,,,,
249319,95.5,95.5,0,95.5,0,95.5,0,95.5,0,95.5,0,95.5,0,95.5,0,81.5,0.172,73.5,0.299,58,0.647
249394,95.5,95.5,0,95.5,0,95.5,0,95.5,0,,,,,,,,,73,0.308,58,0.647
249793,73.8,73.8,0,73.8,0,73.8,0,73.8,0,73.8,0,73.8,0,75.3,-0.0199,90.5,-0.185,64.6,0.142,44.5,0.658
249807,150,150,0,150,0,150,0,150,0,150,0,150,0,150,-0.00133,184,-0.184,131,0.144,120,0.251
249859,,,,,,,,,,,,,,,,,,,,,
249971,55,55,0,55,0,55,0,55,0,55,0,55,0,55,0,55,0,48.9,0.125,45.9,0.198
249998,,,,,,,,,,,,,,,,,,,,,
250506,18,18,0,,,18,0,18,0,19,-0.0526,23.9,-0.247,23.9,-0.247,23.9,-0.247,15.2,0.184,13.9,0.295
250517,31.2,31.2,0,31.2,0,31.2,0,31.2,0,26.5,0.177,,,,,31.3,-0.00319,,,,
250524,18.9,18.9,0,18.9,0,,,,,18.9,0,,,,,15.9,0.189,14,0.35,14,0.35
250525,18.9,18.9,0,18.9,0,,,,,,,,,,,15.9,0.189,14,0.35,14,0.35
250526,18.9,18.9,0,18.9,0,,,,,,,,,,,15.9,0.189,14,0.35,14,0.35
250550,14.5,14.5,0,14.5,0,14.5,0,14.5,0,14.5,0,14.5,0,14.5,0,,,,,,
250590,,,,,,,,,,,,,,,,,,,,,
250592,10.5,10.5,0,10.5,0,10.5,0,10.5,0,16,-0.344,16,-0.344,16,-0.344,14.5,-0.276,10.5,0,,
250605,,,,,,,,,,,,,,,,,,,,,
250607,,,,,,,,,,,,,,,,,,,,,
250608,,,,,,,,,,,,,,,,,,,,,
250681,80,80,0,80,0,80,0,80,0,80,0,80,0,80,0,80,0,69,0.159,65,0.231
250732,62.9,62.9,0,62.9,0,,,62.9,0,62.9,0,,,,,,,,,,
251055,15.9,15.9,0,15.9,0,15.9,0,15.9,0,15.9,0,15.9,0,15.9,0,15.9,0,15.9,0,15.9,0
251056,,,,,,,,,,,,,,,,,,,,,
251057,15.9,15.9,0,15.9,0,15.9,0,15.9,0,15.9,0,15.9,0,15.9,0,15.9,0,15.9,0,15.9,0
251059,,,,,,,,,,,,,,,,,,,,,
251060,15.9,15.9,0,15.9,0,15.9,0,15.9,0,15.9,0,15.9,0,15.9,0,15.9,0,15.9,0,15.9,0
251111,15,15,0,15,0,15,0,15,0,21,-0.286,17,-0.118,21,-0.286,21,-0.286,18,-0.167,18,-0.167
251112,14.7,14.7,0,14.7,0,14.7,0,14.7,0,14.7,0,14.7,0,14.7,0,14.7,0,12.6,0.167,12.6,0.167
251113,15,15,0,15,0,15,0,15,0,21,-0.286,17,-0.118,21,-0.286,21,-0.286,18,-0.167,18,-0.167
251114,14.7,14.7,0,14.7,0,14.7,0,14.7,0,14.7,0,14.7,0,14.7,0,14.7,0,12.6,0.167,12.6,0.167
251115,15,15,0,15,0,15,0,15,0,21,-0.286,17,-0.118,21,-0.286,21,-0.286,18,-0.167,18,-0.167
251116,14.7,14.7,0,14.7,0,14.7,0,14.7,0,14.7,0,14.7,0,14.7,0,14.7,0,12.5,0.176,12.5,0.176
251117,10,10,0,10,0,10,0,10,0,10,0,8,0.25,10,0,10,0,6.7,0.493,6.7,0.493
251450,17.8,17.8,0,17.8,0,17.8,0,17.8,0,17.8,0,,,17.8,0,17.8,0,12.5,0.424,11,0.618
251451,34.3,34.3,0,34.3,0,34.3,0,34.3,0,34.3,0,34.3,0,34.3,0,34.3,0,24.3,0.412,21.5,0.595
251770,58,58,0,58,0,58,0,58,0,58,0,58,0,58,0,51.5,0.126,47.5,0.221,47.5,0.221
251775,6,6,0,6,0,6,0,6,0,6,0,6,0,6,0,6,0,,,4.8,0.25
251984,8,8,0,8,0,8,0,8,0,8,0,8,0,8,0,6.9,0.159,6,0.333,6,0.333
252011,,,,,,,,,,,,,,,,,,,,,
252013,42,42,0,42,0,42,0,42,0,42,0,42,0,,,42,0,34,0.235,32,0.312
252014,42,42,0,42,0,42,0,42,0,42,0,,,42,0,,,34,0.235,32,0.312
252015,42,42,0,42,0,42,0,42,0,42,0,,,42,0,42,0,34,0.235,32,0.312
252016,42,42,0,42,0,42,0,42,0,42,0,42,0,,,42,0,34,0.235,32,0.312
252019,42,42,0,42,0,42,0,42,0,42,0,42,0,42,0,42,0,34,0.235,32,0.312
252022,42,42,0,42,0,42,0,42,0,42,0,42,0,42,0,42,0,34,0.235,32,0.312
252024,42,42,0,42,0,42,0,42,0,42,0,42,0,42,0,42,0,34,0.235,32,0.312
252025,42,42,0,42,0,42,0,42,0,42,0,42,0,42,0,42,0,34,0.235,32,0.312
252027,42,42,0,42,0,42,0,42,0,42,0,42,0,42,0,42,0,34,0.235,32,0.312
252031,75,75,0,75,0,75,0,75,0,75,0,75,0,75,0,75,0,65,0.154,62,0.21
252247,,,,,,,,,,,,,,,,,,,,,
252492,,,,,,,,,,,,,,,,,,,,,
252506,,,,,,,,,,,,,,,,,,,,,
252718,74,74,0,74,0,74,0,74,0,74,0,74,0,74,0,74,0,79.9,-0.0738,79.9,-0.0738
252976,,,,,,,,,,,,,,,,,,,,,
253020,,,,,,,,,,,,,,,,,,,,,
253110,138,138,0,138,0,138,0,138,0,104,0.333,,,138,0,138,0,121,0.14,110,0.255
253365,58.8,58.8,0,58.8,0,58.8,0,58.8,0,58.8,0,58.8,0,58.8,0,58.8,0,58.8,0,61.1,-0.0376
253634,27.5,27.5,0,27.5,0,27.5,0,27.5,0,27.5,0,27.5,0,27.5,0,27.5,0,20,0.375,20,0.375
253707,,,,,,,,,,,,,,,,,,,,,
253774,23.5,23.5,0,23.5,0,23.5,0,23.5,0,23.5,0,22,0.0682,22,0.0682,20,0.175,19.5,0.205,19.5,0.205
253804,20,20,0,20,0,20,0,20,0,20,0,20,0,20,0,20,0,20,0,19,0.0526
253871,17.5,17.5,0,17.5,0,17.5,0,17.5,0,17.5,0,17.5,0,17.5,0,17.5,0,10,0.75,10,0.75
253936,17.5,17.5,0,17.5,0,17.5,0,17.5,0,17.5,0,17.5,0,17.5,0,17.5,0,10,0.75,10,0.75
254130,38.5,38.5,0,38.5,0,,,38.5,0,38.5,0,38.5,0,37.5,0.0267,33.5,0.149,33.5,0.149,33.5,0.149
254161,4.9,4.9,0,4.9,0,4.9,0,4.9,0,4.9,0,5,-0.02,5,-0.02,4,0.225,4,0.225,3,0.633
254162,10,10,0,10,0,10,0,10,0,10,0,10,0,10,0,9,0.111,8,0.25,8,0.25
254163,7.9,7.9,0,7.9,0,7.9,0,7.9,0,7.9,0,8.5,-0.0706,8.5,-0.0706,8,-0.0125,,,,
254164,7.9,7.9,0,7.9,0,7.9,0,7.9,0,7.9,0,8.5,-0.0706,8.5,-0.0706,8,-0.0125,7,0.129,6.3,0.254
254165,7.9,7.9,0,7.9,0,7.9,0,7.9,0,7.9,0,8.5,-0.0706,8.5,-0.0706,8,-0.0125,7,0.129,6.3,0.254
254166,5,5,0,5,0,5,0,5,0,5,0,5,0,5,0,5,0,,,,
254665,,,,,,,,,,,,,,,,,,,,,
254983,,,,,,,,,,,,,,,,,,,,,
255023,85,85,0,85,0,85,0,85,0,85,0,85,0,85,0,78,0.0897,64,0.328,56,0.518
255026,57,57,0,57,0,57,0,57,0,57,0,57,0,57,0,52,0.0962,44,0.295,36,0.583
255092,,,,,,,,,,,,,,,,,,,,,
255106,,,,,,,,,,,,,,,,,,,,,
255220,192,192,0,192,0,192,0,192,0,,,230,-0.165,230,-0.165,230,-0.165,147,0.309,125,0.536
255416,,,,,,,,,,,,,,,,,,,,,
255620,120,120,0,120,0,120,0,120,0,120,0,120,0,120,0,91,0.319,,,,
255771,19.2,19.2,0,19.2,0,19.2,0,19.2,0,19.2,0,19.2,0,19.2,0,19.2,0,19.2,0,,
255780,,,,,,,,,,,,,,,,,,,,,
256099,40,40,0,40,0,40,0,40,0,45,-0.111,45,-0.111,48,-0.167,27.5,0.455,27.5,0.455,27.5,0.455
256102,22.5,22.5,0,22.5,0,22.5,0,22.5,0,22.5,0,22.5,0,,,13.3,0.692,13.3,0.692,13.3,0.692
256595,42.3,42.3,0,42.3,0,42.3,0,42.3,0,35,0.209,42.3,0,42.3,0,42.3,0,29.2,0.449,20.4,1.07
258873,,,,,,,,,,,,,,,,,,,,,
259050,24.2,24.2,0,24.2,0,24.2,0,24.2,0,24.2,0,24.2,0,24.2,0,24.2,0,,,,
259306,30,30,0,30,0,30,0,30,0,30,0,26,0.154,26,0.154,26,0.154,26,0.154,26,0.154
259454,10,10,0,10,0,10,0,10,0,10,0,10,0,10,0,10,0,10,0,10,0
259470,8.5,8.5,0,8.5,0,8.5,0,8.5,0,8.5,0,8.5,0,8.5,0,8.5,0,8.5,0,8.5,0
259667,8.5,8.5,0,8.5,0,8.5,0,8.5,0,8.5,0,8.5,0,8.5,0,8.5,0,8.5,0,8.5,0
259675,61.8,61.8,0,61.8,0,61.8,0,61.8,0,61.8,0,61.8,0,60.5,0.0215,60.5,0.0215,58.5,0.0564,58,0.0655
259691,123,123,0,123,0,123,0,123,0,123,0,120,0.0318,112,0.102,,,99.3,0.243,93,0.327
259705,13.5,13.5,0,13.5,0,13.5,0,13.5,0,13.5,0,13.5,0,13.5,0,13.5,0,10.5,0.286,10.5,0.286
260152,19,19,0,19,0,19,0,19,0,19,0,19,0,23,-0.174,26,-0.269,16.9,0.124,16.1,0.18
260187,27.5,27.5,0,27.5,0,27.5,0,27.5,0,27.5,0,27.5,0,27.5,0,27.5,0,27.5,0,27.5,0
260230,19,19,0,19,0,19,0,19,0,19,0,21,-0.0952,21,-0.0952,21,-0.0952,15.5,0.226,15,0.267
260305,265,265,0,265,0,265,0,265,0,265,0,284,-0.0669,284,-0.0669,311,-0.147,217,0.223,189,0.405
260306,,,,,,,,,,,,,,,,,,,,,
260622,28.8,28.8,0,28.8,0,28.8,0,28.8,0,28.8,0,28.8,0,28.8,0,28.8,0,,,20,0.44
260630,,,,,,,,,,,,,,,,,,,,,
260711,,,,,,,,,,,,,,,,,,,,,
260820,99.5,99.5,0,99.5,0,99.5,0,99.5,0,99.5,0,99.4,0.00101,98,0.0153,99.4,0.00101,77,0.292,77,0.292
260890,15.9,15.9,0,15.9,0,15.9,0,15.9,0,15.9,0,15.9,0,15.9,0,17.5,-0.0914,13.4,0.187,12,0.325
261360,,,,,,,,,,,,,,,,,,,,,
261963,15.9,15.9,0,15.9,0,15.9,0,15.9,0,15.9,0,15.9,0,15.9,0,16.5,-0.0364,12.9,0.233,12.5,0.272
262512,136,136,0,136,0,136,0,,,136,0,,,,,,,107,0.271,95.5,0.424
262513,159,159,0,159,0,159,0,159,0,159,0,159,0,159,0,159,0,125,0.272,110,0.445
262514,159,159,0,159,0,159,0,159,0,159,0,159,0,159,0,159,0,125,0.272,110,0.445
262515,165,165,0,165,0,165,0,,,165,0,165,0,165,0,165,0,125,0.32,110,0.5
262516,165,165,0,165,0,165,0,165,0,165,0,165,0,165,0,165,0,125,0.32,110,0.5
263025,,,,,,,,,,,,,,,,,,,,,
263026,,,,,,,,,,,,,,,,,,,,,
263038,,,,,,,,,,,,,,,,,,,,,
263346,,,,,,,,,,,,,,,,,,,,,
263577,109,109,0,109,0,109,0,109,0,109,0,109,0,109,0,105,0.0381,106,0.0283,106,0.0283
263578,109,109,0,109,0,109,0,109,0,109,0,109,0,109,0,105,0.0381,106,0.0283,106,0.0283
263579,109,109,0,109,0,109,0,109,0,109,0,109,0,109,0,105,0.0381,106,0.0283,106,0.0283
263580,104,104,0,104,0,104,0,104,0,104,0,104,0,104,0,83.5,0.246,83.5,0.246,83.5,0.246
263581,104,104,0,104,0,104,0,104,0,104,0,104,0,104,0,98,0.0612,98,0.0612,98,0.0612
263582,104,104,0,104,0,104,0,104,0,104,0,104,0,104,0,98,0.0612,98,0.0612,98,0.0612
263737,15.9,15.9,0,15.9,0,15.9,0,15.9,0,15.9,0,15.9,0,15.9,0,17.5,-0.0914,13.4,0.187,12,0.325
264393,,,,,,,,,,,,,,,,,,,,,
264776,,,,,,,,,,,,,,,,,,,,,
264946,,,,,,,,,,,,,,,,,,,,,
264954,,,,,,,,,,,,,,,,,,,,,
264970,59,59,0,59,0,59,0,59,0,59,0,59,0,59,0,54,0.0926,45,0.311,42.9,0.375
265713,,,,,,,,,,,,,,,,,,,,,
265771,99,99,0,99,0,99,0,99,0,99,0,99,0,99,0,115,-0.139,,,,
265782,,,,,,,,,,,,,,,,,,,,,
266035,21.7,21.7,0,21.7,0,21.7,0,21.7,0,21.7,0,21.7,0,21.5,0.0093,21.7,0,18,0.206,17.2,0.262
266043,21.7,21.7,0,21.7,0,21.7,0,21.7,0,21.7,0,21.7,0,21.5,0.0093,21.7,0,18,0.206,17.2,0.262
266051,,,,,,,,,,,,,,,,,,,,,
266280,39.9,39.9,0,39.9,0,39.9,0,39.9,0,39.9,0,33.9,0.177,39.9,0,39.9,0,,,33.9,0.177
266469,,,,,,,,,,,,,,,,,,,,,
267341,,,,,,,,,,,,,,,,,,,,,
268160,42.5,42.5,0,42.5,0,42.5,0,42.5,0,42.5,0,42.5,0,42.5,0,42.5,0,31,0.371,28,0.518
268313,3.7,3.7,0,,,3.7,0,3.7,0,3.7,0,3.7,0,3.7,0,3.5,0.0571,3.5,0.0571,3.5,0.0571
268623,,,,,,,,,,,,,,,,,,,,,
269123,20,20,0,20,0,20,0,20,0,20,0,20,0,20,0,20,0,20,0,19,0.0526
269590,46,46,0,46,0,46,0,,,,,35,0.314,35,0.314,35,0.314,,,,
269877,125,125,0,125,0,125,0,125,0,125,0,125,0,125,0,125,0,125,0,125,0
269878,78.5,78.5,0,78.5,0,78.5,0,78.5,0,78.5,0,78.5,0,78.5,0,75,0.0467,75,0.0467,75,0.0467
269879,78.5,78.5,0,78.5,0,78.5,0,78.5,0,78.5,0,78.5,0,78.5,0,75,0.0467,75,0.0467,75,0.0467
270108,55.1,55.1,0,55.1,0,55.1,0,55.1,0,,,,,,,55.1,0,,,34,0.621
270227,9.5,9.5,0,9.5,0,9.5,0,9.5,0,9.5,0,,,10.8,-0.12,10.8,-0.12,10.8,-0.12,,
270377,,,,,,,,,,,,,,,,,,,,,
270450,18.5,18.5,0,18.5,0,18.5,0,18.5,0,18.5,0,23,-0.196,23,-0.196,23,-0.196,18.5,0,18.5,0
270454,25.5,25.5,0,25.5,0,25.5,0,25.5,0,25.5,0,25.5,0,25.5,0,25.5,0,20.9,0.22,20.5,0.244
270459,22.9,22.9,0,22.9,0,22.9,0,22.9,0,22.9,0,28.5,-0.196,28.5,-0.196,28.5,-0.196,22.5,0.0178,22.5,0.0178
270474,56.9,56.9,0,56.9,0,56.9,0,,,,,56.9,0,56.9,0,56.9,0,49.9,0.14,49.9,0.14
270482,10,10,0,10,0,10,0,,,10,0,10,0,,,,,8.3,0.205,,
270830,10,10,0,10,0,10,0,10,0,10,0,10,0,10,0,7,0.429,5.7,0.754,5.7,0.754
270997,,,,,,,,,,,,,,,,,,,,,
271616,15,15,0,15,0,15,0,15,0,15,0,15,0,15,0,15,0,11.5,0.304,10,0.5
271624,13.8,13.8,0,13.8,0,13.8,0,13.8,0,13.8,0,13.8,0,13.8,0,13.8,0,10,0.38,9,0.533
271640,399,399,0,399,0,399,0,459,-0.131,459,-0.131,459,-0.131,459,-0.131,459,-0.131,359,0.111,265,0.506
271781,10.5,10.5,0,10.5,0,10.5,0,10.5,0,,,,,,,,,7.6,0.382,6.9,0.522
271815,10.5,10.5,0,10.5,0,10.5,0,,,10.5,0,,,,,8,0.312,7.6,0.382,6.9,0.522
271819,10.5,10.5,0,10.5,0,10.5,0,10.5,0,10.5,0,,,,,,,7.6,0.382,6.9,0.522
272051,,,,,,,,,,,,,,,,,,,,,
272515,29.9,29.9,0,29.9,0,29.9,0,29.9,0,29.9,0,29.9,0,29.9,0,29.9,0,29.9,0,29.9,0
272922,49,49,0,49,0,49,0,49,0,42.9,0.142,42.9,0.142,42.9,0.142,42.9,0.142,,,,
274011,,,,,,,,,,,,,,,,,,,,,
274020,,,,,,,,,,,,,,,,,,,,,
274798,,,,,,,,,,,,,,,,,,,,,
275417,,,,,,,,,,,,,,,,,,,,,
275522,,,,,,,,,,,,,,,,,,,,,
275700,26.5,26.5,0,26.5,0,26.5,0,26.5,0,26.5,0,26.5,0,26.5,0,26.5,0,19.9,0.332,19.9,0.332
276162,105,105,0,105,0,105,0,105,0,125,-0.16,125,-0.16,125,-0.16,125,-0.16,95,0.105,92,0.141
276371,70.4,70.4,0,70.4,0,70.4,0,70.4,0,70.4,0,70.4,0,70.4,0,70.4,0,54,0.304,48,0.467
276372,,,,,,,,,,,,,,,,,,,,,
277810,7,7,0,7,0,7,0,7,0,7,0,7,0,7,0,7,0,7,0,7,0
277811,7,7,0,7,0,7,0,7,0,7,0,7,0,7,0,7,0,7,0,7,0
277815,7,7,0,7,0,7,0,7,0,7,0,7,0,7,0,7,0,7,0,7,0
277971,162,162,0,162,0,162,0,162,0,162,0,162,0,162,0,162,0,125,0.296,119,0.361
278726,,,,,,,,,,,,,,,,,,,,,
278789,,,,,,,,,,,,,,,,,,,,,
279021,205,205,0,205,0,205,0,205,0,205,0,205,0,205,0,205,0,138,0.486,115,0.783
280512,20,20,0,20,0,20,0,20,0,20,0,27.1,-0.262,27.1,-0.262,27.1,-0.262,16.6,0.205,16.1,0.242
281077,112,112,0,112,0,112,0,112,0,112,0,112,0,112,0,112,0,59.9,0.878,56,1.01
281703,13.5,13.5,0,13.5,0,13.5,0,13.5,0,13.5,0,13.5,0,,,13.5,0,11.8,0.144,11.8,0.144
281715,,,,,,,,,,,,,,,,,,,,,
282021,55.2,55.2,0,55.2,0,55.2,0,55.2,0,55.2,0,55.2,0,61.8,-0.107,61.8,-0.107,42.9,0.287,40.3,0.37
282023,55.2,55.2,0,55.2,0,55.2,0,55.2,0,55.2,0,55.2,0,61.8,-0.107,61.8,-0.107,42.9,0.287,40.3,0.37
282024,67.6,67.6,0,67.6,0,67.6,0,67.6,0,67.6,0,67.6,0,78,-0.133,78,-0.133,52,0.3,,
282029,55.9,55.9,0,55.9,0,55.9,0,55.9,0,55.9,0,55.9,0,65,-0.14,65,-0.14,45.5,0.229,36.4,0.536
282037,68.9,68.9,0,68.9,0,68.9,0,,,,,68.9,0,72.8,-0.0536,72.8,-0.0536,58.5,0.178,45.8,0.504
282039,44.8,44.8,0,44.8,0,44.8,0,44.8,0,44.8,0,44.8,0,49.4,-0.0931,49.4,-0.0931,36.4,0.231,28.6,0.566
282040,26.9,26.9,0,26.9,0,26.9,0,26.9,0,26.9,0,26.9,0,28.6,-0.0594,28.6,-0.0594,22.9,0.175,18.1,0.486
282041,29,29,0,29,0,29,0,29,0,29,0,29,0,29,0,29,0,20,0.45,18.9,0.534
282043,29,29,0,29,0,29,0,29,0,29,0,29,0,29,0,29,0,20,0.45,,
282045,,,,,,,,,,,,,,,,,,,,,
282225,134,,,,,,,,,,,149,-0.0999,149,-0.0999,149,-0.0999,117,0.148,109,0.228
282625,99.5,99.5,0,99.5,0,99.5,0,99.5,0,99.5,0,99.4,0.00101,98,0.0153,99.4,0.00101,77,0.292,77,0.292
282642,15.5,15.5,0,15.5,0,15.5,0,15.5,0,15.5,0,15.5,0,15.5,0,17,-0.0882,11.5,0.348,9.6,0.615
282650,,,,,,,,,,,,,,,,,,,,,
282677,,,,,,,,,,,,,,,,,,,,,
283851,,,,,,,,,,,,,,,,,,,,,
283990,,,,,,,,,,,,,,,,,,,,,
283991,7.5,7.5,0,7.5,0,7.5,0,7.5,0,7.5,0,,,,,,,,,,
284084,15,15,0,15,0,15,0,18,-0.167,18,-0.167,15.5,-0.0323,18,-0.167,17.4,-0.138,13,0.154,,
284092,15,15,0,15,0,15,0,18,-0.167,18,-0.167,15.5,-0.0323,18,-0.167,17.4,-0.138,13,0.154,12,0.25
284107,15,15,0,15,0,15,0,18,-0.167,18,-0.167,15.5,-0.0323,18,-0.167,,,,,,
285110,,,,,,,,,,,,,,,,,,,,,
285307,45.5,45.5,0,45.5,0,45.5,0,45.5,0,45.5,0,45.5,0,45.5,0,45.5,0,38,0.197,34.5,0.319
286800,61,61,0,61,0,61,0,61,0,61,0,,,,,61,0,53,0.151,51,0.196
286818,61,61,0,61,0,61,0,61,0,61,0,61,0,61,0,61,0,53,0.151,51,0.196
286923,,,,,,,,,,,,,,,,,,,,,
287245,61,61,0,61,0,61,0,61,0,61,0,61,0,,,61,0,53,0.151,51,0.196
287300,61,61,0,61,0,61,0,61,0,61,0,61,0,61,0,61,0,53,0.151,51,0.196
287555,,,,,,,,,,,,,,,,,,,,,
288013,188,188,0,188,0,188,0,188,0,188,0,188,0,188,0,237,-0.207,150,0.253,140,0.344
288046,170,170,0,170,0,170,0,170,0,170,0,178,-0.0449,178,-0.0449,,,,,,
288098,14.5,14.5,0,14.5,0,14.5,0,14.5,0,14.5,0,14.5,0,14.5,0,,,10,0.45,10,0.45
288101,14.5,14.5,0,14.5,0,14.5,0,14.5,0,14.5,0,14.5,0,14.5,0,,,10,0.45,10,0.45
288144,11.6,11.6,0,11.6,0,11.6,0,11.6,0,11.6,0,11.6,0,11.6,0,13,-0.108,9.4,0.234,,
288217,10.3,10.3,0,10.3,0,10.3,0,,,,,,,,,,,,,6.9,0.493
288250,7.2,7.2,0,7.2,0,7.2,0,7.2,0,7.2,0,7.2,0,7.2,0,8.5,-0.153,6.4,0.125,5.9,0.22
288268,15.6,15.6,0,,,15.6,0,15.6,0,15.6,0,15.6,0,15.6,0,16.7,-0.0659,11.9,0.311,11.9,0.311
288349,33.6,33.6,0,,,33.6,0,33.6,0,33.6,0,33.6,0,33.6,0,33.5,0.00299,,,,
288527,12.3,12.3,0,12.3,0,12.3,0,12.3,0,12.3,0,12.3,0,12.3,0,13.5,-0.0889,8.9,0.382,8.2,0.5
289010,29.5,29.5,0,29.5,0,29.5,0,29.5,0,29.5,0,29.5,0,29.5,0,29.5,0,21.5,0.372,21.5,0.372
289051,120,120,0,120,0,120,0,120,0,120,0,120,0,120,0,120,0,81.3,0.476,81.3,0.476
290394,,,,,,,,,,,,,,,,,,,,,
290416,,,,,,,,,,,,,,,,,,,,,
290530,,,,,,,,,,,,,,,,,,,,,
290610,,,,,,,,,,,,,,,,,,,,,
290823,,,,,,,,,,,,,,,,,,,,,
290866,,,,,,,,,,,,,,,,,,,,,
290874,110,110,0,110,0,110,0,110,0,110,0,110,0,110,0,110,0,82,0.341,82,0.341
290882,,,,,,,,,,,,,,,,,,,,,
291001,82.9,82.9,0,82.9,0,82.9,0,82.9,0,82.9,0,82.9,0,,,82.9,0,62.5,0.326,62.5,0.326
291002,82.9,82.9,0,82.9,0,82.9,0,82.9,0,82.9,0,82.9,0,82.9,0,82.9,0,62.5,0.326,62.5,0.326
291324,39,39,0,39,0,39,0,39,0,39,0,39,0,39,0,31.7,0.23,23.7,0.646,21.7,0.797
291325,39,39,0,39,0,39,0,39,0,39,0,39,0,39,0,31.7,0.23,23.7,0.646,21.7,0.797
291326,,,,,,,,,,,,,,,,,,,,,
291327,,,,,,,,,,,,,,,,,,,,,
291592,,,,,,,,,,,,,,,,,,,,,
291595,13.5,13.5,0,13.5,0,13.5,0,13.5,0,13.5,0,13.5,0,13.5,0,13.5,0,11.8,0.144,11.8,0.144
291986,12.5,,,12.5,0,12.5,0,12.5,0,12.5,0,12.5,0,11.9,0.0504,11.2,0.116,10,0.25,9.6,0.302
292022,,,,,,,,,,,,,,,,,,,,,
292505,34.8,34.8,0,34.8,0,34.8,0,36.8,-0.0543,36.8,-0.0543,36.8,-0.0543,36.8,-0.0543,40,-0.13,31,0.123,28.4,0.225
293011,,,,,,,,,,,,,,,,,,,,,
293013,,,,,,,,,,,,,,,,,,,,,
293014,90,90,0,90,0,90,0,90,0,90,0,90,0,90,0,106,-0.151,106,-0.151,106,-0.151
293017,140,140,0,140,0,140,0,140,0,140,0,140,0,140,0,106,0.321,106,0.321,106,0.321
293018,183,183,0,183,0,183,0,183,0,183,0,183,0,183,0,74.6,1.45,74.6,1.45,74.6,1.45
293019,30.1,30.1,0,30.1,0,30.1,0,30.1,0,30.1,0,30.1,0,30.1,0,,,19,0.584,19,0.584
293023,122,122,0,122,0,122,0,122,0,122,0,122,0,122,0,,,,,,
293025,,,,,,,,,,,,,,,,,,,,,
293026,57.9,57.9,0,57.9,0,57.9,0,57.9,0,57.9,0,57.9,0,57.9,0,,,,,24.6,1.35
293035,,,,,,,,,,,,,,,,,,,,,
293036,43.3,43.3,0,43.3,0,43.3,0,43.3,0,43.3,0,43.3,0,43.3,0,46.5,-0.0688,36.5,0.186,33.4,0.296
293038,38.9,38.9,0,38.9,0,38.9,0,38.9,0,38.9,0,38.9,0,38.9,0,41.9,-0.0716,32.5,0.197,30.1,0.292
293039,38.9,38.9,0,38.9,0,38.9,0,38.9,0,38.9,0,38.9,0,38.9,0,41.9,-0.0716,32.5,0.197,30.1,0.292
293041,,,,,,,,,,,,,,,,,,,,,
293042,15.5,15.5,0,15.5,0,15.5,0,15.5,0,22,-0.295,22,-0.295,22,-0.295,20.5,-0.244,14,0.107,13.5,0.148
293050,163,163,0,163,0,163,0,163,0,163,0,163,0,164,-0.0073,200,-0.184,142,0.149,130,0.255
293079,,,,,,,,,,,,,,,,,,,,,
293080,23.1,23.1,0,23.1,0,23.1,0,23.1,0,23.1,0,23.1,0,23.1,0,,,,,,
293081,49.3,49.3,0,49.3,0,49.3,0,,,49.3,0,49.3,0,49.3,0,40,0.232,40,0.232,34.5,0.429
293082,,,,,,,,,,,,,,,,,,,,,
293084,49.3,49.3,0,49.3,0,49.3,0,49.3,0,49.3,0,49.3,0,49.3,0,40,0.232,40,0.232,34.5,0.429
293085,23.1,23.1,0,23.1,0,23.1,0,23.1,0,23.1,0,23.1,0,23.1,0,19,0.216,19,0.216,,
293090,92,92,0,92,0,92,0,92,0,92,0,98,-0.0612,98,-0.0612,122,-0.248,76.6,0.201,69.2,0.329
293092,92,92,0,92,0,92,0,92,0,92,0,98,-0.0612,98,-0.0612,122,-0.248,76.6,0.201,69.2,0.329
293093,92,92,0,92,0,92,0,,,92,0,98,-0.0612,98,-0.0612,122,-0.248,76.6,0.201,69.2,0.329
293094,92,92,0,92,0,92,0,92,0,92,0,98,-0.0612,98,-0.0612,122,-0.248,76.6,0.201,69.2,0.329
293095,190,190,0,190,0,190,0,,,159,0.193,190,0,,,,,120,0.581,147,0.293
293106,57.5,57.5,0,57.5,0,57.5,0,57.5,0,57.5,0,,,,,62,-0.0726,47,0.223,43.8,0.313
293107,,,,,,,,,,,,,,,,,,,,,
293108,80.9,80.9,0,80.9,0,80.9,0,104,-0.218,80.9,0,,,104,-0.218,104,-0.218,81,-0.00123,71.5,0.131
293109,,,,,,,,,,,,,,,,,,,,,
293110,102,102,0,102,0,102,0,102,0,102,0,102,0,102,0,102,0,80,0.279,72.1,0.419
293111,102,102,0,102,0,102,0,102,0,102,0,102,0,102,0,102,0,80,0.279,72.1,0.419
293112,,,,,,,,,,,,,,,,,,,,,
293114,55.9,55.9,0,55.9,0,55.9,0,59.4,-0.0589,59.4,-0.0589,59.4,-0.0589,59.4,-0.0589,64.5,-0.133,51,0.0961,43.4,0.288
293116,34.8,34.8,0,34.8,0,34.8,0,36.8,-0.0543,36.8,-0.0543,36.8,-0.0543,36.8,-0.0543,40,-0.13,31,0.123,28.4,0.225
293140,94,94,0,94,0,94,0,96.9,-0.0299,96.9,-0.0299,96.9,-0.0299,97.5,-0.0359,,,82,0.146,,
293141,94,94,0,94,0,94,0,96.9,-0.0299,96.9,-0.0299,91,0.033,99,-0.0505,97.5,-0.0359,82,0.146,76,0.237
293687,14.5,14.5,0,14.5,0,14.5,0,14.5,0,14.5,0,14.5,0,14.5,0,13.9,0.0432,12,0.208,,
293695,14.5,14.5,0,14.5,0,14.5,0,14.5,0,14.5,0,14.5,0,14.5,0,13.9,0.0432,11,0.318,12,0.208
294411,36.9,36.9,0,36.9,0,36.9,0,36.9,0,36.9,0,36.9,0,36.5,0.011,36.5,0.011,30.9,0.194,30.9,0.194
295272,62,62,0,62,0,62,0,62,0,62,0,62,0,62,0,62,0,66,-0.0606,66,-0.0606
295275,225,225,0,225,0,225,0,,,,,,,,,225,0,179,0.257,,
295388,11.7,11.7,0,11.7,0,11.7,0,11.7,0,11.7,0,,,,,,,,,9.8,0.194
295396,11.7,11.7,0,11.7,0,11.7,0,11.7,0,11.7,0,11.7,0,11.7,0,11.7,0,9.8,0.194,9.8,0.194
295426,3.5,3.5,0,3.5,0,3.5,0,3.5,0,3.5,0,3.5,0,3.5,0,3.5,0,3.5,0,3.5,0
295434,,,,,,,,,,,,,,,,,,,,,
295639,,,,,,,,,,,,,,,,,,,,,
295640,15.5,15.5,0,15.5,0,15.5,0,15.5,0,15.5,0,15.5,0,15.5,0,15.5,0,15.5,0,12.5,0.24
295647,13.8,13.8,0,13.8,0,13.8,0,13.8,0,13.8,0,13.8,0,13.8,0,13.8,0,13.8,0,12.5,0.104
295750,,,,,,,,,,,,,,,,,,,,,
296119,,,,,,,,,,,,,,,,,,,,,
296120,,,,,,,,,,,,,,,,,,,,,
296132,,,,,,,,,,,,,,,,,,,,,
296148,191,191,0,191,0,191,0,191,0,153,0.25,191,0,191,0,191,0,175,0.0914,170,0.124
296171,31.5,31.5,0,31.5,0,31.5,0,31.5,0,31.5,0,31.5,0,31.5,0,31.5,0,25.5,0.235,24.5,0.286
296236,,,,,,,,,,,,,,,,,,,,,
296252,,,,,,,,,,,,,,,,,,,,,
296260,24,24,0,24,0,24,0,24,0,24,0,24,0,24,0,24,0,21,0.143,19,0.263
296309,,,,,,,,,,,,,,,,,,,,,
296350,,,,,,,,,,,,,,,,,,,,,
296449,,,,,,,,,,,,,,,,,,,,,
297105,,,,,,,,,,,,,,,,,,,,,
297106,,,,,,,,,,,,,,,,,,,,,
297107,,,,,,,,,,,,,,,,,,,,,
297344,15,15,0,15,0,15,0,15,0,15,0,15,0,,,14,0.0714,13.5,0.111,,
297451,,,,,,,,,,,,,,,,,,,,,
297968,17,17,0,17,0,17,0,17,0,17,0,,,,,13.5,0.259,,,,
297976,31.5,31.5,0,31.5,0,31.5,0,31.5,0,31.5,0,,,,,26.5,0.189,,,,
298034,30.5,30.5,0,30.5,0,30.5,0,30.5,0,30.5,0,,,,,,,,,,
298433,,,,,,,,,,,,,,,,,,,,,
298531,13.7,13.7,0,13.7,0,13.7,0,13.7,0,13.7,0,13.7,0,13.7,0,13.7,0,,,9.7,0.412
298890,,,,,,,,,,,,,,,,,,,,,
299529,55.9,55.9,0,55.9,0,55.9,0,59.4,-0.0589,59.4,-0.0589,59.4,-0.0589,59.4,-0.0589,64.5,-0.133,51,0.0961,43.4,0.288
299634,,,,,,,,,,,,,,,,,,,,,
299693,8,8,0,8,0,8,0,,,,,8,0,8,0,8,0,,,,
299740,,,,,,,,,,,,,,,,,,,,,
299790,47.9,47.9,0,47.9,0,47.9,0,47.9,0,47.9,0,47.9,0,47.9,0,47.9,0,39.9,0.201,36.5,0.312
299804,,,,,,,,,,,,,,,,,,,,,
299812,26.2,26.2,0,26.2,0,26.2,0,26.2,0,26.2,0,26.2,0,26.2,0,28.8,-0.0903,21.5,0.219,20.9,0.254
299820,26.2,26.2,0,26.2,0,26.2,0,26.2,0,26.2,0,26.2,0,26.2,0,,,20.9,0.254,20.9,0.254
299855,,,,,,,,,,,,,,,,,,,,,
300014,98,98,0,98,0,98,0,98,0,98,0,98,0,98,0,114,-0.14,85,0.153,,
300140,23,23,0,23,0,23,0,23,0,23,0,23,0,23,0,,,21.5,0.0698,21.5,0.0698
300141,37.4,37.4,0,37.4,0,37.4,0,,,,,,,37.4,0,33,0.133,33,0.133,33,0.133
300142,37,37,0,37,0,37,0,,,,,,,,,33,0.121,33,0.121,33,0.121
300225,4.5,4.5,0,4.5,0,4.5,0,4.5,0,4.5,0,4.5,0,4.5,0,4.5,0,3.7,0.216,3.6,0.25
300349,,,,,,,,,,,,,,,,,,,,,
300510,,,,,,,,,,,,,,,,,,,,,
300536,39.9,39.9,0,39.9,0,39.9,0,39.9,0,39.9,0,33.9,0.177,39.9,0,39.9,0,,,33.9,0.177
301010,,,,,,,,,,,,,,,,,,,,,
301011,6.3,6.3,0,6.3,0,6.3,0,6.3,0,6.3,0,6.3,0,6.3,0,6.3,0,6.3,0,5.8,0.0862
301012,,,,,,,,,,,,,,,,,,,,,
301023,32.5,32.5,0,32.5,0,32.5,0,32.5,0,32.5,0,,,,,,,,,,
301024,,,,,,,,,,,,,,,,,,,,,
301026,44.6,44.6,0,44.6,0,44.6,0,44.6,0,44.6,0,38,0.174,44.6,0,44.6,0,35.7,0.249,33.5,0.331
301029,85,85,0,85,0,85,0,85,0,85,0,70,0.214,85,0,85,0,68.1,0.248,63.9,0.33
301031,85,85,0,85,0,85,0,85,0,85,0,72,0.181,85,0,85,0,68.1,0.248,63.9,0.33
301032,85,85,0,85,0,85,0,85,0,85,0,70,0.214,85,0,85,0,68.1,0.248,63.9,0.33
301111,224,224,0,224,0,224,0,224,0,224,0,224,0,224,0,224,0,129,0.736,126,0.778
301117,,,,,,,,,,,,,,,,,,,,,
301118,92,92,0,92,0,92,0,92,0,92,0,92,0,92,0,92,0,56,0.643,56,0.643
301149,115,115,0,115,0,115,0,115,0,,,29,2.97,29,2.97,99.9,0.151,65,0.769,,
301420,,,,,,,,,,,,,,,,,,,,,
301421,54,54,0,54,0,54,0,54,0,54,0,54,0,54,0,47,0.149,44,0.227,44,0.227
301422,,,,,,,,,,,,,,,,,,,,,
301423,73,73,0,73,0,73,0,73,0,73,0,73,0,73,0,62,0.177,55,0.327,55,0.327
302090,,,,,,,,,,,,,,,,,,,,,
302111,,,,,,,,,,,,,,,,,,,,,
302115,,,,,,,,,,,,,,,,,,,,,
302116,,,,,,,,,,,,,,,,,,,,,
302173,35,35,0,35,0,35,0,35,0,35,0,35,0,26,0.346,26,0.346,26,0.346,23,0.522
302178,35.5,35.5,0,35.5,0,35.5,0,35.5,0,35.5,0,35.5,0,26.5,0.34,26.5,0.34,26.5,0.34,24,0.479
302309,65,65,0,,,65,0,65,0,65,0,61.5,0.0569,57,0.14,55.8,0.165,53.8,0.208,49.2,0.321
302333,12.5,12.5,0,12.5,0,12.5,0,12.5,0,12.5,0,12.5,0,12.5,0,12.5,0,,,8.5,0.471
302487,,,,,,,,,,,,,,,,,,,,,
302515,20,20,0,20,0,20,0,20,0,20,0,18.5,0.0811,18.5,0.0811,17.5,0.143,16.5,0.212,16.5,0.212
302578,,,,,,,,,,,,,,,,,,,,,
302600,,,,,,,,,,,,,,,,,,,,,
302643,48.4,48.4,0,48.4,0,48.4,0,48.4,0,48.4,0,48.4,0,48.4,0,,,48.4,0,48.4,0
302651,,,,,,,,,,,,,,,,,,,,,
302710,16.9,16.9,0,16.9,0,16.9,0,16.9,0,16.9,0,16.9,0,16.9,0,14,0.207,14,0.207,14,0.207
302711,31.9,31.9,0,31.9,0,31.9,0,31.9,0,31.9,0,31.9,0,31.9,0,25.5,0.251,25.5,0.251,25.5,0.251
302712,32.5,32.5,0,32.5,0,32.5,0,32.5,0,32.5,0,32.5,0,32.5,0,31,0.0484,31,0.0484,31,0.0484
302713,56,56,0,56,0,56,0,56,0,56,0,56,0,56,0,50,0.12,50,0.12,50,0.12
302719,14.5,14.5,0,14.5,0,14.5,0,14.5,0,14.5,0,14.5,0,14.5,0,15,-0.0333,15,-0.0333,15,-0.0333
302720,14.5,14.5,0,14.5,0,14.5,0,14.5,0,14.5,0,14.5,0,14.5,0,15,-0.0333,,,,
302852,68,68,0,68,0,68,0,68,0,68,0,68,0,,,,,,,,
303006,,,,,,,,,,,,,,,,,,,,,
303171,,,,,,,,,,,,,,,,,,,,,
303235,10,10,0,10,0,10,0,10,0,10,0,10,0,10,0,10,0,,,,
303275,,,,,,,,,,,,,,,,,,,,,
303283,77,77,0,77,0,77,0,77,0,96,-0.198,96,-0.198,,,66,0.167,48,0.604,,
303461,,,,,,,,,,,,,,,,,,,,,
303523,87.1,87.1,0,87.1,0,87.1,0,87.1,0,87.1,0,87.1,0,87.1,0,87.1,0,64,0.361,64,0.361
303541,87.1,87.1,0,87.1,0,87.1,0,87.1,0,87.1,0,87.1,0,87.1,0,87.1,0,64,0.361,64,0.361
303615,5,5,0,5,0,5,0,5,0,5,0,5,0,5,0,5,0,5,0,5,0
303642,,,,,,,,,,,,,,,,,,,,,
303654,,,,,,,,,,,,,,,,,,,,,
303704,5,5,0,5,0,5,0,5,0,5,0,5,0,,,,,,,4.5,0.111
303712,5,5,0,5,0,5,0,5,0,5,0,5,0,,,,,,,4.5,0.111
303720,,,,,,,,,,,,,,,,,,,,,
303836,32.5,32.5,0,32.5,0,32.5,0,32.5,0,32.5,0,32.5,0,,,32.5,0,28.7,0.132,24.5,0.327
303844,,,,,,,,,,,,,,,,,,,,,
303879,28,28,0,28,0,28,0,28,0,28,0,28,0,28,0,,,24,0.167,22.9,0.223
304007,20.5,20.5,0,20.5,0,20.5,0,20.5,0,20.5,0,20.5,0,20.5,0,19.5,0.0513,19.5,0.0513,19.5,0.0513
304014,87.5,87.5,0,87.5,0,87.5,0,87.5,0,87.5,0,87.5,0,87.5,0,87.5,0,87.5,0,87.5,0
304102,99.9,99.9,0,99.9,0,99.9,0,99.9,0,99.9,0,99.9,0,99.9,0,,,68.9,0.45,68.9,0.45
304104,82.9,82.9,0,82.9,0,82.9,0,82.9,0,99.9,-0.17,99.9,-0.17,99.9,-0.17,,,68.9,0.203,68.9,0.203
304110,21.5,21.5,0,21.5,0,21.5,0,21.5,0,21.5,0,21.5,0,21.5,0,,,18.5,0.162,17.5,0.229
304111,,,,,,,,,,,,,,,,,,,,,
304141,20.5,20.5,0,20.5,0,20.5,0,20.5,0,20.5,0,,,,,,,,,,
304167,,,,,,,,,,,,,,,,,,,,,
304177,24,24,0,24,0,24,0,24,0,24,0,24,0,24,0,24,0,24,0,24,0
304189,25,25,0,25,0,25,0,25,0,25,0,25,0,25,0,19.5,0.282,,,,
304352,13.4,13.4,0,13.4,0,13.4,0,13.4,0,13.4,0,13.4,0,13.4,0,,,,,,
304504,24.5,24.5,0,24.5,0,24.5,0,24.5,0,24.5,0,26.9,-0.0892,,,26.9,-0.0892,18.8,0.303,17.7,0.384
304511,,,,,,,,,,,,,,,,,,,,,
304533,,,,,,,,,,,,,,,,,,,,,
304741,68.5,68.5,0,68.5,0,68.5,0,68.5,0,68.5,0,68.5,0,73,-0.0616,83.5,-0.18,64.5,0.062,50,0.37
304792,63,63,0,63,0,63,0,63,0,63,0,55,0.145,55,0.145,55,0.145,55,0.145,49,0.286
304972,10.9,10.9,0,10.9,0,10.9,0,10.9,0,10.9,0,13.8,-0.21,13.8,-0.21,13.8,-0.21,10.4,0.0481,8,0.363
305022,29.3,29.3,0,29.3,0,29.3,0,29.3,0,29.3,0,28.8,0.0174,28.8,0.0174,,,27.5,0.0655,27.5,0.0655
305030,31.9,31.9,0,31.9,0,31.9,0,31.9,0,31.9,0,31.3,0.0192,31.3,0.0192,,,30,0.0633,30,0.0633
305106,,,,,,,,,,,,,,,,,,,,,
305110,18.4,18.4,0,18.4,0,18.4,0,18.4,0,18.4,0,,,18.4,0,17.5,0.0514,17.5,0.0514,17.5,0.0514
305146,31.6,31.6,0,31.6,0,31.6,0,31.6,0,31.6,0,31.6,0,30.4,0.0395,30.4,0.0395,27.7,0.141,27,0.17
305151,25.5,25.5,0,25.5,0,25.5,0,25.5,0,25.5,0,25.5,0,25.5,0,21.5,0.186,21.5,0.186,21.5,0.186
305152,12.9,12.9,0,12.9,0,12.9,0,12.9,0,12.9,0,14.5,-0.11,14.5,-0.11,14,-0.0786,13,-0.00769,,
305159,,,,,,,,,,,,,,,,,,,,,
305179,46.8,46.8,0,46.8,0,46.8,0,46.8,0,46.8,0,46.8,0,46.8,0,46.8,0,28,0.671,28,0.671
305235,14.5,14.5,0,,,,,,,14.5,0,14.5,0,14.5,0,,,,,,
305375,6.5,6.5,0,6.5,0,6.5,0,,,,,,,,,,,,,,
305400,34,34,0,34,0,34,0,34,0,34,0,34,0,34,0,34,0,28,0.214,25,0.36
305415,5.6,5.6,0,5.6,0,5.6,0,5.6,0,5.6,0,5.6,0,5.6,0,5.6,0,4.4,0.273,3.4,0.647
305448,63.1,63.1,0,63.1,0,63.1,0,63.1,0,63.1,0,63.1,0,63.1,0,63.1,0,44,0.434,,
305526,13.5,13.5,0,13.5,0,13.5,0,13.5,0,13.5,0,13.5,0,13.5,0,13.5,0,11,0.227,10,0.35
305527,26,26,0,26,0,26,0,26,0,26,0,26,0,26,0,26,0,23,0.13,,
305537,,,,,,,,,,,,,,,,,,,,,
305643,75,75,0,75,0,75,0,75,0,75,0,75,0,75,0,,,,,55,0.364
305710,,,,,,,,,,,,,,,,,,,,,
305711,5.8,5.8,0,5.8,0,5.8,0,5.8,0,5.8,0,5.8,0,5.8,0,5.8,0,5.8,0,5.8,0
305712,15.5,15.5,0,15.5,0,15.5,0,15.5,0,15.5,0,15.5,0,15.5,0,15.5,0,15.5,0,15.5,0
305716,23,23,0,23,0,23,0,23,0,23,0,23,0,23,0,23,0,23,0,23,0
305717,4.8,4.8,0,4.8,0,4.8,0,4.8,0,4.8,0,4.8,0,4.8,0,4.8,0,4.8,0,,
305718,13.8,13.8,0,13.8,0,13.8,0,13.8,0,13.8,0,13.8,0,13.8,0,13.8,0,13.8,0,13.8,0
305722,,,,,,,,,,,,,,,,,,,,,
305778,,,,,,,,,,,,,,,,,,,,,
305789,81,81,0,81,0,81,0,81,0,81,0,81,0,81,0,81,0,60,0.35,60,0.35
305799,35.7,35.7,0,35.7,0,35.7,0,35.7,0,35.7,0,35.7,0,35.7,0,,,22.5,0.587,22.5,0.587
305815,20,20,0,,,,,20,0,20,0,20,0,20,0,,,18.8,0.0638,18.8,0.0638
305816,,,,,,,,,,,,,,,,,,,,,
305878,34.9,34.9,0,34.9,0,34.9,0,34.9,0,34.9,0,34.9,0,34.9,0,39.9,-0.125,29,0.203,27.9,0.251
305960,14.1,14.1,0,14.1,0,14.1,0,14.1,0,14.1,0,14.1,0,14.1,0,14.1,0,13.5,0.0444,13.5,0.0444
306051,15,15,0,15,0,15,0,15,0,15,0,15,0,15,0,14,0.0714,14,0.0714,13,0.154
306197,,,,,,,,,,,,,,,,,,,,,
306404,75.9,75.9,0,75.9,0,75.9,0,75.9,0,,,,,75.9,0,75.9,0,,,64.9,0.169
306405,,,,,,,,,,,,,,,,,,,,,
306406,,,,,,,,,,,,,,,,,,,,,
306410,167,167,0,167,0,167,0,167,0,167,0,167,0,167,-0.0018,204,-0.183,146,0.143,133,0.253
306419,,,,,,,,,,,,,,,,,,,,,
306477,,,,,,,,,,,,,,,,,,,,,
306577,43,43,0,43,0,43,0,43,0,43,0,43,0,43,0,43,0,25,0.72,25,0.72
306701,81,81,0,81,0,81,0,81,0,81,0,81,0,81,0,81,0,60,0.35,60,0.35
306705,81,81,0,81,0,81,0,81,0,81,0,81,0,81,0,81,0,60,0.35,60,0.35
306778,29.5,29.5,0,29.5,0,29.5,0,29.5,0,29.5,0,29.5,0,29.5,0,28.3,0.0424,28,0.0536,28,0.0536
306835,,,,,,,,,,,,,,,,,,,,,
307100,,,,,,,,,,,,,,,,,,,,,
307101,18.4,18.4,0,18.4,0,18.4,0,18.4,0,18.4,0,,,,,,,,,,
307107,29,29,0,29,0,29,0,29,0,,,,,,,28,0.0357,23,0.261,20.7,0.401
307112,,,,,,,,,,,,,,,,,,,,,
307114,13,13,0,13,0,13,0,13,0,13,0,13,0,13,0,13,0,9,0.444,,
307118,,,,,,,,,,,,,,,,,,,,,
307119,41,41,0,41,0,41,0,41,0,,,,,,,41,0,37.5,0.0933,,
307122,13,13,0,13,0,13,0,13,0,13,0,13,0,13,0,13,0,10,0.3,10,0.3
307130,,,,,,,,,,,,,,,,,,,,,
307170,40,40,0,40,0,40,0,40,0,40,0,40,0,40,0,40,0,34.5,0.159,28.9,0.384
307726,,,,,,,,,,,,,,,,,,,,,
307730,,,,,,,,,,,,,,,,,,,,,
307885,16.9,16.9,0,16.9,0,16.9,0,16.9,0,16.9,0,16.9,0,16.9,0,16.9,0,10,0.69,10,0.69
307955,,,,,,,,,,,,,,,,,,,,,
308048,13.3,13.3,0,13.3,0,13.3,0,13.3,0,13.3,0,13.3,0,13.3,0,13.3,0,10.2,0.304,9.3,0.43
308181,21.9,21.9,0,21.9,0,21.9,0,21.9,0,21.9,0,21.9,0,21.9,0,,,19,0.153,19,0.153
308187,,,,,,,,,,,,,,,,,,,,,
308269,,,,,,,,,,,,,,,,,,,,,
308307,,,,,,,,,,,,,,,,,,,,,
308316,,,,,,,,,,,,,,,,,,,,,
308579,8.9,8.9,0,8.9,0,8.9,0,8.9,0,8.9,0,8.5,0.0471,10.2,-0.127,10.2,-0.127,7,0.271,7,0.271
308600,,,,,,,,,,,,,,,,,,,,,
309571,11.7,11.7,0,11.7,0,11.7,0,11.7,0,11.7,0,11.7,0,11.7,0,11.7,0,10.8,0.0833,10.8,0.0833
309747,96,96,0,96,0,96,0,96,0,96,0,96,0,96,0,123,-0.22,97,-0.0103,86,0.116
309771,,,,,,,,,,,,,,,,,,,,,
309775,,,,,,,,,,,,,,,,,,,,,
309971,63,63,0,63,0,63,0,63,0,63,0,63,0,63,0,63,0,48,0.312,48,0.312
309982,21.7,21.7,0,21.7,0,21.7,0,21.7,0,21.7,0,21.7,0,21.5,0.0093,21.7,0,18,0.206,17.2,0.262
310187,,,,,,,,,,,,,,,,,,,,,
310441,,,,,,,,,,,,,,,,,,,,,
310447,,,,,,,,,,,,,,,,,,,,,
310539,17.6,17.6,0,17.6,0,17.6,0,17.6,0,17.6,0,24,-0.267,24,-0.267,24,-0.267,18,-0.0222,14.5,0.214
310931,25,25,0,25,0,25,0,25,0,25,0,25,0,32.8,-0.238,31.5,-0.206,21.2,0.179,21.5,0.163
310933,,,,,,,,,,,,,,,,,,,,,
311077,39.5,39.5,0,39.5,0,39.5,0,39.5,0,39.5,0,39.5,0,39.5,0,38,0.0395,37.5,0.0533,37.5,0.0533
311584,18.4,18.4,0,18.4,0,18.4,0,18.4,0,18.4,0,18.4,0,18.4,0,18.4,0,13,0.415,,
311589,,,,,,,,,,,,,,,,,,,,,
311790,25.6,25.6,0,25.6,0,25.6,0,25.6,0,25.6,0,25.6,0,25.6,0,,,20.6,0.243,,
311804,25.6,,,,,25.6,0,25.6,0,25.6,0,25.6,0,25.6,0,25.6,0,20.6,0.243,,
312050,55.9,55.9,0,55.9,0,55.9,0,59.4,-0.0589,59.4,-0.0589,59.4,-0.0589,59.4,-0.0589,64.5,-0.133,51,0.0961,43.4,0.288
312051,,,,,,,,,,,,,,,,,,,,,
312176,,,,,,,,,,,,,,,,,,,,,
312290,,,,,,,,,,,,,,,,,,,,,
312711,26,26,0,26,0,26,0,26,0,26,0,26,0,26,0,26,0,22.4,0.161,22.4,0.161
312959,,,,,,,,,,,,,,,,,,,,,
313009,,,,,,,,,,,,,,,,,,,,,
313150,,,,,,,,,,,,,,,,,,,,,
313151,,,,,,,,,,,,,,,,,,,,,
313152,,,,,,,,,,,,,,,,,,,,,
313160,47,47,0,47,0,47,0,47,0,47,0,47,0,47,0,50.5,-0.0693,39.5,0.19,35.3,0.331
313166,,,,,,,,,,,,,,,,,,,,,
313167,42.5,42.5,0,42.5,0,42.5,0,42.5,0,42.5,0,42.5,0,48,-0.115,48,-0.115,37.5,0.133,37.5,0.133
313168,,,,,,,,,,,,,,,,,,,,,
313236,215,215,0,215,0,215,0,215,0,108,1,,,,,215,0,197,0.0914,180,0.194
313238,63.8,63.8,0,63.8,0,63.8,0,63.8,0,63.8,0,63.8,0,63.8,0,63.8,0,78,-0.182,78,-0.182
313254,75,75,0,75,0,75,0,75,0,75,0,,,75,0,75,0,65,0.154,62,0.21
313320,118,118,0,118,0,118,0,118,0,118,0,,,,,,,,,,
313373,25.4,25.4,0,25.4,0,25.4,0,25.4,0,25.4,0,25.4,0,25.4,0,33.4,-0.24,25.4,0,17.6,0.443
313460,,,,,,,,,,,,,,,,,,,,,
313500,,,,,,,,,,,,,,,,,,,,,
313511,365,365,0,365,0,365,0,365,0,324,0.127,387,-0.0578,387,-0.0578,,,,,226,0.611
313533,,,,,,,,,,,,,,,,,,,,,
313540,,,,,,,,,,,,,,,,,,,,,
313550,16.3,16.3,0,16.3,0,16.3,0,16.3,0,16.3,0,,,,,,,,,,
313551,16.3,16.3,0,16.3,0,16.3,0,16.3,0,16.3,0,,,,,,,,,,
313570,,,,,,,,,,,,,,,,,,,,,
313638,110,110,0,110,0,110,0,110,0,110,0,110,0,110,0,110,0,110,0,110,0
313639,46,46,0,46,0,46,0,46,0,34.5,0.333,46,0,46,0,46,0,,,31,0.484
313640,,,,,,,,,,,,,,,,,,,,,
313641,128,128,0,128,0,128,0,128,0,89.6,0.429,128,0,128,0,128,0,116,0.103,108,0.185
313642,108,108,0,108,0,108,0,108,0,108,0,108,0,108,0,108,0,108,0,108,0
313644,128,128,0,128,0,128,0,128,0,89.6,0.429,128,0,128,0,128,0,116,0.103,108,0.185
313647,130,130,0,130,0,130,0,130,0,97.5,0.333,127,0.0236,127,0.0236,127,0.0236,118,0.102,108,0.204
313750,,,,,,,,,,,,,,,,,,,,,
313810,,,,,,,,,,,,,,,,,,,,,
313811,,,,,,,,,,,,,,,,,,,,,
313812,,,,,,,,,,,,,,,,,,,,,
313813,,,,,,,,,,,,,,,,,,,,,
313910,20,20,0,20,0,,,,,20,0,20,0,,,25,-0.2,17.5,0.143,12.5,0.6
314024,,,,,,,,,,,,,,,,,,,,,
314027,,,,,,,,,,,,,,,,,,,,,
314028,31.8,31.8,0,31.8,0,31.8,0,31.8,0,31.8,0,31.8,0,31.8,0,31.8,0,,,,
314029,31.8,31.8,0,31.8,0,31.8,0,31.8,0,31.8,0,31.8,0,31.8,0,31.8,0,,,,
314031,31.8,31.8,0,31.8,0,31.8,0,31.8,0,31.8,0,31.8,0,31.8,0,,,,,18.7,0.701
314033,31.8,31.8,0,31.8,0,31.8,0,31.8,0,31.8,0,26,0.223,31.8,0,,,22.5,0.413,,
314036,23,23,0,,,23,0,23,0,23,0,23,0,23,0,23,0,18,0.278,18,0.278
314039,,,,,,,,,,,,,,,,,,,,,
314040,,,,,,,,,,,,,,,,,,,,,
314049,,,,,,,,,,,,,,,,,,,,,
314052,23,23,0,,,23,0,23,0,23,0,23,0,,,,,18,0.278,18,0.278
314055,23,23,0,23,0,23,0,23,0,23,0,23,0,23,0,23,0,18,0.278,18,0.278
314076,,,,,,,,,,,,,,,,,,,,,
314077,,,,,,,,,,,,,,,,,,,,,
314081,30,30,0,30,0,30,0,30,0,30,0,30,0,30,0,30,0,30,0,30,0
314536,,,,,,,,,,,,,,,,,,,,,
314587,,,,,,,,,,,,,,,,,,,,,
314900,,,,,,,,,,,,,,,,,,,,,
314978,,,,,,,,,,,,,,,,,,,,,
315370,,,,,,,,,,,,,,,,,,,,,
315509,26.7,26.7,0,26.7,0,26.7,0,35.1,-0.239,35.1,-0.239,34,-0.215,38.2,-0.301,38.2,-0.301,30.2,-0.116,30.2,-0.116
315923,55,55,0,55,0,55,0,55,0,55,0,55,0,55,0,,,43.8,0.256,40,0.375
316121,,,,,,,,,,,,,,,,,,,,,
316331,21,21,0,21,0,21,0,21,0,24.5,-0.143,27.9,-0.247,21.9,-0.0411,27.9,-0.247,20,0.05,16.9,0.243
316369,127,127,0,127,0,127,0,127,0,127,0,127,0,,,109,0.165,101,0.257,101,0.257
316415,65,65,0,65,0,65,0,65,0,65,0,,,65,0,65,0,54.1,0.201,49.5,0.313
316512,,,,,,,,,,,,,,,,,,,,,
316539,50.6,50.6,0,50.6,0,50.6,0,50.6,0,50.6,0,50.6,0,50.6,0,50.6,0,42.2,0.199,38.4,0.318
316778,26.5,26.5,0,26.5,0,26.5,0,26.5,0,26.5,0,22.4,0.183,22.4,0.183,20,0.325,20,0.325,19,0.395
316779,26.5,26.5,0,26.5,0,26.5,0,26.5,0,26.5,0,22.4,0.183,22.4,0.183,20,0.325,20,0.325,19,0.395
316814,36.5,36.5,0,36.5,0,36.5,0,36.5,0,36.5,0,36.5,0,36.5,0,36.5,0,28.5,0.281,28.5,0.281
316822,48,48,0,48,0,48,0,48,0,48,0,48,0,48,0,48,0,39,0.231,37.9,0.266
316830,36.5,36.5,0,36.5,0,36.5,0,36.5,0,36.5,0,36.5,0,36.5,0,36.5,0,28.5,0.281,28.5,0.281
317077,,,,,,,,,,,,,,,,,,,,,
317269,16.3,16.3,0,16.3,0,16.3,0,16.3,0,16.3,0,,,,,,,,,,
317659,18.9,18.9,0,18.9,0,18.9,0,18.9,0,18.9,0,16,0.181,18.9,0,18.9,0,13.5,0.4,12,0.575
318340,,,,,,,,,,,,,,,,,,,,,
318671,20.3,20.3,0,20.3,0,20.3,0,20.3,0,20.3,0,20.3,0,20.3,0,20.3,0,20.3,0,,
318698,14,14,0,14,0,14,0,14,0,14,0,,,,,,,,,,
318825,40,40,0,40,0,40,0,40,0,40,0,,,,,,,,,,
318922,,,,,,,,,,,,,,,,,,,,,
318990,,,,,,,,,,,,,,,,,,,,,
319503,38,38,0,38,0,38,0,38,0,38,0,38,0,38,0,38,0,31.7,0.199,29,0.31
319880,109,109,0,109,0,109,0,109,0,,,,,,,,,,,74.9,0.455
319881,109,109,0,109,0,109,0,109,0,,,,,,,,,,,49.9,1.18
320010,,,,,,,,,,,,,,,,,,,,,
320122,24.8,24.8,0,24.8,0,24.8,0,24.8,0,24.8,0,24.8,0,24.8,0,23,0.0783,20,0.24,20,0.24
320133,34.9,34.9,0,34.9,0,34.9,0,34.9,0,34.9,0,29.8,0.171,34,0.0265,34,0.0265,28,0.246,26,0.342
320140,26.9,26.9,0,26.9,0,,,26.9,0,26.9,0,26.9,0,26.9,0,26.9,0,20.6,0.306,20.6,0.306
320146,32.9,32.9,0,32.9,0,32.9,0,32.9,0,39,-0.156,39,-0.156,39,-0.156,35.5,-0.0732,29.5,0.115,29,0.134
320147,26.9,26.9,0,26.9,0,26.9,0,26.9,0,26.9,0,26.9,0,26.9,0,26.9,0,20.6,0.306,20.6,0.306
320152,18.7,18.7,0,18.7,0,18.7,0,18.7,0,18.7,0,18.7,0,18.5,0.0108,20,-0.065,,,18.7,0
320154,18.7,18.7,0,18.7,0,18.7,0,18.7,0,18.7,0,18.7,0,18.5,0.0108,20,-0.065,,,18.7,0
320169,20.9,20.9,0,20.9,0,20.9,0,20.9,0,20.9,0,20.9,0,20.9,0,20.9,0,16.8,0.244,16.8,0.244
320170,21,21,0,21,0,21,0,21,0,21,0,19.5,0.0769,19.5,0.0769,17,0.235,17,0.235,17,0.235
320172,20.9,20.9,0,20.9,0,20.9,0,20.9,0,20.9,0,20.9,0,20.9,0,20.9,0,16.8,0.244,16.8,0.244
320180,,,,,,,,,,,,,,,,,,,,,
320181,,,,,,,,,,,,,,,,,,,,,
320182,,,,,,,,,,,,,,,,,,,,,
320186,41.3,41.3,0,41.3,0,41.3,0,41.3,0,41.3,0,,,,,41.3,0,28.7,0.439,28.7,0.439
320189,41.3,41.3,0,41.3,0,41.3,0,41.3,0,41.3,0,41.3,0,41.3,0,41.3,0,28.7,0.439,28.7,0.439
320551,88.1,88.1,0,88.1,0,88.1,0,88.1,0,88.1,0,88.1,0,88.1,0,116,-0.24,75.3,0.17,67.7,0.301
320668,,,,,,,,,,,,,,,,,,,,,
321009,23,23,0,23,0,23,0,23,0,23,0,23,0,23,0,23,0,18,0.278,18,0.278
321011,19.5,19.5,0,19.5,0,19.5,0,19.5,0,19.5,0,19.5,0,19.5,0,19.5,0,15.5,0.258,15.5,0.258
321012,57,57,0,57,0,57,0,57,0,57,0,57,0,57,0,56,0.0179,56,0.0179,56,0.0179
321077,42,42,0,42,0,42,0,42,0,42,0,42,0,42,0,,,,,22,0.909
321078,27,27,0,27,0,27,0,27,0,27,0,27,0,27,0,27,0,18,0.5,,
321112,42.5,42.5,0,42.5,0,42.5,0,42.5,0,42.5,0,42.5,0,42.5,0,39.5,0.0759,36,0.181,36,0.181
321115,42.5,42.5,0,42.5,0,42.5,0,42.5,0,42.5,0,42.5,0,42.5,0,39.5,0.0759,36,0.181,36,0.181
321176,17,17,0,17,0,17,0,17,0,17,0,13.9,0.223,16.9,0.00592,16,0.0625,16,0.0625,16,0.0625
321276,6.9,6.9,0,6.9,0,6.9,0,6.9,0,6.9,0,6.9,0,6.9,0,6,0.15,6,0.15,,
322101,125,125,0,125,0,125,0,125,0,125,0,135,-0.0734,158,-0.209,130,-0.0385,124,0.00806,116,0.0776
322157,62.5,62.5,0,62.5,0,62.5,0,62.5,0,62.5,0,62.5,0,62.5,0,62.5,0,39.5,0.582,39.5,0.582
322237,79,79,0,79,0,79,0,79,0,,,,,,,63.9,0.236,58.9,0.341,58.9,0.341
322245,,,,,,,,,,,,,,,,,,,,,
322425,,,,,,,,,,,,,,,,,,,,,
322519,,,,,,,,,,,,,,,,,,,,,
322718,19.5,19.5,0,,,19.5,0,19.5,0,19.5,0,19.5,0,19.5,0,17.5,0.114,15,0.3,15,0.3
322720,19.5,19.5,0,,,19.5,0,19.5,0,19.5,0,19.5,0,19.5,0,17.5,0.114,15,0.3,15,0.3
323281,,,,,,,,,,,,,,,,,,,,,
323284,,,,,,,,,,,,,,,,,,,,,
323350,24,24,0,24,0,24,0,24,0,24,0,24,0,24,0,,,13,0.846,13,0.846
323351,41,41,0,41,0,41,0,41,0,,,41,0,41,0,,,29,0.414,29,0.414
323527,,,,,,,,,,,,,,,,,,,,,
323535,59,59,0,59,0,59,0,59,0,,,,,,,46.9,0.258,46.9,0.258,46.9,0.258
323551,,,,,,,,,,,,,,,,,,,,,
323608,,,,,,,,,,,,,,,,,,,,,
323630,,,,,,,,,,,,,,,,,,,,,
323633,71,71,0,71,0,71,0,71,0,71,0,71,0,71,0,41,0.732,41,0.732,41,0.732
324134,235,235,0,235,0,235,0,235,0,235,0,235,0,235,0,235,0,165,0.424,,
324135,84,84,0,84,0,84,0,84,0,84,0,84,0,84,0,84,0,51,0.647,51,0.647
324230,3.2,3.2,0,3.2,0,3.2,0,3.2,0,3.2,0,3.2,0,3.2,0,3.2,0,2.5,0.28,2.5,0.28
324329,32.9,32.9,0,32.9,0,32.9,0,32.9,0,37.9,-0.132,37.9,-0.132,37.9,-0.132,,,,,,
324401,9.5,9.5,0,9.5,0,9.5,0,9.5,0,9.5,0,12.5,-0.24,13,-0.269,13,-0.269,9.5,0,7.5,0.267
324411,31,31,0,31,0,31,0,31,0,31,0,31,0,31,0,25,0.24,25,0.24,25,0.24
324434,22,22,0,22,0,22,0,22,0,22,0,22,0,22,0,22,0,16,0.375,14.5,0.517
324468,193,193,0,193,0,193,0,193,0,193,0,193,0,,,241,-0.199,151,0.278,151,0.278
324507,,,,,,,,,,,,,,,,,,,,,
324523,,,,,,,,,,,,,,,,,,,,,
324540,,,,,,,,,,,,,,,,,,,,,
324558,,,,,,,,,,,,,,,,,,,,,
324566,,,,,,,,,,,,,,,,,,,,,
324787,,,,,,,,,,,,,,,,,,,,,
324806,,,,,,,,,,,,,,,,,,,,,
324808,24,24,0,24,0,24,0,24,0,24,0,24,0,24,0,24,0,24,0,24,0
324871,20.9,20.9,0,20.9,0,20.9,0,20.9,0,20.9,0,29,-0.279,29,-0.279,29,-0.279,18.5,0.13,14.3,0.462
324872,20.9,20.9,0,20.9,0,20.9,0,20.9,0,20.9,0,29,-0.279,29,-0.279,29,-0.279,18.5,0.13,14.3,0.462
324873,32,32,0,32,0,32,0,32,0,32,0,32,0,32,0,32,0,21.9,0.461,21.5,0.488
325023,,,,,,,,,,,,,,,,,,,,,
325115,224,224,0,224,0,224,0,224,0,224,0,224,0,224,0,224,0,132,0.691,115,0.948
325420,29.8,29.8,0,29.8,0,29.8,0,29.8,0,29.8,0,29.8,0,29.8,0,29,0.0276,29,0.0276,29,0.0276
325467,,,,,,,,,,,,,,,,,,,,,
325471,24,24,0,24,0,24,0,24,0,24,0,24,0,24,0,24,0,24.5,-0.0204,24.5,-0.0204
325481,,,,,,,,,,,,,,,,,,,,,
325511,,,,,,,,,,,,,,,,,,,,,
325538,,,,,,,,,,,,,,,,,,,,,
325570,,,,,,,,,,,,,,,,,,,,,
325589,10,10,0,10,0,10,0,10,0,10,0,10,0,10,0,10,0,9.5,0.0526,7.5,0.333
325597,,,,,,,,,,,,,,,,,,,,,
325620,,,,,,,,,,,,,,,,,,,,,
325670,,,,,,,,,,,,,,,,,,,,,
325672,,,,,,,,,,,,,,,,,,,,,
325678,5,5,0,5,0,5,0,5,0,5,0,5,0,5,0,5,0,3.5,0.429,3,0.667
325708,29,29,0,29,0,29,0,29,0,29,0,69.5,-0.583,69.5,-0.583,64,-0.547,40,-0.275,40,-0.275
325732,,,,,,,,,,,,,,,,,,,,,
325929,39.5,39.5,0,39.5,0,39.5,0,39.5,0,39.5,0,39.5,0,39.5,0,32.5,0.215,24,0.646,22,0.795
326380,,,,,,,,,,,,,,,,,,,,,
326646,,,,,,,,,,,,,,,,,,,,,
326658,,,,,,,,,,,,,,,,,,,,,
326933,,,,,,,,,,,,,,,,,,,,,
327093,10,10,0,10,0,10,0,10,0,10,0,8.5,0.176,10,0,10,0,8,0.25,,
327176,,,,,,,,,,,,,,,,,,,,,
327177,20,20,0,20,0,20,0,20,0,20,0,20,0,20,0,20,0,15,0.333,15,0.333
327181,12.3,12.3,0,12.3,0,12.3,0,12.3,0,12.3,0,12.3,0,12.3,0,12.3,0,12.3,0,12.3,0
327185,15.3,15.3,0,15.3,0,15.3,0,15.3,0,15.3,0,15.3,0,15.3,0,15.3,0,15.3,0,14.7,0.0408
327186,14.7,14.7,0,14.7,0,14.7,0,14.7,0,14.7,0,14.7,0,14.7,0,14.7,0,14.7,0,14.7,0
327187,14.7,14.7,0,14.7,0,14.7,0,14.7,0,14.7,0,14.7,0,14.7,0,14.7,0,14.7,0,14.7,0
327260,22,22,0,22,0,22,0,22,0,22,0,27.5,-0.2,27.5,-0.2,27.5,-0.2,22,0,21.9,0.00457
327468,102,102,0,102,0,102,0,102,0,102,0,102,0,102,0,103,-0.00971,56,0.821,56,0.821
327554,17.5,17.5,0,17.5,0,17.5,0,17.5,0,17.5,0,,,,,,,,,,
327555,22.9,22.9,0,22.9,0,22.9,0,22.9,0,22.9,0,22.9,0,,,16.5,0.388,16.5,0.388,,
327581,24,24,0,24,0,24,0,24,0,24,0,,,24,0,22.6,0.0619,17,0.412,17,0.412
327701,249,249,0,249,0,249,0,249,0,249,0,249,0,249,0,249,0,199,0.251,199,0.251
327789,,,,,,,,,,,,,,,,,,,,,
327815,17.5,17.5,0,17.5,0,17.5,0,17.5,0,17.5,0,19,-0.0789,19,-0.0789,19,-0.0789,14.5,0.207,13.5,0.296
327921,24,24,0,24,0,24,0,24,0,24,0,24,0,24,0,24,0,18,0.333,19.9,0.206
328014,,,,,,,,,,,,,,,,,,,,,
328022,24,24,0,24,0,24,0,24,0,24,0,24,0,24,0,24,0,19,0.263,19.9,0.206
328057,74.9,74.9,0,74.9,0,74.9,0,74.9,0,74.9,0,72.9,0.0274,82.5,-0.0921,,,79,-0.0519,,
328065,130,130,0,130,0,130,0,130,0,130,0,130,0,159,-0.183,159,-0.183,139,-0.0655,107,0.214
328103,190,190,0,190,0,190,0,190,0,190,0,185,0.027,215,-0.116,225,-0.156,194,-0.0211,162,0.173
328120,11.7,11.7,0,11.7,0,11.7,0,11.7,0,11.7,0,11.7,0,11.7,0,,,,,,
328146,,,,,,,,,,,,,,,,,,,,,
328154,185,185,0,185,0,185,0,185,0,185,0,185,0,185,0,185,0,165,0.121,175,0.0571
328187,4,4,0,4,0,4,0,4,0,,,4,0,4,0,4,0,3.5,0.143,3.5,0.143
328319,,,,,,,,,,,,,,,,,,,,,
328332,,,,,,,,,,,,,,,,,,,,,
328336,180,180,0,180,0,180,0,180,0,180,0,218,-0.175,218,-0.175,218,-0.175,,,,
328337,92,92,0,92,0,92,0,92,0,92,0,92,0,92,0,92,0,56,0.643,56,0.643
328338,,,,,,,,,,,,,,,,,,,,,
328339,,,,,,,,,,,,,,,,,,,,,
328340,,,,,,,,,,,,,,,,,,,,,
328341,,,,,,,,,,,,,,,,,,,,,
328345,54,54,0,54,0,54,0,54,0,54,0,54,0,54,0,42.5,0.271,37,0.459,37,0.459
328374,,,,,,,,,,,,,,,,,,,,,
328409,7.9,7.9,0,7.9,0,7.9,0,7.9,0,7.9,0,,,,,,,,,,
328462,,,,,,,,,,,,,,,,,,,,,
328475,96,96,0,96,0,96,0,96,0,96,0,96,0,96,0,123,-0.22,97,-0.0103,86,0.116
328500,3.5,3.5,0,3.5,0,3.5,0,3.5,0,3.5,0,3.5,0,3.5,0,3.5,0,3.5,0,3,0.167
328552,24,24,0,24,0,24,0,24,0,24,0,24,0,24,0,24,0,20,0.2,20,0.2
328566,,,,,,,,,,,,,,,,,,,,,
328567,46.5,46.5,0,46.5,0,46.5,0,46.5,0,46.5,0,46.5,0,46.5,0,46.5,0,33,0.409,,
328568,46.5,46.5,0,46.5,0,46.5,0,46.5,0,46.5,0,46.5,0,46.5,0,46.5,0,33,0.409,32,0.453
328644,,,,,,,,,,,,,,,,,,,,,
328650,,,,,,,,,,,,,,,,,,,,,
328677,7.5,7.5,0,7.5,0,7.5,0,7.5,0,7.5,0,7.5,0,7.5,0,7.5,0,4.5,0.667,4.5,0.667
328678,29,29,0,29,0,29,0,29,0,29,0,29,0,32.5,-0.108,32.5,-0.108,,,22,0.318
328679,39.5,39.5,0,39.5,0,39.5,0,39.5,0,39.5,0,39.5,0,39.5,0,39.5,0,24,0.646,20.5,0.927
328705,6.1,6.1,0,6.1,0,6.1,0,6.1,0,6.1,0,6.1,0,6.1,0,6.1,0,4.5,0.356,4.5,0.356
328706,6.1,6.1,0,6.1,0,6.1,0,6.1,0,6.1,0,6.1,0,6.1,0,6.1,0,4.5,0.356,4.5,0.356
328708,6.1,6.1,0,6.1,0,6.1,0,6.1,0,6.1,0,6.1,0,6.1,0,6.1,0,4.5,0.356,4.5,0.356
328709,6.1,6.1,0,6.1,0,6.1,0,6.1,0,6.1,0,6.1,0,6.1,0,6.1,0,4.5,0.356,,
328717,,,,,,,,,,,,,,,,,,,,,
328720,,,,,,,,,,,,,,,,,,,,,
328740,66,66,0,66,0,66,0,66,0,66,0,66,0,66,0,,,57,0.158,57,0.158
328802,112,112,0,112,0,112,0,112,0,112,0,112,0,112,0,112,0,84,0.333,84,0.333
328803,181,181,0,181,0,181,0,181,0,181,0,181,0,181,0,181,0,138,0.316,138,0.316
328829,,,,,,,,,,,,,,,,,,,,,
328839,57,57,0,57,0,57,0,57,0,57,0,57,0,57,0,57,0,38,0.5,38,0.5
328845,,,,,,,,,,,,,,,,,,,,,
328846,,,,,,,,,,,,,,,,,,,,,
328863,,,,,,,,,,,,,,,,,,,,,
328884,19.9,19.9,0,19.9,0,19.9,0,19.9,0,19.9,0,19.9,0,23.5,-0.153,27,-0.263,18,0.106,16.5,0.206
328890,,,,,,,,,,,,,,,,,,,,,
328900,9.5,9.5,0,9.5,0,9.5,0,9.5,0,9.5,0,9.3,0.0215,9.3,0.0215,9.3,0.0215,9.3,0.0215,9.3,0.0215
329533,,,,,,,,,,,,,,,,,,,,,
329871,20,20,0,20,0,20,0,20,0,20,0,20,0,20,0,20,0,17.5,0.143,17.5,0.143
330161,,,,,,,,,,,,,,,,,,,,,
330162,,,,,,,,,,,,,,,,,,,,,
330170,75,75,0,,,,,,,,,75,0,75,0,90,-0.167,69,0.087,69,0.087
330199,8.5,8.5,0,8.5,0,8.5,0,8.5,0,8.5,0,8.5,0,8.5,0,8.5,0,8,0.0625,8,0.0625
330200,8.5,8.5,0,8.5,0,8.5,0,8.5,0,8.5,0,8.5,0,8.5,0,8.5,0,8,0.0625,8,0.0625
330201,,,,,,,,,,,,,,,,,,,,,
330230,29.9,29.9,0,29.9,0,29.9,0,39.9,-0.251,,,39.9,-0.251,,,,,,,23.9,0.251
330252,40.5,40.5,0,40.5,0,40.5,0,40.5,0,40.5,0,40.5,0,40.5,0,40.5,0,29.9,0.355,29.9,0.355
330460,24.2,24.2,0,24.2,0,24.2,0,24.2,0,24.2,0,24.2,0,24.2,0,24.2,0,17.5,0.383,15,0.613
330511,20,20,0,20,0,20,0,20,0,20,0,20,0,20,0,20,0,20,0,23,-0.13
330529,,,,,,,,,,,,,,,,,,,,,
330563,42.4,42.4,0,42.4,0,42.4,0,42.4,0,42.4,0,42.4,0,42.4,0,43.1,-0.0162,29.6,0.432,25,0.696
330600,109,109,0,109,0,109,0,109,0,109,0,160,-0.321,160,-0.321,160,-0.321,109,0,91.5,0.19
330627,,,,,,,,,,,,,,,,,,,,,
330820,65.9,65.9,0,65.9,0,65.9,0,65.9,0,65.9,0,65.9,0,65.9,0,72.5,-0.091,50,0.318,50,0.318
330821,,,,,,,,,,,,,,,,,,,,,
330822,,,,,,,,,,,,,,,,,,,,,
331013,80,80,0,80,0,80,0,80,0,80,0,80,0,80,0,80,0,69,0.159,65,0.231
331060,81,81,0,81,0,81,0,81,0,81,0,74.5,0.0872,81.2,-0.00246,91.5,-0.115,65.6,0.235,54,0.5
331144,56.7,56.7,0,56.7,0,56.7,0,56.7,0,56.7,0,56.7,0,56.7,0,56.7,0,39.2,0.446,39.2,0.446
331145,56.7,56.7,0,56.7,0,56.7,0,56.7,0,56.7,0,56.7,0,56.7,0,56.7,0,39.2,0.446,39.2,0.446
331150,,,,,,,,,,,,,,,,,,,,,
331151,7.5,7.5,0,10.9,-0.312,10.9,-0.312,10.9,-0.312,10.9,-0.312,10.9,-0.312,10.9,-0.312,9,-0.167,6.5,0.154,5,0.5
331153,,,,,,,,,,,,,,,,,,,,,
331156,,,,,,,,,,,,,,,,,,,,,
331195,103,103,0,103,0,103,0,103,0,103,0,103,0,103,0,118,-0.123,82.6,0.247,69.8,0.476
331221,,,,,,,,,,,,,,,,,,,,,
331871,6.5,6.5,0,6.5,0,6.5,0,6.5,0,6.5,0,6.5,0,6.5,0,6.5,0,6.5,0,6,0.0833
331875,6.5,6.5,0,6.5,0,6.5,0,6.5,0,6.5,0,6.5,0,6.5,0,6.5,0,6.5,0,6,0.0833
331891,,,,,,,,,,,,,,,,,,,,,
331892,19.3,19.3,0,19.3,0,19.3,0,19.3,0,19.3,0,19.3,0,,,19.3,0,19.3,0,19.3,0
331893,20,20,0,20,0,20,0,20,0,20,0,20,0,,,,,,,,
331896,,,,,,,,,,,,,,,,,,,,,
332001,8.5,8.5,0,8.5,0,8.5,0,,,8.5,0,8.5,0,8.5,0,,,6.9,0.232,6,0.417
332086,61,61,0,61,0,61,0,61,0,61,0,61,0,61,0,61,0,45,0.356,45,0.356
332117,,,,,,,,,,,,,,,,,,,,,
332151,20.5,20.5,0,20.5,0,20.5,0,20.5,0,20.5,0,25,-0.18,25,-0.18,25,-0.18,20,0.025,15.9,0.289
332280,,,,,,,,,,,,,,,,,,,,,
332291,299,299,0,299,0,299,0,330,-0.0939,330,-0.0939,330,-0.0939,330,-0.0939,330,-0.0939,,,199,0.503
332507,29.6,29.6,0,29.6,0,29.6,0,29.6,0,29.6,0,29.6,0,29.6,0,31.5,-0.0603,21.9,0.352,20.2,0.465
332547,25.5,25.5,0,25.5,0,25.5,0,25.5,0,25.5,0,25.5,0,,,,,,,,
332552,47.9,47.9,0,47.9,0,47.9,0,47.9,0,47.9,0,47.9,0,47.9,0,47.9,0,39.9,0.201,36.5,0.312
332553,47.9,47.9,0,47.9,0,47.9,0,47.9,0,47.9,0,47.9,0,47.9,0,47.9,0,39.9,0.201,36.5,0.312
332554,,,,,,,,,,,,,,,,,,,,,
332578,17.9,17.9,0,17.9,0,17.9,0,17.9,0,17.9,0,17.9,0,17.9,0,17.9,0,12.6,0.421,11.2,0.598
332595,,,,,,,,,,,,,,,,,,,,,
332656,15.3,15.3,0,15.3,0,15.3,0,15.3,0,15.3,0,15.3,0,,,,,,,,
332777,51.6,51.6,0,51.6,0,51.6,0,51.6,0,51.6,0,51.6,0,51.6,0,51.6,0,37.5,0.376,32,0.613
332778,23,23,0,23,0,23,0,23,0,23,0,23,0,26,-0.115,30,-0.233,19.9,0.156,18,0.278
332802,22.7,22.7,0,22.7,0,22.7,0,22.7,0,22.7,0,22.7,0,22.7,0,22,0.0318,15.9,0.428,13.5,0.681
332901,52.5,52.5,0,52.5,0,52.5,0,52.5,0,52.5,0,52.5,0,52.5,0,52.5,0,36.8,0.427,34,0.544
333053,29.4,29.4,0,29.4,0,29.4,0,29.4,0,29.4,0,29.4,0,29.4,0,29.4,0,,,20.2,0.455
333062,41.9,41.9,0,41.9,0,41.9,0,41.9,0,41.9,0,41.9,0,41.9,0,,,25.5,0.643,23.5,0.783
333063,41.9,41.9,0,41.9,0,41.9,0,41.9,0,41.9,0,41.9,0,41.9,0,33.8,0.24,25.5,0.643,23.5,0.783
333141,67.5,67.5,0,67.5,0,,,,,67.5,0,67.5,0,67.5,0,67.5,0,54.3,0.243,54.3,0.243
333142,67.5,67.5,0,67.5,0,,,,,,,67.5,0,67.5,0,67.5,0,54.3,0.243,54.3,0.243
333143,66.9,66.9,0,66.9,0,66.9,0,66.9,0,66.9,0,66.9,0,,,66.9,0,,,55.9,0.197
333144,66.9,66.9,0,66.9,0,66.9,0,66.9,0,66.9,0,,,,,66.9,0,55.9,0.197,55.9,0.197
333145,81.9,81.9,0,81.9,0,81.9,0,81.9,0,81.9,0,81.9,0,81.9,0,81.9,0,74.9,0.0935,74.9,0.0935
333160,32.9,32.9,0,32.9,0,32.9,0,32.9,0,32.9,0,32.9,0,32.9,0,32.8,0.00305,,,,
333168,35,35,0,35,0,35,0,35,0,35,0,35,0,35,0,37.6,-0.0691,29.5,0.186,25.5,0.373
333265,,,,,,,,,,,,,,,,,,,,,
333266,55,55,0,55,0,55,0,55,0,55,0,56,-0.0179,,,56,-0.0179,,,29.8,0.846
333277,,,,,,,,,,,,,,,,,,,,,
333287,30,30,0,30,0,30,0,30,0,30,0,30,0,30,0,27.8,0.0791,27.8,0.0791,26.5,0.132
333302,31.2,31.2,0,31.2,0,31.2,0,31.2,0,31.2,0,31.2,0,31.2,0,31.2,0,,,,
333304,31.2,31.2,0,31.2,0,31.2,0,31.2,0,31.2,0,31.2,0,31.2,0,31.2,0,25,0.248,25,0.248
333305,31.2,31.2,0,31.2,0,31.2,0,31.2,0,31.2,0,31.2,0,31.2,0,31.2,0,25,0.248,25,0.248
333331,,,,,,,,,,,,,,,,,,,,,
333371,7.5,7.5,0,7.5,0,7.5,0,7.5,0,7.5,0,7.5,0,7.5,0,7.5,0,5.5,0.364,4.4,0.705
333420,80,80,0,80,0,80,0,80,0,80,0,80,0,80,0,80,0,69,0.159,65,0.231
333451,32.9,32.9,0,32.9,0,32.9,0,32.9,0,32.9,0,32.9,0,35,-0.06,40.5,-0.188,28.8,0.142,26.5,0.242
333452,32.9,32.9,0,32.9,0,32.9,0,32.9,0,32.9,0,,,,,40.5,-0.188,28.8,0.142,26.5,0.242
333453,32.9,32.9,0,32.9,0,32.9,0,32.9,0,32.9,0,32.9,0,36.7,-0.104,45,-0.269,26.5,0.242,26.5,0.242
333454,,,,,,,,,,,,,,,,,,,,,
333468,,,,,,,,,,,,,,,,,,,,,
333470,19.5,19.5,0,19.5,0,19.5,0,19.5,0,19.5,0,19.5,0,20.5,-0.0488,17.9,0.0894,16,0.219,16,0.219
333471,,,,,,,,,,,,,,,,,,,,,
333480,,,,,,,,,,,,,,,,,,,,,
333512,39.5,39.5,0,39.5,0,39.5,0,39.5,0,39.5,0,39.5,0,39.5,0,40.9,-0.0342,30.6,0.291,26.9,0.468
333513,37.6,37.6,0,37.6,0,37.6,0,37.6,0,37.6,0,37.6,0,37.6,0,40.9,-0.0807,30.6,0.229,26.9,0.398
333555,22.7,22.7,0,22.7,0,22.7,0,22.7,0,22.7,0,22.7,0,22.7,0,22.7,0,17,0.335,13.9,0.633
333556,,,,,,,,,,,,,,,,,,,,,
333557,,,,,,,,,,,,,,,,,,,,,
333558,,,,,,,,,,,,,,,,,,,,,
333559,21.4,21.4,0,21.4,0,21.4,0,21.4,0,21.4,0,20.8,0.0288,,,20.8,0.0288,15.8,0.354,12.4,0.726
333560,31,31,0,31,0,31,0,31,0,31,0,31,0,31,0,31,0,18.5,0.676,16.8,0.845
333561,32.9,32.9,0,32.9,0,32.9,0,32.9,0,76,-0.567,76,-0.567,76,-0.567,76,-0.567,,,43,-0.235
333565,56,56,0,56,0,56,0,56,0,56,0,56,0,56,0,56,0,47.5,0.179,,
333575,,,,,,,,,,,,,,,,,,,,,
333577,7.9,7.9,0,7.9,0,7.9,0,7.9,0,7.9,0,8.5,-0.0706,8.5,-0.0706,8,-0.0125,7,0.129,6.3,0.254
333582,20.6,20.6,0,20.6,0,20.6,0,20.6,0,20.6,0,22.9,-0.1,22.9,-0.1,22.9,-0.1,15.7,0.312,13.9,0.482
333586,54.9,54.9,0,54.9,0,54.9,0,54.9,0,54.9,0,54.9,0,55,-0.00182,55,-0.00182,49.9,0.1,49.9,0.1
333605,,,,,,,,,,,,,,,,,,,,,
333608,,,,,,,,,,,,,,,,,,,,,
333616,,,,,,,,,,,,,,,,,,,,,
333618,,,,,,,,,,,,,,,,,,,,,
333619,,,,,,,,,,,,,,,,,,,,,
333623,,,,,,,,,,,,,,,,,,,,,
333626,,,,,,,,,,,,,,,,,,,,,
333627,,,,,,,,,,,,,,,,,,,,,
333637,,,,,,,,,,,,,,,,,,,,,
333639,,,,,,,,,,,,,,,,,,,,,
333640,,,,,,,,,,,,,,,,,,,,,
333642,,,,,,,,,,,,,,,,,,,,,
333644,73,73,0,73,0,73,0,73,0,73,0,73,0,73,0,73,0,61,0.197,59,0.237
333645,119,119,0,119,0,119,0,119,0,119,0,119,0,119,0,119,0,99,0.202,97,0.227
333717,95.5,95.5,0,95.5,0,95.5,0,95.5,0,95.5,0,95.5,0,95.5,0,86,0.11,86,0.11,63,0.516
333752,34,34,0,34,0,34,0,34,0,34,0,34,0,34,0,35.5,-0.0423,25.8,0.318,23.4,0.453
333754,57.7,57.7,0,57.7,0,57.7,0,57.7,0,57.7,0,57.7,0,65.5,-0.119,70.9,-0.186,50.6,0.14,46,0.254
333755,56.3,56.3,0,56.3,0,56.3,0,56.3,0,56.3,0,56.3,0,60,-0.0617,69,-0.184,49.5,0.137,45.9,0.227
333770,39.6,39.6,0,39.6,0,39.6,0,39.6,0,30,0.32,33,0.2,,,39.6,0,29.7,0.333,28.6,0.385
333775,12,12,0,12,0,12,0,12,0,12,0,12,0,12,0,15.5,-0.226,11,0.0909,11,0.0909
333796,69,69,0,69,0,69,0,69,0,,,69,0,,,69,0,52.2,0.322,43,0.605
333822,,,,,,,,,,,,,,,,,,,,,
333823,,,,,,,,,,,,,,,,,,,,,
333825,28,28,0,28,0,28,0,28,0,28,0,28,0,28,0,,,,,19.9,0.407
333827,,,,,,,,,,,,,,,,,,,,,
333912,,,,,,,,,,,,,,,,,,,,,
333956,59.9,59.9,0,59.9,0,59.9,0,59.9,0,59.9,0,57.5,0.0417,57.5,0.0417,57.5,0.0417,44.9,0.334,44.9,0.334
333996,26,26,0,26,0,26,0,26,0,26,0,22.8,0.14,,,,,20,0.3,20,0.3
333997,21.5,21.5,0,21.5,0,21.5,0,21.5,0,26,-0.173,22.8,-0.057,26,-0.173,26,-0.173,20,0.075,,
333998,26,26,0,26,0,26,0,26,0,,,,,26,0,26,0,20,0.3,,
334079,8.9,8.9,0,8.9,0,8.9,0,8.9,0,8.9,0,8.5,0.0471,10.2,-0.127,10.2,-0.127,7,0.271,7,0.271
334090,25,25,0,25,0,25,0,25,0,25,0,25,0,25,0,25,0,22.5,0.111,22.5,0.111
334103,19,19,0,19,0,19,0,19,0,19,0,19,0,19,0,19,0,17.5,0.0857,17.5,0.0857
334105,23,23,0,23,0,23,0,23,0,28,-0.179,24.5,-0.0612,28,-0.179,28,-0.179,22,0.0455,22,0.0455
334111,21.5,21.5,0,21.5,0,21.5,0,21.5,0,21.5,0,21.5,0,21.5,0,21.5,0,19.5,0.103,19.5,0.103
334120,20,20,0,20,0,20,0,20,0,20,0,20,0,20,0,20,0,18.5,0.0811,18.5,0.0811
334138,30,30,0,30,0,30,0,30,0,30,0,30,0,30,0,30,0,27,0.111,27,0.111
334146,20.5,20.5,0,20.5,0,20.5,0,20.5,0,20.5,0,20.5,0,20.5,0,20.5,0,18.8,0.0904,18.8,0.0904
334260,33,33,0,33,0,33,0,33,0,33,0,33,0,33,0,33,0,30,0.1,30,0.1
334278,61,61,0,61,0,61,0,61,0,61,0,61,0,61,0,61,0,56,0.0893,56,0.0893
334338,,,,,,,,,,,,,,,,,,,,,
334342,23.7,23.7,0,,,,,23.7,0,23.7,0,23.7,0,23.7,0,23.7,0,,,23.4,0.0128
334390,27,27,0,27,0,27,0,27,0,27,0,,,,,,,,,,
334501,24.9,24.9,0,24.9,0,24.9,0,24.9,0,33,-0.245,33,-0.245,33,-0.245,33,-0.245,25.5,-0.0235,23.5,0.0596
334565,,,,,,,,,,,,,,,,,,,,,
334566,31.5,31.5,0,31.5,0,31.5,0,31.5,0,31.5,0,27.5,0.145,27.5,0.145,27.5,0.145,27.5,0.145,24.7,0.275
334578,34.5,34.5,0,34.5,0,34.5,0,34.5,0,34.5,0,34.5,0,34.5,0,34.5,0,34.5,0,34.5,0
334680,,,,,,,,,,,,,,,,,,,,,
334681,,,,,,,,,,,,,,,,,,,,,
334682,99,99,0,99,0,99,0,99,0,99,0,,,,,99,0,,,75.5,0.311
334683,,,,,,,,,,,,,,,,,,,,,
334907,,,,,,,,,,,,,,,,,,,,,
334908,108,108,0,108,0,108,0,108,0,108,0,108,0,108,0,108,0,108,0,108,0
335011,,,,,,,,,,,,,,,,,,,,,
335055,,,,,,,,,,,,,,,,,,,,,
335060,54.9,54.9,0,54.9,0,54.9,0,,,54.9,0,54.9,0,,,,,,,,
335078,,,,,,,,,,,,,,,,,,,,,
335453,33.5,33.5,0,33.5,0,33.5,0,33.5,0,33.5,0,33.5,0,33.5,0,33.5,0,27.5,0.218,24.5,0.367
335579,36,36,0,36,0,36,0,36,0,36,0,36,0,36,0,36,0,27,0.333,25,0.44
335580,31.5,31.5,0,31.5,0,31.5,0,31.5,0,31.5,0,26,0.212,,,,,,,,
335582,36,36,0,36,0,36,0,36,0,36,0,30.9,0.165,36,0,36,0,27,0.333,25,0.44
335610,16,16,0,16,0,16,0,16,0,16,0,16,0,16,0,,,,,,
335748,,,,,,,,,,,,,,,,,,,,,
335755,29.5,29.5,0,29.5,0,29.5,0,29.5,0,29.5,0,30.5,-0.0328,30.5,-0.0328,21.5,0.372,21.5,0.372,19.5,0.513
335756,29.5,29.5,0,29.5,0,29.5,0,29.5,0,29.5,0,30.5,-0.0328,30.5,-0.0328,21.5,0.372,21.5,0.372,19.5,0.513
335757,29.5,29.5,0,29.5,0,29.5,0,29.5,0,29.5,0,30.5,-0.0328,30.5,-0.0328,21.5,0.372,21.5,0.372,19.5,0.513
335765,,,,,,,,,,,,,,,,,,,,,
335770,31.2,31.2,0,31.2,0,31.2,0,31.2,0,31.2,0,31.2,0,,,,,25,0.248,25,0.248
335781,46,46,0,46,0,46,0,46,0,46,0,46,0,46,0,39,0.179,36.5,0.26,34.5,0.333
335787,16.5,16.5,0,16.5,0,16.5,0,16.5,0,16.5,0,16.2,0.0185,16.2,0.0185,16.2,0.0185,11,0.5,10,0.65
335805,28,28,0,28,0,28,0,28,0,28,0,28,0,28,0,28,0,24.5,0.143,24.5,0.143
335967,65.9,65.9,0,65.9,0,65.9,0,65.9,0,65.9,0,65.9,0,65.9,0,53,0.243,53,0.243,48,0.373
336066,27.9,27.9,0,27.9,0,27.9,0,27.9,0,33,-0.155,33,-0.155,33,-0.155,30,-0.07,21.5,0.298,20,0.395
336092,,,,,,,,,,,,,,,,,,,,,
336191,20.9,20.9,0,20.9,0,20.9,0,20.9,0,20.9,0,20.9,0,20.9,0,20.9,0,16.8,0.244,16.8,0.244
336211,50,50,0,50,0,50,0,50,0,50,0,50,0,50,0,50,0,46.8,0.0684,43.9,0.139
336270,,,,,,,,,,,,,,,,,,,,,
336275,82.5,82.5,0,82.5,0,82.5,0,82.5,0,82.5,0,82.5,0,82.5,0,93.5,-0.118,54,0.528,44,0.875
336341,43.1,43.1,0,,,43.1,0,43.1,0,43.1,0,43.1,0,,,43.1,0,35.6,0.211,35.5,0.214
336342,43.1,43.1,0,43.1,0,43.1,0,43.1,0,43.1,0,43.1,0,,,43.1,0,35.6,0.211,35.6,0.211
336386,12.6,12.6,0,,,,,,,,,,,,,,,,,,
336394,13.5,13.5,0,13.5,0,13.5,0,13.5,0,13.5,0,,,,,,,12.5,0.08,,
336421,21.9,21.9,0,21.9,0,21.9,0,21.9,0,21.9,0,21.9,0,21.9,0,21.9,0,21.4,0.0234,17.9,0.223
336424,13.9,13.9,0,,,,,,,13.9,0,13.9,0,,,,,10.9,0.275,,
336513,13.5,13.5,0,,,,,,,,,,,,,13.5,0,12,0.125,12,0.125
336521,13.9,13.9,0,,,,,,,,,13.9,0,13.9,0,,,,,,
336530,14,14,0,,,,,,,,,14,0,14,0,,,9.9,0.413,,
336548,12.9,12.9,0,,,,,,,,,12.9,0,12.9,0,,,,,,
336564,,,,,,,,,,,,,,,,,,,,,
336572,13.9,13.9,0,,,,,13.9,0,13.9,0,13.9,0,,,,,11,0.264,,
336573,23.8,23.8,0,23.8,0,23.8,0,23.8,0,26.3,-0.0951,26.3,-0.0951,26.3,-0.0951,,,,,,
336599,,,,,,,,,,,,,,,,,,,,,
336622,,,,,,,,,,,,,,,,,,,,,
336720,49.9,49.9,0,49.9,0,49.9,0,49.9,0,49.9,0,49.9,0,56,-0.109,50,-0.002,40,0.248,37,0.349
336721,49.9,49.9,0,49.9,0,49.9,0,49.9,0,49.9,0,49.9,0,56,-0.109,50,-0.002,40,0.248,37,0.349
336750,,,,,,,,,,,,,,,,,,,,,
336769,,,,,,,,,,,,,,,,,,,,,
336830,25.6,25.6,0,25.6,0,25.6,0,25.6,0,25.6,0,25.6,0,,,25.6,0,18.9,0.354,18.9,0.354
336831,,,,,,,,,,,,,,,,,,,,,
336833,,,,,,,,,,,,,,,,,,,,,
336858,,,,,,,,,,,,,,,,,,,,,
336866,,,,,,,,,,,,,,,,,,,,,
336890,,,,,,,,,,,,,,,,,,,,,
336939,15,15,0,15,0,15,0,15,0,15,0,15,0,15,0,12.5,0.2,12.5,0.2,12.5,0.2
336947,,,,,,,,,,,,,,,,,,,,,
337020,39.4,39.4,0,39.4,0,39.4,0,39.4,0,39.4,0,39.4,0,39.4,0,39.4,0,32.8,0.201,30,0.313
337043,,,,,,,,,,,,,,,,,,,,,
337055,,,,,,,,,,,,,,,,,,,,,
337090,28.4,28.4,0,28.4,0,28.4,0,28.4,0,28.4,0,36.3,-0.218,36.3,-0.218,36.3,-0.218,24.5,0.159,20.5,0.385
337091,,,,,,,,,,,,,,,,,,,,,
337093,33.7,33.7,0,33.7,0,33.7,0,33.7,0,33.7,0,43.1,-0.218,43.1,-0.218,43.1,-0.218,29.6,0.139,25,0.348
337187,35,35,0,35,0,35,0,35,0,35,0,35,0,35,0,35,0,31,0.129,31,0.129
337250,,,,,,,,,,,,,,,,,,,,,
337285,30,30,0,30,0,30,0,30,0,30,0,30,0,30,0,16.9,0.775,16.9,0.775,16.9,0.775
337293,27.5,27.5,0,27.5,0,27.5,0,27.5,0,27.5,0,27.5,0,27.5,0,19,0.447,19,0.447,19,0.447
337307,,,,,,,,,,,,,,,,,,,,,
337331,,,,,,,,,,,,,,,,,,,,,
337358,17.5,17.5,0,17.5,0,17.5,0,17.5,0,17.5,0,17.5,0,17.5,0,14,0.25,13.5,0.296,13.5,0.296
337366,,,,,,,,,,,,,,,,,,,,,
337374,,,,,,,,,,,,,,,,,,,,,
337420,,,,,,,,,,,,,,,,,,,,,
337488,,,,,,,,,,,,,,,,,,,,,
337490,,,,,,,,,,,,,,,,,,,,,
337527,,,,,,,,,,,,,,,,,,,,,
337729,186,186,0,186,0,186,0,186,0,186,0,186,0,186,0,159,0.173,124,0.504,100,0.865
337733,20.4,20.4,0,20.4,0,20.4,0,20.4,0,20.4,0,20.4,0,20.4,0,20.4,0,16.5,0.236,12,0.7
337801,13.3,13.3,0,13.3,0,13.3,0,13.3,0,13.3,0,12.9,0.031,14.1,-0.0567,,,,,,
337891,64.8,64.8,0,64.8,0,64.8,0,64.8,0,64.8,0,64.8,0,64.8,0,69.8,-0.0716,54.6,0.187,46.8,0.385
337911,,,,,,,,,,,,,,,,,,,,,
337912,,,,,,,,,,,,,,,,,,,,,
338048,60,60,0,60,0,60,0,60,0,60,0,71,-0.155,71,-0.155,52.5,0.143,,,34.9,0.719
338050,48.9,48.9,0,48.9,0,48.9,0,48.9,0,48.9,0,48.9,0,55.5,-0.119,60,-0.185,43,0.137,35.5,0.377
338110,31.9,31.9,0,31.9,0,31.9,0,31.9,0,31.9,0,31.9,0,31.9,0,31.9,0,,,16.9,0.888
338111,24.3,24.3,0,24.3,0,24.3,0,24.3,0,24.3,0,24.3,0,24.3,0,24.3,0,18.2,0.335,18.2,0.335
338113,55.5,55.5,0,55.5,0,55.5,0,55.5,0,55.5,0,55.5,0,55.5,0,55.5,0,37.6,0.476,32.9,0.687
338278,,,,,,,,,,,,,,,,,,,,,
338717,60,60,0,60,0,60,0,60,0,60,0,60,0,60,0,60,0,29,1.07,23.5,1.55
338740,,,,,,,,,,,,,,,,,,,,,
338746,,,,,,,,,,,,,,,,,,,,,
338752,,,,,,,,,,,,,,,,,,,,,
338781,8,8,0,8,0,8,0,8.4,-0.0476,8.4,-0.0476,8.4,-0.0476,8.4,-0.0476,7.5,0.0667,6.9,0.159,6.9,0.159
338816,182,182,0,182,0,182,0,182,0,182,0,238,-0.237,238,-0.237,238,-0.237,,,,
338817,39.6,39.6,0,39.6,0,39.6,0,39.6,0,39.6,0,42.3,-0.0638,42.3,-0.0638,55.7,-0.289,38.9,0.018,33.4,0.186
338819,39.6,39.6,0,39.6,0,39.6,0,39.6,0,39.6,0,42.3,-0.0638,42.3,-0.0638,55.7,-0.289,38.9,0.018,33.4,0.186
338823,14.9,14.9,0,14.9,0,14.9,0,14.9,0,,,,,15.9,-0.0629,20.9,-0.287,14.6,0.0205,12.3,0.211
338840,40.8,40.8,0,40.8,0,40.8,0,40.8,0,40.8,0,40.8,0,40.8,0,40.8,0,36.3,0.124,33.7,0.211
338844,164,164,0,164,0,164,0,164,0,164,0,164,0,164,0,164,0,138,0.192,112,0.457
338914,79.2,79.2,0,79.2,0,79.2,0,79.2,0,,,113,-0.297,113,-0.297,113,-0.297,75.4,0.0504,64.6,0.226
338982,13,13,0,13,0,13,0,13,0,13,0,13,0,15,-0.133,17,-0.235,11.3,0.15,10.3,0.262
338989,80,80,0,80,0,80,0,,,80,0,85,-0.0588,85,-0.0588,85,-0.0588,72,0.111,58,0.379
338990,25.5,25.5,0,25.5,0,25.5,0,25.5,0,25.5,0,25.5,0,25.5,0,25.5,0,16.5,0.545,13.5,0.889
339124,,,,,,,,,,,,,,,,,,,,,
339126,37.5,37.5,0,37.5,0,37.5,0,37.5,0,37.5,0,37.5,0,,,23,0.63,39,-0.0385,25,0.5
339128,42,42,0,42,0,,,42,0,42,0,42,0,42,0,47,-0.106,39,0.0769,,
339129,66,66,0,66,0,66,0,66,0,66,0,66,0,66,0,48,0.375,44,0.5,31.3,1.11
339131,62.5,62.5,0,62.5,0,62.5,0,62.5,0,62.5,0,62.5,0,74,-0.155,83,-0.247,59.5,0.0504,40.7,0.536
339132,36.5,36.5,0,36.5,0,36.5,0,36.5,0,36.5,0,36.5,0,36.5,0,43,-0.151,31.5,0.159,24,0.521
339134,22,22,0,22,0,22,0,22,0,22,0,22,0,,,22,0,16,0.375,12,0.833
339135,,,,,,,,,,,,,,,,,,,,,
339136,10.5,10.5,0,10.5,0,10.5,0,10.5,0,10.5,0,10.5,0,10.5,0,10.5,0,5.6,0.875,5.6,0.875
339137,26,26,0,26,0,26,0,26,0,26,0,26,0,26,0,26,0,20,0.3,15,0.733
339141,80,80,0,80,0,80,0,80,0,80,0,80,0,80,0,80,0,69,0.159,65,0.231
339220,80.4,80.4,0,80.4,0,80.4,0,80.4,0,80.4,0,80.4,0,,,86.3,-0.0684,68.4,0.175,63,0.276
339440,20.6,20.6,0,20.6,0,20.6,0,,,,,,,,,,,,,,
339733,20.7,20.7,0,20.7,0,20.7,0,20.7,0,20.7,0,,,22.3,-0.0717,22.3,-0.0717,17.5,0.183,17.5,0.183
339811,,,,,,,,,,,,,,,,,,,,,
339813,87.5,87.5,0,87.5,0,87.5,0,87.5,0,87.5,0,87.5,0,82.5,0.0606,75,0.167,75,0.167,75,0.167
339874,,,,,,,,,,,,,,,,,,,,,
340078,,,,,,,,,,,,,,,,,,,,,
340081,,,,,,,,,,,,,,,,,,,,,
340087,1.5,1.5,0,1.5,0,1.5,0,1.5,0,1.5,0,1.5,0,1.5,0,1.5,0,1.5,0,1.5,0
340088,4.5,4.5,0,4.5,0,4.5,0,4.5,0,4.5,0,4.5,0,4.5,0,4.5,0,4.5,0,4.5,0
340101,20,20,0,20,0,20,0,20,0,20,0,20,0,20,0,20,0,20,0,20,0
340112,202,202,0,202,0,202,0,202,0,202,0,202,0,202,0,202,0,202,0,202,0
340137,72,72,0,72,0,72,0,72,0,72,0,,,,,,,52.2,0.379,45.2,0.593
340171,155,155,0,155,0,155,0,155,0,155,0,187,-0.172,187,-0.172,187,-0.172,169,-0.0834,169,-0.0834
340200,31.7,31.7,0,31.7,0,31.7,0,31.7,0,31.7,0,31.7,0,31.7,0,31.7,0,22,0.441,22,0.441
340209,140,140,0,140,0,140,0,140,0,105,0.333,140,0,140,0,140,0,128,0.0938,118,0.186
340234,36,36,0,36,0,36,0,36,0,36,0,36,0,36,0,36,0,27.5,0.309,27.5,0.309
340235,31.5,31.5,0,31.5,0,31.5,0,31.5,0,25,0.26,31.7,-0.00631,31,0.0161,31,0.0161,22,0.432,22,0.432
340238,36,36,0,36,0,36,0,36,0,36,0,36,0,36,0,36,0,27.5,0.309,27.5,0.309
340243,31.5,31.5,0,31.5,0,31.5,0,31.5,0,25,0.26,31.7,-0.00631,31.7,-0.00631,31.7,-0.00631,22,0.432,22,0.432
340251,31.5,31.5,0,31.5,0,31.5,0,31.5,0,25,0.26,31.7,-0.00631,39,-0.192,39,-0.192,22,0.432,18.7,0.684
340260,31.5,31.5,0,31.5,0,31.5,0,31.5,0,25,0.26,31.7,-0.00631,31,0.0161,31,0.0161,22,0.432,18.7,0.684
340272,12,12,0,12,0,12,0,12,0,12,0,,,,,,,,,,
340273,12,12,0,12,0,12,0,12,0,12,0,,,,,,,,,,
340411,,,,,,,,,,,,,,,,,,,,,
340412,22.5,22.5,0,22.5,0,22.5,0,22.5,0,22.5,0,22.5,0,22.5,0,20,0.125,18,0.25,18,0.25
340413,10.2,10.2,0,10.2,0,10.2,0,10.2,0,15.3,-0.333,15.3,-0.333,17.3,-0.41,18.5,-0.449,14,-0.271,10.9,-0.0642
340450,42,42,0,42,0,42,0,42,0,42,0,42,0,42,0,42,0,,,,
340451,42,42,0,42,0,42,0,42,0,42,0,42,0,42,0,42,0,30,0.4,25,0.68
340453,,,,,,,,,,,,,,,,,,,,,
340457,,,,,,,,,,,,,,,,,,,,,
340471,,,,,,,,,,,,,,,,,,,,,
340481,,,,,,,,,,,,,,,,,,,,,
340483,7.8,7.8,0,7.8,0,7.8,0,7.8,0,7.8,0,7.8,0,7.8,0,7.8,0,6.5,0.2,6,0.3
340517,,,,,,,,,,,,,,,,,,,,,
340518,,,,,,,,,,,,,,,,,,,,,
340533,20,20,0,20,0,20,0,20,0,20,0,18.5,0.0811,18.5,0.0811,17.5,0.143,16.5,0.212,16.5,0.212
340540,,,,,,,,,,,,,,,,,,,,,
340541,,,,,,,,,,,,,,,,,,,,,
340543,,,,,,,,,,,,,,,,,,,,,
340618,25.9,25.9,0,25.9,0,25.9,0,25.9,0,30.9,-0.162,30.9,-0.162,30.9,-0.162,28,-0.075,,,18,0.439
340660,20.9,20.9,0,20.9,0,20.9,0,20.9,0,20.9,0,20.9,0,20.9,0,20.9,0,16.8,0.244,16.8,0.244
340692,34,34,0,34,0,34,0,34,0,34,0,34,0,,,40,-0.15,25,0.36,25,0.36
340702,140,140,0,140,0,,,,,,,140,0,140,0,140,0,128,0.0938,118,0.186
340750,63,63,0,63,0,63,0,63,0,63,0,63,0,63,0,63,0,,,47,0.34
340751,37,37,0,37,0,37,0,37,0,37,0,37,0,37,0,37,0,30,0.233,,
340752,47,47,0,47,0,47,0,47,0,47,0,47,0,47,0,47,0,36,0.306,36,0.306
340753,47,,,,,,,,,,,47,0,47,0,47,0,36,0.306,36,0.306
340782,36,36,0,36,0,36,0,36,0,36,0,39.9,-0.0977,47,-0.234,53,-0.321,36,0,33,0.0909
340811,,,,,,,,,,,,,,,,,,,,,
340847,,,,,,,,,,,,,,,,,,,,,
340855,36,36,0,36,0,36,0,36,0,36,0,39.9,-0.0977,47,-0.234,53,-0.321,36,0,33,0.0909
340956,47.2,47.2,0,47.2,0,47.2,0,47.2,0,47.2,0,47.2,0,47.2,0,45.9,0.0283,37.5,0.259,37.5,0.259
341010,51.3,51.3,0,51.3,0,51.3,0,51.3,0,51.3,0,51.3,0,51.3,0,51.3,0,47.5,0.08,47.5,0.08
341055,,,,,,,,,,,,,,,,,,,,,
341150,56,56,0,56,0,56,0,56,0,56,0,56,0,56,0,,,,,42.5,0.318
341241,,,,,,,,,,,,,,,,,,,,,
341243,8.8,8.8,0,8.8,0,8.8,0,8.8,0,8.8,0,8.8,0,8.8,0,8.8,0,7,0.257,7,0.257
341444,6,6,0,6,0,6,0,6,0,6,0,6,0,6,0,6,0,6,0,,
341552,25,25,0,25,0,25,0,25,0,25,0,25,0,25,0,,,,,,
341835,100,100,0,100,0,100,0,100,0,100,0,100,0,,,,,75,0.333,62,0.613
342070,65.9,65.9,0,65.9,0,65.9,0,65.9,0,65.9,0,65.9,0,65.9,0,72.5,-0.091,48.8,0.35,48.8,0.35
342084,24,24,0,24,0,24,0,24,0,24,0,24,0,22,0.0909,22,0.0909,21.8,0.101,21.8,0.101
342092,30.7,30.7,0,30.7,0,30.7,0,30.7,0,30.7,0,30.7,0,28.9,0.0623,28.9,0.0623,28.5,0.0772,28,0.0964
342219,13.5,13.5,0,13.5,0,13.5,0,13.5,0,13.5,0,13.5,0,13.5,0,13.5,0,7.9,0.709,7.9,0.709
342234,14,14,0,14,0,14,0,14,0,14,0,14,0,14,0,14,0,8.5,0.647,8.5,0.647
342345,,,,,,,,,,,,,,,,,,,,,
342564,40.8,40.8,0,40.8,0,40.8,0,40.8,0,40.8,0,40.8,0,,,,,,,,
342611,,,,,,,,,,,,,,,,,,,,,
343285,80,80,0,80,0,80,0,80,0,80,0,80,0,80,0,80,0,69,0.159,65,0.231
343323,80,80,0,80,0,80,0,80,0,80,0,80,0,80,0,80,0,69,0.159,65,0.231
343358,80,80,0,80,0,80,0,80,0,80,0,,,80,0,80,0,69,0.159,65,0.231
343374,80,80,0,80,0,80,0,80,0,80,0,80,0,80,0,80,0,69,0.159,65,0.231
343390,80,80,0,80,0,80,0,80,0,80,0,80,0,80,0,80,0,69,0.159,65,0.231
343437,,,,,,,,,,,,,,,,,,,,,
343471,80,80,0,80,0,80,0,80,0,80,0,80,0,,,80,0,,,65,0.231
343541,58,58,0,58,0,58,0,58,0,58,0,,,,,48.5,0.196,,,,
343560,,,,,,,,,,,,,,,,,,,,,
343579,33.2,33.2,0,33.2,0,33.2,0,33.2,0,33.2,0,38.3,-0.133,38.3,-0.133,38.3,-0.133,30,0.107,25.5,0.302
343625,,,,,,,,,,,,,,,,,,,,,
343692,,,,,,,,,,,,,,,,,,,,,
343803,8.5,8.5,0,8.5,0,8.5,0,8.5,0,8.5,0,8.5,0,8.5,0,,,5.5,0.545,5,0.7
344024,10.5,10.5,0,10.5,0,10.5,0,10.5,0,16,-0.344,16,-0.344,16,-0.344,14.5,-0.276,10.5,0,,
344044,23.5,23.5,0,23.5,0,23.5,0,23.5,0,23.5,0,23.5,0,25.9,-0.0927,29.5,-0.203,19.9,0.181,17.9,0.313
344233,33.9,33.9,0,33.9,0,33.9,0,33.9,0,33.9,0,33.9,0,33.9,0,33.9,0,21,0.614,16.2,1.09
344320,71,71,0,71,0,71,0,71,0,71,0,71,0,71,0,,,53,0.34,53,0.34
344338,78,78,0,78,0,78,0,78,0,78,0,78,0,78,0,,,58,0.345,58,0.345
344346,35,35,0,35,0,35,0,35,0,35,0,35,0,33.5,0.0448,31,0.129,31,0.129,31,0.129
344354,,,,,,,,,,,,,,,,,,,,,
344389,,,,,,,,,,,,,,,,,,,,,
344435,,,,,,,,,,,,,,,,,,,,,
344443,,,,,,,,,,,,,,,,,,,,,
344451,65,65,0,65,0,65,0,65,0,65,0,65,0,65,0,65,0,46.6,0.395,38.9,0.671
344583,25.9,25.9,0,25.9,0,25.9,0,25.9,0,30.9,-0.162,30.9,-0.162,30.9,-0.162,28,-0.075,19,0.363,18,0.439
345541,23.5,23.5,0,23.5,0,23.5,0,23.5,0,23.5,0,,,,,,,,,,
345589,26,26,0,26,0,26,0,26,0,,,,,,,22.5,0.156,22.5,0.156,22.5,0.156
345590,,,,,,,,,,,,,,,,,,,,,
346373,17,17,0,17,0,17,0,17,0,17,0,,,,,,,,,,
346381,21.5,21.5,0,21.5,0,21.5,0,21.5,0,21.5,0,,,,,,,,,,
346403,,,,,,,,,,,,,,,,,,,,,
346544,49,49,0,49,0,49,0,49,0,49,0,49,0,99,-0.505,56,-0.125,,,48.5,0.0103
347530,49,49,0,49,0,49,0,49,0,49.9,-0.018,49.9,-0.018,49.9,-0.018,49.9,-0.018,39.9,0.228,29.9,0.639
349788,4.8,4.8,0,4.8,0,4.8,0,4.8,0,4.8,0,4.8,0,4.8,0,4,0.2,4,0.2,4,0.2
350125,,,,,,,,,,,,,,,,,,,,,
350168,29.9,29.9,0,29.9,0,29.9,0,29.9,0,29.9,0,29.9,0,29.9,0,29.9,0,29,0.031,29,0.031
350176,,,,,,,,,,,,,,,,,,,,,
350200,38,38,0,38,0,38,0,38,0,38,0,38,0,38,0,38,0,33,0.152,,
350210,38,38,0,38,0,38,0,38,0,38,0,38,0,38,0,38,0,33,0.152,31,0.226
350211,42.6,42.6,0,,,42.6,0,42.6,0,42.6,0,42.6,0,42.6,0,42.6,0,36.8,0.158,,
350312,,,,,,,,,,,,,,,,,,,,,
350417,15,15,0,15,0,15,0,15,0,15,0,15,0,15,0,14.5,0.0345,11.9,0.261,11.9,0.261
350465,16.8,16.8,0,16.8,0,16.8,0,16.8,0,16.8,0,16.8,0,16.8,0,16.8,0,14.5,0.159,14,0.2
350477,,,,,,,,,,,,,,,,,,,,,
350479,17.5,17.5,0,17.5,0,17.5,0,17.5,0,17.5,0,14.9,0.174,16.8,0.0417,16.8,0.0417,14.5,0.207,14,0.25
350506,88.5,88.5,0,88.5,0,88.5,0,88.5,0,88.5,0,88.5,0,88.5,0,58,0.526,58,0.526,58,0.526
350507,88.5,88.5,0,88.5,0,88.5,0,88.5,0,88.5,0,88.5,0,88.5,0,,,58,0.526,58,0.526
350509,,,,,,,,,,,,,,,,,,,,,
350510,,,,,,,,,,,,,,,,,,,,,
350512,,,,,,,,,,,,,,,,,,,,,
350561,19,19,0,19,0,19,0,19,0,19,0,19,0,19,0,19,0,17.5,0.0857,17,0.118
350579,,,,,,,,,,,,,,,,,,,,,
350601,18,18,0,18,0,18,0,18,0,18,0,18,0,18,0,18,0,,,10,0.8
350750,,,,,,,,,,,,,,,,,,,,,
350760,123,123,0,123,0,123,0,123,0,123,0,160,-0.236,160,-0.236,160,-0.236,109,0.126,93.5,0.311
350787,,,,,,,,,,,,,,,,,,,,,
350992,34.8,34.8,0,34.8,0,34.8,0,36.8,-0.0543,36.8,-0.0543,36.8,-0.0543,36.8,-0.0543,40,-0.13,31,0.123,28.4,0.225
351000,72.4,72.4,0,72.4,0,72.4,0,72.4,0,72.4,0,72.4,0,72.4,0,77.9,-0.0706,61,0.187,,
351001,75.9,75.9,0,75.9,0,75.9,0,75.9,0,75.9,0,75.9,0,75.9,0,81.4,-0.0676,64.5,0.177,56.6,0.341
351002,82.1,82.1,0,82.1,0,82.1,0,82.1,0,82.1,0,82.1,0,,,88.5,-0.0723,69.4,0.183,64.9,0.265
351011,109,109,0,109,0,109,0,109,0,109,0,109,0,109,0,106,0.0235,106,0.0235,106,0.0235
351020,12.5,12.5,0,12.5,0,12.5,0,12.5,0,12.5,0,12.5,0,12.5,0,12.5,0,8.6,0.453,8.6,0.453
351040,49.9,49.9,0,49.9,0,49.9,0,49.9,0,49.9,0,49.9,0,,,,,34.9,0.43,34.9,0.43
351078,38,38,0,38,0,38,0,38,0,,,38,0,38,0,38,0,35.9,0.0585,35,0.0857
351087,,,,,,,,,,,,,,,,,,,,,
351101,,,,,,,,,,,,,,,,,,,,,
351117,25.2,,,,,25.2,0,,,25.2,0,,,,,25.2,0,23,0.0957,,
351130,224,224,0,224,0,224,0,224,0,224,0,224,0,224,0,224,0,132,0.691,120,0.867
351135,15.5,15.5,0,15.5,0,15.5,0,15.5,0,15.5,0,15.5,0,15.5,0,15.5,0,11,0.409,9.5,0.632
351140,,,,,,,,,,,,,,,,,,,,,
351155,150,150,0,150,0,150,0,150,0,150,0,175,-0.143,175,-0.143,175,-0.143,130,0.153,109,0.375
351202,224,224,0,224,0,224,0,224,0,224,0,224,0,,,,,,,,
351203,,,,,,,,,,,,,,,,,,,,,
351214,38.7,38.7,0,38.7,0,38.7,0,38.7,0,32.9,0.176,31,0.248,,,,,,,,
351229,34.6,34.6,0,34.6,0,34.6,0,34.6,0,34.6,0,34.6,0,34.6,0,37.3,-0.0724,29,0.193,26,0.331
351235,,,,,,,,,,,,,,,,,,,,,
351335,,,,,,,,,,,,,,,,,,,,,
351501,29.3,29.3,0,29.3,0,29.3,0,39.5,-0.258,39.5,-0.258,39.5,-0.258,,,,,,,,
351510,13.3,13.3,0,13.3,0,13.3,0,13.3,0,13.3,0,13.3,0,13.3,0,13.3,0,9.3,0.43,9.3,0.43
351555,,,,,,,,,,,,,,,,,,,,,
351558,18,18,0,18,0,18,0,18,0,18,0,18,0,18,0,18,0,14.3,0.259,14.5,0.241
351563,26,26,0,26,0,26,0,26,0,26,0,26,0,26,0,31.5,-0.175,19.9,0.307,18,0.444
351580,,,,,,,,,,,,,,,,,,,,,
351768,,,,,,,,,,,,,,,,,,,,,
351770,,,,,,,,,,,,,,,,,,,,,
351776,26,26,0,26,0,26,0,26,0,26,0,26,0,26,0,15,0.733,15,0.733,15,0.733
351814,22.5,22.5,0,22.5,0,22.5,0,22.5,0,22.5,0,22.5,0,22.5,0,17.5,0.286,17.5,0.286,17.5,0.286
351830,22.5,22.5,0,22.5,0,22.5,0,22.5,0,22.5,0,22.5,0,22.5,0,17.5,0.286,17.5,0.286,17.5,0.286
351865,,,,,,,,,,,,,,,,,,,,,
351871,34.5,34.5,0,34.5,0,34.5,0,34.5,0,34.5,0,34.5,0,44.9,-0.232,44.9,-0.232,30.5,0.131,24.5,0.408
351872,39.9,39.9,0,39.9,0,39.9,0,39.9,0,39.9,0,88.2,-0.548,88.2,-0.548,88.2,-0.548,59.5,-0.329,48,-0.169
351873,,,,,,,,,,,,,,,,,,,,,
351890,31,31,0,31,0,31,0,31,0,31,0,28.7,0.0801,28.7,0.0801,28.7,0.0801,28.7,0.0801,25.5,0.216
352008,75,75,0,75,0,75,0,75,0,75,0,75,0,80,-0.0625,80,-0.0625,59,0.271,54,0.389
352010,75,75,0,75,0,75,0,75,0,75,0,75,0,80,-0.0625,80,-0.0625,59,0.271,54,0.389
352047,,,,,,,,,,,,,,,,,,,,,
352086,,,,,,,,,,,,,,,,,,,,,
352207,,,,,,,,,,,,,,,,,,,,,
352210,,,,,,,,,,,,,,,,,,,,,
352214,16,16,0,16,0,16,0,16,0,16,0,16,0,,,,,11.5,0.391,11.5,0.391
352220,,,,,,,,,,,,,,,,,,,,,
352221,360,360,0,360,0,360,0,360,0,360,0,360,0,360,0,360,0,240,0.5,209,0.722
352232,210,210,0,210,0,210,0,210,0,210,0,210,0,210,0,210,0,195,0.0769,,
352462,14.5,14.5,0,,,14.5,0,14.5,0,14.5,0,14.5,0,14.5,0,14,0.0357,11,0.318,12,0.208
352508,,,,,,,,,,,,,,,,,,,,,
352509,,,,,,,,,,,,,,,,,,,,,
352531,38.1,38.1,0,38.1,0,38.1,0,38.1,0,38.1,0,39.5,-0.0354,39.5,-0.0354,,,28.5,0.337,,
352532,38.5,38.5,0,38.5,0,38.5,0,38.5,0,38.5,0,40.5,-0.0494,40.5,-0.0494,40.5,-0.0494,29.9,0.288,29.9,0.288
352555,51,51,0,51,0,51,0,51,0,51,0,51,0,53,-0.0377,53,-0.0377,39,0.308,34,0.5
352556,51,51,0,51,0,51,0,51,0,51,0,51,0,53,-0.0377,53,-0.0377,39,0.308,34,0.5
352558,51,51,0,51,0,51,0,51,0,51,0,51,0,53,-0.0377,53,-0.0377,39,0.308,34,0.5
352730,26.7,26.7,0,26.7,0,26.7,0,35.1,-0.239,35.1,-0.239,34,-0.215,38.2,-0.301,38.2,-0.301,30.2,-0.116,30.2,-0.116
352772,,,,,,,,,,,,,,,,,,,,,
352837,31,31,0,31,0,31,0,31,0,31,0,28,0.107,28,0.107,28,0.107,28,0.107,25.5,0.216
352845,10.5,10.5,0,10.5,0,10.5,0,10.5,0,10.5,0,8,0.312,8,0.312,8,0.312,8,0.312,8,0.312
352849,8,8,0,8,0,8,0,8,0,8,0,7,0.143,7,0.143,7,0.143,7,0.143,7,0.143
352850,51,51,0,51,0,51,0,51,0,51,0,46,0.109,46,0.109,46,0.109,46,0.109,42.5,0.2
352934,26,26,0,26,0,26,0,26,0,26,0,29.5,-0.119,29.5,-0.119,23.8,0.0924,23.8,0.0924,20.5,0.268
352943,15.5,15.5,0,15.5,0,15.5,0,15.5,0,22,-0.295,22,-0.295,22,-0.295,20.5,-0.244,14,0.107,13.5,0.148
352985,49.5,49.5,0,49.5,0,49.5,0,49.5,0,49.5,0,56,-0.116,56,-0.116,45,0.1,36.5,0.356,32,0.547
353130,,,,,,,,,,,,,,,,,,,,,
353131,,,,,,,,,,,,,,,,,,,,,
353133,,,,,,,,,,,,,,,,,,,,,
353212,11,11,0,11,0,11,0,11,0,11,0,11,0,11,0,11,0,7,0.571,7,0.571
353280,47.5,47.5,0,47.5,0,47.5,0,47.5,0,47.5,0,47.5,0,47.5,0,47.5,0,36,0.319,36,0.319
353286,22.5,22.5,0,22.5,0,22.5,0,22.5,0,22.5,0,22.5,0,22.5,0,22.5,0,18.8,0.197,18.8,0.197
353323,55.9,55.9,0,55.9,0,55.9,0,59.4,-0.0589,59.4,-0.0589,59.4,-0.0589,59.4,-0.0589,64.5,-0.133,51,0.0961,43.4,0.288
353335,,,,,,,,,,,,,,,,,,,,,
353338,15.6,15.6,0,15.6,0,15.6,0,15.6,0,15.6,0,15.6,0,15.6,0,13.5,0.156,11.5,0.357,11.5,0.357
353339,,,,,,,,,,,,,,,,,,,,,
353345,,,,,,,,,,,,,,,,,,,,,
353384,,,,,,,,,,,,,,,,,,,,,
353385,98,98,0,,,98,0,98,0,98,0,98,0,98,0,,,79.9,0.227,79.9,0.227
353386,98,98,0,,,98,0,98,0,98,0,98,0,,,98,0,79.9,0.227,79.9,0.227
353387,98,98,0,98,0,98,0,98,0,98,0,98,0,98,0,98,0,82,0.195,68.3,0.435
353389,98,98,0,98,0,98,0,98,0,98,0,85,0.153,98,0,98,0,79.9,0.227,,
353396,91,91,0,91,0,91,0,91,0,91,0,91,0,91,0,,,35,1.6,35,1.6
353398,,,,,,,,,,,,,,,,,,,,,
353450,10.3,10.3,0,10.3,0,10.3,0,,,,,,,,,,,,,,
353572,47,47,0,47,0,47,0,47,0,46.9,0.00213,45.5,0.033,44.9,0.0468,78,-0.397,36.1,0.302,28.1,0.673
353573,47.5,47.5,0,47.5,0,47.5,0,47.5,0,47.5,0,47.5,0,54,-0.12,58.5,-0.188,41.8,0.136,34.5,0.377
353575,37.5,37.5,0,37.5,0,37.5,0,37.5,0,31.8,0.179,46.9,-0.2,46.9,-0.2,46.9,-0.2,25,0.5,25,0.5
353614,,,,,,,,,,,,,,,,,,,,,
353684,108,108,0,108,0,108,0,108,0,108,0,108,0,108,0,82.5,0.309,56.3,0.918,56.3,0.918
353685,108,108,0,108,0,108,0,108,0,108,0,108,0,108,0,,,,,,
353686,108,108,0,108,0,108,0,108,0,108,0,108,0,108,0,56.3,0.918,56.3,0.918,56.3,0.918
353700,56,56,0,56,0,56,0,,,60.5,-0.0744,,,,,65.8,-0.149,49.5,0.131,,
353702,56,56,0,56,0,56,0,60.5,-0.0744,60.5,-0.0744,,,,,65.8,-0.149,49.5,0.131,,
353720,70.8,70.8,0,70.8,0,70.8,0,70.8,0,70.8,0,,,70.8,0,70.8,0,59,0.2,54,0.311
353721,38.3,38.3,0,38.3,0,38.3,0,38.3,0,38.3,0,38.3,0,,,38.3,0,31.9,0.201,29,0.321
353722,,,,,,,,,,,,,,,,,,,,,
353835,130,130,0,130,0,130,0,130,0,98.3,0.322,131,-0.00763,131,-0.00763,131,-0.00763,114,0.14,102,0.275
353836,85,85,0,85,0,85,0,85,0,63.8,0.333,85,0,85,0,85,0,74,0.149,66,0.288
353837,243,243,0,243,0,243,0,243,0,182,0.333,243,0,243,0,243,0,211,0.152,193,0.259
353838,243,243,0,243,0,243,0,243,0,182,0.333,243,0,243,0,243,0,211,0.152,193,0.259
353839,243,243,0,243,0,243,0,243,0,182,0.333,243,0,243,0,243,0,211,0.152,193,0.259
353934,39.9,39.9,0,39.9,0,39.9,0,39.9,0,39.9,0,39.9,0,39.9,0,37,0.0784,34.9,0.143,31.4,0.271
353935,,,,,,,,,,,,,,,,,,,,,
353936,39.9,39.9,0,39.9,0,39.9,0,39.9,0,39.9,0,39.9,0,39.9,0,37,0.0784,34.9,0.143,34.9,0.143
353937,15,15,0,15,0,15,0,15,0,15,0,15,0,15,0,15,0,14,0.0714,14,0.0714
353950,20.9,20.9,0,20.9,0,20.9,0,20.9,0,23,-0.0913,23,-0.0913,23,-0.0913,22,-0.05,19,0.1,18,0.161
353951,20.9,20.9,0,20.9,0,20.9,0,20.9,0,23,-0.0913,23,-0.0913,23,-0.0913,22,-0.05,19,0.1,18,0.161
353954,,,,,,,,,,,,,,,,,,,,,
353955,,,,,,,,,,,,,,,,,,,,,
353956,,,,,,,,,,,,,,,,,,,,,
353958,,,,,,,,,,,,,,,,,,,,,
353965,,,,,,,,,,,,,,,,,,,,,
353982,29,29,0,29,0,29,0,29,0,29,0,29,0,31.5,-0.0794,,,22.5,0.289,22.5,0.289
353983,28.5,28.5,0,28.5,0,28.5,0,28.5,0,28.5,0,28.5,0,30,-0.05,30,-0.05,21.8,0.307,21.8,0.307
354077,22.9,22.9,0,22.9,0,22.9,0,22.9,0,22.9,0,27.5,-0.167,27.5,-0.167,27.5,-0.167,14.5,0.579,,
354083,,,,,,,,,,,,,,,,,,,,,
354139,22,22,0,22,0,22,0,22,0,22,0,22,0,22,0,22,0,15.5,0.419,15.5,0.419
354169,67,67,0,67,0,67,0,67,0,,,,,,,,,,,,
354190,22,22,0,22,0,22,0,22,0,22,0,22,0,22,0,20,0.1,20,0.1,20,0.1
354225,24.5,24.5,0,24.5,0,24.5,0,24.5,0,24.5,0,24.5,0,24.5,0,24.5,0,24.5,0,24.5,0
354228,10,10,0,10,0,10,0,10,0,10,0,10,0,10,0,7,0.429,7,0.429,7,0.429
354233,,,,,,,,,,,,,,,,,,,,,
354260,40.8,40.8,0,40.8,0,40.8,0,40.8,0,40.8,0,40.8,0,40.8,0,40.8,0,29,0.407,26.5,0.54
354279,40.8,40.8,0,40.8,0,40.8,0,40.8,0,40.8,0,40.8,0,40.8,0,40.8,0,29,0.407,,
354287,,,,,,,,,,,,,,,,,,,,,
354366,47.5,47.5,0,47.5,0,47.5,0,47.5,0,47.5,0,,,,,,,,,,
354367,47.5,47.5,0,47.5,0,47.5,0,47.5,0,47.5,0,,,,,,,,,,
354370,120,120,0,120,0,120,0,120,0,120,0,120,0,120,0,120,0,72.5,0.655,72.5,0.655
354410,27.5,27.5,0,27.5,0,27.5,0,27.5,0,27.5,0,27.5,0,27.5,0,27.5,0,20.5,0.341,20.5,0.341
354462,,,,,,,,,,,,,,,,,,,,,
354463,,,,,,,,,,,,,,,,,,,,,
354464,,,,,,,,,,,,,,,,,,,,,
354554,10,10,0,10,0,10,0,10,0,10,0,10,0,10,0,10,0,5.5,0.818,5.5,0.818
354561,57.5,57.5,0,57.5,0,57.5,0,57.5,0,57.5,0,57.5,0,57.5,0,57.5,0,47.9,0.2,43.5,0.322
354563,,,,,,,,,,,,,,,,,,,,,
354597,7.5,7.5,0,7.5,0,7.5,0,7.5,0,7.5,0,7.5,0,7.5,0,7.5,0,7.5,0,7.5,0
354651,11.5,11.5,0,11.5,0,11.5,0,11.5,0,11.5,0,11.5,0,11.5,0,11.5,0,11.5,0,11.5,0
354686,22,22,0,22,0,22,0,22,0,22,0,22,0,22,0,22,0,20.8,0.0577,19.5,0.128
354694,21.9,21.9,0,21.9,0,21.9,0,21.9,0,21.9,0,21.9,0,21.9,0,18.5,0.184,18.5,0.184,,
354911,44,44,0,44,0,44,0,44,0,44,0,44,0,44,0,44,0,32.5,0.354,20.5,1.15
354930,16.2,16.2,0,16.2,0,16.2,0,16.2,0,,,16.2,0,16.2,0,16.2,0,10.9,0.486,10.9,0.486
354931,16.2,16.2,0,16.2,0,16.2,0,16.2,0,16.2,0,16.2,0,16.2,0,16.2,0,10.9,0.486,10.9,0.486
354932,16.2,16.2,0,16.2,0,16.2,0,16.2,0,16.2,0,16.2,0,16.2,0,16.2,0,10.9,0.486,10.9,0.486
355010,62.9,62.9,0,62.9,0,62.9,0,62.9,0,62.9,0,,,,,,,,,,
355089,16,16,0,16,0,16,0,16,0,16,0,16,0,16,0,,,13.8,0.159,13.8,0.159
355110,7.9,7.9,0,7.9,0,7.9,0,7.9,0,7.9,0,7.9,0,7.9,0,7.9,0,7.5,0.0533,7.5,0.0533
355666,,,,,,,,,,,,,,,,,,,,,
355667,55.9,55.9,0,55.9,0,55.9,0,59.4,-0.0589,59.4,-0.0589,59.4,-0.0589,59.4,-0.0589,64.5,-0.133,51,0.0961,43.4,0.288
355668,,,,,,,,,,,,,,,,,,,,,
355780,9.9,9.9,0,9.9,0,9.9,0,9.9,0,,,11.9,-0.168,11.9,-0.168,11.9,-0.168,10.9,-0.0917,,
355781,4.9,4.9,0,9.9,-0.505,9.9,-0.505,9.9,-0.505,9.9,-0.505,11.9,-0.588,11.9,-0.588,11.9,-0.588,10.9,-0.55,10.9,-0.55
355895,63,63,0,63,0,63,0,63,0,63,0,63,0,63,0,63,0,,,,
355903,33.9,33.9,0,33.9,0,33.9,0,33.9,0,33.9,0,33.9,0,33.9,0,,,,,13.4,1.53
355974,82,82,0,82,0,82,0,82,0,83,-0.012,83,-0.012,83,-0.012,42.3,0.939,42.3,0.939,,
355975,95,95,0,95,0,95,0,95,0,95,0,95,0,95,0,70,0.357,47.6,0.996,47.6,0.996
355977,95,95,0,95,0,95,0,95,0,95,0,95,0,95,0,,,47,1.02,47,1.02
355991,93,93,0,93,0,93,0,93,0,93,0,93,0,93,0,93,0,73,0.274,68,0.368
355993,93,93,0,93,0,93,0,93,0,93,0,93,0,93,0,93,0,73,0.274,68,0.368
355994,93,93,0,93,0,93,0,93,0,93,0,93,0,,,93,0,73,0.274,68,0.368
355996,113,113,0,113,0,113,0,113,0,113,0,113,0,113,0,113,0,87,0.299,84,0.345
355998,113,113,0,113,0,113,0,113,0,113,0,113,0,113,0,113,0,87,0.299,84,0.345
356001,31.9,31.9,0,31.9,0,31.9,0,31.9,0,31.9,0,31.9,0,,,34.5,-0.0754,26.5,0.204,21.5,0.484
356002,31.9,31.9,0,31.9,0,31.9,0,31.9,0,31.9,0,31.9,0,34.5,-0.0754,34.5,-0.0754,26.5,0.204,21.5,0.484
356004,,,,,,,,,,,,,,,,,,,,,
356011,31.9,31.9,0,31.9,0,31.9,0,31.9,0,31.9,0,31.9,0,34.5,-0.0754,34.5,-0.0754,26.5,0.204,,
356014,31.9,31.9,0,31.9,0,31.9,0,31.9,0,31.9,0,31.9,0,34.5,-0.0754,34.5,-0.0754,26.5,0.204,,
356016,31.9,31.9,0,31.9,0,31.9,0,31.9,0,31.9,0,31.9,0,34.5,-0.0754,34.5,-0.0754,26.5,0.204,21.5,0.484
356017,31.9,31.9,0,31.9,0,31.9,0,31.9,0,31.9,0,31.9,0,34.5,-0.0754,,,26.5,0.204,,
356030,47.5,47.5,0,47.5,0,47.5,0,47.5,0,47.5,0,47.5,0,54,-0.12,58.5,-0.188,36.8,0.291,34.5,0.377
356031,47.7,47.7,0,47.7,0,47.7,0,47.7,0,47.7,0,47.7,0,54,-0.117,58.5,-0.185,41.8,0.141,34.5,0.383
356032,47.7,47.7,0,47.7,0,47.7,0,47.7,0,47.7,0,47.7,0,54,-0.117,58.5,-0.185,37.5,0.272,38.5,0.239
356239,6.3,6.3,0,6.3,0,6.3,0,6.3,0,6.3,0,6.3,0,6.3,0,6.3,0,6.3,0,5.8,0.0862
356425,,,,,,,,,,,,,,,,,,,,,
356479,,,,,,,,,,,,,,,,,,,,,
356654,30,30,0,30,0,30,0,30,0,30,0,30,0,30,0,19,0.579,19,0.579,,
356662,25,25,0,25,0,25,0,25,0,25,0,,,,,18.5,0.351,18.5,0.351,,
356670,25.5,25.5,0,25.5,0,25.5,0,25.5,0,25.5,0,25.5,0,25.5,0,18.5,0.378,18.5,0.378,,
356697,20.5,20.5,0,20.5,0,20.5,0,20.5,0,20.5,0,20.5,0,20.5,0,17.5,0.171,17.5,0.171,,
356700,17.5,17.5,0,17.5,0,17.5,0,17.5,0,17.5,0,17.5,0,,,14,0.25,14,0.25,,
356890,18.4,18.4,0,18.4,0,18.4,0,18.4,0,18.4,0,18.4,0,18.4,0,17.5,0.0514,17.5,0.0514,17.5,0.0514
357072,26.8,26.8,0,26.8,0,26.8,0,26.8,0,26.8,0,26.8,0,26.8,0,,,14.5,0.848,14.5,0.848
357308,198,198,0,198,0,198,0,198,0,,,,,,,,,,,,
357448,37.9,37.9,0,37.9,0,37.9,0,45.9,-0.174,45.9,-0.174,45.9,-0.174,45.9,-0.174,45.9,-0.174,37.5,0.0107,37.5,0.0107
357495,4,4,0,4,0,4,0,4,0,4,0,,,,,,,4,0,,
357564,132,132,0,132,0,132,0,132,0,66,1,132,0,132,0,132,0,125,0.056,115,0.148
357566,61,61,0,61,0,61,0,61,0,61,0,61,0,61,0,61,0,,,51,0.196
357881,33,33,0,33,0,33,0,33,0,33,0,33,0,33,0,33,0,33,0,33,0
357910,10.5,10.5,0,10.5,0,10.5,0,10.5,0,10.5,0,10.5,0,10.5,0,10.5,0,10.5,0,10,0.05
357971,,,,,,,,,,,,,,,,,,,,,
358060,43.2,43.2,0,43.2,0,43.2,0,43.2,0,64.8,-0.333,58,-0.255,80.9,-0.466,80.9,-0.466,58,-0.255,38,0.137
358171,17.5,17.5,0,17.5,0,17.5,0,17.5,0,17.5,0,17.5,0,17.5,0,17.5,0,17.5,0,17.5,0
358178,17.5,17.5,0,17.5,0,17.5,0,17.5,0,17.5,0,17.5,0,17.5,0,17.5,0,17.5,0,17.5,0
358231,445,445,0,445,0,445,0,445,0,445,0,445,0,445,0,445,0,276,0.612,255,0.745
358258,,,,,,,,,,,,,,,,,,,,,
358488,,,,,,,,,,,,,,,,,,,,,
358920,,,,,,,,,,,,,,,,,,,,,
358921,62.9,62.9,0,62.9,0,62.9,0,62.9,0,62.9,0,62.9,0,62.9,0,67.6,-0.0695,52.9,0.189,48.5,0.297
358922,62.9,62.9,0,62.9,0,62.9,0,62.9,0,62.9,0,62.9,0,62.9,0,67.6,-0.0695,52.9,0.189,48.5,0.297
358967,175,175,0,175,0,175,0,175,0,175,0,175,0,175,0,175,0,120,0.458,115,0.522
358970,79.9,79.9,0,79.9,0,79.9,0,79.9,0,79.9,0,79.9,0,79.9,0,79.9,0,59.9,0.334,59.9,0.334
359059,31.9,31.9,0,31.9,0,31.9,0,31.9,0,31.9,0,,,,,31.9,0,27.5,0.16,25,0.276
359060,,,,,,,,,,,,,,,,,,,,,
359061,31.9,31.9,0,,,31.9,0,,,31.9,0,,,,,31.9,0,27.5,0.16,,
359062,,,,,,,,,,,,,,,,,,,,,
359063,,,,,,,,,,,,,,,,,,,,,
359065,31.9,31.9,0,31.9,0,31.9,0,31.9,0,31.9,0,,,,,31.9,0,27.5,0.16,25,0.276
359069,31.9,31.9,0,31.9,0,31.9,0,31.9,0,31.9,0,31.9,0,,,,,27.5,0.16,25,0.276
359071,31.9,31.9,0,,,,,31.9,0,,,31.9,0,,,,,27.5,0.16,25,0.276
359072,31.9,31.9,0,31.9,0,31.9,0,31.9,0,31.9,0,,,,,,,27.5,0.16,,
359073,31.9,31.9,0,31.9,0,31.9,0,31.9,0,31.9,0,,,,,31.9,0,,,,
359541,20.7,20.7,0,20.7,0,20.7,0,20.7,0,20.7,0,20.7,0,20.7,0,18,0.15,,,18,0.15
359561,20,20,0,20,0,20,0,20,0,20,0,20,0,20,0,17.5,0.143,17.5,0.143,17.5,0.143
359653,47,47,0,47,0,47,0,47,0,47,0,31.9,0.473,31.9,0.473,31.9,0.473,31.9,0.473,31.4,0.497
359936,69,69,0,69,0,69,0,69,0,69,0,69,0,69,0,69,0,,,53.5,0.29
359953,69,69,0,69,0,69,0,69,0,69,0,69,0,69,0,69,0,,,53.5,0.29
359955,,,,,,,,,,,,,,,,,,,,,
359963,,,,,,,,,,,,,,,,,,,,,
360170,31.2,31.2,0,31.2,0,31.2,0,31.2,0,31.2,0,31.2,0,31.2,0,31.2,0,,,25,0.248
360211,24,24,0,24,0,24,0,24,0,32.6,-0.264,32.6,-0.264,34.9,-0.312,34.9,-0.312,29.1,-0.175,25.5,-0.0588
360230,15,15,0,15,0,,,,,,,15,0,15,0,,,,,,
360231,15,15,0,15,0,,,,,,,15,0,15,0,,,,,11.5,0.304
360232,15,15,0,15,0,,,,,,,15,0,,,,,,,11.5,0.304
360234,15,15,0,15,0,,,,,,,15,0,15,0,,,,,11.5,0.304
360336,126,126,0,126,0,126,0,126,0,126,0,126,0,126,0,126,0,109,0.156,99,0.273
360560,43,43,0,43,0,43,0,43,0,43,0,43,0,43,0,57.5,-0.252,29,0.483,29,0.483
360564,,,,,,,,,,,,,,,,,,,,,
360581,49,49,0,49,0,,,,,49,0,49,0,49,0,49,0,42,0.167,30.5,0.607
360583,,,,,,,,,,,,,,,,,,,,,
360634,,,,,,,,,,,,,,,,,,,,,
360710,31.5,31.5,0,31.5,0,31.5,0,31.5,0,31.5,0,31.5,0,27.5,0.145,25,0.26,25,0.26,25,0.26
360711,31.5,31.5,0,31.5,0,31.5,0,31.5,0,31.5,0,31.5,0,27.5,0.145,25,0.26,25,0.26,25,0.26
360725,36.3,36.3,0,36.3,0,36.3,0,36.3,0,36.3,0,,,,,,,20.5,0.771,20.5,0.771
360741,,,,,,,,,,,,,,,,,,,,,
360742,95,95,0,95,0,95,0,95,0,95,0,80,0.188,80,0.188,80,0.188,67,0.418,67,0.418
360752,18,18,0,18,0,18,0,18,0,18,0,14.9,0.208,18,0,18,0,12.8,0.406,12.8,0.406
360753,18,18,0,18,0,18,0,18,0,18,0,14.9,0.208,18,0,18,0,12.8,0.406,12.8,0.406
360780,11,11,0,11,0,11,0,11,0,11,0,11,0,11,0,11,0,8,0.375,6,0.833
360781,5,5,0,5,0,5,0,5,0,5,0,5,0,5,0,5,0,,,3,0.667
360782,4,4,0,4,0,4,0,4,0,4,0,4,0,4,0,4,0,2.5,0.6,2,1
360801,15.6,15.6,0,15.6,0,15.6,0,15.6,0,15.6,0,15.6,0,,,,,,,,
360802,15.6,15.6,0,,,,,15.6,0,15.6,0,15.6,0,,,,,,,,
360804,15.6,15.6,0,,,15.6,0,15.6,0,15.6,0,15.6,0,,,,,,,,
360839,46.3,46.3,0,46.3,0,46.3,0,46.3,0,46,0.00652,46,0.00652,,,,,,,,
360840,46.3,46.3,0,46.3,0,46.3,0,46.3,0,46,0.00652,46,0.00652,,,,,,,,
360899,,,,,,,,,,,,,,,,,,,,,
360906,,,,,,,,,,,,,,,,,,,,,
360907,,,,,,,,,,,,,,,,,,,,,
360908,,,,,,,,,,,,,,,,,,,,,
360909,39.9,39.9,0,39.9,0,39.9,0,39.9,0,39.9,0,39.9,0,39.9,0,37,0.0784,34.9,0.143,34.9,0.143
360926,51,51,0,51,0,51,0,51,0,51,0,51,0,53,-0.0377,53,-0.0377,39,0.308,34,0.5
360927,51,51,0,51,0,51,0,51,0,51,0,,,53,-0.0377,53,-0.0377,39,0.308,34,0.5
360952,38.2,38.2,0,38.2,0,38.2,0,38.2,0,38.2,0,38.3,-0.00261,38.3,-0.00261,38.3,-0.00261,30.4,0.257,,
360954,36.1,36.1,0,36.1,0,36.1,0,36.1,0,36.1,0,36.1,0,36.1,0,36.1,0,28.7,0.258,28.6,0.262
360955,41.7,41.7,0,41.7,0,41.7,0,,,41.7,0,37.5,0.112,37.5,0.112,41.7,0,33.1,0.26,31.2,0.337
360956,29.1,29.1,0,29.1,0,29.1,0,29.1,0,29.1,0,25,0.164,29.1,0,29.1,0,23.1,0.26,21.8,0.335
360957,,,,,,,,,,,,,,,,,,,,,
360958,65.8,65.8,0,65.8,0,65.8,0,65.8,0,65.8,0,60,0.0967,65.9,-0.00152,65.9,-0.00152,50.8,0.295,52,0.265
360985,,,,,,,,,,,,,,,,,,,,,
361015,,,,,,,,,,,,,,,,,,,,,
361017,,,,,,,,,,,,,,,,,,,,,
361030,67,67,0,67,0,67,0,67,0,67,0,67,0,67,0,67,0,34,0.971,31,1.16
361205,29.6,29.6,0,29.6,0,29.6,0,29.6,0,46,-0.357,46,-0.357,56,-0.471,56,-0.471,35,-0.154,29,0.0207
361206,,,,,,,,,,,,,,,,,,,,,
361210,30,30,0,30,0,30,0,30,0,30,0,30,0,30,0,37,-0.189,26,0.154,,
361500,,,,,,,,,,,,,,,,,,,,,
361510,,,,,,,,,,,,,,,,,,,,,
361532,,,,,,,,,,,,,,,,,,,,,
361535,,,,,,,,,,,,,,,,,,,,,
361536,,,,,,,,,,,,,,,,,,,,,
362144,64.5,64.5,0,64.5,0,64.5,0,54.6,0.181,54.6,0.181,54.6,0.181,54.6,0.181,53.8,0.199,50.5,0.277,50.5,0.277
362770,29.1,29.1,0,29.1,0,29.1,0,29.1,0,29.1,0,29.1,0,29.1,0,29.1,0,23.2,0.254,20.8,0.399
362778,13.9,13.9,0,13.9,0,13.9,0,13.9,0,,,,,5.9,1.36,16.9,-0.178,,,,
362786,24.9,24.9,0,24.9,0,,,,,,,,,,,16.9,0.473,,,12.9,0.93
362910,13.5,13.5,0,13.5,0,13.5,0,13.5,0,,,,,,,,,12.5,0.08,12.5,0.08
363018,,,,,,,,,,,,,,,,,,,,,
363027,,,,,,,,,,,,,,,,,,,,,
363028,,,,,,,,,,,,,,,,,,,,,
363029,,,,,,,,,,,,,,,,,,,,,
363030,155,155,0,155,0,155,0,155,0,155,0,155,0,155,0,,,,,,
363049,,,,,,,,,,,,,,,,,,,,,
363073,118,118,0,118,0,118,0,118,0,118,0,118,0,,,,,,,,
363090,209,209,0,209,0,209,0,209,0,209,0,209,0,,,,,,,,
363103,209,209,0,209,0,209,0,209,0,209,0,209,0,,,,,,,145,0.441
363110,78,78,0,78,0,78,0,78,0,78,0,78,0,78,0,75,0.04,75,0.04,75,0.04
363111,108,108,0,108,0,108,0,108,0,108,0,108,0,108,0,108,0,,,81,0.333
363115,,,,,,,,,,,,,,,,,,,,,
363124,99,99,0,99,0,99,0,99,0,99,0,99,0,99,0,99,0,99,0,99,0
363211,,,,,,,,,,,,,,,,,,,,,
363212,,,,,,,,,,,,,,,,,,,,,
363213,,,,,,,,,,,,,,,,,,,,,
363214,,,,,,,,,,,,,,,,,,,,,
363216,,,,,,,,,,,,,,,,,,,,,
363220,71.8,71.8,0,71.8,0,71.8,0,71.8,0,71.8,0,60,0.197,71.8,0,71.8,0,51.5,0.394,50,0.436
363278,,,,,,,,,,,,,,,,,,,,,
363323,32,32,0,32,0,32,0,32,0,32,0,32,0,32,0,32,0,26.7,0.199,24.5,0.306
363325,,,,,,,,,,,,,,,,,,,,,
363326,127,127,0,127,0,127,0,127,0,127,0,127,0,127,0,127,0,105,0.21,96.3,0.319
363327,118,118,0,118,0,118,0,118,0,118,0,118,0,118,0,118,0,98,0.204,90,0.311
363352,,,,,,,,,,,,,,,,,,,,,
363353,,,,,,,,,,,,,,,,,,,,,
363354,,,,,,,,,,,,,,,,,,,,,
363360,,,,,,,,,,,,,,,,,,,,,
363368,,,,,,,,,,,,,,,,,,,,,
363391,,,,,,,,,,,,,,,,,,,,,
363520,31.5,31.5,0,31.5,0,31.5,0,31.5,0,31.5,0,31.5,0,31.5,0,31,0.0161,20.5,0.537,16.8,0.875
363532,21,21,0,21,0,21,0,21,0,21,0,18.4,0.141,21,0,21,0,19,0.105,,
363821,,,,,,,,,,,,,,,,,,,,,
363823,27.6,27.6,0,27.6,0,27.6,0,27.6,0,27.6,0,27.6,0,27.6,0,,,21.5,0.284,21.5,0.284
363824,40,40,0,40,0,40,0,40,0,40,0,42,-0.0476,68,-0.412,68.4,-0.415,50,-0.2,49,-0.184
363825,40,40,0,40,0,40,0,40,0,40,0,42,-0.0476,68,-0.412,68.4,-0.415,50,-0.2,50,-0.2
363826,25,25,0,25,0,25,0,25,0,21.6,0.157,20,0.25,25.2,-0.00794,25.2,-0.00794,19,0.316,19,0.316
363827,25,25,0,25,0,25,0,25,0,21.6,0.157,20,0.25,25.2,-0.00794,25.2,-0.00794,19.2,0.302,19.2,0.302
363851,29.3,29.3,0,29.3,0,29.3,0,29.3,0,29.3,0,29.3,0,,,,,20,0.465,20,0.465
363852,43.4,43.4,0,43.4,0,43.4,0,43.4,0,43.4,0,43.4,0,,,,,31.3,0.387,31.3,0.387
363853,29.3,29.3,0,29.3,0,29.3,0,29.3,0,29.3,0,29.3,0,,,,,,,,
363854,43.4,43.4,0,43.4,0,43.4,0,43.4,0,43.4,0,43.4,0,,,,,31.3,0.387,,
363887,29.5,29.5,0,29.5,0,29.5,0,29.5,0,39.9,-0.261,39.9,-0.261,39.5,-0.253,36,-0.181,,,22,0.341
363920,99.9,99.9,0,99.9,0,,,99.9,0,79.9,0.25,99.9,0,99.9,0,99.9,0,89.9,0.111,89.9,0.111
363921,99.9,99.9,0,99.9,0,,,99.9,0,79.9,0.25,99.9,0,99.9,0,99.9,0,89.9,0.111,89.9,0.111
364022,38.8,38.8,0,38.8,0,38.8,0,52.9,-0.267,52.9,-0.267,52.9,-0.267,52.5,-0.261,52.9,-0.267,,,,
364051,39.9,39.9,0,39.9,0,39.9,0,39.9,0,39.9,0,39.9,0,39.9,0,37,0.0784,34.9,0.143,34.9,0.143
364355,97.5,97.5,0,97.5,0,97.5,0,97.5,0,97.5,0,99.9,-0.024,110,-0.113,109,-0.109,68.9,0.415,59.9,0.628
364357,2.5,2.5,0,2.5,0,2.5,0,2.5,0,2.5,0,2.5,0,2.5,0,2,0.25,2,0.25,2,0.25
364371,64.7,64.7,0,64.7,0,64.7,0,64.7,0,64.7,0,64.7,0,64.7,0,,,37,0.749,33,0.961
364541,10.9,10.9,0,10.9,0,10.9,0,10.9,0,10.9,0,11.9,-0.084,13.3,-0.18,13.3,-0.18,10.2,0.0686,7.9,0.38
364576,13.3,13.3,0,13.3,0,13.3,0,13.3,0,13.3,0,13.3,0,13.3,0,13.3,0,10.2,0.304,7.9,0.684
364681,23.9,23.9,0,23.9,0,23.9,0,23.9,0,23.9,0,28,-0.146,28,-0.146,27,-0.115,20.5,0.166,18.7,0.278
365017,33.5,33.5,0,33.5,0,33.5,0,33.5,0,33.5,0,,,,,,,25,0.34,,
365020,16.3,16.3,0,16.3,0,16.3,0,16.3,0,16.3,0,,,,,,,,,,
365068,,,,,,,,,,,,,,,,,,,,,
365076,,,,,,,,,,,,,,,,,,,,,
365084,,,,,,,,,,,,,,,,,,,,,
365087,4.5,4.5,0,4.5,0,4.5,0,4.5,0,4.5,0,,,,,,,,,,
365088,4.5,4.5,0,4.5,0,4.5,0,4.5,0,4.5,0,,,,,,,,,,
365089,4.5,4.5,0,4.5,0,4.5,0,4.5,0,4.5,0,,,,,,,,,,
365090,118,118,0,118,0,118,0,118,0,118,0,100,0.184,120,-0.0133,,,88.8,0.333,88.8,0.333
365114,,,,,,,,,,,,,,,,,,,,,
365122,,,,,,,,,,,,,,,,,,,,,
365150,,,,,,,,,,,,,,,,,,,,,
365254,,,,,,,,,,,,,,,,,,,,,
365262,,,,,,,,,,,,,,,,,,,,,
365378,,,,,,,,,,,,,,,,,,,,,
365411,25.5,25.5,0,25.5,0,25.5,0,25.5,0,25.5,0,25.5,0,25.5,0,23.5,0.0851,23.5,0.0851,17.5,0.457
365707,,,,,,,,,,,,,,,,,,,,,
366242,79,79,0,79,0,79,0,79,0,76.9,0.0273,76.9,0.0273,76.9,0.0273,76.9,0.0273,69.9,0.13,69.9,0.13
366544,,,,,,,,,,,,,,,,,,,,,
366889,71.4,71.4,0,71.4,0,71.4,0,71.4,0,71.4,0,71.4,0,71.4,0,71.4,0,61.5,0.161,61.5,0.161
366890,,,,,,,,,,,,,,,,,,,,,
366900,235,235,0,235,0,235,0,235,0,235,0,235,0,235,0,235,0,149,0.577,,
367036,38.5,38.5,0,38.5,0,38.5,0,38.5,0,38.5,0,38.5,0,38.5,0,38.5,0,27,0.426,27,0.426
367060,75,75,0,75,0,75,0,75,0,,,,,,,,,71,0.0563,,
367141,59,59,0,59,0,59,0,59,0,59,0,59,0,59,0,59,0,40,0.475,35.5,0.662
367150,58,58,0,58,0,58,0,58,0,58,0,58,0,58,0,58,0,33.5,0.731,33.5,0.731
367192,,,,,,,,,,,,,,,,,,,,,
367206,,,,,,,,,,,,,,,,,,,,,
367214,27.5,27.5,0,27.5,0,27.5,0,27.5,0,27.5,0,27.5,0,27.5,0,27.5,0,15,0.833,12.5,1.2
367222,39.5,39.5,0,39.5,0,39.5,0,39.5,0,39.5,0,39.5,0,39.5,0,39.5,0,34.5,0.145,22,0.795
367265,,,,,,,,,,,,,,,,,,,,,
367311,2.5,2.5,0,2.5,0,2.5,0,2.5,0,2.5,0,2.5,0,2.5,0,2,0.25,2,0.25,2,0.25
367315,49,49,0,49,0,49,0,49,0,49,0,49,0,49,0,49,0,33,0.485,33,0.485
367316,49,49,0,49,0,49,0,49,0,,,49,0,49,0,49,0,33,0.485,33,0.485
367320,2.5,2.5,0,2.5,0,2.5,0,2.5,0,2.5,0,2.5,0,2.5,0,2,0.25,2,0.25,2,0.25
367370,,,,,,,,,,,,,,,,,,,,,
367443,7,7,0,7,0,7,0,7,0,7,0,7,0,7,0,7,0,6,0.167,6,0.167
367702,9.9,9.9,0,9.9,0,9.9,0,9.9,0,9.9,0,9.9,0,9.9,0,9,0.1,6.8,0.456,6.8,0.456
367710,10,10,0,10,0,10,0,10,0,10,0,10,0,10,0,9.3,0.0753,6.8,0.471,6.8,0.471
367729,94,94,0,94,0,94,0,94,0,94,0,94,0,94,0,93,0.0108,62,0.516,62,0.516
367761,94.5,94.5,0,94.5,0,94.5,0,94.5,0,94.5,0,94.5,0,94.5,0,85.5,0.105,,,,
367971,,,,,,,,,,,,,,,,,,,,,
368210,133,133,0,133,0,133,0,133,0,133,0,120,0.108,138,-0.0335,,,97.5,0.363,,
368296,8.5,8.5,0,8.5,0,8.5,0,8.5,0,,,,,,,,,7,0.214,,
368307,35.5,35.5,0,35.5,0,35.5,0,35.5,0,35.5,0,35.5,0,35.5,0,35.5,0,29.6,0.199,27,0.315
368326,51.7,51.7,0,51.7,0,51.7,0,51.7,0,51.7,0,51.7,0,51.7,0,48.8,0.0594,42.9,0.205,41.4,0.249
368369,120,120,0,120,0,120,0,120,0,120,0,120,0,120,0,120,0,98,0.219,95,0.258
368555,17.5,17.5,0,17.5,0,17.5,0,,,17.5,0,16,0.0938,,,,,15,0.167,13,0.346
368570,20,20,0,20,0,20,0,20,0,20,0,20,0,20,0,20,0,18.5,0.0811,,
368572,11,11,0,11,0,11,0,11,0,11,0,11,0,11,0,11,0,9.5,0.158,,
368741,7.2,7.2,0,7.2,0,7.2,0,7.2,0,7.2,0,7.2,0,5.2,0.385,5.2,0.385,5.2,0.385,5.2,0.385
368871,39.5,39.5,0,39.5,0,39.5,0,39.5,0,39.5,0,39.5,0,39.5,0,39.5,0,24.5,0.612,21,0.881
368875,42,42,0,42,0,42,0,42,0,42,0,42,0,42,0,42,0,,,29,0.448
369041,24.5,24.5,0,24.5,0,24.5,0,24.5,0,24.5,0,24.5,0,24.5,0,24.5,0,20.8,0.178,18.7,0.31
369042,12.3,12.3,0,12.3,0,12.3,0,12.3,0,12.3,0,12.3,0,12.3,0,12.3,0,10.2,0.206,9.3,0.323
369408,,,,,,,,,,,,,,,,,,,,,
369410,,,,,,,,,,,,,,,,,,,,,
369412,,,,,,,,,,,,,,,,,,,,,
369413,,,,,,,,,,,,,,,,,,,,,
369414,,,,,,,,,,,,,,,,,,,,,
369415,,,,,,,,,,,,,,,,,,,,,
369730,96,96,0,96,0,96,0,96,0,127,-0.246,111,-0.132,127,-0.246,118,-0.186,84.5,0.136,71.6,0.341
370003,,,,,,,,,,,,,,,,,,,,,
370006,,,,,,,,,,,,,,,,,,,,,
370253,14.4,14.4,0,14.4,0,14.4,0,14.4,0,14.4,0,14.4,0,14.4,0,13.2,0.0909,12.5,0.152,12.5,0.152
370524,29.5,29.5,0,29.5,0,29.5,0,29.5,0,39.9,-0.261,39.9,-0.261,39.9,-0.261,36,-0.181,,,22,0.341
370526,,,,,,,,,,,,,,,,,,,,,
370610,,,,,,,,,,,,,,,,,,,,,
370688,,,,,,,,,,,,,,,,,,,,,
370738,6.5,6.5,0,6.5,0,6.5,0,6.5,0,6.5,0,6.5,0,6.5,0,6.5,0,4.1,0.585,3.8,0.711
371079,,,,,,,,,,,,,,,,,,,,,
371205,56,56,0,56,0,56,0,56,0,56,0,56,0,56,0,56,0,44,0.273,44,0.273
371246,,,,,,,,,,,,,,,,,,,,,
371298,44,44,0,44,0,44,0,44,0,44,0,44,0,44,0,44,0,37,0.189,37,0.189
371299,44,44,0,44,0,44,0,44,0,44,0,44,0,44,0,44,0,37,0.189,37,0.189
371301,44,,,,,,,,,,,,,,,44,0,37,0.189,,
371302,44,44,0,44,0,44,0,44,0,44,0,44,0,44,0,44,0,37,0.189,37,0.189
371303,44,,,,,,,,,,,,,44,0,44,0,,,,
371304,44,44,0,44,0,44,0,44,0,44,0,44,0,44,0,44,0,37,0.189,37,0.189
371305,37,37,0,37,0,37,0,37,0,37,0,37,0,37,0,37,0,27,0.37,27,0.37
371306,37,,,,,,,,,,,,,,,,,27,0.37,27,0.37
371307,37,,,,,,,,,,,,,,,,,27,0.37,27,0.37
371328,,,,,,,,,,,,,,,,,,,,,
371405,47,47,0,47,0,47,0,47,0,47,0,47,0,47,0,47,0,,,,
372085,,,,,,,,,,,,,,,,,,,,,
372106,21,21,0,21,0,21,0,21,0,21,0,21,0,21,0,17,0.235,17,0.235,17,0.235
372107,56,56,0,56,0,56,0,56,0,56,0,56,0,56,0,56,0,,,30,0.867
372108,55,55,0,55,0,55,0,55,0,55,0,55,0,55,0,55,0,23.5,1.34,23.5,1.34
372109,54,54,0,54,0,54,0,54,0,54,0,54,0,,,29.5,0.831,29.5,0.831,,
372147,,,,,,,,,,,,,,,,,,,,,
372149,375,375,0,375,0,375,0,375,0,375,0,375,0,375,0,399,-0.0602,275,0.364,245,0.531
372157,354,354,0,354,0,354,0,354,0,354,0,354,0,354,0,354,0,240,0.475,219,0.616
372163,18,18,0,18,0,18,0,18,0,18,0,18,0,18,0,18,0,18,0,18,0
372173,,,,,,,,,,,,,,,,,,,,,
372175,,,,,,,,,,,,,,,,,,,,,
372178,145,145,0,145,0,145,0,,,,,,,,,,,,,,
372179,,,,,,,,,,,,,,,,,,,,,
372282,55,55,0,55,0,55,0,55,0,,,,,,,,,35,0.571,35,0.571
372560,39.4,39.4,0,39.4,0,39.4,0,39.4,0,39.4,0,39.4,0,39.4,0,39.4,0,32.5,0.212,30.5,0.292
372734,,,,,,,,,,,,,,,,,,,,,
372770,,,,,,,,,,,,,,,,,,,,,
372950,,,,,,,,,,,,,,,,,,,,,
372951,24.2,24.2,0,24.2,0,24.2,0,24.2,0,24.2,0,24.2,0,24.2,0,24.2,0,18.7,0.294,17.5,0.383
372976,15,15,0,15,0,15,0,15,0,15,0,15,0,15,0,15,0,15,0,15,0
373516,16.3,16.3,0,16.3,0,16.3,0,16.3,0,16.3,0,16.3,0,16.3,0,16.3,0,12.6,0.294,11.2,0.455
373524,16.3,16.3,0,16.3,0,16.3,0,16.3,0,16.3,0,16.3,0,16.3,0,16.3,0,12.6,0.294,11.2,0.455
373560,16.2,16.2,0,16.2,0,16.2,0,16.2,0,16.2,0,16.2,0,16.2,0,16.2,0,15,0.08,15,0.08
373561,16.2,16.2,0,16.2,0,16.2,0,16.2,0,16.2,0,16.2,0,16.2,0,16.2,0,15,0.08,15,0.08
373562,16.2,16.2,0,16.2,0,16.2,0,16.2,0,,,16.2,0,16.2,0,16.2,0,15,0.08,15,0.08
373563,16.2,16.2,0,16.2,0,16.2,0,16.2,0,16.2,0,16.2,0,16.2,0,16.2,0,15,0.08,15,0.08
373656,,,,,,,,,,,,,,,,,,,,,
373737,,,,,,,,,,,,,,,,,,,,,
373815,27.1,27.1,0,27.1,0,27.1,0,27.1,0,,,27.1,0,,,29.3,-0.0751,22.9,0.183,20.8,0.303
373823,64,64,0,64,0,64,0,64,0,64,0,64,0,,,68.3,-0.063,54.9,0.166,49.9,0.283
373824,64,64,0,64,0,64,0,64,0,64,0,64,0,64,0,68.3,-0.063,54.9,0.166,49.9,0.283
373827,29,29,0,29,0,29,0,29,0,29,0,36,-0.194,36,-0.194,36,-0.194,29.9,-0.0301,25.9,0.12
373828,16.5,16.5,0,16.5,0,16.5,0,16.5,0,18,-0.0833,18,-0.0833,18,-0.0833,18,-0.0833,15.5,0.0645,15.5,0.0645
373860,13,13,0,13,0,13,0,13,0,13,0,13,0,13,0,13,0,13,0,13,0
373951,75,75,0,75,0,75,0,75,0,,,75,0,75,0,,,,,,
373955,105,105,0,105,0,105,0,105,0,105,0,105,0,105,0,105,0,76,0.382,76,0.382
373956,82,82,0,82,0,82,0,82,0,82,0,82,0,82,0,82,0,59,0.39,59,0.39
374010,16.5,16.5,0,16.5,0,16.5,0,16.5,0,,,,,,,,,10.7,0.542,10.7,0.542
374012,12.5,12.5,0,12.5,0,12.5,0,12.5,0,12.5,0,12.5,0,12.5,0,7,0.786,7,0.786,7,0.786
374334,25.3,25.3,0,25.3,0,25.3,0,25.3,0,25.3,0,25.3,0,27.7,-0.0866,31,-0.184,22,0.15,20,0.265
374495,24,24,0,24,0,24,0,24,0,24,0,24,0,24,0,23,0.0435,,,23,0.0435
374496,31,31,0,31,0,31,0,31,0,31,0,31,0,31,0,29,0.069,29,0.069,29,0.069
374497,17,17,0,17,0,17,0,17,0,17,0,17,0,17,0,14,0.214,14,0.214,14,0.214
374725,,,,,,,,,,,,,,,,,,,,,
374750,5,5,0,5,0,5,0,5,0,5,0,5,0,5,0,5,0,5,0,5,0
374970,,,,,,,,,,,,,,,,,,,,,
375010,41.9,41.9,0,41.9,0,41.9,0,41.9,0,41.9,0,41.9,0,41.9,0,33.8,0.24,25.5,0.643,23.5,0.783
375049,,,,,,,,,,,,,,,,,,,,,
375050,,,,,,,,,,,,,,,,,,,,,
375179,25.5,25.5,0,25.5,0,25.5,0,37,-0.311,37,-0.311,36.9,-0.309,36.9,-0.309,36.9,-0.309,28.8,-0.115,26.8,-0.0485
375373,,,,,,,,,,,,,,,,,,,,,
375381,54,54,0,,,,,54,0,54,0,54,0,,,,,40,0.35,40,0.35
375390,62,62,0,62,0,62,0,62,0,62,0,62,0,62,0,,,46,0.348,46,0.348
375403,31,31,0,31,0,31,0,31,0,31,0,31,0,31,0,31,0,23,0.348,23,0.348
375438,,,,,,,,,,,,,,,,,,,,,
375870,10.6,10.6,0,10.6,0,10.6,0,10.6,0,10.6,0,10.6,0,10.6,0,10.6,0,9.4,0.128,9.4,0.128
375888,18.8,18.8,0,18.8,0,18.8,0,18.8,0,18.8,0,18.8,0,18.8,0,,,15.6,0.205,15.6,0.205
375918,8.8,8.8,0,8.8,0,8.8,0,8.8,0,8.8,0,8.8,0,8.8,0,,,7.2,0.222,7.2,0.222
376469,95,95,0,95,0,95,0,95,0,80.7,0.177,94.9,0.00105,94.9,0.00105,70,0.357,,,45,1.11
376507,68.8,68.8,0,68.8,0,68.8,0,,,68.8,0,68.8,0,68.8,0,68.8,0,51.3,0.341,47.5,0.448
376540,54.8,54.8,0,54.8,0,54.8,0,54.8,0,40,0.37,54.8,0,54.8,0,54.8,0,35,0.566,35,0.566
376710,86,86,0,86,0,86,0,86,0,86,0,86,0,86,0,72.5,0.186,49.1,0.752,46.7,0.842
377631,98,98,0,98,0,98,0,98,0,98,0,98,0,98,0,98,0,73,0.342,58,0.69
377673,31,31,0,31,0,31,0,31,0,31,0,31,0,31,0,29.4,0.0544,29.4,0.0544,18,0.722
377678,,,,,,,,,,,,,,,,,,,,,
377688,65,65,0,65,0,65,0,65,0,65,0,65,0,65,0,54,0.204,54,0.204,54,0.204
378283,,,,,,,,,,,,,,,,,,,,,
378313,5,5,0,5,0,5,0,5,0,5,0,5,0,5,0,5,0,5,0,5,0
378453,48,48,0,48,0,48,0,48,0,48,0,48,0,48,0,48,0,40,0.2,37,0.297
378461,45,45,0,45,0,45,0,45,0,45,0,45,0,45,0,45,0,39.9,0.128,35.9,0.253
378488,61,61,0,61,0,61,0,61,0,61,0,61,0,61,0,,,61,0,48,0.271
378542,,,,,,,,,,,,,,,,,,,,,
378712,17.2,17.2,0,17.2,0,17.2,0,17.2,0,17.2,0,17.2,0,17.2,0,18.5,-0.0703,12.5,0.376,11.5,0.496
378887,59.4,59.4,0,59.4,0,59.4,0,59.4,0,59.4,0,58.6,0.0137,58.6,0.0137,83.7,-0.29,56.1,0.0588,49.3,0.205
378917,83.7,83.7,0,83.7,0,83.7,0,83.7,0,59.4,0.409,50.6,0.654,50.6,0.654,83.7,0,56.1,0.492,49.3,0.698
378925,59.4,59.4,0,59.4,0,59.4,0,59.4,0,59.4,0,58.6,0.0137,58.6,0.0137,83.7,-0.29,56.1,0.0588,49.3,0.205
380108,18.2,18.2,0,18.2,0,18.2,0,18.2,0,14.5,0.255,18.2,0,18.2,0,18.2,0,12.5,0.456,11,0.655
380110,199,199,0,199,0,199,0,199,0,215,-0.0748,199,0,236,-0.157,293,-0.32,201,-0.00995,172,0.154
380122,42,42,0,42,0,42,0,42,0,42,0,42,0,42,0,42,0,35,0.2,32,0.312
380123,32,32,0,32,0,32,0,32,0,32,0,32,0,32,0,32,0,26.7,0.199,24,0.333
380180,30,30,0,30,0,30,0,30,0,30,0,,,,,37,-0.189,26,0.154,21,0.429
380187,204,204,0,204,0,204,0,204,0,204,0,204,0,204,0,204,0,,,,
380221,90.3,90.3,0,90.3,0,90.3,0,90.3,0,90.3,0,90.3,0,90.3,0,90.3,0,63,0.433,55,0.642
380222,62.9,62.9,0,62.9,0,62.9,0,62.9,0,62.9,0,62.9,0,62.9,0,62.9,0,43.9,0.433,38.5,0.634
380250,,,,,,,,,,,,,,,,,,,,,
380571,26.5,26.5,0,26.5,0,26.5,0,26.5,0,26.5,0,26.5,0,,,26.5,0,20.5,0.293,20.5,0.293
380598,,,,,,,,,,,,,,,,,,,,,
380628,,,,,,,,,,,,,,,,,,,,,
380640,,,,,,,,,,,,,,,,,,,,,
380642,66,66,0,,,66,0,66,0,66,0,66,0,66,0,66,0,52,0.269,52,0.269
380643,65.9,65.9,0,65.9,0,65.9,0,65.9,0,65.9,0,56.3,0.171,66,-0.00152,66,-0.00152,,,50.5,0.305
380670,53,53,0,53,0,53,0,53,0,53,0,53,0,53,0,53,0,41,0.293,39,0.359
380720,,,,,,,,,,,,,,,,,,,,,
380721,,,,,,,,,,,,,,,,,,,,,
380722,,,,,,,,,,,,,,,,,,,,,
380731,,,,,,,,,,,,,,,,,,,,,
380732,,,,,,,,,,,,,,,,,,,,,
380736,,,,,,,,,,,,,,,,,,,,,
380819,63.1,63.1,0,63.1,0,63.1,0,89.3,-0.293,89.3,-0.293,89.2,-0.293,,,89.2,-0.293,70,-0.0986,65,-0.0292
380858,,,,,,,,,,,,,,,,,,,,,
380862,311,311,0,311,0,311,0,,,,,,,,,,,,,,
380888,,,,,,,,,,,,,,,,,,,,,
380889,,,,,,,,,,,,,,,,,,,,,
380904,31.9,31.9,0,31.9,0,31.9,0,31.9,0,39.9,-0.201,39.9,-0.201,39.9,-0.201,38,-0.161,26,0.227,23.5,0.357
380916,10.5,10.5,0,10.5,0,,,,,,,10.5,0,10.5,0,10.5,0,10.5,0,10.5,0
380917,,,,,,,,,,,,,,,,,,,,,
380918,,,,,,,,,,,,,,,,,,,,,
380919,21,21,0,21,0,21,0,21,0,21,0,21,0,21,0,21,0,,,,
380921,,,,,,,,,,,,,,,,,,,,,
380922,,,,,,,,,,,,,,,,,,,,,
380923,,,,,,,,,,,,,,,,,,,,,
380924,,,,,,,,,,,,,,,,,,,,,
380926,,,,,,,,,,,,,,,,,,,,,
381010,25,25,0,25,0,25,0,25,0,25,0,25,0,25,0,25,0,21.5,0.163,21.5,0.163
381011,,,,,,,,,,,,,,,,,,,,,
381013,,,,,,,,,,,,,,,,,,,,,
381014,25,25,0,25,0,25,0,25,0,25,0,25,0,25,0,,,21.5,0.163,21.5,0.163
381030,27,27,0,27,0,27,0,27,0,27,0,27,0,27,0,27,0,20.8,0.298,20.8,0.298
381031,20,20,0,20,0,20,0,20,0,20,0,20,0,20,0,20,0,16.5,0.212,16.5,0.212
381033,20,20,0,20,0,20,0,20,0,,,,,,,,,,,,
381034,17,17,0,17,0,17,0,17,0,17,0,17,0,17,0,17,0,15,0.133,15,0.133
381035,14,14,0,14,0,14,0,14,0,14,0,14,0,14,0,14,0,13,0.0769,13,0.0769
381036,24.5,24.5,0,24.5,0,24.5,0,24.5,0,24.5,0,24.5,0,24.5,0,24.5,0,20.5,0.195,20.5,0.195
381037,20,20,0,20,0,20,0,20,0,20,0,20,0,,,20,0,16.5,0.212,16.5,0.212
381114,,,,,,,,,,,,,,,,,,,,,
381222,,,,,,,,,,,,,,,,,,,,,
381403,34,34,0,,,,,34,0,34,0,47.8,-0.289,47.8,-0.289,,,32,0.0625,27.7,0.227
381438,64.1,64.1,0,64.1,0,64.1,0,64.1,0,64.1,0,85.3,-0.249,85.3,-0.249,,,56,0.145,50,0.282
381454,,,,,,,,,,,,,,,,,,,,,
381455,42.4,42.4,0,42.4,0,42.4,0,42.4,0,42.4,0,42.4,0,42.4,0,43.1,-0.0162,29.6,0.432,25,0.696
381470,148,148,0,148,0,148,0,148,0,148,0,148,0,148,0,148,0,98,0.508,81.7,0.809
381489,,,,,,,,,,,,,,,,,,,,,
381497,260,260,0,260,0,260,0,260,0,260,0,260,0,260,0,260,0,161,0.611,140,0.851
381535,,,,,,,,,,,,,,,,,,,,,
381543,,,,,,,,,,,,,,,,,,,,,
381594,,,,,,,,,,,,,,,,,,,,,
381713,22.5,22.5,0,22.5,0,22.5,0,22.5,0,22.5,0,22.5,0,22.5,0,22.5,0,18.8,0.197,16.7,0.347
381829,,,,,,,,,,,,,,,,,,,,,
381977,81.7,81.7,0,81.7,0,81.7,0,81.7,0,81.7,0,81.7,0,81.7,0,81.7,0,68,0.201,62,0.318
382000,63.4,63.4,0,63.4,0,63.4,0,63.4,0,63.4,0,63.4,0,63.4,0,63.4,0,52.8,0.201,48,0.321
382035,33,33,0,33,0,33,0,33,0,33,0,33,0,33,0,,,27.6,0.196,25,0.32
382078,27.5,27.5,0,27.5,0,27.5,0,27.5,0,27.5,0,27.5,0,27.5,0,,,26,0.0577,26,0.0577
382112,,,,,,,,,,,,,,,,,,,,,
382175,45,45,0,45,0,45,0,45,0,45,0,45,0,45,0,45,0,39.9,0.128,35.9,0.253
382191,,,,,,,,,,,,,,,,,,,,,
382205,,,,,,,,,,,,,,,,,,,,,
382526,10.5,10.5,0,10.5,0,10.5,0,10.5,0,10.5,0,11.9,-0.118,11.9,-0.118,11.9,-0.118,8,0.312,6.4,0.641
382527,10.5,10.5,0,10.5,0,10.5,0,10.5,0,10.5,0,11.9,-0.118,11.9,-0.118,11.9,-0.118,8,0.312,6.4,0.641
382528,10.5,10.5,0,10.5,0,10.5,0,10.5,0,10.5,0,11.9,-0.118,11.9,-0.118,119,-0.912,8,0.312,6.4,0.641
382529,10.5,10.5,0,10.5,0,10.5,0,10.5,0,10.5,0,11.9,-0.118,11.9,-0.118,11.9,-0.118,8,0.312,6.4,0.641
382541,168,168,0,168,0,168,0,168,0,168,0,168,0,168,0,199,-0.156,109,0.54,99,0.696
382542,199,199,0,199,0,199,0,199,0,199,0,,,199,0,199,0,109,0.826,99,1.01
382612,63,63,0,63,0,63,0,63,0,63,0,63,0,63,0,52.5,0.2,34.8,0.81,,
382833,57.5,57.5,0,57.5,0,57.5,0,57.5,0,57.5,0,57.5,0,57.5,0,62,-0.0726,47,0.223,43.8,0.313
383036,20.6,20.6,0,20.6,0,20.6,0,20.6,0,20.6,0,22.9,-0.1,22.9,-0.1,22.9,-0.1,,,16.7,0.234
383997,180,180,0,180,0,180,0,,,,,,,,,,,,,,
384208,,,,,,,,,,,,,,,,,,,,,
384259,75,75,0,75,0,75,0,75,0,75,0,,,75,0,75,0,65,0.154,62,0.21
385352,11,11,0,11,0,11,0,11,0,11,0,11,0,11.3,-0.0265,10.6,0.0377,8,0.375,8,0.375
385379,48.2,48.2,0,48.2,0,48.2,0,48.2,0,48.2,0,48.2,0,48.2,0,,,,,,
385891,,,,,,,,,,,,,,,,,,,,,
386073,,,,,,,,,,,,,,,,,,,,,
386081,59.9,59.9,0,59.9,0,59.9,0,59.9,0,59.9,0,59.9,0,59.9,0,59.9,0,59.9,0,54.6,0.0971
386090,61.5,61.5,0,61.5,0,61.5,0,61.5,0,61.5,0,61.5,0,61.5,0,61.5,0,61.5,0,57.5,0.0696
386600,,,,,,,,,,,,,,,,,,,,,
386774,120,120,0,120,0,120,0,120,0,120,0,120,0,120,0,120,0,99,0.212,74.5,0.611
386782,120,120,0,120,0,120,0,,,,,120,0,120,0,,,112,0.0714,87,0.379
387140,,,,,,,,,,,,,,,,,,,,,
387141,,,,,,,,,,,,,,,,,,,,,
387143,,,,,,,,,,,,,,,,,,,,,
387170,,,,,,,,,,,,,,,,,,,,,
387304,,,,,,,,,,,,,,,,,,,,,
387305,,,,,,,,,,,,,,,,,,,,,
387401,12.5,12.5,0,12.5,0,12.5,0,12.5,0,12.5,0,12.5,0,12.5,0,12.5,0,10.5,0.19,10.5,0.19
387525,,,,,,,,,,,,,,,,,,,,,
387606,,,,,,,,,,,,,,,,,,,,,
387767,,,,,,,,,,,,,,,,,,,,,
387768,,,,,,,,,,,,,,,,,,,,,
387769,,,,,,,,,,,,,,,,,,,,,
387881,,,,,,,,,,,,,,,,,,,,,
387916,,,,,,,,,,,,,,,,,,,,,
388123,,,,,,,,,,,,,,,,,,,,,
388125,,,,,,,,,,,,,,,,,,,,,
388131,,,,,,,,,,,,,,,,,,,,,
388378,,,,,,,,,,,,,,,,,,,,,
388711,,,,,,,,,,,,,,,,,,,,,
388793,,,,,,,,,,,,,,,,,,,,,
388815,,,,,,,,,,,,,,,,,,,,,
388831,,,,,,,,,,,,,,,,,,,,,
388995,25.2,25.2,0,25.2,0,25.2,0,25.2,0,25.2,0,25.2,0,25.2,0,25.2,0,22,0.145,22,0.145
388996,25.2,25.2,0,25.2,0,25.2,0,25.2,0,25.2,0,25.2,0,25.2,0,25.2,0,22,0.145,22,0.145
388997,21,21,0,21,0,21,0,21,0,21,0,21,0,21,0,24.4,-0.139,22,-0.0455,22,-0.0455
389382,58.4,58.4,0,58.4,0,58.4,0,58.4,0,58.4,0,51,0.145,,,58.4,0,44.7,0.306,45.1,0.295
389404,,,,,,,,,,,,,,,,,,,,,
390065,,,,,,,,,,,,,,,,,,,,,
390110,9.5,9.5,0,9.5,0,,,9.5,0,9.5,0,9.5,0,9.5,0,13,-0.269,9,0.0556,7,0.357
390112,,,,,,,,,,,,,,,,,,,,,
390174,340,340,0,340,0,340,0,,,,,,,,,,,,,,
390178,6,6,0,6,0,6,0,6,0,6,0,8,-0.25,8,-0.25,8,-0.25,6.8,-0.118,6.9,-0.13
390186,11.5,11.5,0,11.5,0,11.5,0,11.5,0,11.5,0,15.5,-0.258,15.5,-0.258,15.5,-0.258,13,-0.115,13,-0.115
390431,20,20,0,20,0,20,0,16.1,0.242,20,0,20,0,20,0,24,-0.167,18.2,0.0989,15.9,0.258
390487,29,29,0,29,0,29,0,29,0,29,0,29,0,29,0,29,0,20.5,0.415,19.5,0.487
390640,,,,,,,,,,,,,,,,,,,,,
390658,9.8,9.8,0,9.8,0,9.8,0,9.8,0,9.8,0,9.8,0,9.8,0,9.8,0,,,7.5,0.307
390755,,,,,,,,,,,,,,,,,,,,,
390907,34.4,34.4,0,34.4,0,34.4,0,34.4,0,34.4,0,34.4,0,34.4,0,34.4,0,24.3,0.416,24.3,0.416
390908,34.4,34.4,0,34.4,0,34.4,0,34.4,0,34.4,0,34.4,0,34.4,0,34.4,0,24.3,0.416,24.3,0.416
390910,34.4,34.4,0,34.4,0,34.4,0,34.4,0,34.4,0,34.4,0,34.4,0,34.4,0,24.3,0.416,24.3,0.416
390915,,,,,,,,,,,,,,,,,,,,,
390916,,,,,,,,,,,,,,,,,,,,,
390918,96.9,96.9,0,96.9,0,96.9,0,96.9,0,96.9,0,96.9,0,96.9,0,96.9,0,84,0.154,,
390919,39.9,39.9,0,39.9,0,39.9,0,39.9,0,39.9,0,39.9,0,39.9,0,37,0.0784,,,34.9,0.143
390923,,,,,,,,,,,,,,,,,,,,,
390924,,,,,,,,,,,,,,,,,,,,,
390939,20.7,20.7,0,20.7,0,20.7,0,20.7,0,20.7,0,20,0.035,22.3,-0.0717,22.3,-0.0717,17.5,0.183,17.5,0.183
390943,153,153,0,153,0,153,0,153,0,153,0,,,153,0,153,0,138,0.113,138,0.113
390955,,,,,,,,,,,,,,,,,,,,,
391008,35.5,35.5,0,35.5,0,35.5,0,35.5,0,35.5,0,35.5,0,35.5,0,35.5,0,22.5,0.578,18.5,0.919
391009,35.5,35.5,0,35.5,0,35.5,0,35.5,0,35.5,0,35.5,0,35.5,0,35.5,0,22.5,0.578,18.5,0.919
391010,,,,,,,,,,,,,,,,,,,,,
391016,18,18,0,18,0,18,0,18,0,18,0,18,0,18,0,18,0,12.8,0.406,12.8,0.406
391017,18,18,0,18,0,18,0,18,0,18,0,14.9,0.208,18,0,18,0,12.8,0.406,12.8,0.406
391019,18,18,0,18,0,18,0,18,0,18,0,18,0,18,0,18,0,12.8,0.406,12.8,0.406
391024,20.4,20.4,0,20.4,0,20.4,0,20.4,0,20.4,0,20.4,0,20.4,0,,,16.5,0.236,16.5,0.236
391025,17.5,17.5,0,17.5,0,17.5,0,17.5,0,21,-0.167,21,-0.167,21,-0.167,21,-0.167,16.5,0.0606,16.5,0.0606
391027,21.3,21.3,0,21.3,0,21.3,0,21,0.0143,21,0.0143,21,0.0143,21,0.0143,,,13.2,0.614,13.7,0.555
391028,21,21,0,21,0,21,0,21,0,21,0,21,0,21,0,21,0,16.5,0.273,16.5,0.273
391030,21,21,0,,,21,0,21,0,21,0,21,0,21,0,,,16.5,0.273,,
391032,21.3,21.3,0,21.3,0,21.3,0,21.3,0,21.3,0,21.3,0,21.3,0,21,0.0143,16.5,0.291,16.5,0.291
391033,21,21,0,21,0,21,0,21,0,21,0,21,0,21,0,21,0,16.5,0.273,16.5,0.273
391035,21.3,21.3,0,21.3,0,21.3,0,21.3,0,21.3,0,21.3,0,21.3,0,20.4,0.0441,16.5,0.291,13.7,0.555
391036,,,,,,,,,,,,,,,,,,,,,
391038,,,,,,,,,,,,,,,,,,,,,
391039,,,,,,,,,,,,,,,,,,,,,
391040,19.3,19.3,0,19.3,0,19.3,0,19.3,0,23,-0.161,23,-0.161,23,-0.161,23,-0.161,16.5,0.17,16.5,0.17
391041,23,23,0,23,0,23,0,23,0,23,0,23,0,,,23,0,16.5,0.394,16.5,0.394
391043,23,23,0,23,0,23,0,23,0,23,0,23,0,23,0,23,0,,,16.5,0.394
391046,18,18,0,18,0,18,0,18,0,18,0,14.9,0.208,18,0,18,0,,,14.5,0.241
391047,18,18,0,18,0,18,0,18,0,18,0,18,0,18,0,18,0,14.5,0.241,,
391060,,,,,,,,,,,,,,,,,,,,,
391087,7,7,0,7,0,7,0,7,0,7,0,7,0,7,0,7,0,4,0.75,4,0.75
391107,,,,,,,,,,,,,,,,,,,,,
391182,21.9,21.9,0,21.9,0,21.9,0,21.9,0,21.9,0,24.5,-0.106,24.5,-0.106,27.5,-0.204,16.4,0.335,15,0.46
391219,130,130,0,130,0,130,0,130,0,97.5,0.333,131,-0.00763,131,-0.00763,131,-0.00763,114,0.14,102,0.275
391221,138,138,0,138,0,138,0,138,0,82.8,0.667,138,0,138,0,138,0,121,0.14,108,0.278
391228,75,75,0,75,0,75,0,75,0,75,0,75,0,75,0,75,0,75,0,71,0.0563
391229,75,75,0,75,0,75,0,75,0,75,0,75,0,75,0,75,0,75,0,71,0.0563
391230,75,75,0,75,0,75,0,75,0,75,0,75,0,75,0,75,0,75,0,71,0.0563
391231,75,75,0,75,0,75,0,75,0,75,0,75,0,75,0,75,0,75,0,71,0.0563
391232,75,75,0,75,0,75,0,75,0,75,0,75,0,75,0,75,0,75,0,71,0.0563
391239,49.9,49.9,0,49.9,0,49.9,0,49.9,0,49.9,0,49.9,0,49.9,0,49.9,0,49.9,0,42.9,0.163
391260,99.9,99.9,0,99.9,0,99.9,0,99.9,0,79.9,0.25,99.9,0,99.9,0,99.9,0,89.9,0.111,89.9,0.111
391261,28.7,28.7,0,28.7,0,28.7,0,28.7,0,28.7,0,28.7,0,,,26.3,0.0913,21.8,0.317,21.8,0.317
391262,24,24,0,24,0,,,,,24,0,,,,,,,,,,
391328,62.9,62.9,0,62.9,0,62.9,0,62.9,0,62.9,0,,,,,,,,,,
391549,25.5,25.5,0,25.5,0,25.5,0,25.5,0,25.5,0,25.5,0,25.5,0,25.5,0,16.5,0.545,13.5,0.889
391626,,,,,,,,,,,,,,,,,,,,,
391697,,,,,,,,,,,,,,,,,,,,,
391704,172,172,0,172,0,172,0,172,0,,,172,0,172,0,172,0,,,105,0.643
392002,23,23,0,23,0,23,0,23,0,29.9,-0.231,29.9,-0.231,48.9,-0.53,48.9,-0.53,37.9,-0.393,28.9,-0.204
392003,54,54,0,54,0,54,0,54,0,44.9,0.203,,,44.9,0.203,,,,,37,0.459
392061,164,164,0,164,0,164,0,164,0,,,,,,,,,,,,
392880,,,,,,,,,,,,,,,,,,,,,
393118,,,,,,,,,,,,,,,,,,,,,
393185,14.5,14.5,0,14.5,0,14.5,0,14.5,0,14.5,0,14.5,0,14.5,0,14,0.0357,13,0.115,12.5,0.16
393193,17.5,17.5,0,17.5,0,17.5,0,17.5,0,17.5,0,19,-0.0789,19,-0.0789,,,,,,
393207,14.5,14.5,0,14.5,0,14.5,0,14.5,0,14.5,0,14.5,0,14.5,0,14,0.0357,13,0.115,12.5,0.16
393240,19,19,0,19,0,19,0,19,0,18,0.0556,18,0.0556,18,0.0556,16.5,0.152,16.5,0.152,15.5,0.226
393410,14.5,14.5,0,14.5,0,14.5,0,14.5,0,14.5,0,14.5,0,14.5,0,14,0.0357,13,0.115,12.5,0.16
393495,7,7,0,7,0,7,0,7,0,7,0,9.5,-0.263,9.5,-0.263,9.5,-0.263,7.4,-0.0541,5.8,0.207
393509,7.5,7.5,0,7.5,0,7.5,0,7.5,0,7.5,0,10.4,-0.279,10.4,-0.279,10.4,-0.279,7.4,0.0135,7.5,0
393517,7,7,0,7,0,7,0,7,0,7,0,9.5,-0.263,9.5,-0.263,9.5,-0.263,7.4,-0.0541,5.8,0.207
393541,17.9,17.9,0,17.9,0,17.9,0,17.9,0,17.9,0,17.9,0,17.9,0,17.5,0.0229,13.4,0.336,12,0.492
393550,4.5,4.5,0,4.5,0,4.5,0,4.5,0,4.5,0,4.5,0,4.5,0,4.5,0,4.5,0,4.5,0
393568,7,7,0,7,0,7,0,7,0,7,0,7,0,7,0,6.8,0.0294,6,0.167,6,0.167
393632,,,,,,,,,,,,,,,,,,,,,
393755,,,,,,,,,,,,,,,,,,,,,
393763,10.6,10.6,0,10.6,0,10.6,0,10.6,0,12.5,-0.152,12.5,-0.152,12.5,-0.152,,,,,,
393764,10.6,10.6,0,10.6,0,10.6,0,10.6,0,12.5,-0.152,12.5,-0.152,12.5,-0.152,,,,,,
394092,3,3,0,3,0,3,0,3,0,3,0,3,0,3,0,3,0,3,0,2.5,0.2
394106,3,3,0,3,0,3,0,3,0,3,0,3,0,3,0,3,0,3,0,2.5,0.2
394114,2.5,2.5,0,2.5,0,2.5,0,2.5,0,2.5,0,2.5,0,2.5,0,2.5,0,2.5,0,1.9,0.316
394815,,,,,,,,,,,,,,,,,,,,,
395253,78,78,0,78,0,78,0,78,0,78,0,78,0,78,0,78,0,64.9,0.202,,
395254,,,,,,,,,,,,,,,,,,,,,
395260,61,61,0,61,0,61,0,61,0,61,0,61,0,61,0,61,0,53,0.151,51,0.196
395261,61,61,0,61,0,61,0,61,0,61,0,61,0,61,0,61,0,,,51,0.196
395382,7.5,7.5,0,7.5,0,7.5,0,7.5,0,7.5,0,10.4,-0.279,10.4,-0.279,10.4,-0.279,7.4,0.0135,5.8,0.293
395528,19.5,19.5,0,19.5,0,19.5,0,19.5,0,19.5,0,19.5,0,19.5,0,19.5,0,16,0.219,13.5,0.444
396206,395,395,0,395,0,395,0,395,0,395,0,395,0,,,345,0.145,305,0.295,259,0.525
396672,7.9,7.9,0,7.9,0,7.9,0,7.9,0,7,0.129,7,0.129,7,0.129,,,7,0.129,6,0.317
396680,7.9,7.9,0,7.9,0,7.9,0,7.9,0,7,0.129,7,0.129,7,0.129,,,7,0.129,6.2,0.274
397181,46,46,0,46,0,46,0,46,0,45.9,0.00218,45.9,0.00218,45.9,0.00218,36.7,0.253,33.1,0.39,28.1,0.637
397353,63,63,0,63,0,63,0,63,0,63,0,63,0,63,0,76.5,-0.176,33,0.909,33,0.909
397354,63,63,0,63,0,63,0,63,0,63,0,63,0,63,0,65,-0.0308,33,0.909,33,0.909
397355,63,63,0,63,0,63,0,63,0,63,0,63,0,63,0,76.5,-0.176,33,0.909,33,0.909
397695,75,75,0,75,0,75,0,75,0,75,0,75,0,75,0,75,0,65,0.154,62,0.21
397717,75,75,0,75,0,75,0,75,0,75,0,75,0,75,0,75,0,65,0.154,62,0.21
397750,17.5,17.5,0,17.5,0,17.5,0,17.5,0,17.5,0,17.5,0,,,23,-0.239,16.3,0.0736,,
397920,75,75,0,75,0,75,0,75,0,75,0,75,0,75,0,75,0,60,0.25,54.5,0.376
398055,21,21,0,21,0,21,0,21,0,21,0,21,0,21,0,21,0,15,0.4,14.4,0.458
398070,35.5,35.5,0,35.5,0,35.5,0,35.5,0,35.5,0,35.5,0,26.5,0.34,26.5,0.34,26.5,0.34,24,0.479
398077,35.5,35.5,0,35.5,0,35.5,0,35.5,0,35.5,0,35.5,0,26.5,0.34,26.5,0.34,26.5,0.34,24,0.479
398381,47,47,0,47,0,,,,,,,46.8,0.00427,50.9,-0.0766,50.9,-0.0766,,,26.9,0.747
398403,15.9,15.9,0,15.9,0,15.9,0,15.9,0,15.9,0,15.9,0,15.9,0,17.5,-0.0914,13.4,0.187,12,0.325
398420,,,,,,,,,,,,,,,,,,,,,
398438,,,,,,,,,,,,,,,,,,,,,
398717,69.9,69.9,0,69.9,0,69.9,0,69.9,0,69.9,0,77.5,-0.0981,77.5,-0.0981,70,-0.00143,70,-0.00143,59.9,0.167
398727,280,280,0,280,0,280,0,280,0,,,,,,,,,,,,
399060,14,14,0,14,0,14,0,14,0,14,0,14,0,14,0,13,0.0769,12.5,0.12,,
399092,71.5,71.5,0,71.5,0,71.5,0,71.5,0,71.5,0,71.5,0,71.5,0,71.5,0,71.5,0,71.5,0
399260,87.5,87.5,0,87.5,0,87.5,0,87.5,0,87.5,0,87.5,0,87.5,0,,,,,,
399261,87.5,87.5,0,87.5,0,87.5,0,87.5,0,87.5,0,87.5,0,87.5,0,,,,,68.5,0.277
399262,,,,,,,,,,,,,,,,,,,,,
399263,118,118,0,118,0,118,0,118,0,118,0,118,0,118,0,,,99,0.192,,
399426,95.5,95.5,0,95.5,0,95.5,0,95.5,0,95.5,0,95.5,0,95.5,0,81.5,0.172,73,0.308,58,0.647
399434,95.5,95.5,0,95.5,0,95.5,0,95.5,0,95.5,0,95.5,0,95.5,0,81.5,0.172,73,0.308,58,0.647
399469,95.5,95.5,0,95.5,0,95.5,0,95.5,0,95.5,0,95.5,0,95.5,0,81.5,0.172,73.5,0.299,58,0.647
399840,,,,,,,,,,,,,,,,,,,,,
400226,20,20,0,20,0,20,0,20,0,,,20,0,20,0,,,,,,
400391,,,,,,,,,,,,,,,,,,,,,
400398,,,,,,,,,,,,,,,,,,,,,
400463,,,,,,,,,,,,,,,,,,,,,
400475,171,171,0,171,0,171,0,171,0,171,0,185,-0.0793,177,-0.034,167,0.024,150,0.14,144,0.188
400645,25,25,0,25,0,25,0,25,0,25,0,25,0,25,0,22.5,0.111,17,0.471,15,0.667
401013,13,13,0,13,0,13,0,13,0,,,,,,,,,,,,
401021,13,13,0,13,0,13,0,13,0,,,,,,,,,,,,
401056,13,13,0,13,0,13,0,13,0,,,,,,,,,,,,
401071,,,,,,,,,,,,,,,,,,,,,
401073,,,,,,,,,,,,,,,,,,,,,
401077,,,,,,,,,,,,,,,,,,,,,
401091,43,43,0,43,0,43,0,43,0,43,0,43,0,43,0,57.5,-0.252,,,,
401092,43,43,0,43,0,43,0,43,0,43,0,43,0,43,0,57.5,-0.252,29,0.483,,
401093,43,43,0,43,0,43,0,43,0,43,0,43,0,43,0,,,29,0.483,,
401129,49,49,0,49,0,49,0,49,0,49,0,49,0,,,,,,,32.5,0.508
401170,7,7,0,7,0,7,0,7,0,7,0,9.5,-0.263,9.5,-0.263,9.5,-0.263,7.4,-0.0541,5.8,0.207
401171,469,469,0,469,0,469,0,469,0,469,0,469,0,469,0,435,0.0782,435,0.0782,409,0.147
401173,,,,,,,,,,,,,,,,,,,,,
401175,469,469,0,469,0,469,0,469,0,469,0,469,0,469,0,435,0.0782,435,0.0782,409,0.147
401196,14.4,14.4,0,14.4,0,14.4,0,14.4,0,14.4,0,14.4,0,14.4,0,14.4,0,9.6,0.5,8.4,0.714
401240,13.9,13.9,0,13.9,0,13.9,0,13.9,0,13.9,0,16.5,-0.158,16.5,-0.158,16.5,-0.158,15.5,-0.103,12.5,0.112
401245,13.9,13.9,0,13.9,0,13.9,0,13.9,0,13.9,0,16.5,-0.158,16.5,-0.158,16.5,-0.158,15.5,-0.103,15.5,-0.103
401255,51.5,51.5,0,51.5,0,51.5,0,51.5,0,,,51.5,0,51.5,0,46.5,0.108,46.5,0.108,46.5,0.108
401285,,,,,,,,,,,,,,,,,,,,,
401293,,,,,,,,,,,,,,,,,,,,,
401331,,,,,,,,,,,,,,,,,,,,,
401499,,,,,,,,,,,,,,,,,,,,,
401518,21,21,0,21,0,21,0,21,0,21,0,21,0,21,0,28,-0.25,18.5,0.135,,
401519,28,28,0,28,0,28,0,28,0,28,0,28,0,28,0,28,0,18.5,0.514,18.5,0.514
401520,24,24,0,24,0,24,0,24,0,24,0,24,0,24,0,28,-0.143,18.5,0.297,18.5,0.297
401597,46.5,46.5,0,46.5,0,46.5,0,46.5,0,46.5,0,46.5,0,46.5,0,46.5,0,34,0.368,29,0.603
401720,,,,,,,,,,,,,,,,,,,,,
401789,4.5,4.5,0,4.5,0,4.5,0,4.5,0,4.5,0,4.5,0,4.5,0,4.5,0,4.5,0,,
402038,121,121,0,121,0,121,0,121,0,121,0,121,0,121,0,121,0,83.1,0.461,72.3,0.679
402894,115,115,0,115,0,115,0,115,0,115,0,115,0,115,0,115,0,85.3,0.345,85.3,0.345
403211,37.5,37.5,0,37.5,0,,,37.5,0,37.5,0,37.5,0,36,0.0417,32.5,0.154,32.5,0.154,,
403232,82.5,82.5,0,82.5,0,82.5,0,82.5,0,82.5,0,82.5,0,75,0.1,68.5,0.204,68.5,0.204,68.5,0.204
403431,7.5,7.5,0,7.5,0,7.5,0,7.5,0,7.5,0,10.4,-0.279,10.4,-0.279,10.4,-0.279,7.4,0.0135,5.8,0.293
403725,4.5,4.5,0,4.5,0,4.5,0,4.5,0,4.5,0,4.5,0,5,-0.1,5.5,-0.182,3.5,0.286,3.5,0.286
403954,,,,,,,,,,,,,,,,,,,,,
404011,112,112,0,112,0,112,0,112,0,112,0,112,0,112,0,112,0,110,0.0182,110,0.0182
404013,102,102,0,102,0,102,0,102,0,102,0,102,0,102,0,102,0,102,0,81.9,0.245
404014,82.9,82.9,0,82.9,0,82.9,0,82.9,0,82.9,0,99,-0.163,99,-0.163,99,-0.163,99,-0.163,81.9,0.0122
404015,118,118,0,118,0,,,,,,,,,,,,,,,,
404020,9.9,9.9,0,9.9,0,9.9,0,,,9.9,0,9.9,0,9.9,0,9.9,0,8.9,0.112,8.9,0.112
404023,43,43,0,43,0,43,0,43,0,43,0,43,0,37.5,0.147,31.5,0.365,21.2,1.03,21.2,1.03
404024,,,,,,,,,,,,,,,,,,,,,
404025,53,53,0,53,0,53,0,53,0,53,0,53,0,50,0.06,43.8,0.21,30.5,0.738,30.5,0.738
404026,,,,,,,,,,,,,,,,,,,,,
404027,,,,,,,,,,,,,,,,,,,,,
404029,58,58,0,58,0,58,0,58,0,58,0,58,0,56,0.0357,43.8,0.324,26,1.23,26,1.23
404031,,,,,,,,,,,,,,,,,,,,,
404115,,,,,,,,,,,,,,,,,,,,,
404210,47,47,0,47,0,47,0,47,0,50,-0.06,50,-0.06,50,-0.06,50,-0.06,33,0.424,25.5,0.843
404300,125,125,0,125,0,125,0,125,0,125,0,125,0,125,0,109,0.147,109,0.147,85,0.471
404555,115,115,0,115,0,115,0,102,0.122,102,0.122,102,0.122,102,0.122,102,0.122,87.5,0.314,77.5,0.484
404556,,,,,,,,,,,,,,,,,,,,,
404861,12.9,12.9,0,12.9,0,12.9,0,12.9,0,,,9.5,0.358,9.5,0.358,9.5,0.358,8.5,0.518,8.5,0.518
404942,,,,,,,,,,,,,,,,,,,,,
405020,27,27,0,27,0,27,0,27,0,27,0,27,0,27,0,24.1,0.12,22.5,0.2,22.5,0.2
405021,27,27,0,27,0,27,0,27,0,27,0,27,0,27,0,24.1,0.12,22.5,0.2,22.5,0.2
405022,27,27,0,27,0,27,0,27,0,27,0,27,0,27,0,,,,,22.5,0.2
405023,27,27,0,27,0,27,0,27,0,27,0,27,0,27,0,24.1,0.12,22.5,0.2,22.5,0.2
405024,27,27,0,27,0,27,0,27,0,27,0,27,0,27,0,24.1,0.12,22.5,0.2,22.5,0.2
405025,22.5,22.5,0,22.5,0,22.5,0,22.5,0,22.5,0,22.5,0,22.5,0,21.6,0.0417,20,0.125,20,0.125
405026,22.5,22.5,0,22.5,0,22.5,0,22.5,0,22.5,0,22.5,0,22.5,0,21.6,0.0417,20,0.125,20,0.125
405028,,,,,,,,,,,,,,,,,,,,,
405029,22.5,22.5,0,22.5,0,22.5,0,22.5,0,22.5,0,22.5,0,22.5,0,21.6,0.0417,20,0.125,20,0.125
405030,22.5,22.5,0,22.5,0,22.5,0,22.5,0,22.5,0,22.5,0,22.5,0,21.6,0.0417,20,0.125,20,0.125
405031,22.5,22.5,0,22.5,0,22.5,0,22.5,0,22.5,0,22.5,0,22.5,0,21.6,0.0417,20,0.125,20,0.125
405032,16.2,16.2,0,16.2,0,16.2,0,16.2,0,16.2,0,16.2,0,16.2,0,14.4,0.125,12.5,0.296,12.5,0.296
405036,16.2,16.2,0,16.2,0,16.2,0,16.2,0,16.2,0,16.2,0,16.2,0,14.4,0.125,12.5,0.296,12.5,0.296
405037,16.2,16.2,0,16.2,0,16.2,0,16.2,0,16.2,0,16.2,0,16.2,0,14.4,0.125,12.5,0.296,12.5,0.296
405038,,,,,,,,,,,,,,,,,,,,,
405039,16.2,16.2,0,16.2,0,16.2,0,16.2,0,16.2,0,16.2,0,16.2,0,14.4,0.125,12.5,0.296,12.5,0.296
405040,,,,,,,,,,,,,,,,,,,,,
405042,17.5,17.5,0,17.5,0,17.5,0,17.5,0,17.5,0,17.5,0,17.5,0,15.9,0.101,14.4,0.215,14.4,0.215
405044,15,15,0,15,0,15,0,15,0,15,0,15,0,,,13.4,0.119,11.9,0.261,11.9,0.261
405048,17.1,17.1,0,17.1,0,17.1,0,17.1,0,17.1,0,17.1,0,17.1,0,16.3,0.0491,15,0.14,15,0.14
405049,14.1,14.1,0,14.1,0,14.1,0,14.1,0,14.1,0,14.1,0,14.1,0,13.1,0.0763,11.9,0.185,11.9,0.185
405053,18.5,18.5,0,18.5,0,18.5,0,18.5,0,18.5,0,18.5,0,18.5,0,15.6,0.186,13.8,0.341,13.8,0.341
405054,18.5,18.5,0,18.5,0,18.5,0,18.5,0,18.5,0,18.5,0,18.5,0,15.6,0.186,13.8,0.341,13.8,0.341
405055,18.5,18.5,0,18.5,0,18.5,0,18.5,0,18.5,0,18.5,0,18.5,0,15.6,0.186,13.8,0.341,13.8,0.341
405056,18.5,18.5,0,18.5,0,18.5,0,18.5,0,18.5,0,18.5,0,18.5,0,15.6,0.186,13.8,0.341,13.8,0.341
405057,14.4,14.4,0,14.4,0,14.4,0,14.4,0,14.4,0,14.4,0,14.4,0,13.8,0.0435,12.5,0.152,12.5,0.152
405058,42.9,42.9,0,42.9,0,42.9,0,42.9,0,,,42.9,0,42.9,0,40.3,0.0645,38.4,0.117,38.4,0.117
405059,42.9,42.9,0,42.9,0,42.9,0,42.9,0,42.9,0,42.9,0,42.9,0,40.3,0.0645,38.4,0.117,38.4,0.117
405061,42.9,42.9,0,42.9,0,42.9,0,42.9,0,,,42.9,0,42.9,0,40.3,0.0645,38.4,0.117,38.4,0.117
405062,42.9,42.9,0,42.9,0,42.9,0,42.9,0,42.9,0,42.9,0,,,40.3,0.0645,38.4,0.117,38.4,0.117
405063,18,18,0,18,0,18,0,18,0,18,0,18,0,18,0,16.1,0.118,14.4,0.25,14.4,0.25
405064,16.2,16.2,0,16.2,0,16.2,0,16.2,0,16.2,0,16.2,0,16.2,0,14.4,0.125,12.5,0.296,12.5,0.296
405066,16.2,16.2,0,16.2,0,16.2,0,16.2,0,16.2,0,16.2,0,16.2,0,14.4,0.125,12.5,0.296,12.5,0.296
405081,27.9,27.9,0,27.9,0,27.9,0,27.9,0,33,-0.155,33,-0.155,33,-0.155,30,-0.07,21.5,0.298,20,0.395
405093,17.6,17.6,0,17.6,0,17.6,0,17.6,0,17.6,0,17.6,0,17.6,0,16,0.1,14.4,0.222,14.4,0.222
405095,15.1,15.1,0,15.1,0,15.1,0,15.1,0,15.1,0,15.1,0,15.1,0,13.5,0.119,11.9,0.269,11.9,0.269
405515,220,220,0,220,0,220,0,220,0,220,0,220,0,220,0,220,0,159,0.384,149,0.477
405612,,,,,,,,,,,,,,,,,,,,,
405620,,,,,,,,,,,,,,,,,,,,,
405639,19,19,0,19,0,19,0,19,0,19,0,19,0,19,0,19,0,19,0,19,0
405655,,,,,,,,,,,,,,,,,,,,,
405663,,,,,,,,,,,,,,,,,,,,,
406010,,,,,,,,,,,,,,,,,,,,,
406021,8.5,8.5,0,,,8.5,0,8.5,0,8.5,0,8.5,0,8.5,0,8.5,0,6.5,0.308,,
406070,,,,,,,,,,,,,,,,,,,,,
406071,149,149,0,149,0,149,0,149,0,149,0,149,0,,,142,0.0471,110,0.354,89.6,0.662
406150,,,,,,,,,,,,,,,,,,,,,
406154,,,,,,,,,,,,,,,,,,,,,
406171,19.5,19.5,0,19.5,0,19.5,0,19.5,0,19.5,0,19.5,0,22,-0.114,25.5,-0.235,17,0.147,15.3,0.275
406309,43,43,0,43,0,43,0,43,0,43,0,43,0,43,0,57.5,-0.252,29,0.483,,
406635,89.4,89.4,0,89.4,0,89.4,0,89.4,0,89.4,0,89.4,0,89.4,0,89.4,0,75,0.192,66.2,0.35
407030,23,23,0,23,0,23,0,23,0,23,0,23,0,,,,,17.9,0.285,17.9,0.285
407089,32.9,32.9,0,32.9,0,32.9,0,32.9,0,41.5,-0.207,41.5,-0.207,41.5,-0.207,39,-0.156,,,25,0.316
407177,48.5,48.5,0,48.5,0,48.5,0,48.5,0,48.5,0,48.5,0,48.5,0,48.5,0,32,0.516,30,0.617
408103,26.5,26.5,0,26.5,0,26.5,0,26.5,0,26.5,0,26.5,0,26.5,0,26.5,0,19.9,0.332,19.9,0.332
408104,22,22,0,22,0,22,0,22,0,22,0,22,0,22,0,22,0,18.7,0.176,18.7,0.176
408109,26.5,26.5,0,26.5,0,26.5,0,26.5,0,26.5,0,26.5,0,26.5,0,26.5,0,24,0.104,24,0.104
408190,,,,,,,,,,,,,,,,,,,,,
408199,,,,,,,,,,,,,,,,,,,,,
409570,,,,,,,,,,,,,,,,,,,,,
410134,25,25,0,25,0,25,0,25,0,25,0,25,0,25,0,25,0,21,0.19,17,0.471
410138,15,15,0,15,0,15,0,15,0,13.5,0.111,15,0,15,0,15,0,13,0.154,11.3,0.327
410144,7.5,7.5,0,7.5,0,7.5,0,7.5,0,7.5,0,6.5,0.154,6.5,0.154,7.5,0,7.1,0.0563,7.1,0.0563
410349,9.5,9.5,0,9.5,0,9.5,0,9.5,0,9.5,0,9.5,0,,,9.5,0,9.5,0,7.5,0.267
410357,9.4,9.4,0,9.4,0,9.4,0,9.4,0,9.4,0,9.4,0,9.4,0,9.4,0,9,0.0444,7.5,0.253
410365,11,,,11,0,11,0,11,0,11,0,11,0,11,0,11,0,11,0,8.8,0.25
410577,,,,,,,,,,,,,,,,,,,,,
411795,13,13,0,13,0,13,0,13,0,13,0,13,0,13,0,,,11.7,0.111,,
411877,25.5,25.5,0,25.5,0,25.5,0,25.5,0,25.5,0,25.5,0,25.5,0,25.5,0,21,0.214,19,0.342
411914,53,53,0,53,0,53,0,53,0,,,,,,,,,,,,
412112,10,10,0,10,0,10,0,,,10,0,10,0,10,0,,,8.3,0.205,,
412147,10,10,0,10,0,10,0,10,0,10,0,10,0,10,0,10,0,8.3,0.205,8.3,0.205
412163,28,28,0,28,0,28,0,,,28,0,28,0,28,0,28,0,22.5,0.244,22.5,0.244
412210,,,,,,,,,,,,,,,,,,,,,
412228,28,28,0,28,0,28,0,28,0,28,0,28,0,28,0,,,22.5,0.244,22.5,0.244
412236,28,28,0,28,0,28,0,,,28,0,28,0,28,0,28,0,22.5,0.244,22.5,0.244
412244,28,28,0,28,0,28,0,28,0,28,0,28,0,,,28,0,22.5,0.244,22.5,0.244
412252,28,28,0,28,0,28,0,28,0,,,28,0,,,28,0,22.5,0.244,22.5,0.244
412279,28,28,0,28,0,28,0,28,0,28,0,28,0,28,0,28,0,22.5,0.244,22.5,0.244
412287,28,28,0,28,0,28,0,28,0,28,0,28,0,28,0,28,0,22.5,0.244,22.5,0.244
412481,48.8,48.8,0,48.8,0,48.8,0,48.8,0,48.8,0,48.8,0,,,48.8,0,41.5,0.176,,
412490,48.8,48.8,0,48.8,0,48.8,0,48.8,0,48.8,0,48.8,0,48.8,0,48.8,0,41.5,0.176,41.5,0.176
412878,,,,,,,,,,,,,,,,,,,,,
413224,59,59,0,59,0,59,0,59,0,59,0,59,0,59,0,45,0.311,45,0.311,35,0.686
413305,10.5,10.5,0,10.5,0,,,10.5,0,10.5,0,10.5,0,10.5,0,10.5,0,8.8,0.193,8.6,0.221
413488,2.1,2.1,0,2.1,0,2.1,0,,,2.1,0,2.1,0,2.1,0,2.1,0,2.1,0,2.1,0
413690,108,108,0,108,0,108,0,108,0,108,0,108,0,108,0,92.5,0.168,92.5,0.168,92.5,0.168
414031,29.5,29.5,0,29.5,0,29.5,0,29.5,0,29.5,0,29.5,0,29.5,0,29.5,0,21.5,0.372,21.5,0.372
414032,29.5,29.5,0,29.5,0,29.5,0,29.5,0,29.5,0,29.5,0,29.5,0,29.5,0,21.5,0.372,21.5,0.372
414035,29.5,29.5,0,29.5,0,29.5,0,29.5,0,29.5,0,29.5,0,29.5,0,29.5,0,21.5,0.372,21.5,0.372
414036,29.5,29.5,0,29.5,0,29.5,0,29.5,0,29.5,0,29.5,0,29.5,0,29.5,0,21.5,0.372,21.5,0.372
414069,89.5,89.5,0,89.5,0,89.5,0,89.5,0,89.5,0,89.5,0,82.5,0.0848,80.5,0.112,69,0.297,58,0.543
414271,,,,,,,,,,,,,,,,,,,,,
414403,,,,,,,,,,,,,,,,,,,,,
414405,,,,,,,,,,,,,,,,,,,,,
414407,,,,,,,,,,,,,,,,,,,,,
414410,,,,,,,,,,,,,,,,,,,,,
414654,,,,,,,,,,,,,,,,,,,,,
414891,,,,,,,,,,,,,,,,,,,,,
414930,,,,,,,,,,,,,,,,,,,,,
414999,,,,,,,,,,,,,,,,,,,,,
415006,,,,,,,,,,,,,,,,,,,,,
415012,69,69,0,69,0,69,0,69,0,69,0,69,0,69,0,69,0,56,0.232,56,0.232
415235,,,,,,,,,,,,,,,,,,,,,
415243,,,,,,,,,,,,,,,,,,,,,
415450,,,,,,,,,,,,,,,,,,,,,
415474,,,,,,,,,,,,,,,,,,,,,
415987,50.8,50.8,0,50.8,0,50.8,0,50.8,0,50.8,0,49,0.0367,47.5,0.0695,,,42.5,0.195,40.6,0.251
416207,,,,,,,,,,,,,,,,,,,,,
416266,,,,,,,,,,,,,,,,,,,,,
416487,70.4,70.4,0,70.4,0,70.4,0,70.4,0,70.4,0,70.4,0,69.2,0.0173,69.2,0.0173,66,0.0667,64.2,0.0966
416665,65,65,0,65,0,65,0,65,0,65,0,65,0,65,0,65,0,62,0.0484,40,0.625
416740,,,,,,,,,,,,,,,,,,,,,
416835,89.7,89.7,0,89.7,0,89.7,0,89.7,0,89.7,0,89.7,0,88.4,0.0147,88.4,0.0147,85.3,0.0516,83.5,0.0743
417386,42.8,42.8,0,42.8,0,42.8,0,41.9,0.0215,44.8,-0.0446,45.7,-0.0635,45.7,-0.0635,44.8,-0.0446,38,0.126,42,0.019
418030,,,,,,,,,,,,,,,,,,,,,
418048,9.4,9.4,0,,,9.4,0,9.4,0,9.4,0,9.4,0,9.4,0,9.4,0,9,0.0444,7.5,0.253
418140,,,,,,,,,,,,,,,,,,,,,
418234,,,,,,,,,,,,,,,,,,,,,
418676,12,12,0,,,,,,,,,,,,,,,,,,
418684,11,11,0,,,,,,,,,,,,,,,,,,
418718,,,,,,,,,,,,,,,,,,,,,
418722,12,12,0,12,0,,,12,0,12,0,,,,,,,,,,
418730,12,12,0,12,0,12,0,12,0,12,0,12,0,,,,,10.5,0.143,,
418749,5,5,0,5,0,5,0,5,0,5,0,5,0,5,0,5,0,4.3,0.163,,
418757,10,10,0,10,0,10,0,,,10,0,,,,,,,8.3,0.205,,
419770,,,,,,,,,,,,,,,,,,,,,
420395,,,,,,,,,,,,,,,,,,,,,
421045,16.5,16.5,0,16.5,0,16.5,0,16.5,0,16.5,0,16.5,0,16.5,0,16.5,0,15.5,0.0645,15.5,0.0645
421123,49,49,0,49,0,49,0,49,0,49,0,49,0,49,0,49,0,33,0.485,33,0.485
421223,,,,,,,,,,,,,,,,,,,,,
421422,23.5,23.5,0,23.5,0,23.5,0,23.5,0,23.5,0,23.5,0,23.5,0,20.5,0.146,20.5,0.146,20.5,0.146
421499,56,56,0,56,0,56,0,56,0,,,,,,,,,,,,
421557,,,,,,,,,,,,,,,,,,,,,
421634,197,197,0,197,0,197,0,197,0,197,0,197,0,197,0,132,0.489,125,0.573,114,0.725
421650,,,,,,,,,,,,,,,,,,,,,
421758,197,197,0,197,0,197,0,197,0,197,0,197,0,197,0,132,0.489,125,0.573,114,0.725
422335,16,16,0,16,0,16,0,16,0,16,0,16,0,16,0,16,0,13,0.231,13,0.231
422933,,,,,,,,,,,,,,,,,,,,,
423025,79,79,0,79,0,79,0,79,0,79,0,79,0,79,0,79,0,62.5,0.264,62.5,0.264
423031,,,,,,,,,,,,,,,,,,,,,
423333,6.5,6.5,0,6.5,0,6.5,0,6.5,0,6.5,0,6.5,0,6.5,0,6.5,0,5.5,0.182,5,0.3
423491,,,,,,,,,,,,,,,,,,,,,
423542,,,,,,,,,,,,,,,,,,,,,
423882,7,7,0,7,0,7,0,7,0,7,0,7,0,7,0,6.8,0.0294,6,0.167,,
423883,,,,,,,,,,,,,,,,,,,,,
423884,42.4,42.4,0,42.4,0,42.4,0,42.4,0,42.4,0,42.4,0,42.4,0,43.1,-0.0162,29.6,0.432,25,0.696
423890,4.5,4.5,0,4.5,0,4.5,0,4.5,0,4.5,0,4.5,0,4.5,0,4.5,0,4.5,0,4.5,0
423998,,,,,,,,,,,,,,,,,,,,,
424006,,,,,,,,,,,,,,,,,,,,,
424113,67,67,0,67,0,67,0,67,0,,,,,,,,,,,,
424235,,,,,,,,,,,,,,,,,,,,,
424242,,,,,,,,,,,,,,,,,,,,,
425346,,,,,,,,,,,,,,,,,,,,,
426113,7.5,7.5,0,7.5,0,7.5,0,7.5,0,7.5,0,10.4,-0.279,10.4,-0.279,10.4,-0.279,7.4,0.0135,5.8,0.293
426121,47.9,47.9,0,47.9,0,47.9,0,47.9,0,47.9,0,59.5,-0.195,59.5,-0.195,59.5,-0.195,45.5,0.0527,45,0.0644
426172,193,193,0,193,0,193,0,193,0,193,0,173,0.116,173,0.116,152,0.27,139,0.388,105,0.838
426563,,,,,,,,,,,,,,,,,,,,,
426571,41,41,0,41,0,41,0,41,0,41,0,41,0,41,0,41,0,29.5,0.39,29.5,0.39
426768,69,69,0,69,0,69,0,69,0,69,0,69,0,69,0,69,0,66.7,0.0345,52.5,0.314
426784,60,60,0,60,0,60,0,60,0,60,0,60,0,60,0,,,53.5,0.121,50.9,0.179
427349,17,17,0,17,0,17,0,17,0,17,0,17,0,17,0,,,,,,
427365,18,18,0,18,0,18,0,18,0,18,0,18,0,18,0,18,0,18,0,18,0
427373,18,18,0,18,0,18,0,18,0,18,0,18,0,18,0,18,0,18,0,18,0
427381,15.5,15.5,0,15.5,0,15.5,0,15.5,0,15.5,0,15.5,0,15.5,0,15.5,0,15.5,0,15.5,0
427390,,,,,,,,,,,,,,,,,,,,,
427411,54.5,54.5,0,54.5,0,54.5,0,54.5,0,,,54.5,0,54.5,0,45,0.211,45,0.211,40,0.363
427430,,,,,,,,,,,,,,,,,,,,,
427560,5,5,0,5,0,5,0,5,0,5,0,5,0,5,0,5,0,5,0,5,0
427578,12,12,0,12,0,12,0,12,0,12,0,12,0,12.5,-0.04,11,0.0909,11,0.0909,9.9,0.212
427764,,,,,,,,,,,,,,,,,,,,,
427900,27.9,27.9,0,27.9,0,27.9,0,27.9,0,27.9,0,32.5,-0.142,37,-0.246,45,-0.38,29,-0.0379,21.9,0.274
427942,21.9,21.9,0,21.9,0,21.9,0,21.9,0,21.9,0,21.9,0,25.9,-0.154,29.5,-0.258,19.9,0.101,17.9,0.223
427985,655,655,0,655,0,655,0,655,0,655,0,655,0,655,0,,,,,,
428060,52,52,0,52,0,52,0,52,0,52,0,42.9,0.212,48,0.0833,48,0.0833,42,0.238,35.9,0.448
428175,,,,,,,,,,,,,,,,,,,,,
428183,36,36,0,36,0,36,0,36,0,36,0,36,0,36,0,36,0,29.5,0.22,29.5,0.22
428221,,,,,,,,,,,,,,,,,,,,,
428718,17.5,17.5,0,17.5,0,17.5,0,17.5,0,17.5,0,17.5,0,17.5,0,15,0.167,12.2,0.434,11.5,0.522
429546,,,,,,,,,,,,,,,,,,,,,
429589,,,,,,,,,,,,,,,,,,,,,
429597,,,,,,,,,,,,,,,,,,,,,
429600,,,,,,,,,,,,,,,,,,,,,
429635,6.2,6.2,0,6.2,0,6.2,0,6.2,0,6.2,0,,,,,6.2,0,5.5,0.127,5.5,0.127
429678,,,,,,,,,,,,,,,,,,,,,
430065,69.9,69.9,0,69.9,0,69.9,0,69.9,0,69.9,0,77.5,-0.0981,77.5,-0.0981,70,-0.00143,70,-0.00143,58,0.205
430200,,,,,,,,,,,,,,,,,,,,,
430220,35,35,0,35,0,35,0,35,0,35,0,35,0,,,35,0,33,0.0606,27,0.296
430221,27,27,0,27,0,,,,,27,0,27,0,27,0,,,,,,
430222,30,30,0,30,0,,,,,,,30,0,,,,,,,,
430223,18,18,0,18,0,18,0,18,0,18,0,,,,,,,,,,
430224,20,20,0,20,0,20,0,20,0,20,0,20,0,,,20,0,16,0.25,14,0.429
430225,31,31,0,31,0,31,0,31,0,31,0,31,0,31,0,,,,,,
430227,31,31,0,31,0,31,0,31,0,31,0,31,0,31,0,,,,,,
430228,20,20,0,20,0,20,0,20,0,20,0,20,0,20,0,20,0,16,0.25,14,0.429
430229,30,30,0,30,0,30,0,30,0,30,0,30,0,30,0,30,0,24,0.25,18.5,0.622
430230,31,31,0,31,0,31,0,31,0,31,0,31,0,31,0,,,,,,
430231,30,30,0,30,0,30,0,30,0,30,0,30,0,30,0,30,0,24,0.25,18.5,0.622
430232,30,30,0,30,0,30,0,30,0,30,0,30,0,30,0,30,0,24,0.25,18.5,0.622
430233,30,30,0,30,0,30,0,30,0,30,0,30,0,30,0,30,0,24,0.25,18.5,0.622
430238,30,30,0,30,0,30,0,30,0,30,0,30,0,30,0,30,0,24,0.25,18.5,0.622
430239,30,30,0,30,0,30,0,30,0,30,0,30,0,30,0,30,0,24,0.25,18.5,0.622
430240,30,30,0,30,0,30,0,30,0,30,0,30,0,30,0,30,0,24,0.25,18.5,0.622
430241,,,,,,,,,,,,,,,,,,,,,
430244,30,30,0,30,0,30,0,30,0,30,0,30,0,30,0,30,0,24,0.25,18.5,0.622
430245,30,30,0,30,0,30,0,30,0,30,0,30,0,30,0,30,0,24,0.25,18.5,0.622
430246,30,30,0,30,0,30,0,30,0,30,0,30,0,30,0,30,0,24,0.25,18.5,0.622
430247,30,30,0,30,0,30,0,30,0,30,0,30,0,30,0,30,0,24,0.25,18.5,0.622
430248,30,30,0,30,0,30,0,30,0,30,0,30,0,30,0,30,0,24,0.25,18.5,0.622
430249,30,30,0,30,0,30,0,30,0,30,0,30,0,30,0,30,0,24,0.25,18.5,0.622
430251,30,30,0,30,0,30,0,30,0,30,0,30,0,30,0,30,0,24,0.25,18.5,0.622
430252,30,30,0,30,0,30,0,30,0,30,0,30,0,30,0,30,0,24,0.25,18.5,0.622
430253,30,30,0,30,0,30,0,30,0,30,0,30,0,30,0,30,0,24,0.25,18.5,0.622
430254,30,30,0,30,0,30,0,30,0,30,0,30,0,30,0,30,0,24,0.25,18.5,0.622
430285,21.9,21.9,0,21.9,0,21.9,0,21.9,0,21.9,0,21.9,0,21.9,0,21.9,0,16.5,0.327,,
430631,,,,,,,,,,,,,,,,,,,,,
430634,,,,,,,,,,,,,,,,,,,,,
431001,36,36,0,36,0,36,0,36,0,36,0,30.9,0.165,36,0,36,0,31,0.161,25.5,0.412
431028,,,,,,,,,,,,,,,,,,,,,
431036,,,,,,,,,,,,,,,,,,,,,
431126,20.9,20.9,0,20.9,0,20.9,0,20.9,0,20.9,0,20.9,0,20.9,0,20.9,0,18.8,0.112,18,0.161
431354,9,9,0,9,0,9,0,9,0,9,0,9,0,9,0,9,0,9,0,9,0
431524,32.5,32.5,0,32.5,0,32.5,0,32.5,0,32.5,0,32.5,0,32.5,0,32.5,0,27,0.204,25,0.3
431540,32.5,32.5,0,32.5,0,32.5,0,32.5,0,32.5,0,32.5,0,32.5,0,32.5,0,,,25,0.3
431559,24,24,0,24,0,24,0,24,0,24,0,24,0,24,0,24,0,,,18.5,0.297
431567,27.4,27.4,0,27.4,0,27.4,0,27.4,0,27.4,0,27.4,0,27.4,0,27.4,0,22.8,0.202,21,0.305
431605,58,58,0,58,0,58,0,58,0,58,0,58,0,65.9,-0.12,71,-0.183,46.5,0.247,46.5,0.247
431842,22.1,22.1,0,22.1,0,22.1,0,22.1,0,33.4,-0.338,33.4,-0.338,33.4,-0.338,36.3,-0.391,,,,
432035,117,117,0,117,0,117,0,,,117,0,117,0,117,0,108,0.0831,87.5,0.341,87.5,0.341
432055,30,30,0,30,0,30,0,30,0,30,0,30,0,30,0,30,0,24,0.25,18.5,0.622
432063,23,23,0,23,0,23,0,23,0,23,0,23,0,23,0,23,0,17.5,0.314,17.5,0.314
432065,24,24,0,,,24,0,24,0,24,0,24,0,,,,,,,,
432066,,,,,,,,,,,,,,,,,,,,,
432070,15,15,0,15,0,15,0,15,0,15,0,,,,,15,0,12,0.25,12,0.25
432071,15,15,0,15,0,15,0,15,0,15,0,,,,,,,,,12,0.25
432072,15,15,0,15,0,15,0,15,0,15,0,,,,,,,,,12,0.25
432073,24,24,0,24,0,24,0,24,0,24,0,,,,,,,,,17.8,0.348
432074,24,24,0,24,0,24,0,24,0,24,0,,,24,0,,,,,17.5,0.371
432076,24,24,0,24,0,24,0,24,0,24,0,24,0,24,0,24,0,,,17.8,0.348
432077,60,60,0,60,0,60,0,60,0,60,0,60,0,60,0,60,0,,,52,0.154
432125,,,,,,,,,,,,,,,,,,,,,
432413,12.5,12.5,0,12.5,0,12.5,0,12.5,0,12.5,0,12.5,0,12.5,0,12.5,0,8.6,0.453,8.6,0.453
432484,,,,,,,,,,,,,,,,,,,,,
432486,,,,,,,,,,,,,,,,,,,,,
432595,,,,,,,,,,,,,,,,,,,,,
432600,20.9,20.9,0,20.9,0,20.9,0,20.9,0,23,-0.0913,23,-0.0913,23,-0.0913,22,-0.05,19,0.1,18,0.161
432811,7.9,7.9,0,7.9,0,7.9,0,7.9,0,7.9,0,7.9,0,7.9,0,,,6.4,0.234,6.4,0.234
432812,,,,,,,,,,,,,,,,,,,,,
432813,7.9,7.9,0,7.9,0,7.9,0,7.9,0,7.9,0,7.9,0,7.9,0,7.9,0,6.4,0.234,6.4,0.234
432881,28.1,28.1,0,28.1,0,28.1,0,28.1,0,28.1,0,28.1,0,28.1,0,28.1,0,23.2,0.211,20.5,0.371
432903,28.1,28.1,0,28.1,0,28.1,0,28.1,0,28.1,0,28.1,0,28.1,0,,,23.2,0.211,20.5,0.371
432911,28.1,28.1,0,28.1,0,28.1,0,28.1,0,28.1,0,28.1,0,28.1,0,28.1,0,23.2,0.211,20.5,0.371
433144,,,,,,,,,,,,,,,,,,,,,
433306,38.9,38.9,0,38.9,0,38.9,0,38.9,0,38.9,0,38.9,0,38.9,0,,,,,,
433357,53.9,53.9,0,53.9,0,53.9,0,53.9,0,53.9,0,53.9,0,53.9,0,,,,,,
433365,32.5,32.5,0,32.5,0,32.5,0,,,,,,,,,,,,,,
433373,,,,,,,,,,,,,,,,,,,,,
433381,37.9,37.9,0,37.9,0,37.9,0,37.9,0,,,,,,,26.5,0.43,26.5,0.43,26.5,0.43
433390,39.9,39.9,0,39.9,0,39.9,0,39.9,0,39.9,0,39.9,0,39.9,0,,,,,22.8,0.75
433411,,,,,,,,,,,,,,,,,,,,,
433438,,,,,,,,,,,,,,,,,,,,,
433446,,,,,,,,,,,,,,,,,,,,,
433470,10.5,10.5,0,10.5,0,10.5,0,10.5,0,10.5,0,10.5,0,10.5,0,10.5,0,10.5,0,10.5,0
433580,53,53,0,53,0,53,0,53,0,53,0,53,0,53,0,53,0,37,0.432,33.9,0.563
433720,93.5,93.5,0,93.5,0,93.5,0,93.5,0,93.5,0,93.5,0,93.5,0,93.5,0,62.5,0.496,55.5,0.685
433725,169,169,0,169,0,169,0,169,0,169,0,169,0,169,0,169,0,105,0.61,96,0.76
433772,65,65,0,65,0,65,0,65,0,65,0,65,0,65,0,65,0,48.5,0.34,48.5,0.34
434078,7,7,0,7,0,7,0,7,0,7,0,7,0,7,0,7,0,6,0.167,6,0.167
434094,6.9,6.9,0,6.9,0,6.9,0,6.9,0,6.9,0,6.9,0,7,-0.0143,7,-0.0143,6,0.15,6,0.15
434112,,,,,,,,,,,,,,,,,,,,,
434122,35.5,35.5,0,35.5,0,35.5,0,35.5,0,35.5,0,35.5,0,35.5,0,,,,,,
434233,12,12,0,12,0,12,0,12,0,12,0,12,0,9,0.333,9,0.333,,,,
434426,,,,,,,,,,,,,,,,,,,,,
434434,,,,,,,,,,,,,,,,,,,,,
434469,39.9,39.9,0,39.9,0,39.9,0,39.9,0,39.9,0,39.9,0,39.9,0,,,,,,
434477,,,,,,,,,,,,,,,,,,,,,
434485,,,,,,,,,,,,,,,,,,,,,
434493,39.9,39.9,0,39.9,0,39.9,0,39.9,0,39.9,0,39.9,0,39.9,0,,,,,,
434507,,,,,,,,,,,,,,,,,,,,,
434515,,,,,,,,,,,,,,,,,,,,,
434531,,,,,,,,,,,,,,,,,,,,,
434566,,,,,,,,,,,,,,,,,,,,,
434574,,,,,,,,,,,,,,,,,,,,,
434582,,,,,,,,,,,,,,,,,,,,,
434590,69.9,69.9,0,69.9,0,69.9,0,69.9,0,,,,,,,,,,,48,0.456
434604,,,,,,,,,,,,,,,,,,,,,
434981,,,,,,,,,,,,,,,,,,,,,
435001,76.4,76.4,0,76.4,0,76.4,0,76.4,0,76.4,0,76.4,0,76.4,0,82,-0.0683,65,0.175,58.1,0.315
435060,,,,,,,,,,,,,,,,,,,,,
435538,,,,,,,,,,,,,,,,,,,,,
435546,49.8,49.8,0,49.8,0,49.8,0,49.8,0,,,,,,,63.8,-0.219,43.3,0.15,38.8,0.284
435681,6.5,6.5,0,6.5,0,6.5,0,6.5,0,6.5,0,6.5,0,6.5,0,6.5,0,6.5,0,6.5,0
436224,199,199,0,199,0,199,0,199,0,199,0,199,0,158,0.259,158,0.259,105,0.895,,
436321,,,,,,,,,,,,,,,,,,,,,
436330,120,120,0,120,0,120,0,120,0,120,0,120,0,120,0,120,0,120,0,110,0.0899
436356,,,,,,,,,,,,,,,,,,,,,
436365,36.3,,,,,36.3,0,35.5,0.0225,,,38.7,-0.062,38.7,-0.062,38.3,-0.0522,32.3,0.124,35.8,0.014
436402,,,,,,,,,,,,,,,,,,,,,
436410,,,,,,,,,,,,,,,,,,,,,
436615,,,,,,,,,,,,,,,,,,,,,
436852,19.9,19.9,0,19.9,0,19.9,0,19.9,0,19.9,0,19.9,0,22,-0.0955,25.5,-0.22,17,0.171,15.3,0.301
436860,19.9,19.9,0,19.9,0,19.9,0,19.9,0,19.9,0,22,-0.0955,22,-0.0955,25.5,-0.22,17,0.171,15.3,0.301
437123,,,,,,,,,,,,,,,,,,,,,
437131,,,,,,,,,,,,,,,,,,,,,
437182,,,,,,,,,,,,,,,,,,,,,
437280,48,48,0,48,0,48,0,48,0,48,0,39.9,0.203,48,0,48,0,33,0.455,,
437419,8.9,8.9,0,8.9,0,8.9,0,8.9,0,8.9,0,8.5,0.0471,10.2,-0.127,10.2,-0.127,7,0.271,7,0.271
437506,,,,,,,,,,,,,,,,,,,,,
437700,,,,,,,,,,,,,,,,,,,,,
437859,10,10,0,10,0,10,0,10,0,10,0,10,0,10,0,10,0,8.5,0.176,8.5,0.176
437878,589,589,0,589,0,589,0,699,-0.157,699,-0.157,575,0.0243,575,0.0243,575,0.0243,429,0.373,389,0.514
437913,10,10,0,10,0,10,0,10,0,10,0,10,0,10,0,10,0,8.5,0.176,8.5,0.176
438120,14.8,14.8,0,14.8,0,14.8,0,14.8,0,14.8,0,14.8,0,14.8,0,14.8,0,12,0.233,11.9,0.244
438586,51.3,51.3,0,51.3,0,51.3,0,51.3,0,51.3,0,,,54.5,-0.0587,63,-0.186,44.9,0.143,41,0.251
438716,37.9,37.9,0,37.9,0,37.9,0,45.9,-0.174,45.9,-0.174,,,45.9,-0.174,45.9,-0.174,37.5,0.0107,37.5,0.0107
438790,47.9,47.9,0,47.9,0,47.9,0,47.9,0,47.9,0,59.5,-0.195,59.5,-0.195,59.5,-0.195,45.5,0.0527,45,0.0644
439020,20.4,20.4,0,20.4,0,20.4,0,20.4,0,20.4,0,20.4,0,20.4,0,20.4,0,19,0.0737,19,0.0737
439105,45.5,45.5,0,45.5,0,45.5,0,,,,,,,50.3,-0.0954,50.3,-0.0954,39,0.167,34.1,0.334
439106,35,35,0,35,0,35,0,35,0,35,0,35,0,35,0,37.6,-0.0691,30,0.167,25.5,0.373
439107,65.8,65.8,0,65.8,0,65.8,0,65.8,0,65.8,0,65.8,0,65.8,0,70,-0.06,54.9,0.199,,
439363,17.9,17.9,0,17.9,0,17.9,0,17.9,0,17.9,0,17.9,0,17.9,0,17.9,0,13,0.377,13,0.377
439533,,,,,,,,,,,,,,,,,,,,,
439835,18.3,18.3,0,18.3,0,18.3,0,21,-0.129,21,-0.129,21,-0.129,21,-0.129,21,-0.129,13,0.408,13,0.408
439851,43.1,43.1,0,,,,,43.1,0,43.1,0,43.1,0,43.1,0,43.1,0,35.6,0.211,35.6,0.211
440051,30.5,30.5,0,30.5,0,30.5,0,30.5,0,30.5,0,30.5,0,30.5,0,30.5,0,25,0.22,23,0.326
440493,,,,,,,,,,,,,,,,,,,,,
441350,75,75,0,75,0,75,0,75,0,75,0,75,0,,,,,,,62,0.21
441531,63.3,63.3,0,63.3,0,63.3,0,63.3,0,63.3,0,63.3,0,,,,,57.8,0.0952,51.7,0.224
442083,,,,,,,,,,,,,,,,,,,,,
442084,,,,,,,,,,,,,,,,,,,,,
442356,15.6,15.6,0,15.6,0,15.6,0,15.6,0,15.6,0,15.6,0,15.6,0,15.6,0,13.5,0.156,13.5,0.156
442801,15.5,15.5,0,15.5,0,15.5,0,15.5,0,15.5,0,15.5,0,,,14,0.107,13,0.192,,
442828,6,6,0,6,0,6,0,,,,,,,,,,,,,,
442933,29,29,0,29,0,29,0,29,0,29,0,29,0,29,0,29,0,25,0.16,25,0.16
442968,,,,,,,,,,,,,,,,,,,,,
443174,59,59,0,59,0,59,0,59,0,59,0,59,0,,,,,46,0.283,46,0.283
443190,59,59,0,59,0,59,0,59,0,59,0,59,0,,,59,0,46,0.283,46,0.283
443816,42.9,42.9,0,42.9,0,42.9,0,42.9,0,,,,,,,,,,,,
443930,,,,,,,,,,,,,,,,,,,,,
445127,24.5,24.5,0,24.5,0,24.5,0,24.5,0,24.5,0,24.5,0,24.5,0,,,,,,
445614,15.6,15.6,0,15.6,0,15.6,0,15.6,0,15.6,0,15.6,0,15.6,0,15.6,0,13.5,0.156,13.5,0.156
445680,,,,,,,,,,,,,,,,,,,,,
445703,52,52,0,52,0,52,0,52,0,52,0,52,0,,,52,0,43.5,0.195,43.5,0.195
445711,52,52,0,52,0,52,0,52,0,52,0,52,0,52,0,52,0,43.5,0.195,43.5,0.195
445797,,,,,,,,,,,,,,,,,,,,,
445940,37.9,37.9,0,37.9,0,37.9,0,45.9,-0.174,45.9,-0.174,45.9,-0.174,45.9,-0.174,45.9,-0.174,37.5,0.0107,37.5,0.0107
445959,86.7,86.7,0,86.7,0,86.7,0,86.7,0,86.7,0,86.7,0,86.7,0,84,0.0321,75,0.156,75,0.156
446114,,,,,,,,,,,,,,,,,,,,,
446165,35.7,35.7,0,35.7,0,35.7,0,35.7,0,,,,,,,,,20.5,0.741,20.5,0.741
446203,23.5,23.5,0,23.5,0,23.5,0,23.5,0,23.5,0,23.5,0,23.5,0,23.5,0,17,0.382,15.5,0.516
446408,7.7,7.7,0,7.7,0,7.7,0,7.7,0,7.7,0,7.7,0,7.7,0,7.7,0,6,0.283,5.7,0.351
446416,7.9,7.9,0,7.9,0,7.9,0,7.9,0,7.9,0,,,,,,,,,,
446572,53.3,53.3,0,53.3,0,53.3,0,53.3,0,42,0.269,52,0.025,52,0.025,52,0.025,43.5,0.225,43.5,0.225
446653,7.3,7.3,0,7.3,0,7.3,0,7.3,0,7.3,0,7.3,0,7.3,0,7.3,0,7.3,0,7.3,0
447668,4.8,4.8,0,4.8,0,4.8,0,4.8,0,4.8,0,4.8,0,4.8,0,4,0.2,4,0.2,4,0.2
447860,,,,,,,,,,,,,,,,,,,,,
447861,,,,,,,,,,,,,,,,,,,,,
447863,,,,,,,,,,,,,,,,,,,,,
447974,,,,,,,,,,,,,,,,,,,,,
447975,,,,,,,,,,,,,,,,,,,,,
448611,,,,,,,,,,,,,,,,,,,,,
448618,,,,,,,,,,,,,,,,,,,,,
448619,,,,,,,,,,,,,,,,,,,,,
448625,,,,,,,,,,,,,,,,,,,,,
448626,,,,,,,,,,,,,,,,,,,,,
448627,,,,,,,,,,,,,,,,,,,,,
448628,,,,,,,,,,,,,,,,,,,,,
448629,,,,,,,,,,,,,,,,,,,,,
449288,12.6,12.6,0,12.6,0,12.6,0,12.6,0,,,12.6,0,12.6,0,12.6,0,10.3,0.223,8.9,0.416
449512,28,28,0,28,0,28,0,28,0,28,0,28,0,28,0,25,0.12,25,0.12,21,0.333
449520,28,28,0,28,0,28,0,28,0,28,0,28,0,28,0,22,0.273,22,0.273,19,0.474
449539,72.5,72.5,0,72.5,0,72.5,0,72.5,0,72.5,0,72.5,0,72.5,0,68.5,0.0584,65.5,0.107,65,0.115
449547,72.5,72.5,0,72.5,0,72.5,0,72.5,0,72.5,0,72.5,0,72.5,0,68.5,0.0584,65.5,0.107,65,0.115
449555,62.5,62.5,0,62.5,0,62.5,0,62.5,0,62.5,0,58,0.0776,58,0.0776,56.5,0.106,47.5,0.316,47.5,0.316
450007,,,,,,,,,,,,,,,,,,,,,
450191,45.3,45.3,0,45.3,0,45.3,0,45.3,0,45.3,0,45.3,0,45.3,0,45.3,0,37.7,0.202,34.5,0.313
450192,46.7,46.7,0,46.7,0,46.7,0,,,46.7,0,46.7,0,,,,,,,,
450405,27.5,27.5,0,27.5,0,27.5,0,27.5,0,27.5,0,28.9,-0.0484,28.9,-0.0484,,,22,0.25,,
450559,,,,,,,,,,,,,,,,,,,,,
450908,,,,,,,,,,,,,,,,,,,,,
451015,110,110,0,110,0,110,0,110,0,110,0,110,0,110,0,110,0,87.5,0.257,66,0.667
451133,,,,,,,,,,,,,,,,,,,,,
451510,67.5,67.5,0,67.5,0,67.5,0,67.5,0,67.5,0,67.5,0,67.5,0,67.5,0,56,0.205,51,0.324
451511,48.5,48.5,0,48.5,0,48.5,0,48.5,0,48.5,0,48.5,0,48.5,0,48.5,0,39.9,0.216,35.5,0.366
451609,,,,,,,,,,,,,,,,,,,,,
451886,114,114,0,114,0,114,0,114,0,114,0,114,0,117,-0.0256,140,-0.186,87.5,0.303,82,0.39
451894,74,74,0,,,74,0,74,0,74,0,74,0,75.1,-0.0146,92,-0.196,59,0.254,54,0.37
451967,4.5,4.5,0,4.5,0,4.5,0,4.5,0,4.5,0,4.5,0,4.5,0,4.5,0,4.5,0,4.5,0
451996,,,,,,,,,,,,,,,,,,,,,
452049,,,,,,,,,,,,,,,,,,,,,
452144,39.2,39.2,0,39.2,0,39.2,0,39.2,0,39.2,0,39.2,0,39.2,0,39.2,0,32.7,0.199,30,0.307
452147,,,,,,,,,,,,,,,,,,,,,
452287,,,,,,,,,,,,,,,,,,,,,
452291,,,,,,,,,,,,,,,,,,,,,
452390,,,,,,,,,,,,,,,,,,,,,
452419,68.8,68.8,0,68.8,0,68.8,0,,,68.8,0,,,,,66,0.0424,,,,
452421,,,,,,,,,,,,,,,,,,,,,
452423,,,,,,,,,,,,,,,,,,,,,
452425,,,,,,,,,,,,,,,,,,,,,
452612,64.9,64.9,0,64.9,0,64.9,0,64.9,0,51.9,0.25,64.9,0,64.9,0,64.9,0,44.9,0.445,41.9,0.549
452613,64.9,64.9,0,64.9,0,64.9,0,64.9,0,64.9,0,64.9,0,64.9,0,64.9,0,41.9,0.549,,
452614,64.9,64.9,0,64.9,0,64.9,0,64.9,0,51.9,0.25,64.9,0,64.9,0,64.9,0,44.9,0.445,41.9,0.549
452615,64.9,64.9,0,64.9,0,64.9,0,64.9,0,51.9,0.25,64.9,0,65.5,-0.00916,64.9,0,44.9,0.445,41.9,0.549
452726,12.2,12.2,0,12.2,0,12.2,0,12.2,0,19.3,-0.368,19.3,-0.368,19.3,-0.368,22.5,-0.458,17,-0.282,15.8,-0.228
452832,,,,,,,,,,,,,,,,,,,,,
452833,,,,,,,,,,,,,,,,,,,,,
452842,,,,,,,,,,,,,,,,,,,,,
453001,,,,,,,,,,,,,,,,,,,,,
453060,,,,,,,,,,,,,,,,,,,,,
453395,,,,,,,,,,,,,,,,,,,,,
453639,,,,,,,,,,,,,,,,,,,,,
453714,,,,,,,,,,,,,,,,,,,,,
453890,,,,,,,,,,,,,,,,,,,,,
453929,16.2,16.2,0,16.2,0,16.2,0,16.2,0,16.2,0,16.2,0,16.2,0,,,,,14.5,0.117
453942,,,,,,,,,,,,,,,,,,,,,
454117,7,7,0,7,0,7,0,8,-0.125,8,-0.125,8,-0.125,8,-0.125,8.5,-0.176,6.5,0.0769,6.8,0.0294
454118,7,7,0,7,0,7,0,8,-0.125,8,-0.125,8,-0.125,8,-0.125,8.5,-0.176,6.8,0.0294,6.8,0.0294
454125,7,7,0,7,0,7,0,8,-0.125,8,-0.125,8,-0.125,8,-0.125,8.5,-0.176,6.5,0.0769,6.8,0.0294
454215,99.5,99.5,0,99.5,0,99.5,0,99.5,0,99.5,0,,,99.5,0,99.5,0,,,,
454216,78.5,78.5,0,78.5,0,78.5,0,105,-0.25,105,-0.25,,,,,105,-0.25,,,,
454317,97,97,0,97,0,97,0,97,0,97,0,97,0,97,0,97,0,79.9,0.214,73,0.329
454427,9,9,0,9,0,9,0,9,0,9,0,9,0,9,0,9,0,9,0,9,0
454460,,,,,,,,,,,,,,,,,,,,,
454532,,,,,,,,,,,,,,,,,,,,,
454540,,,,,,,,,,,,,,,,,,,,,
454559,,,,,,,,,,,,,,,,,,,,,
454678,64.9,64.9,0,64.9,0,64.9,0,64.9,0,51.9,0.25,64.9,0,64.9,0,64.9,0,44.9,0.445,41.9,0.549
454679,64.9,64.9,0,64.9,0,64.9,0,64.9,0,64.9,0,64.9,0,64.9,0,64.9,0,41.9,0.549,41.9,0.549
454705,180,180,0,180,0,180,0,180,0,180,0,180,0,180,0,180,0,150,0.2,150,0.2
454738,,,,,,,,,,,,,,,,,,,,,
454739,,,,,,,,,,,,,,,,,,,,,
454834,,,,,,,,,,,,,,,,,,,,,
454934,,,,,,,,,,,,,,,,,,,,,
454978,,,,,,,,,,,,,,,,,,,,,
455288,,,,,,,,,,,,,,,,,,,,,
455321,,,,,,,,,,,,,,,,,,,,,
455412,180,180,0,180,0,180,0,180,0,180,0,180,0,180,0,180,0,160,0.125,160,0.125
455677,,,,,,,,,,,,,,,,,,,,,
455692,,,,,,,,,,,,,,,,,,,,,
455709,26,26,0,26,0,26,0,26,0,26,0,26,0,26,0,26,0,22.4,0.161,13.4,0.94
455755,,,,,,,,,,,,,,,,,,,,,
455789,81.6,81.6,0,81.6,0,81.6,0,,,,,81.6,0,81.6,0,81.6,0,68,0.2,62,0.316
455791,30.4,30.4,0,30.4,0,30.4,0,30.4,0,30.4,0,30.4,0,30.4,0,,,,,22.9,0.328
455830,10.2,10.2,0,10.2,0,10.2,0,10.2,0,10.2,0,10.2,0,10.2,0,11,-0.0727,8.5,0.2,7.8,0.308
455849,26,26,0,26,0,26,0,26,0,26,0,26,0,23.3,0.116,25.5,0.0196,19.3,0.347,17.9,0.453
455886,,,,,,,,,,,,,,,,,,,,,
455962,59.9,59.9,0,59.9,0,59.9,0,59.9,0,59.9,0,49.5,0.21,,,,,41.5,0.443,41.5,0.443
455970,29.9,29.9,0,29.9,0,29.9,0,29.9,0,29.9,0,29.9,0,,,,,27.5,0.0873,27.5,0.0873
456225,18.9,18.9,0,18.9,0,18.9,0,18.9,0,,,19.9,-0.0503,19.9,-0.0503,21.9,-0.137,14.9,0.268,14.9,0.268
456561,,,,,,,,,,,,,,,,,,,,,
456799,105,105,0,105,0,105,0,105,0,105,0,105,0,105,0,105,0,,,,
456802,,,,,,,,,,,,,,,,,,,,,
456926,57.7,57.7,0,57.7,0,57.7,0,57.7,0,57.7,0,57.7,0,60.9,-0.0525,70.9,-0.186,50.6,0.14,46,0.254
457027,,,,,,,,,,,,,,,,,,,,,
457051,16,16,0,16,0,16,0,16,0,16,0,16,0,,,15,0.0667,12.5,0.28,10.9,0.468
457078,17,17,0,17,0,17,0,17,0,17,0,17,0,17,0,17,0,14,0.214,14,0.214
457086,16.9,16.9,0,16.9,0,16.9,0,16.9,0,16.9,0,16.9,0,16.9,0,17,-0.00588,14.5,0.166,14.5,0.166
457094,17,17,0,17,0,17,0,17,0,17,0,17,0,17,0,17,0,14,0.214,14,0.214
457345,43,43,0,43,0,43,0,43,0,43,0,43,0,43,0,43,0,,,32.5,0.323
457701,,,,,,,,,,,,,,,,,,,,,
457834,12.5,12.5,0,12.5,0,12.5,0,12.5,0,12.5,0,12.5,0,12.5,0,,,,,,
458063,158,158,0,158,0,158,0,158,0,158,0,,,,,,,132,0.197,120,0.311
458240,200,200,0,200,0,,,,,200,0,200,0,200,0,200,0,135,0.482,135,0.482
458727,14,14,0,14,0,14,0,14,0,14,0,14,0,14,0,14,0,12,0.167,12,0.167
458981,,,,,,,,,,,,,,,,,,,,,
458982,,,,,,,,,,,,,,,,,,,,,
458983,,,,,,,,,,,,,,,,,,,,,
459025,64.9,64.9,0,64.9,0,64.9,0,64.9,0,64.9,0,64.9,0,64.9,0,64.9,0,59.9,0.0835,59.9,0.0835
459097,16,16,0,16,0,16,0,16,0,16,0,14,0.143,14,0.143,14,0.143,14,0.143,14,0.143
459128,,,,,,,,,,,,,,,,,,,,,
459129,60.7,60.7,0,60.7,0,60.7,0,60.7,0,60.7,0,60.7,0,60.7,0,60.7,0,44.2,0.373,40.7,0.491
459133,95,95,0,95,0,95,0,95,0,95,0,95,0,90,0.0556,125,-0.24,83,0.145,76.7,0.239
459136,90,90,0,90,0,90,0,90,0,90,0,90,0,95,-0.0526,120,-0.25,83,0.0843,76.7,0.173
459137,90,90,0,90,0,90,0,90,0,90,0,90,0,95,-0.0526,120,-0.25,83,0.0843,76.7,0.173
459138,90,90,0,90,0,90,0,90,0,90,0,90,0,95,-0.0526,120,-0.25,83,0.0843,76.7,0.173
459142,,,,,,,,,,,,,,,,,,,,,
459144,,,,,,,,,,,,,,,,,,,,,
459194,229,229,0,229,0,229,0,,,,,,,,,,,,,,
459569,21,21,0,21,0,21,0,21,0,21,0,21,0,21,0,21,0,21,0,21,0
459630,,,,,,,,,,,,,,,,,,,,,
459632,,,,,,,,,,,,,,,,,,,,,
459633,,,,,,,,,,,,,,,,,,,,,
459674,45,45,0,45,0,45,0,45,0,45,0,45,0,45,0,45,0,45,0,,
459818,89.6,89.6,0,89.6,0,89.6,0,89.6,0,89.6,0,89.6,0,89.6,0,89.6,0,74.7,0.199,68,0.318
459887,17.5,17.5,0,17.5,0,17.5,0,17.5,0,17.5,0,17.5,0,17.5,0,17.5,0,,,17.5,0
459978,25,25,0,25,0,25,0,25,0,25,0,25,0,25,0,25,0,25,0,25,0
460223,109,109,0,109,0,109,0,109,0,109,0,109,0,109,0,109,0,59.9,0.826,59.9,0.826
460225,54.7,54.7,0,54.7,0,54.7,0,54.7,0,54.7,0,54.7,0,54.7,0,54.7,0,39.5,0.385,35,0.563
460226,59.7,59.7,0,59.7,0,59.7,0,59.7,0,59.7,0,59.7,0,,,59.7,0,39.5,0.511,35,0.706
460229,6.3,6.3,0,6.3,0,6.3,0,6.3,0,6.3,0,6.3,0,,,6.3,0,,,,
460273,39,39,0,39,0,39,0,39,0,39,0,39,0,39,0,39,0,27.5,0.418,23,0.696
460545,,,,,,,,,,,,,,,,,,,,,
460699,48.8,48.8,0,48.8,0,48.8,0,48.8,0,48.8,0,48.8,0,48.8,0,48.8,0,41.5,0.176,41.5,0.176
460702,10,10,0,10,0,10,0,10,0,10,0,10,0,10,0,10,0,8.3,0.205,8.3,0.205
461083,,,,,,,,,,,,,,,,,,,,,
461091,58.5,58.5,0,58.5,0,58.5,0,58.5,0,58.5,0,58.5,0,58.5,0,,,,,,
461100,58.6,58.6,0,58.6,0,58.6,0,58.6,0,58.6,0,58.6,0,58.6,0,,,,,,
461101,58.6,58.6,0,58.6,0,58.6,0,58.6,0,58.6,0,58.6,0,58.6,0,,,,,,
461102,58.6,58.6,0,58.6,0,58.6,0,58.6,0,58.6,0,58.6,0,58.6,0,,,,,,
461103,58.6,58.6,0,58.6,0,58.6,0,58.6,0,58.6,0,58.6,0,58.6,0,57,0.0281,38.8,0.51,43.4,0.35
461106,,,,,,,,,,,,,,,,,,,,,
461107,,,,,,,,,,,,,,,,,,,,,
461207,155,155,0,155,0,155,0,155,0,155,0,155,0,155,0,,,,,,
461208,81.1,81.1,0,81.1,0,81.1,0,81.1,0,81.1,0,81.1,0,81.1,0,,,,,,
461238,19,19,0,19,0,19,0,19,0,19,0,19,0,19,0,19,0,13.2,0.439,13.2,0.439
461268,189,189,0,189,0,189,0,,,,,,,,,,,,,,
461274,62.8,62.8,0,62.8,0,62.8,0,62.8,0,62.8,0,62.8,0,62.8,0,66.4,-0.0542,,,,
461275,62.8,62.8,0,62.8,0,62.8,0,62.8,0,62.8,0,62.8,0,62.8,0,,,,,,
461276,62.8,62.8,0,62.8,0,62.8,0,62.8,0,62.8,0,62.8,0,62.8,0,,,,,,
461277,62.8,62.8,0,62.8,0,62.8,0,62.8,0,62.8,0,62.8,0,62.8,0,,,,,,
461393,21.5,21.5,0,21.5,0,21.5,0,21.5,0,21.5,0,21.5,0,21.5,0,21.5,0,18.8,0.144,,
461530,,,,,,,,,,,,,,,,,,,,,
461759,,,,,,,,,,,,,,,,,,,,,
461857,,,,,,,,,,,,,,,,,,,,,
461865,15.9,15.9,0,15.9,0,15.9,0,15.9,0,15.9,0,15.9,0,15.9,0,17.5,-0.0914,13.4,0.187,12,0.325
462003,14,14,0,14,0,14,0,14,0,12,0.167,14,0,14,0,14,0,11.4,0.228,10.5,0.333
462193,19.4,19.4,0,19.4,0,19.4,0,19.4,0,19.4,0,19.4,0,19.4,0,19.4,0,,,,
462194,11.2,11.2,0,11.2,0,11.2,0,11.2,0,11.2,0,11.2,0,11.2,0,11.2,0,,,,
462196,19.4,19.4,0,19.4,0,19.4,0,19.4,0,19.4,0,19.4,0,19.4,0,19.4,0,,,,
462197,11.2,11.2,0,11.2,0,11.2,0,11.2,0,11.2,0,11.2,0,11.2,0,11.2,0,,,,
462199,19.4,19.4,0,19.4,0,19.4,0,19.4,0,19.4,0,19.4,0,19.4,0,19.4,0,,,,
462200,4.5,4.5,0,4.5,0,4.5,0,4.5,0,4.5,0,4.5,0,4.5,0,4.5,0,,,,
462233,6.3,6.3,0,6.3,0,6.3,0,6.3,0,6.3,0,6.3,0,6.3,0,6.3,0,5,0.26,5,0.26
462250,6.5,6.5,0,6.5,0,6.5,0,6.5,0,6.5,0,6.5,0,6.5,0,6.1,0.0656,5,0.3,,
462341,43.6,43.6,0,43.6,0,43.6,0,43.6,0,43.6,0,43.6,0,,,,,,,,
462382,45.6,45.6,0,45.6,0,45.6,0,45.6,0,25.6,0.781,25.6,0.781,25.6,0.781,41.3,0.104,,,,
462383,41.3,41.3,0,41.3,0,41.3,0,41.3,0,41.3,0,41.3,0,41.3,0,41.3,0,,,,
462385,45.6,45.6,0,45.6,0,45.6,0,45.6,0,45.6,0,41.1,0.109,41.3,0.104,41.9,0.0883,37,0.232,,
462433,42.1,42.1,0,42.1,0,42.1,0,42.1,0,42.1,0,42.1,0,,,,,,,,
462435,,,,,,,,,,,,,,,,,,,,,
462436,38,38,0,38,0,38,0,38,0,38,0,38,0,38,0,,,,,,
462444,,,,,,,,,,,,,,,,,,,,,
462522,19,19,0,19,0,19,0,19,0,20.5,-0.0732,19,0,19,0,19,0,,,,
462799,37.9,37.9,0,37.9,0,37.9,0,37.9,0,,,,,,,,,,,,
462810,44.9,44.9,0,44.9,0,44.9,0,44.9,0,,,,,,,,,,,,
462845,73.5,73.5,0,73.5,0,73.5,0,73.5,0,73.5,0,73.5,0,73.5,0,,,,,,
462981,,,,,,,,,,,,,,,,,,,,,
463065,52,52,0,52,0,52,0,52,0,52,0,52,0,52,0,,,,,,
463066,53,53,0,53,0,53,0,53,0,53,0,53,0,53,0,,,,,,
463068,38,38,0,38,0,38,0,38,0,38,0,38,0,,,,,,,,
463275,189,189,0,189,0,189,0,189,0,189,0,205,-0.078,205,-0.078,,,,,,
463442,,,,,,,,,,,,,,,,,,,,,
463469,,,,,,,,,,,,,,,,,,,,,
463477,,,,,,,,,,,,,,,,,,,,,
463493,,,,,,,,,,,,,,,,,,,,,
463505,110,110,0,110,0,110,0,110,0,110,0,110,0,110,0,99,0.106,86.5,0.266,86.5,0.266
463512,5,5,0,5,0,,,5,0,,,5,0,,,5,0,5,0,,
463663,,,,,,,,,,,,,,,,,,,,,
464325,12.3,12.3,0,12.3,0,12.3,0,12.3,0,12.3,0,12.3,0,12.3,0,12.3,0,9.7,0.268,8.8,0.398
464333,26.6,26.6,0,26.6,0,26.6,0,26.6,0,26.6,0,26.6,0,26.6,0,26.6,0,21.9,0.215,19.5,0.364
464350,26.6,26.6,0,26.6,0,26.6,0,26.6,0,26.6,0,26.6,0,26.6,0,26.6,0,,,19.5,0.364
464597,5.4,5.4,0,5.4,0,5.4,0,5.4,0,5.4,0,5.4,0,5.4,0,5.4,0,4,0.35,4,0.35
464627,5.4,5.4,0,5.4,0,5.4,0,5.4,0,5.4,0,5.4,0,5.4,0,5.4,0,4,0.35,4,0.35
465271,49.5,49.5,0,49.5,0,49.5,0,49.5,0,49.5,0,49.5,0,49.5,0,49.5,0,38.9,0.272,35,0.414
465420,56,56,0,56,0,56,0,56,0,56,0,,,,,56,0,56,0,54,0.037
465423,31.5,31.5,0,31.5,0,31.5,0,31.5,0,31.5,0,,,,,31.5,0,31.5,0,30,0.05
465542,,,,,,,,,,,,,,,,,,,,,
467324,40.3,40.3,0,40.3,0,40.3,0,40.3,0,40.3,0,40.3,0,40.3,0,40.3,0,28.1,0.434,23.3,0.73
467510,23.5,23.5,0,23.5,0,23.5,0,23.5,0,23.5,0,23.5,0,23.5,0,23.5,0,18.8,0.25,,
467600,58.5,58.5,0,58.5,0,58.5,0,58.5,0,58.5,0,58.5,0,58.5,0,,,41.5,0.41,34.9,0.676
467618,9,9,0,9,0,9,0,9,0,10.5,-0.143,10.5,-0.143,10.5,-0.143,10.5,-0.143,9.4,-0.0426,9,0
467626,9,9,0,9,0,9,0,9,0,10.5,-0.143,10.5,-0.143,10.5,-0.143,10.5,-0.143,9.4,-0.0426,9,0
467634,10.5,10.5,0,10.5,0,10.5,0,10.5,0,10.5,0,10.5,0,10.5,0,10.5,0,9.4,0.117,9,0.167
467642,10.5,10.5,0,10.5,0,10.5,0,10.5,0,9,0.167,10.5,0,10.5,0,10.5,0,9.4,0.117,9,0.167
467650,,,,,,,,,,,,,,,,,,,,,
467677,10.5,10.5,0,10.5,0,10.5,0,10.5,0,9,0.167,10.5,0,,,10.5,0,9.4,0.117,9,0.167
467685,,,,,,,,,,,,,,,,,,,,,
467693,10.5,10.5,0,10.5,0,10.5,0,10.5,0,9,0.167,10.5,0,10.5,0,10.5,0,9.4,0.117,9,0.167
467723,,,,,,,,,,,,,,,,,,,,,
467820,241,241,0,241,0,241,0,241,0,241,0,241,0,241,0,241,0,172,0.397,150,0.607
468193,4,4,0,4,0,4,0,4,0,4,0,4,0,4,0,4,0,3.3,0.212,,
468770,,,,,,,,,,,,,,,,,,,,,
468978,14,14,0,14,0,14,0,14,0,14,0,14,0,,,14,0,11.5,0.217,11.5,0.217
469009,15.9,15.9,0,15.9,0,15.9,0,15.9,0,15.9,0,19.8,-0.197,19.8,-0.197,19.8,-0.197,15.5,0.0258,15.5,0.0258
469021,5,5,0,5,0,5,0,5,0,5,0,7.4,-0.324,7.4,-0.324,7.4,-0.324,6.2,-0.194,6.2,-0.194
469344,98,98,0,98,0,98,0,98,0,68.6,0.429,98,0,98,0,98,0,89,0.101,80,0.225
469459,44.9,44.9,0,44.9,0,44.9,0,44.9,0,52,-0.137,52,-0.137,52,-0.137,52,-0.137,39.5,0.137,32.5,0.382
469467,44.9,44.9,0,44.9,0,44.9,0,44.9,0,52,-0.137,52,-0.137,52,-0.137,52,-0.137,39.5,0.137,32.5,0.382
469475,44.9,44.9,0,44.9,0,44.9,0,44.9,0,52,-0.137,52,-0.137,52,-0.137,52,-0.137,39.5,0.137,32.5,0.382
469513,68,68,0,68,0,68,0,68,0,68,0,68,0,68,0,68,0,55,0.236,,
470101,,,,,,,,,,,,,,,,,,,,,
470108,9.9,9.9,0,9.9,0,9.9,0,9.9,0,12,-0.175,12,-0.175,12,-0.175,12,-0.175,10,-0.01,10,-0.01
470121,50,50,0,50,0,50,0,50,0,50,0,50,0,50,0,50,0,38,0.316,38,0.316
470124,,,,,,,,,,,,,,,,,,,,,
470127,,,,,,,,,,,,,,,,,,,,,
470129,,,,,,,,,,,,,,,,,,,,,
470279,,,,,,,,,,,,,,,,,,,,,
470457,15.9,15.9,0,15.9,0,15.9,0,15.9,0,15.9,0,15.9,0,15.9,0,,,,,,
470520,,,,,,,,,,,,,,,,,,,,,
470589,,,,,,,,,,,,,,,,,,,,,
471020,,,,,,,,,,,,,,,,,,,,,
471070,,,,,,,,,,,,,,,,,,,,,
471330,47.5,47.5,0,47.5,0,47.5,0,47.5,0,47.5,0,47.5,0,47.5,0,47.5,0,45,0.0556,45,0.0556
471453,12.9,12.9,0,12.9,0,12.9,0,12.9,0,,,,,,,9.5,0.358,,,8.5,0.518
471660,,,,,,,,,,,,,,,,,,,,,
472033,15.5,15.5,0,15.5,0,15.5,0,15.5,0,15.5,0,15.5,0,15.5,0,15.5,0,9,0.722,9,0.722
472573,,,,,,,,,,,,,,,,,,,,,
472590,,,,,,,,,,,,,,,,,,,,,
473477,,,,,,,,,,,,,,,,,,,,,
473871,36.5,36.5,0,36.5,0,36.5,0,36.5,0,36.5,0,36.5,0,36.5,0,35.7,0.0224,32.5,0.123,32.5,0.123
474215,139,139,0,139,0,139,0,139,0,139,0,139,0,139,0,142,-0.0211,111,0.253,105,0.324
474231,4.8,4.8,0,4.8,0,4.8,0,4.8,0,4.8,0,4.8,0,4.8,0,4,0.2,4,0.2,4,0.2
474363,12.9,12.9,0,12.9,0,12.9,0,17,-0.241,17,-0.241,13.9,-0.0719,17,-0.241,16.6,-0.223,13,-0.00769,11.9,0.084
475068,,,,,,,,,,,,,,,,,,,,,
475149,6.2,6.2,0,6.2,0,6.2,0,6.2,0,6.2,0,6.2,0,6.2,0,6.2,0,6.5,-0.0462,5,0.24
475254,,,,,,,,,,,,,,,,,,,,,
475530,50,50,0,50,0,50,0,50,0,50,0,50,0,50,0,50,0,38,0.316,,
476609,39.9,39.9,0,39.9,0,39.9,0,43.5,-0.0828,43.5,-0.0828,43.5,-0.0828,43.5,-0.0828,43.5,-0.0828,31.5,0.267,30.5,0.308
477249,,,,,,,,,,,,,,,,,,,,,
477290,,,,,,,,,,,,,,,,,,,,,
477656,,,,,,,,,,,,,,,,,,,,,
477664,,,,,,,,,,,,,,,,,,,,,
478113,68.8,68.8,0,68.8,0,68.8,0,68.8,0,68.8,0,68.8,0,68.8,0,68.8,0,56,0.229,56,0.229
478296,37,37,0,37,0,37,0,37,0,37,0,37,0,37,0,37,0,27.8,0.331,22.5,0.644
478687,,,,,,,,,,,,,,,,,,,,,
479241,20.8,20.8,0,20.8,0,20.8,0,20.8,0,17.6,0.182,20.8,0,20.8,0,19,0.0947,17,0.224,15.6,0.333
479691,75,75,0,75,0,75,0,75,0,75,0,75,0,75,0,75,0,60,0.25,60,0.25
479837,11.5,11.5,0,11.5,0,11.5,0,11.5,0,11.5,0,11.5,0,11.5,0,9.9,0.162,10,0.15,,
479845,11,11,0,11,0,11,0,11,0,11,0,11,0,11,0,11,0,8.5,0.294,8.5,0.294
479918,190,190,0,190,0,190,0,190,0,190,0,190,0,190,0,,,,,132,0.439
479934,12.9,12.9,0,12.9,0,12.9,0,12.9,0,,,9.5,0.358,9.5,0.358,9.5,0.358,8.5,0.518,8.5,0.518
480015,,,,,,,,,,,,,,,,,,,,,
480018,,,,,,,,,,,,,,,,,,,,,
480019,,,,,,,,,,,,,,,,,,,,,
480021,20,20,0,20,0,20,0,20,0,20,0,20,0,20,0,20,0,17.5,0.143,17.5,0.143
480022,12.5,12.5,0,12.5,0,12.5,0,12.5,0,12.5,0,,,12.5,0,12.5,0,10,0.25,10,0.25
480023,13,13,0,13,0,13,0,13,0,,,13,0,13,0,13,0,12,0.0833,12,0.0833
480027,6.9,6.9,0,6.9,0,6.9,0,6.9,0,6.9,0,6.9,0,,,6.9,0,6.5,0.0615,6.5,0.0615
480032,12.5,12.5,0,12.5,0,12.5,0,12.5,0,12.5,0,12.5,0,12.5,0,,,,,12.5,0
480044,25,25,0,25,0,25,0,25,0,25,0,25,0,25,0,25,0,20,0.25,20,0.25
480046,10,10,0,10,0,10,0,10,0,10,0,10,0,10,0,10,0,8.8,0.136,8.8,0.136
480047,,,,,,,,,,,,,,,,,,,,,
480048,23.5,23.5,0,23.5,0,23.5,0,23.5,0,23.5,0,23.5,0,23.5,0,23.5,0,19.5,0.205,,
480049,31,31,0,31,0,31,0,31,0,31,0,31,0,31,0,31,0,26.5,0.17,,
480051,13.5,13.5,0,13.5,0,13.5,0,13.5,0,13.5,0,13.5,0,13.5,0,13.5,0,12.5,0.08,12.5,0.08
480052,15,15,0,15,0,15,0,15,0,15,0,15,0,15,0,15,0,14,0.0714,14,0.0714
480054,18.5,18.5,0,18.5,0,18.5,0,18.5,0,18.5,0,18.5,0,18.5,0,18.5,0,16.5,0.121,16.5,0.121
480059,31,31,0,31,0,31,0,31,0,31,0,31,0,31,0,31,0,27.5,0.127,,
480062,,,,,,,,,,,,,,,,,,,,,
480063,,,,,,,,,,,,,,,,,,,,,
480110,,,,,,,,,,,,,,,,,,,,,
480111,,,,,,,,,,,,,,,,,,,,,
480112,,,,,,,,,,,,,,,,,,,,,
480113,,,,,,,,,,,,,,,,,,,,,
480159,10.4,10.4,0,10.4,0,10.4,0,10.4,0,10.4,0,9.2,0.13,9.2,0.13,9.2,0.13,8.8,0.182,8.8,0.182
480165,,,,,,,,,,,,,,,,,,,,,
480166,13.8,13.8,0,13.8,0,13.8,0,13.8,0,13.8,0,12.1,0.14,12.1,0.14,12.1,0.14,11.4,0.211,11.4,0.211
480167,21,21,0,21,0,,,21,0,21,0,19.8,0.0606,19.8,0.0606,19.8,0.0606,18.8,0.117,18.8,0.117
480170,,,,,,,,,,,,,,,,,,,,,
480172,,,,,,,,,,,,,,,,,,,,,
480173,36.3,36.3,0,36.3,0,36.3,0,35.5,0.0225,37.9,-0.0422,38.7,-0.062,38.7,-0.062,37.9,-0.0422,32.3,0.124,35.8,0.014
480178,12,12,0,12,0,12,0,12,0,12,0,12,0,12,0,12,0,11.5,0.0435,11,0.0909
480180,13.5,13.5,0,13.5,0,13.5,0,13.5,0,13.5,0,13.5,0,13.5,0,13.5,0,12.5,0.08,12,0.125
480183,7.6,7.6,0,7.6,0,7.6,0,7.6,0,,,7.6,0,7.6,0,7.6,0,6.7,0.134,,
480187,13.5,13.5,0,13.5,0,13.5,0,13.5,0,13.5,0,13.5,0,13.5,0,13.5,0,12.5,0.08,12,0.125
480188,48,48,0,48,0,48,0,46.9,0.0235,50.2,-0.0438,,,49.9,-0.0381,48.9,-0.0184,41.4,0.159,46,0.0435
480192,12,12,0,12,0,12,0,12,0,12,0,12,0,12,0,12,0,11.5,0.0435,11,0.0909
480193,,,,,,,,,,,,,,,,,,,,,
480194,,,,,,,,,,,,,,,,,,,,,
480199,36.3,36.3,0,36.3,0,36.3,0,35.5,0.0225,37.9,-0.0422,38.7,-0.062,38.7,-0.062,,,32.3,0.124,36,0.00833
480200,,,,,,,,,,,,,,,,,,,,,
480206,,,,,,,,,,,,,,,,,,,,,
480214,,,,,,,,,,,,,,,,,,,,,
480226,70,70,0,70,0,70,0,70,0,70,0,70,0,70,0,70,0,63.8,0.0972,63.8,0.0972
480244,20,20,0,20,0,20,0,20,0,20,0,20,0,20,0,20,0,18.2,0.0989,16.2,0.235
480248,12.1,12.1,0,12.1,0,12.1,0,12.1,0,12.1,0,12.1,0,12.1,0,,,10,0.21,10,0.21
480259,24.2,24.2,0,24.2,0,24.2,0,24.2,0,24.2,0,24.2,0,24.2,0,,,18.8,0.287,18.8,0.287
480263,21.9,21.9,0,21.9,0,21.9,0,21.9,0,21.9,0,21.9,0,21.9,0,21.9,0,21.9,0,21.9,0
480278,,,,,,,,,,,,,,,,,,,,,
480279,12.6,12.6,0,12.6,0,12.6,0,12.6,0,12.6,0,12.6,0,12.6,0,,,12.6,0,12.6,0
480281,,,,,,,,,,,,,,,,,,,,,
480285,27,27,0,27,0,27,0,27,0,27,0,27,0,,,27,0,,,,
480287,1.9,1.9,0,1.9,0,1.9,0,1.9,0,1.9,0,1.9,0,1.9,0,1.9,0,,,1.4,0.357
480289,62.5,62.5,0,62.5,0,62.5,0,62.5,0,62.5,0,62.5,0,62.5,0,,,54.8,0.141,43.8,0.427
480294,7.4,,,7.4,0,7.4,0,7.4,0,7.4,0,7.4,0,7.4,0,7.4,0,5.8,0.276,5.8,0.276
480296,61,61,0,61,0,61,0,61,0,61,0,61,0,61,0,,,50,0.22,44.5,0.371
480305,12.7,,,,,12.7,0,12.7,0,12.7,0,12.7,0,12.7,0,12.7,0,9.1,0.396,,
480306,33.8,,,,,,,33.8,0,33.8,0,33.8,0,33.8,0,33.8,0,27.2,0.243,27.2,0.243
480326,20.8,20.8,0,20.8,0,20.8,0,20.8,0,20.8,0,20.8,0,20.8,0,20.8,0,15,0.387,15,0.387
480338,3.5,3.5,0,3.5,0,3.5,0,3.5,0,3.5,0,3.5,0,3,0.167,3,0.167,3,0.167,3,0.167
480341,98.7,98.7,0,98.7,0,98.7,0,98.7,0,147,-0.327,111,-0.114,147,-0.327,154,-0.359,125,-0.21,113,-0.127
480356,17.9,17.9,0,17.9,0,17.9,0,17.9,0,17.9,0,17.9,0,17.9,0,17.9,0,13,0.377,13,0.377
480391,7,7,0,7,0,7,0,7,0,7.9,-0.114,7.9,-0.114,7.9,-0.114,8,-0.125,6.5,0.0769,6,0.167
480410,36.9,36.9,0,36.9,0,36.9,0,36.9,0,36.9,0,36.9,0,36.9,0,36.9,0,26,0.419,26,0.419
480466,30,30,0,30,0,30,0,30,0,30,0,30,0,30,0,21.8,0.376,21.8,0.376,21.8,0.376
480468,6.3,6.3,0,6.3,0,6.3,0,6.3,0,6.3,0,7.5,-0.16,7.5,-0.16,8.5,-0.259,7.5,-0.16,7.5,-0.16
480469,,,,,,,,,,,,,,,,,,,,,
480470,19.4,19.4,0,19.4,0,19.4,0,19.4,0,19.4,0,23.5,-0.174,23.5,-0.174,27.4,-0.292,23.5,-0.174,23.5,-0.174
480471,15.9,15.9,0,15.9,0,15.9,0,15.9,0,15.9,0,18.8,-0.154,,,21.5,-0.26,18,-0.117,18,-0.117
480472,,,,,,,,,,,,,,,,,,,,,
480473,,,,,,,,,,,,,,,,,,,,,
480475,10,10,0,10,0,10,0,10,0,10,0,,,11.8,-0.153,14,-0.286,12.5,-0.2,12.5,-0.2
480484,,,,,,,,,,,,,,,,,,,,,
480499,,,,,,,,,,,,,,,,,,,,,
480500,13.5,13.5,0,13.5,0,13.5,0,13.5,0,13.5,0,13.5,0,13.5,0,13.5,0,11,0.227,11,0.227
480502,7.5,7.5,0,7.5,0,7.5,0,7.5,0,7.5,0,7.5,0,7.5,0,7.5,0,6.5,0.154,6.5,0.154
480503,7.5,7.5,0,7.5,0,7.5,0,7.5,0,7.5,0,7.5,0,7.5,0,7.5,0,6.5,0.154,6.5,0.154
480504,7.5,7.5,0,7.5,0,7.5,0,7.5,0,7.5,0,7.5,0,7.5,0,7.5,0,6.5,0.154,6.5,0.154
480505,7.5,7.5,0,7.5,0,7.5,0,7.5,0,7.5,0,7.5,0,7.5,0,7.5,0,6.5,0.154,6.5,0.154
480506,15.5,15.5,0,15.5,0,15.5,0,15.5,0,15.5,0,15.5,0,15.5,0,15.5,0,14,0.107,14,0.107
480507,15.5,15.5,0,15.5,0,15.5,0,15.5,0,15.5,0,15.5,0,15.5,0,15.5,0,14,0.107,14,0.107
480508,6,6,0,6,0,6,0,6,0,6,0,6,0,6,0,6,0,5.9,0.0169,5.9,0.0169
480510,9.5,9.5,0,9.5,0,9.5,0,9.5,0,9.5,0,9.5,0,9.5,0,9.5,0,8.2,0.159,8.2,0.159
480512,,,,,,,,,,,,,,,,,,,,,
480513,12.5,12.5,0,12.5,0,12.5,0,12.5,0,12.5,0,12.5,0,12.5,0,12.5,0,9,0.389,8,0.562
480514,24,24,0,24,0,24,0,24,0,24,0,24,0,24,0,24,0,16.5,0.455,14.5,0.655
480516,12.5,12.5,0,12.5,0,12.5,0,12.5,0,12.5,0,12.5,0,12.5,0,12.5,0,11.8,0.0593,11.8,0.0593
480519,25.5,25.5,0,25.5,0,25.5,0,25.5,0,25.5,0,25.5,0,25.5,0,25.5,0,25.5,0,25.5,0
480520,13,13,0,13,0,13,0,13,0,13,0,13,0,13,0,13,0,13,0,13,0
480521,12.5,12.5,0,12.5,0,12.5,0,12.5,0,12.5,0,12.5,0,12.5,0,12.5,0,11.8,0.0593,11.8,0.0593
480523,15.5,15.5,0,15.5,0,15.5,0,15.5,0,15.5,0,15.5,0,15.5,0,15.5,0,13,0.192,13,0.192
480529,12.9,12.9,0,12.9,0,12.9,0,12.9,0,12.9,0,12.9,0,12.9,0,12.9,0,10.5,0.229,10.5,0.229
480530,24,24,0,24,0,24,0,24,0,24,0,24,0,24,0,24,0,18,0.333,18,0.333
480531,8,8,0,8,0,8,0,8,0,8,0,8,0,8,0,8,0,6,0.333,6,0.333
480532,8,8,0,8,0,8,0,8,0,8,0,8,0,8,0,8,0,6,0.333,6,0.333
480534,12,12,0,12,0,12,0,12,0,12,0,12,0,12,0,12,0,10.5,0.143,10.5,0.143
480535,,,,,,,,,,,,,,,,,,,,,
480536,14,14,0,14,0,14,0,14,0,14,0,14,0,14,0,14,0,14,0,14,0
480537,,,,,,,,,,,,,,,,,,,,,
480538,,,,,,,,,,,,,,,,,,,,,
480539,13,13,0,13,0,13,0,13,0,13,0,13,0,13,0,11,0.182,9.5,0.368,,
480540,16,16,0,16,0,16,0,16,0,16,0,16,0,16,0,16,0,16,0,16,0
480542,16.5,16.5,0,16.5,0,16.5,0,16.5,0,16.5,0,16.5,0,16.5,0,14.5,0.138,13,0.269,13,0.269
480543,9.5,9.5,0,9.5,0,9.5,0,9.5,0,9.5,0,9.5,0,9.5,0,9.5,0,9.5,0,9.5,0
480545,11.2,11.2,0,11.2,0,11.2,0,11.2,0,11.2,0,11.2,0,11.2,0,11.2,0,9.5,0.179,9.5,0.179
480546,11.2,11.2,0,11.2,0,11.2,0,11.2,0,11.2,0,11.2,0,11.2,0,11.2,0,9.5,0.179,9.5,0.179
480547,36,36,0,36,0,36,0,36,0,36,0,36,0,36,0,32.5,0.108,25,0.44,23,0.565
480548,,,,,,,,,,,,,,,,,,,,,
480549,9.5,9.5,0,9.5,0,9.5,0,9.5,0,9.5,0,9.5,0,9.5,0,9.5,0,9.5,0,9.5,0
480551,10.5,10.5,0,10.5,0,10.5,0,10.5,0,10.5,0,10.5,0,10.5,0,10.5,0,7.5,0.4,7.5,0.4
480552,7.5,7.5,0,7.5,0,7.5,0,7.5,0,7.5,0,7.5,0,7.5,0,7.5,0,7.5,0,7.5,0
480553,4,4,0,4,0,4,0,4,0,4,0,4,0,4,0,3.6,0.111,3,0.333,3,0.333
480554,4,4,0,4,0,4,0,4,0,4,0,4,0,4,0,3.6,0.111,3,0.333,3,0.333
480555,3.9,3.9,0,3.9,0,3.9,0,3.9,0,3.9,0,3.9,0,3.9,0,3.9,0,3.9,0,3.9,0
480556,2.5,2.5,0,2.5,0,2.5,0,2.5,0,2.5,0,2.5,0,2.5,0,2.5,0,2.5,0,2.5,0
480557,4.5,4.5,0,4.5,0,4.5,0,4.5,0,4.5,0,4.5,0,4.5,0,3.5,0.286,3.5,0.286,3.5,0.286
480559,8,8,0,8,0,8,0,8,0,8,0,8,0,8,0,,,6.5,0.231,6.5,0.231
480560,8,8,0,8,0,8,0,8,0,8,0,8,0,8,0,7,0.143,6.5,0.231,6.5,0.231
480561,7.5,7.5,0,7.5,0,7.5,0,7.5,0,7.5,0,7.5,0,7.5,0,7.5,0,7.5,0,7.5,0
480562,7.5,7.5,0,7.5,0,7.5,0,7.5,0,7.5,0,7.5,0,7.5,0,7.5,0,7.5,0,7.5,0
480563,2.5,2.5,0,2.5,0,2.5,0,2.5,0,2.5,0,2.5,0,2.5,0,2.5,0,2.5,0,2.5,0
480564,2.5,2.5,0,2.5,0,2.5,0,2.5,0,2.5,0,2.5,0,2.5,0,2.5,0,2.5,0,2.5,0
480565,4.5,4.5,0,4.5,0,4.5,0,4.5,0,4.5,0,4.5,0,4.5,0,4.5,0,4.5,0,4.5,0
480566,4.5,4.5,0,4.5,0,4.5,0,4.5,0,4.5,0,4.5,0,4.5,0,4.5,0,4.5,0,4.5,0
480569,4.5,4.5,0,4.5,0,4.5,0,4.5,0,4.5,0,4.5,0,4.5,0,4.5,0,4.5,0,4.5,0
480570,3.9,3.9,0,3.9,0,3.9,0,3.9,0,3.9,0,3.9,0,3.9,0,3.9,0,3.9,0,3.9,0
480571,4.5,4.5,0,4.5,0,4.5,0,4.5,0,4.5,0,4.5,0,4.5,0,4.5,0,4.5,0,4.5,0
480572,3,3,0,3,0,3,0,3,0,3,0,3,0,3,0,3,0,3,0,3,0
480573,9,9,0,9,0,9,0,9,0,9,0,9,0,9,0,9,0,5.5,0.636,5.5,0.636
480574,9,9,0,9,0,9,0,9,0,9,0,9,0,9,0,9,0,5.5,0.636,5.5,0.636
480575,9,9,0,9,0,9,0,9,0,9,0,9,0,9,0,9,0,5.5,0.636,5.5,0.636
480577,9,9,0,9,0,9,0,9,0,9,0,9,0,9,0,9,0,5.5,0.636,5.5,0.636
480579,15.5,15.5,0,15.5,0,15.5,0,15.5,0,15.5,0,15.5,0,15.5,0,14.9,0.0403,,,,
480580,10.5,10.5,0,10.5,0,10.5,0,10.5,0,10.5,0,10.5,0,10.5,0,10.5,0,8.5,0.235,8.5,0.235
480600,32.5,32.5,0,32.5,0,32.5,0,32.5,0,32.5,0,32.5,0,32.5,0,32.5,0,29,0.121,29,0.121
480601,12.5,12.5,0,12.5,0,12.5,0,12.5,0,12.5,0,12.5,0,12.5,0,12.5,0,10,0.25,10,0.25
480603,12.5,12.5,0,12.5,0,12.5,0,12.5,0,12.5,0,12.5,0,12.5,0,12.5,0,10,0.25,10,0.25
480604,12.5,12.5,0,12.5,0,12.5,0,12.5,0,12.5,0,12.5,0,12.5,0,12.5,0,10,0.25,10,0.25
480605,12.5,12.5,0,12.5,0,12.5,0,12.5,0,12.5,0,12.5,0,12.5,0,12.5,0,10,0.25,10,0.25
480607,12.5,12.5,0,12.5,0,12.5,0,12.5,0,12.5,0,12.5,0,12.5,0,12.5,0,10,0.25,10,0.25
480608,12.5,12.5,0,12.5,0,12.5,0,12.5,0,12.5,0,12.5,0,12.5,0,12.5,0,10,0.25,10,0.25
480610,12.5,12.5,0,12.5,0,12.5,0,12.5,0,12.5,0,12.5,0,12.5,0,12.5,0,10,0.25,10,0.25
480754,120,120,0,120,0,120,0,120,0,120,0,120,0,120,0,120,0,120,0,120,0
481150,29.5,29.5,0,29.5,0,29.5,0,29.5,0,29.5,0,29.5,0,29.5,0,29.5,0,28,0.0536,28,0.0536
481151,15.9,15.9,0,15.9,0,15.9,0,15.9,0,15.9,0,15.9,0,15.9,0,15.9,0,15,0.06,15,0.06
481153,10,10,0,10,0,10,0,10,0,10,0,10,0,10,0,10,0,10,0,10,0
481556,,,,,,,,,,,,,,,,,,,,,
481564,,,,,,,,,,,,,,,,,,,,,
481726,,,,,,,,,,,,,,,,,,,,,
481769,27.5,27.5,0,27.5,0,27.5,0,27.5,0,27.5,0,27.5,0,27.5,0,,,22.5,0.222,22.5,0.222
481807,14,14,0,14,0,14,0,14,0,14,0,14,0,14,0,,,12,0.167,12,0.167
481871,,,,,,,,,,,,,,,,,,,,,
481874,35,35,0,35,0,35,0,35,0,35,0,35,0,35,0,35,0,26,0.346,26,0.346
481882,28.5,28.5,0,28.5,0,28.5,0,28.5,0,28.5,0,28.5,0,28.5,0,28.5,0,21.5,0.326,21.5,0.326
481971,,,,,,,,,,,,,,,,,,,,,
482011,19.7,19.7,0,19.7,0,19.7,0,19.7,0,19.7,0,19.7,0,19.7,0,15,0.313,9.9,0.99,9.9,0.99
482013,115,115,0,115,0,115,0,115,0,115,0,115,0,115,0,115,0,75,0.533,75,0.533
482022,,,,,,,,,,,,,,,,,,,,,
482057,38,38,0,38,0,38,0,38,0,38,0,38,0,38,0,38,0,,,38,0
482060,,,,,,,,,,,,,,,,,,,,,
482096,,,,,,,,,,,,,,,,,,,,,
482277,45,45,0,45,0,45,0,,,45,0,45,0,,,57.5,-0.217,29,0.552,29,0.552
482307,43,43,0,43,0,,,43,0,,,43,0,43,0,57.5,-0.252,,,,
482315,43,43,0,43,0,43,0,43,0,43,0,43,0,43,0,57.5,-0.252,29,0.483,29,0.483
482323,43,43,0,43,0,43,0,43,0,43,0,43,0,43,0,,,,,,
482340,89.9,89.9,0,89.9,0,89.9,0,89.9,0,89.9,0,79.9,0.125,92,-0.0228,92,-0.0228,78,0.153,78,0.153
482537,29,29,0,29,0,29,0,29,0,29,0,29,0,29,0,29,0,27,0.0741,21.5,0.349
482540,29,29,0,29,0,29,0,29,0,29,0,29,0,29,0,29,0,27,0.0741,21,0.381
482790,56,56,0,56,0,56,0,56,0,56,0,56,0,56,0,56,0,37.5,0.493,37.5,0.493
482801,6,6,0,6,0,6,0,,,,,,,,,,,,,,
483011,35.5,35.5,0,35.5,0,35.5,0,35.5,0,80,-0.556,80,-0.556,80,-0.556,80,-0.556,60,-0.408,39.9,-0.11
483012,66,66,0,66,0,66,0,66,0,66,0,66,0,66,0,66,0,48.8,0.352,39.2,0.684
483013,66,66,0,66,0,66,0,66,0,66,0,66,0,66,0,66,0,48.8,0.352,39.2,0.684
483305,29.9,29.9,0,29.9,0,29.9,0,29.9,0,29.9,0,29.9,0,29.9,0,38,-0.213,30,-0.00333,27,0.107
483532,92,92,0,92,0,92,0,92,0,92,0,92,0,92,0,92,0,56,0.643,56,0.643
483563,41,41,0,41,0,41,0,41,0,41,0,41,0,41,0,,,,,,
483564,41,41,0,41,0,41,0,41,0,41,0,41,0,41,0,,,,,30,0.367
483907,,,,,,,,,,,,,,,,,,,,,
484064,72.9,72.9,0,72.9,0,72.9,0,72.9,0,72.9,0,72.9,0,72.9,0,72.9,0,64.9,0.123,,
484078,89,89,0,89,0,89,0,89,0,94.9,-0.0622,94.9,-0.0622,94.9,-0.0622,94.9,-0.0622,,,,
484142,29,29,0,29,0,29,0,29,0,14.9,0.946,14.9,0.946,24.9,0.165,24.9,0.165,14.9,0.946,21.9,0.324
484144,,,,,,,,,,,,,,,,,,,,,
484598,22.5,22.5,0,22.5,0,22.5,0,22.5,0,22.5,0,22.5,0,22.5,0,22.5,0,17,0.324,15.5,0.452
484709,39,39,0,39,0,39,0,39,0,39,0,39,0,39,0,39,0,,,32.5,0.2
484717,,,,,,,,,,,,,,,,,,,,,
484733,,,,,,,,,,,,,,,,,,,,,
484741,,,,,,,,,,,,,,,,,,,,,
484776,22,22,0,22,0,22,0,22,0,22,0,22,0,22,0,22,0,22,0,22,0
484803,10.6,10.6,0,,,,,10.6,0,10.6,0,10.6,0,10.6,0,10.6,0,8.8,0.205,,
484807,14,14,0,,,14,0,14,0,14,0,14,0,14,0,14,0,11.9,0.176,11.9,0.176
484911,46.9,46.9,0,46.9,0,46.9,0,46.9,0,46.9,0,46.9,0,46.9,0,,,,,24.5,0.914
484950,14.5,14.5,0,14.5,0,14.5,0,14.5,0,14.5,0,14.5,0,14.5,0,14.5,0,12.9,0.124,12.9,0.124
484952,10,,,,,10,0,10,0,10,0,10,0,10,0,10,0,8.6,0.163,8.6,0.163
485020,55,55,0,55,0,55,0,55,0,55,0,55,0,55,0,55,0,44.5,0.236,38.5,0.429
485050,,,,,,,,,,,,,,,,,,,,,
485942,32.9,32.9,0,32.9,0,32.9,0,32.9,0,32.9,0,32.9,0,32.9,0,32.9,0,23.8,0.382,22,0.495
486104,44.5,44.5,0,44.5,0,44.5,0,44.5,0,44.5,0,44.5,0,44.5,0,44.5,0,35,0.271,29.5,0.508
486949,15.6,15.6,0,15.6,0,15.6,0,15.6,0,15.6,0,15.6,0,15.6,0,,,,,,
486950,,,,,,,,,,,,,,,,,,,,,
487031,,,,,,,,,,,,,,,,,,,,,
487066,,,,,,,,,,,,,,,,,,,,,
487082,8.9,8.9,0,8.9,0,8.9,0,8.9,0,8.9,0,9.5,-0.0632,9.5,-0.0632,12,-0.258,10.5,-0.152,9.4,-0.0532
487578,,,,,,,,,,,,,,,,,,,,,
488003,,,,,,,,,,,,,,,,,,,,,
488011,12,12,0,12,0,12,0,12,0,12,0,12,0,12,0,12,0,8.2,0.463,8.2,0.463
488240,16.5,16.5,0,16.5,0,16.5,0,16.5,0,16.5,0,16.9,-0.0237,20.5,-0.195,20.5,-0.195,15,0.1,12,0.375
488259,16.5,16.5,0,16.5,0,16.5,0,16.5,0,16.5,0,16.9,-0.0237,20.5,-0.195,20.5,-0.195,15,0.1,12,0.375
488267,,,,,,,,,,,,,,,,,,,,,
488275,16.5,16.5,0,16.5,0,16.5,0,16.5,0,16.5,0,16.9,-0.0237,20.5,-0.195,20.5,-0.195,20.5,-0.195,17,-0.0294
488976,,,,,,,,,,,,,,,,,,,,,
488992,97.9,97.9,0,97.9,0,97.9,0,97.9,0,97.9,0,130,-0.247,130,-0.247,130,-0.247,112,-0.126,112,-0.126
489590,,,,,,,,,,,,,,,,,,,,,
489794,,,,,,,,,,,,,,,,,,,,,
489930,7,7,0,7,0,7,0,7,0,7,0,7,0,7,0,7,0,7,0,7,0
490112,61.7,61.7,0,61.7,0,61.7,0,61.7,0,61.7,0,61.7,0,61.7,0,81.2,-0.24,55.4,0.114,44.5,0.387
490113,16.9,16.9,0,16.9,0,16.9,0,16.9,0,16.9,0,16.9,0,16.9,0,,,12.1,0.397,12.1,0.397
490114,,,,,,,,,,,,,,,,,,,,,
490120,39.6,39.6,0,39.6,0,39.6,0,39.6,0,,,39.6,0,39.6,0,39.6,0,27.3,0.451,22.3,0.776
490122,39.6,39.6,0,39.6,0,39.6,0,39.6,0,39.6,0,39.6,0,39.6,0,39.6,0,27.3,0.451,22.3,0.776
490440,,,,,,,,,,,,,,,,,,,,,
490466,,,,,,,,,,,,,,,,,,,,,
490551,295,295,0,295,0,295,0,295,0,295,0,295,0,295,0,295,0,238,0.242,238,0.242
490555,,,,,,,,,,,,,,,,,,,,,
491670,,,,,,,,,,,,,,,,,,,,,
491934,6.5,6.5,0,6.5,0,6.5,0,6.5,0,6.5,0,6.5,0,6.5,0,6.5,0,5.2,0.25,5.2,0.25
492026,11.5,11.5,0,11.5,0,11.5,0,11.5,0,11.5,0,14.5,-0.207,14.5,-0.207,14.5,-0.207,13,-0.115,7.9,0.456
492031,11.5,11.5,0,11.5,0,11.5,0,11.5,0,11.5,0,14.5,-0.207,14.5,-0.207,14.5,-0.207,13,-0.115,7.9,0.456
492033,,,,,,,,,,,,,,,,,,,,,
492248,29.9,29.9,0,29.9,0,29.9,0,29.9,0,29.9,0,34.8,-0.141,34.8,-0.141,34.8,-0.141,21,0.424,18,0.661
492337,,,,,,,,,,,,,,,,,,,,,
492400,32.5,32.5,0,32.5,0,32.5,0,32.5,0,32.5,0,32.5,0,32.5,0,32.5,0,29,0.121,29,0.121
492418,,,,,,,,,,,,,,,,,,,,,
492426,17.5,17.5,0,17.5,0,17.5,0,17.5,0,17.5,0,17.5,0,17.5,0,17.5,0,15,0.167,15,0.167
492515,12.3,12.3,0,12.3,0,12.3,0,12.3,0,12.3,0,12.3,0,12.3,0,12.3,0,9.7,0.268,8.8,0.398
492531,12.3,12.3,0,12.3,0,12.3,0,12.3,0,12.3,0,12.3,0,12.3,0,12.3,0,10.2,0.206,9.3,0.323
492532,26,26,0,26,0,26,0,26,0,26,0,26,0,26,0,26,0,20,0.3,15,0.733
492533,43.5,43.5,0,43.5,0,43.5,0,43.5,0,43.5,0,43.5,0,43.5,0,43.5,0,30,0.45,25,0.74
492534,82.5,82.5,0,82.5,0,82.5,0,82.5,0,82.5,0,82.5,0,82.5,0,82.5,0,59.5,0.387,48.5,0.701
492535,40,40,0,40,0,40,0,40,0,40,0,40,0,40,0,40,0,31,0.29,26,0.538
492538,29,29,0,29,0,29,0,29,0,29,0,29,0,29,0,29,0,27,0.0741,21.5,0.349
492539,29,29,0,29,0,29,0,29,0,29,0,29,0,29,0,29,0,27,0.0741,21.5,0.349
492542,40.5,40.5,0,40.5,0,40.5,0,40.5,0,40.5,0,40.5,0,40.5,0,40.5,0,36.5,0.11,33.5,0.209
492544,22.5,22.5,0,22.5,0,22.5,0,22.5,0,22.5,0,22.5,0,22.5,0,22.5,0,20,0.125,17.5,0.286
492545,22.5,22.5,0,22.5,0,22.5,0,22.5,0,22.5,0,22.5,0,22.5,0,22.5,0,20,0.125,,
492546,22.5,22.5,0,22.5,0,22.5,0,22.5,0,22.5,0,22.5,0,22.5,0,22.5,0,20,0.125,17.5,0.286
492547,,,,,,,,,,,,,,,,,,,,,
492671,10,10,0,10,0,10,0,10,0,10,0,10,0,10,0,10,0,10,0,10,0
493279,499,499,0,499,0,499,0,499,0,499,0,525,-0.0495,525,-0.0495,525,-0.0495,399,0.251,340,0.468
493295,269,269,0,269,0,269,0,269,0,269,0,269,0,269,0,269,0,199,0.352,165,0.63
493414,,,,,,,,,,,,,,,,,,,,,
493694,7.5,7.5,0,7.5,0,7.5,0,7.5,0,7.5,0,7.5,0,7.5,0,7.5,0,6.8,0.103,6.8,0.103
493705,50,50,0,50,0,50,0,50,0,50,0,50,0,50,0,50,0,50,0,50,0
493716,36.9,36.9,0,36.9,0,36.9,0,36.9,0,36.9,0,36.9,0,36.9,0,36.9,0,33.5,0.101,33.5,0.101
493724,7.9,7.9,0,7.9,0,7.9,0,7.9,0,7.9,0,7.9,0,7.9,0,7.9,0,7.2,0.0972,7.2,0.0972
493740,,,,,,,,,,,,,,,,,,,,,
494050,6.5,6.5,0,6.5,0,6.5,0,6.5,0,6.5,0,6.5,0,6.5,0,6.5,0,,,6.5,0
494051,15,15,0,15,0,15,0,15,0,15,0,15,0,15,0,15,0,12.5,0.2,12.5,0.2
494052,36.9,36.9,0,36.9,0,36.9,0,36.9,0,36.9,0,36.9,0,36.9,0,36.9,0,35,0.0543,35,0.0543
494053,6.5,6.5,0,6.5,0,6.5,0,6.5,0,6.5,0,6.5,0,6.5,0,6.5,0,6.5,0,6.5,0
494055,15,15,0,15,0,15,0,15,0,15,0,15,0,15,0,15,0,12.5,0.2,12.5,0.2
494056,42.5,42.5,0,42.5,0,42.5,0,42.5,0,42.5,0,42.5,0,42.5,0,42.5,0,44,-0.0341,44,-0.0341
494060,5,5,0,5,0,5,0,5,0,5,0,5,0,5,0,5,0,5,0,5,0
494283,17.4,17.4,0,17.4,0,17.4,0,17.4,0,17.4,0,17.4,0,17.4,0,15.5,0.123,12.5,0.392,12.5,0.392
494345,,,,,,,,,,,,,,,,,,,,,
494348,,,,,,,,,,,,,,,,,,,,,
494356,,,,,,,,,,,,,,,,,,,,,
494585,,,,,,,,,,,,,,,,,,,,,
494850,14,14,0,14,0,14,0,14,0,14,0,14,0,14,0,14,0,11.9,0.176,11.9,0.176
494851,14,14,0,,,,,14,0,14,0,14,0,14,0,14,0,11.9,0.176,11.9,0.176
495177,27,27,0,27,0,27,0,27,0,27,0,27,0,27,0,,,19,0.421,18,0.5
495178,27,27,0,27,0,27,0,27,0,27,0,27,0,27,0,27,0,19,0.421,18,0.5
495181,,,,,,,,,,,,,,,,,,,,,
495183,,,,,,,,,,,,,,,,,,,,,
495298,31.3,31.3,0,31.3,0,31.3,0,31.3,0,31.3,0,31.3,0,31.3,0,31.3,0,26,0.204,24,0.304
495301,31.5,31.5,0,31.5,0,31.5,0,31.5,0,31.5,0,31.5,0,31.5,0,31.5,0,,,24,0.312
495573,,,,,,,,,,,,,,,,,,,,,
495581,32.9,32.9,0,32.9,0,32.9,0,32.9,0,32.9,0,32.9,0,32.9,0,32.9,0,23.8,0.382,22,0.495
496060,14,14,0,14,0,14,0,14,0,14,0,14,0,14,0,14,0,11.7,0.197,11.7,0.197
496138,2.1,2.1,0,2.1,0,2.1,0,2.1,0,2.1,0,2.1,0,2.1,0,2.1,0,2.1,0,2.1,0
496642,,,,,,,,,,,,,,,,,,,,,
496758,120,120,0,120,0,120,0,120,0,120,0,128,-0.0625,128,-0.0625,105,0.142,66.9,0.792,59.9,1
496804,25,25,0,25,0,25,0,25,0,25,0,25,0,,,,,20,0.25,,
497126,17,17,0,17,0,17,0,17,0,17,0,17,0,17,0,17,0,15.5,0.0968,15.5,0.0968
497142,27,27,0,27,0,27,0,,,,,27,0,27,0,27,0,24.5,0.102,24.5,0.102
497150,27,27,0,27,0,27,0,27,0,27,0,27,0,27,0,27,0,24.6,0.0976,24.6,0.0976
497320,80,80,0,80,0,80,0,80,0,80,0,80,0,80,0,75,0.0667,75,0.0667,72,0.111
497877,30.6,30.6,0,30.6,0,30.6,0,30.6,0,30.6,0,30.6,0,30.6,0,30.6,0,23,0.33,20.5,0.493
498250,,,,,,,,,,,,,,,,,,,,,
498750,,,,,,,,,,,,,,,,,,,,,
499331,14,14,0,14,0,14,0,14,0,14,0,14,0,,,14,0,11.5,0.217,11.5,0.217
499501,170,170,0,170,0,170,0,170,0,170,0,205,-0.171,205,-0.171,205,-0.171,125,0.359,,
500262,54.9,54.9,0,54.9,0,,,,,,,,,,,,,,,,
500263,46.9,46.9,0,46.9,0,46.9,0,46.9,0,,,,,,,,,,,,
500264,49.9,49.9,0,49.9,0,49.9,0,,,,,,,,,,,,,,
500265,55,,,,,,,,,,,,,,,,,,,,
500268,49.9,49.9,0,49.9,0,49.9,0,,,,,,,,,,,,,,
500270,49.9,49.9,0,49.9,0,49.9,0,49.9,0,,,,,,,,,,,,
500272,46.9,46.9,0,46.9,0,46.9,0,,,,,,,,,,,,,,
500273,49.9,49.9,0,,,,,,,,,,,,,,,,,,
500278,34.9,,,,,,,,,,,,,,,,,,,,
500279,34.9,34.9,0,34.9,0,34.9,0,,,,,,,,,,,,,,
500281,34.9,34.9,0,34.9,0,34.9,0,34.9,0,,,,,,,,,,,,
500288,29.9,29.9,0,,,,,,,,,,,,,,,,,,
500289,53.9,53.9,0,53.9,0,53.9,0,,,,,,,,,,,,,,
500292,48.9,48.9,0,48.9,0,48.9,0,48.9,0,,,,,,,,,,,,
500364,,,,,,,,,,,,,,,,,,,,,
500372,,,,,,,,,,,,,,,,,,,,,
500771,6,6,0,6,0,6,0,,,,,,,,,,,,,,
501087,,,,,,,,,,,,,,,,,,,,,
501510,145,145,0,145,0,145,0,145,0,145,0,145,0,145,0,145,0,83,0.747,83,0.747
501717,25,25,0,25,0,25,0,25,0,,,25,0,25,0,25,0,,,22,0.136
501718,25,25,0,25,0,25,0,25,0,,,25,0,25,0,25,0,,,22,0.136
501720,35,35,0,35,0,35,0,35,0,35,0,,,35,0,35,0,30,0.167,,
501775,12.5,12.5,0,12.5,0,12.5,0,12.5,0,12.5,0,12.5,0,12.5,0,12.5,0,8.6,0.453,8.6,0.453
501832,353,353,0,353,0,353,0,353,0,353,0,353,0,353,0,441,-0.2,285,0.238,254,0.388
502039,29.3,29.3,0,29.3,0,29.3,0,34.4,-0.148,34.4,-0.148,32,-0.0844,39.5,-0.258,39.5,-0.258,30,-0.0233,26.2,0.118
502605,108,108,0,108,0,,,108,0,108,0,108,0,108,0,108,0,70,0.543,,
502620,382,382,0,382,0,382,0,382,0,,,382,0,,,,,,,,
502630,71.8,71.8,0,71.8,0,71.8,0,71.8,0,71.8,0,60,0.197,71.8,0,71.8,0,51.5,0.394,50,0.436
502638,45,45,0,45,0,45,0,45,0,45,0,45,0,45,0,45,0,36.3,0.24,,
502640,30.3,30.3,0,30.3,0,30.3,0,30.3,0,30.3,0,,,,,,,,,,
502648,45,45,0,45,0,45,0,45,0,45,0,,,,,,,,,,
502649,30.3,30.3,0,30.3,0,30.3,0,30.3,0,30.3,0,,,,,30.3,0,24.3,0.247,,
502651,24.5,24.5,0,24.5,0,24.5,0,24.5,0,24.5,0,24.5,0,24.5,0,24.5,0,,,15.5,0.581
502672,26.2,26.2,0,26.2,0,26.2,0,26.2,0,26.2,0,26.2,0,26.2,0,26.2,0,18.3,0.432,17.7,0.48
502673,26.3,26.3,0,26.3,0,26.3,0,26.3,0,26.3,0,26.3,0,26.3,0,26.3,0,18.3,0.437,17.7,0.486
502694,,,,,,,,,,,,,,,,,,,,,
502695,,,,,,,,,,,,,,,,,,,,,
502740,,,,,,,,,,,,,,,,,,,,,
502952,25,25,0,25,0,25,0,25,0,25,0,25,0,25,0,,,,,,
502960,18.5,18.5,0,18.5,0,18.5,0,18.5,0,18.5,0,18.5,0,18.5,0,18.5,0,,,,
503401,84,84,0,84,0,84,0,84,0,84,0,84,0,84,0,120,-0.3,82.3,0.0207,66.9,0.256
503681,6.5,6.5,0,6.5,0,6.5,0,6.5,0,6.5,0,6.5,0,5.9,0.102,5.9,0.102,5,0.3,,
503690,5,5,0,5,0,5,0,5,0,5,0,,,,,4.5,0.111,4.5,0.111,4.5,0.111
503720,,,,,,,,,,,,,,,,,,,,,
504270,,,,,,,,,,,,,,,,,,,,,
504396,34,34,0,34,0,34,0,34,0,34,0,34,0,34,0,34,0,27,0.259,25,0.36
504487,99.9,99.9,0,99.9,0,99.9,0,99.9,0,99.9,0,99.9,0,99.9,0,99.9,0,,,,
504513,,,,,,,,,,,,,,,,,,,,,
504877,24.5,24.5,0,24.5,0,24.5,0,24.5,0,24.5,0,24.5,0,24.5,0,19.5,0.256,,,,
504879,25,25,0,25,0,25,0,25,0,25,0,25,0,25,0,18.3,0.366,,,,
505170,,,,,,,,,,,,,,,,,,,,,
505560,10.5,10.5,0,10.5,0,10.5,0,10.5,0,10.5,0,10.5,0,10.5,0,5.7,0.842,5.7,0.842,5.7,0.842
505579,11.8,11.8,0,11.8,0,11.8,0,11.8,0,11.8,0,11.8,0,11.8,0,11.8,0,11.8,0,11.8,0
506023,,,,,,,,,,,,,,,,,,,,,
506040,22.7,22.7,0,22.7,0,22.7,0,22.7,0,18,0.261,22.7,0,22.7,0,22.7,0,18.5,0.227,18.2,0.247
506061,29,29,0,29,0,29,0,29,0,29,0,29,0,29,0,29,0,19.5,0.487,,
506062,,,,,,,,,,,,,,,,,,,,,
506063,14,14,0,14,0,14,0,14,0,14,0,14,0,14,0,14,0,11.5,0.217,,
506065,12.5,12.5,0,12.5,0,12.5,0,12.5,0,,,12.5,0,,,11,0.136,8,0.562,,
506066,10,10,0,10,0,10,0,,,,,10,0,,,11,-0.0909,8,0.25,,
506074,16,16,0,16,0,,,16,0,,,16,0,,,16,0,11,0.455,,
506078,,,,,,,,,,,,,,,,,,,,,
506090,20,20,0,20,0,,,,,,,20,0,20,0,20,0,14,0.429,,
506982,35,35,0,35,0,35,0,35,0,35,0,35,0,35,0,35,0,23,0.522,22.5,0.556
507033,,,,,,,,,,,,,,,,,,,,,
507034,43.1,43.1,0,43.1,0,43.1,0,43.1,0,43.1,0,43.1,0,43.1,0,43.1,0,29.6,0.456,25,0.724
507040,,,,,,,,,,,,,,,,,,,,,
507046,22.7,22.7,0,22.7,0,22.7,0,22.7,0,18,0.261,22.7,0,22.7,0,,,18.5,0.227,18.2,0.247
507870,11.3,11.3,0,11.3,0,11.3,0,11.3,0,11.3,0,11.3,0,11.3,0,11.3,0,8.9,0.27,8.9,0.27
507875,11.3,11.3,0,11.3,0,11.3,0,11.3,0,11.3,0,11.3,0,11.3,0,11.3,0,8.9,0.27,8.9,0.27
508144,11.5,11.5,0,11.5,0,11.5,0,11.5,0,11.5,0,11.5,0,11.5,0,9.5,0.211,7,0.643,7,0.643
508225,7.5,7.5,0,7.5,0,7.5,0,7.5,0,7.5,0,7.5,0,7.5,0,7.5,0,6,0.25,6,0.25
508717,400,400,0,400,0,400,0,400,0,400,0,400,0,400,0,399,0.00125,289,0.382,279,0.432
508799,27.9,27.9,0,27.9,0,27.9,0,27.9,0,27.9,0,28.9,-0.0346,32,-0.128,33.9,-0.177,21,0.329,14,0.993
508802,23.9,23.9,0,23.9,0,23.9,0,23.9,0,23.9,0,24.9,-0.0402,27,-0.115,28.5,-0.161,21,0.138,14.5,0.648
508829,24.9,24.9,0,24.9,0,24.9,0,24.9,0,28.5,-0.126,25.5,-0.0235,28.5,-0.126,29.9,-0.167,24,0.0375,15.5,0.606
509000,,,,,,,,,,,,,,,,,,,,,
509060,,,,,,,,,,,,,,,,,,,,,
509064,12,12,0,12,0,12,0,12,0,12,0,12,0,,,12,0,10.5,0.143,9.9,0.212
509083,17.6,17.6,0,17.6,0,17.6,0,17.6,0,18,-0.0222,20,-0.12,20,-0.12,22.6,-0.221,28,-0.371,24.7,-0.287
509087,73.4,73.4,0,73.4,0,73.4,0,73.4,0,73.4,0,73.4,0,73.4,0,79,-0.0709,61.9,0.186,53.6,0.369
509302,64.1,64.1,0,64.1,0,64.1,0,64.1,0,64.1,0,85.3,-0.249,85.3,-0.249,,,56,0.145,50,0.282
509310,107,107,0,107,0,107,0,107,0,107,0,85.9,0.25,85.9,0.25,107,0,72.3,0.485,64.4,0.668
510254,,,,,,,,,,,,,,,,,,,,,
510475,,,,,,,,,,,,,,,,,,,,,
511166,,,,,,,,,,,,,,,,,,,,,
511307,16.5,16.5,0,16.5,0,16.5,0,16.5,0,16.5,0,16.9,-0.0237,20.5,-0.195,20.5,-0.195,15,0.1,12,0.375
511374,130,130,0,130,0,130,0,130,0,130,0,130,0,130,0,75,0.732,75,0.732,75,0.732
511617,55,55,0,55,0,55,0,55,0,52.9,0.0397,52.9,0.0397,52.9,0.0397,52.9,0.0397,46.9,0.173,46.9,0.173
511846,84.9,84.9,0,84.9,0,84.9,0,84.9,0,84.9,0,84.9,0,84.9,0,84.9,0,,,,
511870,60.5,60.5,0,60.5,0,60.5,0,60.5,0,60.5,0,60.5,0,60.5,0,60.5,0,58,0.0431,58,0.0431
511878,,,,,,,,,,,,,,,,,,,,,
513040,25,25,0,25,0,25,0,25,0,25,0,29.5,-0.153,29.5,-0.153,29.5,-0.153,22,0.136,,
513422,,,,,,,,,,,,,,,,,,,,,
513440,44,44,0,44,0,44,0,44,0,44,0,44,0,45.3,-0.0287,54,-0.185,38.7,0.137,35.5,0.239
513458,47.7,47.7,0,47.7,0,47.7,0,47.7,0,47.7,0,47.7,0,53.3,-0.105,58.5,-0.185,41.8,0.141,34.5,0.383
513503,,,,,,,,,,,,,,,,,,,,,
513520,33,33,0,33,0,33,0,33,0,33,0,33,0,37.5,-0.12,40.5,-0.185,,,,
514411,5,5,0,5,0,5,0,5,0,5,0,5,0,5,0,5,0,5,0,5,0
514817,8.8,8.8,0,8.8,0,8.8,0,8.8,0,8.8,0,8.8,0,8.8,0,8.8,0,7.5,0.173,7.5,0.173
515036,27,27,0,27,0,27,0,27,0,27,0,27,0,31.9,-0.154,29,-0.069,,,,
515042,49.9,49.9,0,49.9,0,49.9,0,49.9,0,49.9,0,49.9,0,56,-0.109,50,-0.002,40,0.248,37,0.349
515044,49.9,49.9,0,49.9,0,49.9,0,49.9,0,49.9,0,49.9,0,56,-0.109,50,-0.002,40,0.248,37,0.349
516112,25,25,0,25,0,25,0,25,0,25,0,25,0,25,0,26,-0.0385,19.5,0.282,19.5,0.282
516119,,,,,,,,,,,,,,,,,,,,,
516139,10.5,10.5,0,10.5,0,10.5,0,10.5,0,9,0.167,10.5,0,10.5,0,10.5,0,9.4,0.117,9,0.167
516211,12.5,12.5,0,12.5,0,12.5,0,12.5,0,12.5,0,12.5,0,12.5,0,,,,,,
516236,10,10,0,10,0,10,0,10,0,10,0,10,0,10,0,10,0,10,0,6.2,0.613
516260,40,40,0,40,0,40,0,40,0,40,0,40,0,40,0,45,-0.111,39.9,0.00251,38,0.0526
516287,4.9,4.9,0,4.9,0,4.9,0,4.9,0,4.9,0,4.9,0,4.9,0,4.9,0,4.9,0,4.9,0
516720,,,,,,,,,,,,,,,,,,,,,
516807,25,25,0,25,0,25,0,25,0,25,0,25,0,25,0,25,0,18,0.389,18,0.389
517313,17.5,17.5,0,17.5,0,17.5,0,17.5,0,17.5,0,17.5,0,17.5,0,,,,,12,0.458
517321,23,23,0,23,0,23,0,23,0,23,0,23,0,23,0,23,0,16.5,0.394,14.5,0.586
517330,13.8,13.8,0,13.8,0,13.8,0,13.8,0,13.8,0,13.8,0,13.8,0,,,,,9.5,0.453
517348,,,,,,,,,,,,,,,,,,,,,
517372,79.9,79.9,0,79.9,0,79.9,0,79.9,0,79.9,0,79.9,0,,,81.5,-0.0196,63.6,0.256,58.4,0.368
517976,,,,,,,,,,,,,,,,,,,,,
518004,25,25,0,25,0,25,0,25,0,25,0,,,,,25,0,25,0,25,0
518036,81,81,0,81,0,81,0,81,0,81,0,81,0,81,0,81,0,81,0,81,0
518038,,,,,,,,,,,,,,,,,,,,,
518085,,,,,,,,,,,,,,,,,,,,,
518187,28.9,28.9,0,28.9,0,28.9,0,28.9,0,28.9,0,28.9,0,28.9,0,,,22,0.314,22,0.314
518344,39,39,0,39,0,39,0,39,0,39,0,39,0,39,0,39,0,31.5,0.238,28,0.393
518711,12.5,12.5,0,12.5,0,12.5,0,12.5,0,12.5,0,12.5,0,12.5,0,9,0.389,10.5,0.19,,
518718,125,125,0,125,0,125,0,125,0,125,0,125,0,125,0,125,0,73,0.712,73,0.712
519707,23.5,23.5,0,23.5,0,23.5,0,23.5,0,23.5,0,23.5,0,23.5,0,23.5,0,18.2,0.291,18.2,0.291
519731,125,125,0,125,0,125,0,125,0,125,0,125,0,125,0,109,0.147,109,0.147,85,0.471
519758,158,158,0,158,0,158,0,158,0,158,0,158,0,,,,,,,,
519804,55,55,0,55,0,55,0,55,0,55,0,55,0,55,0,,,41.9,0.313,39,0.41
520300,31.3,31.3,0,31.3,0,31.3,0,31.3,0,31.3,0,,,,,,,,,21.2,0.476
520302,31.3,31.3,0,31.3,0,31.3,0,31.3,0,31.3,0,,,,,31.3,0,,,,
520303,48.7,48.7,0,48.7,0,48.7,0,48.7,0,48.7,0,48.7,0,48.7,0,46.9,0.0384,36,0.353,35.6,0.368
520304,,,,,,,,,,,,,,,,,,,,,
520305,48.7,48.7,0,48.7,0,48.7,0,48.7,0,48.7,0,48.7,0,48.7,0,46.9,0.0384,36,0.353,35.6,0.368
520310,40,40,0,40,0,40,0,40,0,49.9,-0.198,49.9,-0.198,49.9,-0.198,49.9,-0.198,35.5,0.127,27.3,0.465
520314,,,,,,,,,,,,,,,,,,,,,
520315,34.4,34.4,0,34.4,0,34.4,0,34.4,0,34.4,0,34.4,0,34.4,0,27.5,0.251,27.5,0.251,27.5,0.251
520316,,,,,,,,,,,,,,,,,,,,,
520317,,,,,,,,,,,,,,,,,,,,,
520318,,,,,,,,,,,,,,,,,,,,,
520324,26.5,26.5,0,26.5,0,26.5,0,26.5,0,26.5,0,26.5,0,26.5,0,22,0.205,22,0.205,22,0.205
520326,,,,,,,,,,,,,,,,,,,,,
520343,,,,,,,,,,,,,,,,,,,,,
520370,,,,,,,,,,,,,,,,,,,,,
520374,42.4,42.4,0,42.4,0,42.4,0,42.4,0,42.4,0,,,,,43.1,-0.0162,29.6,0.432,25,0.696
520829,49.9,49.9,0,49.9,0,49.9,0,49.9,0,49.9,0,49.9,0,49.9,0,56.9,-0.123,49.9,0,,
521302,31.2,31.2,0,31.2,0,31.2,0,31.2,0,31.2,0,31.2,0,31.2,0,31.2,0,26,0.2,24,0.3
521353,72.2,72.2,0,72.2,0,72.2,0,72.2,0,72.2,0,72.2,0,72.2,0,72.2,0,60.3,0.197,55,0.313
521663,93,93,0,93,0,93,0,93,0,93,0,93,0,88.6,0.0497,83.6,0.112,73.3,0.269,66,0.409
521950,45.9,45.9,0,45.9,0,45.9,0,45.9,0,45.9,0,45.9,0,45.9,0,45.9,0,37.5,0.224,37.5,0.224
522007,,,,,,,,,,,,,,,,,,,,,
522538,6.2,6.2,0,6.2,0,6.2,0,6.2,0,6.2,0,6.2,0,6.2,0,6.2,0,6.2,0,5.5,0.127
522546,16,16,0,16,0,16,0,16,0,16,0,16,0,16,0,16,0,16,0,15,0.0667
522562,9.5,9.5,0,9.5,0,9.5,0,9.5,0,9.5,0,9.5,0,9.5,0,9.5,0,,,8.5,0.118
522600,10,10,0,10,0,10,0,10,0,,,10,0,10,0,10,0,10,0,10,0
523879,25.9,25.9,0,25.9,0,25.9,0,25.9,0,30.9,-0.162,30.9,-0.162,30.9,-0.162,,,19,0.363,18,0.439
524050,316,316,0,316,0,316,0,316,0,316,0,316,0,316,0,451,-0.3,295,0.0708,261,0.212
524387,56.9,56.9,0,56.9,0,56.9,0,,,56.9,0,56.9,0,56.9,0,56.9,0,47.4,0.2,43,0.323
524395,8,8,0,8,0,8,0,8,0,8,0,8,0,8,0,8,0,7,0.143,6.7,0.194
524441,,,,,,,,,,,,,,,,,,,,,
524824,18,18,0,18,0,18,0,18,0,18,0,18,0,,,,,,,,
525464,26.5,26.5,0,26.5,0,26.5,0,30,-0.117,30,-0.117,30,-0.117,30,-0.117,30,-0.117,27.5,-0.0364,23.4,0.132
525847,24,24,0,24,0,24,0,24,0,24,0,24,0,,,,,,,,
527700,150,150,0,150,0,150,0,150,0,150,0,150,0,175,-0.143,175,-0.143,118,0.271,95,0.579
527819,,,,,,,,,,,,,,,,,,,,,
528005,,,,,,,,,,,,,,,,,,,,,
528130,,,,,,,,,,,,,,,,,,,,,
528463,,,,,,,,,,,,,,,,,,,,,
528510,8,8,0,8,0,8,0,8,0,8,0,8,0,8,0,8,0,7.5,0.0667,,
528544,7,7,0,7,0,7,0,7,0,7,0,7,0,7,0,7,0,6.3,0.111,,
528609,7.5,7.5,0,7.5,0,7.5,0,7.5,0,7.5,0,7,0.0714,7,0.0714,7,0.0714,6.5,0.154,6.5,0.154
530110,24,24,0,24,0,24,0,24,0,20,0.2,24,0,,,,,20.5,0.171,20.5,0.171
530111,24,24,0,24,0,24,0,24,0,,,24,0,,,24,0,,,20.5,0.171
530113,24,24,0,24,0,24,0,24,0,24,0,24,0,24,0,24,0,20.5,0.171,20.5,0.171
530252,,,,,,,,,,,,,,,,,,,,,
530621,13.5,13.5,0,,,13.5,0,13.5,0,13.5,0,13.5,0,13.5,0,9.9,0.364,9.9,0.364,9.9,0.364
530905,,,,,,,,,,,,,,,,,,,,,
530948,,,,,,,,,,,,,,,,,,,,,
532312,,,,,,,,,,,,,,,,,,,,,
532320,,,,,,,,,,,,,,,,,,,,,
532339,,,,,,,,,,,,,,,,,,,,,
532347,,,,,,,,,,,,,,,,,,,,,
532355,,,,,,,,,,,,,,,,,,,,,
532371,,,,,,,,,,,,,,,,,,,,,
532886,,,,,,,,,,,,,,,,,,,,,
534285,17.5,17.5,0,17.5,0,17.5,0,17.5,0,17.5,0,17.5,0,19.9,-0.121,21.5,-0.186,15.3,0.144,14,0.25
534609,22,22,0,22,0,22,0,22,0,22,0,22,0,22,0,13.5,0.63,13.5,0.63,13.5,0.63
534617,22,22,0,22,0,22,0,22,0,22,0,22,0,22,0,13.5,0.63,13.5,0.63,,
534625,,,,,,,,,,,,,,,,,,,,,
534633,,,,,,,,,,,,,,,,,,,,,
534641,,,,,,,,,,,,,,,,,,,,,
534668,,,,,,,,,,,,,,,,,,,,,
534714,7.5,7.5,0,7.5,0,7.5,0,7.5,0,7.5,0,7.5,0,7.5,0,7.5,0,7.5,0,7.5,0
535192,,,,,,,,,,,,,,,,,,,,,
535216,12.9,12.9,0,12.9,0,12.9,0,12.9,0,12.9,0,,,,,,,,,,
536210,,,,,,,,,,,,,,,,,,,,,
536849,25.6,25.6,0,25.6,0,25.6,0,25.6,0,22,0.164,25.6,0,25.6,0,25.6,0,17.6,0.455,15.5,0.652
537012,39.8,39.8,0,39.8,0,39.8,0,39.8,0,39.8,0,34,0.171,,,,,,,33.2,0.199
537020,45.9,45.9,0,45.9,0,45.9,0,,,45.9,0,,,,,51,-0.1,45.3,0.0132,41.7,0.101
537438,,,,,,,,,,,,,,,,,,,,,
537470,10.5,10.5,0,10.5,0,10.5,0,10.5,0,10.5,0,10.5,0,10.5,0,8.5,0.235,8.5,0.235,8.5,0.235
537803,25.5,25.5,0,25.5,0,25.5,0,37,-0.311,37,-0.311,36.9,-0.309,36.9,-0.309,36.9,-0.309,28.8,-0.115,26.8,-0.0485
538221,28,28,0,28,0,28,0,28,0,28,0,28,0,28,0,28,0,25,0.12,25,0.12
539198,138,138,0,138,0,138,0,138,0,138,0,138,0,129,0.0721,121,0.145,97.4,0.42,,
539260,184,184,0,184,0,184,0,184,0,184,0,193,-0.0492,180,0.0166,169,0.0877,,,,
539708,,,,,,,,,,,,,,,,,,,,,
539830,24,24,0,24,0,24,0,24,0,24,0,24,0,24,0,24,0,,,18.5,0.297
539848,32.5,32.5,0,32.5,0,32.5,0,32.5,0,32.5,0,32.5,0,32.5,0,32.5,0,27,0.204,25,0.3
539970,26.4,26.4,0,26.4,0,26.4,0,26.4,0,26.4,0,26.4,0,26.4,0,26.4,0,22,0.2,20,0.32
540161,72.2,72.2,0,72.2,0,72.2,0,72.2,0,72.2,0,72.2,0,,,72.2,0,60.3,0.197,55,0.313
540188,63.4,63.4,0,63.4,0,63.4,0,63.4,0,63.4,0,63.4,0,63.4,0,63.4,0,52.8,0.201,48,0.321
540250,15.4,15.4,0,15.4,0,15.4,0,15.4,0,15.4,0,15.4,0,15.4,0,18.5,-0.168,11.6,0.328,10.5,0.467
540269,14.5,14.5,0,14.5,0,14.5,0,14.5,0,14.5,0,14.5,0,15.4,-0.0584,18.5,-0.216,11.6,0.25,10.5,0.381
540439,28.1,28.1,0,28.1,0,28.1,0,28.1,0,28.1,0,28.1,0,28.1,0,28.1,0,21,0.338,21,0.338
540455,28.9,28.9,0,28.9,0,28.9,0,28.9,0,28.9,0,30.6,-0.0556,30.6,-0.0556,,,,,,
540463,27.9,27.9,0,27.9,0,27.9,0,27.9,0,27.9,0,29.4,-0.051,29.4,-0.051,29.4,-0.051,,,,
540471,,,,,,,,,,,,,,,,,,,,,
540480,,,,,,,,,,,,,,,,,,,,,
540498,58.7,58.7,0,58.7,0,58.7,0,58.7,0,58.7,0,58.7,0,58.7,0,58.7,0,39,0.505,39,0.505
540501,56.1,56.1,0,56.1,0,56.1,0,56.1,0,56.1,0,56.1,0,56.1,0,56.1,0,38,0.476,38,0.476
540528,42.5,42.5,0,42.5,0,42.5,0,42.5,0,42.5,0,42.5,0,42.5,0,42.5,0,26,0.635,26,0.635
540544,28.1,28.1,0,28.1,0,28.1,0,28.1,0,28.1,0,28.1,0,28.1,0,28.1,0,21,0.338,21,0.338
540745,28,28,0,28,0,28,0,28,0,28,0,28,0,28,0,,,22.5,0.244,21,0.333
540746,28.1,28.1,0,28.1,0,28.1,0,28.1,0,28.1,0,28.1,0,28.1,0,28.1,0,23.2,0.211,20.5,0.371
540749,,,,,,,,,,,,,,,,,,,,,
540757,,,,,,,,,,,,,,,,,,,,,
540765,,,,,,,,,,,,,,,,,,,,,
540900,17.8,17.8,0,17.8,0,17.8,0,17.8,0,17.8,0,17.8,0,17.8,0,17.8,0,15.9,0.119,14,0.271
540919,84.9,84.9,0,84.9,0,84.9,0,84.9,0,84.9,0,84.9,0,84.9,0,81.5,0.0417,75.5,0.125,71,0.196
540927,15.9,15.9,0,15.9,0,15.9,0,15.9,0,15.9,0,15.9,0,15.9,0,15,0.06,15,0.06,12.7,0.252
540932,42.5,42.5,0,42.5,0,42.5,0,42.5,0,42.5,0,,,,,34,0.25,,,,
540935,78.5,78.5,0,78.5,0,78.5,0,78.5,0,78.5,0,78.5,0,78.5,0,78.5,0,73.9,0.0622,56.9,0.38
540951,9.5,9.5,0,9.5,0,9.5,0,9.5,0,9.5,0,9.5,0,9.5,0,9.5,0,6.5,0.462,5,0.9
541079,10.9,10.9,0,10.9,0,10.9,0,10.9,0,10.9,0,10.5,0.0381,10.5,0.0381,10.5,0.0381,10.5,0.0381,10.5,0.0381
541087,19.5,19.5,0,19.5,0,19.5,0,19.5,0,19.5,0,19.5,0,22,-0.114,25.5,-0.235,17,0.147,15.3,0.275
541223,12,12,0,12,0,12,0,12,0,12,0,12,0,12,0,12,0,12,0,12,0
542115,134,134,0,134,0,134,0,134,0,,,134,0,134,0,95,0.411,95,0.411,90,0.489
542116,134,134,0,134,0,134,0,134,0,134,0,134,0,134,0,95,0.411,95,0.411,90,0.489
542210,,,,,,,,,,,,,,,,,,,,,
542246,13.5,13.5,0,13.5,0,13.5,0,13.5,0,13.5,0,13.5,0,13.5,0,13.5,0,11,0.227,10,0.35
542288,16.5,16.5,0,16.5,0,16.5,0,16.5,0,16.5,0,16.5,0,16.5,0,,,,,,
542320,41.5,41.5,0,41.5,0,41.5,0,41.5,0,41.5,0,41.5,0,41.5,0,41.5,0,32.5,0.277,32.5,0.277
542412,,,,,,,,,,,,,,,,,,,,,
543661,89.3,89.3,0,89.3,0,89.3,0,89.3,0,89.3,0,89.3,0,89.3,0,89.3,0,72.5,0.232,62.5,0.429
543673,20.9,20.9,0,20.9,0,20.9,0,20.9,0,20.9,0,20.9,0,20.9,0,20.9,0,17.1,0.222,17.1,0.222
543676,21.9,21.9,0,21.9,0,21.9,0,21.9,0,21.9,0,21.9,0,21.9,0,21.9,0,14.5,0.51,16.9,0.296
543677,20.9,20.9,0,20.9,0,20.9,0,20.9,0,20.9,0,20.9,0,20.9,0,20.9,0,16.9,0.237,,
543678,20.9,20.9,0,20.9,0,20.9,0,20.9,0,20.9,0,20.9,0,20.9,0,20.9,0,17.1,0.222,17.1,0.222
543690,,,,,,,,,,,,,,,,,,,,,
543692,,,,,,,,,,,,,,,,,,,,,
543693,24.3,24.3,0,24.3,0,24.3,0,24.3,0,24.3,0,22.1,0.0995,24.3,0,24.3,0,16.9,0.438,15.7,0.548
543694,16.2,16.2,0,16.2,0,16.2,0,16.2,0,16.2,0,16.2,0,16.2,0,16.2,0,11.3,0.434,11.3,0.434
543707,21.2,21.2,0,21.2,0,21.2,0,21.2,0,21.2,0,21.2,0,21.2,0,21.2,0,14.8,0.432,14.8,0.432
544310,,,,,,,,,,,,,,,,,,,,,
544329,71,71,0,71,0,71,0,71,0,60,0.183,71,0,71,0,,,,,34,1.09
544337,95,95,0,95,0,95,0,95,0,80.7,0.177,94.9,0.00105,94.9,0.00105,70,0.357,,,,
544418,60,60,0,60,0,60,0,60,0,60,0,71,-0.155,71,-0.155,52.5,0.143,,,,
544434,60,60,0,60,0,60,0,60,0,60,0,71,-0.155,71,-0.155,52.5,0.143,,,34,0.765
544450,80.7,80.7,0,80.7,0,80.7,0,80.7,0,80.7,0,94.9,-0.15,94.9,-0.15,70,0.153,,,44,0.834
544493,82,82,0,82,0,82,0,82,0,83,-0.012,83,-0.012,83,-0.012,61.3,0.338,42.3,0.939,39.5,1.08
544540,,,,,,,,,,,,,,,,,,,,,
544558,3.6,3.6,0,3.6,0,3.6,0,3.6,0,3.6,0,3.6,0,3.6,0,3.6,0,3.6,0,3.6,0
544647,6.5,6.5,0,6.5,0,6.5,0,6.5,0,6.5,0,6.5,0,6.5,0,,,,,,
544736,55.9,55.9,0,55.9,0,55.9,0,59.4,-0.0589,59.4,-0.0589,59.4,-0.0589,59.4,-0.0589,64.5,-0.133,51,0.0961,43.4,0.288
544752,34.8,34.8,0,34.8,0,34.8,0,36.8,-0.0543,36.8,-0.0543,36.8,-0.0543,36.8,-0.0543,40,-0.13,31,0.123,28.4,0.225
544760,34.8,34.8,0,34.8,0,34.8,0,36.8,-0.0543,36.8,-0.0543,36.8,-0.0543,36.8,-0.0543,40,-0.13,31,0.123,28.4,0.225
545090,19.4,19.4,0,19.4,0,19.4,0,19.4,0,19.4,0,18.8,0.0319,18.8,0.0319,,,17.5,0.109,17.5,0.109
545104,23,23,0,23,0,23,0,23,0,23,0,22.5,0.0222,22.5,0.0222,,,21,0.0952,21,0.0952
545465,60,60,0,60,0,60,0,60,0,60,0,71,-0.155,71,-0.155,52.5,0.143,,,34,0.765
545481,,,,,,,,,,,,,,,,,,,,,
545538,108,108,0,108,0,108,0,108,0,108,0,,,108,0,90,0.2,62.5,0.728,59.5,0.815
545694,26.5,26.5,0,26.5,0,26.5,0,26.5,0,26.5,0,26.5,0,26.5,0,26.5,0,21.5,0.233,19.5,0.359
546020,,,,,,,,,,,,,,,,,,,,,
547743,49.9,49.9,0,49.9,0,49.9,0,49.9,0,49.9,0,49.9,0,,,,,,,,
547751,,,,,,,,,,,,,,,,,,,,,
547778,25.2,25.2,0,25.2,0,25.2,0,25.2,0,21.4,0.178,25.3,-0.00395,25.3,-0.00395,24.7,0.0202,20.6,0.223,18,0.4
549516,,,,,,,,,,,,,,,,,,,,,
550002,,,,,,,,,,,,,,,,,,,,,
550003,,,,,,,,,,,,,,,,,,,,,
550004,,,,,,,,,,,,,,,,,,,,,
550005,,,,,,,,,,,,,,,,,,,,,
550008,,,,,,,,,,,,,,,,,,,,,
550031,,,,,,,,,,,,,,,,,,,,,
550067,,,,,,,,,,,,,,,,,,,,,
550069,21.5,21.5,0,21.5,0,21.5,0,21.5,0,21.5,0,21.5,0,21.5,0,19,0.132,17.5,0.229,17.5,0.229
550070,21.5,21.5,0,,,21.5,0,21.5,0,21.5,0,21.5,0,21.5,0,19,0.132,17.5,0.229,17.5,0.229
550073,,,,,,,,,,,,,,,,,,,,,
550074,170,170,0,170,0,170,0,170,0,170,0,170,0,170,0,170,0,,,,
550081,,,,,,,,,,,,,,,,,,,,,
550084,24.5,24.5,0,24.5,0,24.5,0,24.5,0,24.5,0,24.5,0,24.5,0,,,,,,
550085,24.5,24.5,0,24.5,0,24.5,0,24.5,0,24.5,0,24.5,0,24.5,0,,,,,,
550087,,,,,,,,,,,,,,,,,,,,,
550088,,,,,,,,,,,,,,,,,,,,,
550089,,,,,,,,,,,,,,,,,,,,,
550090,399,399,0,399,0,399,0,399,0,399,0,399,0,399,0,,,269,0.483,256,0.559
550091,435,435,0,435,0,435,0,435,0,435,0,435,0,619,-0.297,619,-0.297,459,-0.0523,369,0.179
550092,739,739,0,739,0,739,0,739,0,739,0,739,0,739,0,739,0,559,0.322,495,0.493
550093,349,349,0,349,0,349,0,349,0,349,0,349,0,349,0,349,0,235,0.485,220,0.586
550095,259,259,0,259,0,259,0,259,0,315,-0.178,315,-0.178,,,,,,,,
550097,48.9,48.9,0,48.9,0,48.9,0,48.9,0,48.9,0,48.9,0,,,,,,,,
550100,,,,,,,,,,,,,,,,,,,,,
550101,,,,,,,,,,,,,,,,,,,,,
550102,20.5,20.5,0,20.5,0,20.5,0,20.5,0,20.5,0,20.5,0,20.5,0,23.5,-0.128,16,0.281,14.5,0.414
550104,6.9,6.9,0,6.9,0,6.9,0,6.9,0,6.9,0,,,,,,,,,,
550109,27,27,0,27,0,27,0,27,0,27,0,27,0,27,0,24.9,0.0843,21,0.286,21,0.286
550110,39,39,0,39,0,39,0,39,0,39,0,39,0,39,0,32.9,0.185,29,0.345,29,0.345
550111,27,27,0,,,27,0,27,0,27,0,27,0,27,0,24.9,0.0843,21,0.286,21,0.286
550117,,,,,,,,,,,,,,,,,,,,,
550118,20.5,20.5,0,20.5,0,20.5,0,20.5,0,20.5,0,20.5,0,20.5,0,18,0.139,10.9,0.881,10.9,0.881
550119,7.5,7.5,0,7.5,0,7.5,0,7.5,0,7.5,0,7.5,0,7.5,0,7.5,0,6.2,0.21,6.2,0.21
550120,,,,,,,,,,,,,,,,,,,,,
550121,22.5,22.5,0,22.5,0,22.5,0,22.5,0,22.5,0,22.5,0,22.5,0,15.5,0.452,15.5,0.452,15.5,0.452
550122,,,,,,,,,,,,,,,,,,,,,
550123,56.5,56.5,0,56.5,0,56.5,0,56.5,0,56.5,0,56.5,0,56.5,0,56.5,0,30,0.883,30,0.883
550125,57,57,0,57,0,57,0,57,0,57,0,57,0,57,0,57,0,30.5,0.869,30.5,0.869
550126,18.5,18.5,0,18.5,0,18.5,0,18.5,0,18.5,0,18.5,0,18.5,0,18.5,0,15.5,0.194,15.5,0.194
550127,32.5,32.5,0,32.5,0,32.5,0,32.5,0,32.5,0,32.5,0,32.5,0,32.5,0,25.8,0.26,25.8,0.26
550129,21,21,0,21,0,21,0,21,0,21,0,21,0,21,0,21,0,13.2,0.591,13.2,0.591
550130,9.5,9.5,0,9.5,0,9.5,0,9.5,0,9.5,0,9.5,0,9.5,0,9.5,0,8.2,0.159,8.2,0.159
550131,46.5,46.5,0,46.5,0,46.5,0,46.5,0,46.5,0,46.5,0,46.5,0,46.5,0,35,0.329,35,0.329
550133,7.2,7.2,0,7.2,0,7.2,0,7.2,0,7.2,0,7.2,0,7.2,0,7.2,0,7.2,0,7.2,0
550134,22,22,0,22,0,22,0,22,0,22,0,22,0,22,0,22,0,18.5,0.189,18.5,0.189
550135,36.8,36.8,0,36.8,0,36.8,0,36.8,0,36.8,0,36.8,0,36.8,0,36.8,0,36.8,0,36.8,0
550136,34.5,34.5,0,34.5,0,34.5,0,34.5,0,34.5,0,34.5,0,34.5,0,30.5,0.131,27.5,0.255,27.5,0.255
550137,16.8,16.8,0,16.8,0,16.8,0,16.8,0,16.8,0,16.8,0,,,16.8,0,16.8,0,16.8,0
550138,21,21,0,21,0,21,0,21,0,21,0,21,0,21,0,21,0,16.8,0.25,16.8,0.25
550139,21,21,0,21,0,21,0,21,0,21,0,21,0,21,0,21,0,19,0.105,,
550141,68.5,68.5,0,68.5,0,68.5,0,68.5,0,68.5,0,68.5,0,68.5,0,63,0.0873,49,0.398,44,0.557
550142,21,21,0,21,0,21,0,21,0,21,0,21,0,21,0,19,0.105,15.5,0.355,13.5,0.556
550143,,,,,,,,,,,,,,,,,,,,,
550145,18.5,18.5,0,18.5,0,18.5,0,18.5,0,18.5,0,18.5,0,18.5,0,18.5,0,15.5,0.194,15.5,0.194
550146,24,24,0,24,0,24,0,24,0,24,0,24,0,24,0,24,0,23,0.0435,23,0.0435
550147,9.5,9.5,0,9.5,0,9.5,0,9.5,0,9.5,0,9.5,0,9.5,0,9.5,0,8,0.188,,
550148,23.5,23.5,0,23.5,0,23.5,0,23.5,0,23.5,0,23.5,0,23.5,0,23.5,0,19,0.237,19,0.237
550149,9.5,9.5,0,9.5,0,9.5,0,9.5,0,9.5,0,9.5,0,9.5,0,9.5,0,8,0.188,8,0.188
550150,23.5,23.5,0,23.5,0,23.5,0,23.5,0,23.5,0,23.5,0,23.5,0,23.5,0,19,0.237,19,0.237
550151,34,34,0,34,0,34,0,34,0,34,0,34,0,34,0,34,0,26.5,0.283,26.5,0.283
550152,17,17,0,17,0,17,0,17,0,17,0,17,0,17,0,17,0,15,0.133,15,0.133
550153,17,17,0,17,0,17,0,17,0,17,0,17,0,17,0,17,0,15,0.133,15,0.133
550154,17,17,0,17,0,,,17,0,17,0,17,0,17,0,17,0,15,0.133,15,0.133
550155,17,17,0,17,0,17,0,17,0,17,0,17,0,17,0,17,0,15,0.133,15,0.133
550156,17,17,0,17,0,17,0,17,0,17,0,17,0,17,0,17,0,15,0.133,15,0.133
550157,24,24,0,24,0,24,0,24,0,24,0,24,0,24,0,24,0,24,0,,
550158,5.2,5.2,0,5.2,0,5.2,0,5.2,0,5.2,0,5.2,0,5.2,0,5.2,0,5.2,0,5.2,0
550160,13,13,0,13,0,13,0,13,0,,,13,0,13,0,12.5,0.04,10.5,0.238,9,0.444
550161,4.6,4.6,0,4.6,0,4.6,0,4.6,0,4.6,0,,,4.6,0,4.6,0,4.6,0,4.6,0
550162,6,6,0,6,0,6,0,6,0,6,0,6,0,6,0,6,0,6,0,6,0
550163,3.5,3.5,0,3.5,0,3.5,0,3.5,0,3.5,0,3.5,0,3.5,0,3.5,0,3.5,0,3.5,0
550168,10.5,10.5,0,10.5,0,10.5,0,10.5,0,10.5,0,10.5,0,10.5,0,,,10,0.05,,
550169,10.5,10.5,0,10.5,0,10.5,0,10.5,0,10.5,0,10.5,0,10.5,0,9.5,0.105,6.2,0.694,6.2,0.694
550170,6,6,0,6,0,6,0,6,0,6,0,6,0,6,0,6,0,,,5.5,0.0909
550171,10.5,10.5,0,10.5,0,10.5,0,10.5,0,10.5,0,10.5,0,10.5,0,9.5,0.105,6.2,0.694,,
550180,39,39,0,39,0,39,0,39,0,39,0,39,0,39,0,32.9,0.185,29,0.345,29,0.345
550181,,,,,,,,,,,,,,,,,,,,,
550182,11.5,11.5,0,11.5,0,11.5,0,11.5,0,11.5,0,,,,,9,0.278,8.4,0.369,7.6,0.513
550185,,,,,,,,,,,,,,,,,,,,,
550187,,,,,,,,,,,,,,,,,,,,,
550190,15.5,15.5,0,15.5,0,15.5,0,15.5,0,15.5,0,15.5,0,15.5,0,15.5,0,14,0.107,14,0.107
550192,15.5,15.5,0,15.5,0,15.5,0,15.5,0,15.5,0,15.5,0,15.5,0,15.5,0,13.5,0.148,13.5,0.148
550193,15.5,15.5,0,15.5,0,15.5,0,15.5,0,15.5,0,15.5,0,15.5,0,15.5,0,14,0.107,14,0.107
550194,15.5,15.5,0,15.5,0,15.5,0,15.5,0,15.5,0,15.5,0,15.5,0,15,0.0333,13.5,0.148,13.5,0.148
550196,,,,,,,,,,,,,,,,,,,,,
550197,,,,,,,,,,,,,,,,,,,,,
550198,,,,,,,,,,,,,,,,,,,,,
550199,,,,,,,,,,,,,,,,,,,,,
550200,45,45,0,45,0,45,0,45,0,45,0,45,0,45,0,45,0,30,0.5,25,0.8
550201,,,,,,,,,,,,,,,,,,,,,
550202,,,,,,,,,,,,,,,,,,,,,
550203,,,,,,,,,,,,,,,,,,,,,
550204,32,32,0,32,0,,,,,,,,,,,,,23.5,0.362,,
550206,51.5,51.5,0,51.5,0,51.5,0,51.5,0,51.5,0,51.5,0,51.5,0,,,36.5,0.411,,
550207,,,,,,,,,,,,,,,,,,,,,
550208,13.9,13.9,0,13.9,0,13.9,0,13.9,0,,,13.9,0,13.9,0,13.9,0,10.5,0.324,10.5,0.324
550209,9.5,9.5,0,9.5,0,9.5,0,9.5,0,9.5,0,9.5,0,9.5,0,9.5,0,9.5,0,9.5,0
550210,22.5,22.5,0,22.5,0,22.5,0,22.5,0,22.5,0,22.5,0,22.5,0,22.5,0,22.5,0,,
550211,10.9,10.9,0,10.9,0,10.9,0,10.9,0,10.9,0,10.9,0,10.9,0,10.9,0,10,0.09,10,0.09
550212,12,12,0,12,0,12,0,12,0,12,0,12,0,12,0,12,0,12,0,12,0
550214,20,20,0,20,0,20,0,20,0,20,0,20,0,20,0,,,,,,
550215,52.5,52.5,0,52.5,0,52.5,0,52.5,0,52.5,0,52.5,0,52.5,0,,,43.5,0.207,43.5,0.207
550216,31,31,0,31,0,31,0,31,0,31,0,31,0,31,0,22.9,0.354,22.9,0.354,22.9,0.354
550217,13.5,13.5,0,13.5,0,13.5,0,13.5,0,,,13.5,0,13.5,0,10.5,0.286,10.5,0.286,10.5,0.286
550218,7.9,7.9,0,7.9,0,7.9,0,7.9,0,7.9,0,7.9,0,7.9,0,7.9,0,7.9,0,7.9,0
550219,54,54,0,54,0,54,0,54,0,54,0,54,0,54,0,,,46,0.174,46,0.174
550235,7.8,7.8,0,7.8,0,7.8,0,7.8,0,7.8,0,7.8,0,7.8,0,6,0.3,5.5,0.418,5.5,0.418
550236,6.7,6.7,0,6.7,0,6.7,0,6.7,0,6.7,0,6.7,0,6.7,0,6.7,0,5,0.34,5,0.34
550237,7.8,7.8,0,7.8,0,7.8,0,7.8,0,7.8,0,7.8,0,7.8,0,6.2,0.258,6,0.3,6,0.3
550238,6.9,6.9,0,6.9,0,6.9,0,6.9,0,6.9,0,6.9,0,6.9,0,6.9,0,5.5,0.255,5.5,0.255
550239,21.5,21.5,0,21.5,0,21.5,0,21.5,0,21.5,0,21.5,0,21.5,0,21.5,0,21.5,0,21.5,0
550240,22,22,0,22,0,22,0,22,0,22,0,22,0,22,0,22,0,22,0,22,0
550241,8.5,8.5,0,8.5,0,8.5,0,8.5,0,8.5,0,8.5,0,8.5,0,8.5,0,7,0.214,7,0.214
550242,33,33,0,33,0,33,0,33,0,33,0,33,0,33,0,33,0,33,0,33,0
550243,11.5,11.5,0,11.5,0,11.5,0,11.5,0,11.5,0,11.5,0,11.5,0,11.5,0,10,0.15,10,0.15
550244,5.8,5.8,0,5.8,0,5.8,0,5.8,0,5.8,0,5.8,0,5.8,0,5.8,0,5.6,0.0357,5.6,0.0357
550245,3,3,0,3,0,3,0,3,0,3,0,3,0,3,0,3,0,2.9,0.0345,2.9,0.0345
550246,7,7,0,7,0,7,0,7,0,7,0,7,0,7,0,7,0,,,5.5,0.273
550247,23.2,23.2,0,23.2,0,23.2,0,23.2,0,23.2,0,23.2,0,23.2,0,23.2,0,23.2,0,23.2,0
550248,8.9,8.9,0,8.9,0,8.9,0,8.9,0,8.9,0,8.9,0,8.9,0,8.9,0,8.9,0,8.9,0
550249,21,21,0,21,0,21,0,21,0,21,0,21,0,21,0,21,0,13,0.615,13,0.615
550250,56.5,56.5,0,56.5,0,56.5,0,56.5,0,56.5,0,56.5,0,56.5,0,56.5,0,30,0.883,30,0.883
550251,57,57,0,57,0,57,0,57,0,57,0,57,0,57,0,57,0,30,0.9,30,0.9
550252,9.9,9.9,0,9.9,0,9.9,0,9.9,0,9.9,0,9.9,0,9.9,0,9.9,0,9.9,0,9.9,0
550253,10,10,0,10,0,10,0,10,0,10,0,10,0,10,0,10,0,10,0,10,0
550254,10,10,0,10,0,10,0,10,0,10,0,10,0,10,0,10,0,10,0,10,0
550255,10,10,0,10,0,10,0,10,0,10,0,10,0,10,0,10,0,10,0,10,0
550257,10,10,0,10,0,10,0,10,0,10,0,10,0,10,0,10,0,10,0,,
550258,10,10,0,10,0,10,0,10,0,10,0,10,0,10,0,10,0,10,0,10,0
550259,10,10,0,10,0,10,0,10,0,10,0,10,0,10,0,10,0,10,0,10,0
550260,14,14,0,14,0,14,0,14,0,14,0,14,0,14,0,14,0,11.9,0.176,11.9,0.176
550268,,,,,,,,,,,,,,,,,,,,,
550270,,,,,,,,,,,,,,,,,,,,,
550274,,,,,,,,,,,,,,,,,,,,,
550276,10.5,10.5,0,10.5,0,10.5,0,10.5,0,10.5,0,13,-0.192,13,-0.192,13,-0.192,10,0.05,10,0.05
550277,10.5,10.5,0,10.5,0,10.5,0,10.5,0,10.5,0,13,-0.192,13,-0.192,13,-0.192,10,0.05,10,0.05
550278,36,36,0,36,0,36,0,36,0,36,0,36,0,36,0,36,0,27.5,0.309,19,0.895
550282,51.9,51.9,0,51.9,0,51.9,0,51.9,0,51.9,0,51.9,0,,,,,,,,
550283,43.8,43.8,0,43.8,0,43.8,0,43.8,0,43.8,0,43.8,0,43.8,0,43.8,0,31.9,0.373,18.9,1.32
550298,175,175,0,175,0,175,0,175,0,,,,,,,,,,,139,0.258
550307,29.5,29.5,0,29.5,0,29.5,0,29.5,0,29.5,0,,,33.5,-0.119,33.5,-0.119,33.5,-0.119,28.5,0.0351
550308,29.5,29.5,0,29.5,0,29.5,0,29.5,0,29.5,0,33.5,-0.119,33.5,-0.119,33.5,-0.119,30,-0.0167,30,-0.0167
550309,33.5,33.5,0,33.5,0,33.5,0,33.5,0,33.5,0,33.5,0,33.5,0,33.5,0,30,0.117,30,0.117
550311,33.5,33.5,0,33.5,0,33.5,0,33.5,0,33.5,0,33.5,0,33.5,0,33.5,0,30,0.117,30,0.117
550312,18.5,18.5,0,18.5,0,18.5,0,,,18.5,0,16.9,0.0947,16.9,0.0947,16.9,0.0947,,,16.9,0.0947
550314,97.5,97.5,0,97.5,0,97.5,0,97.5,0,97.5,0,97.5,0,97.5,0,97.5,0,82.5,0.182,82.5,0.182
550315,97.5,97.5,0,97.5,0,97.5,0,97.5,0,97.5,0,97.5,0,97.5,0,97.5,0,87,0.121,87,0.121
550316,,,,,,,,,,,,,,,,,,,,,
550317,120,120,0,120,0,120,0,120,0,120,0,120,0,120,0,120,0,114,0.0526,114,0.0526
550318,52.5,52.5,0,52.5,0,52.5,0,52.5,0,52.5,0,52.5,0,52.5,0,52.5,0,42,0.25,42,0.25
550341,,,,,,,,,,,,,,,,,,,,,
550348,41.5,41.5,0,41.5,0,41.5,0,41.5,0,41.5,0,41.5,0,41.5,0,41.5,0,36,0.153,30.5,0.361
550349,40,40,0,40,0,40,0,40,0,40,0,,,40,0,,,,,29,0.379
550350,40.5,40.5,0,40.5,0,40.5,0,40.5,0,40.5,0,40.5,0,40.5,0,40.5,0,,,30.5,0.328
550351,45,45,0,45,0,45,0,45,0,45,0,45,0,45,0,45,0,41,0.0976,36.5,0.233
550355,138,138,0,138,0,138,0,138,0,138,0,138,0,138,0,138,0,138,0,138,0
550356,75,75,0,75,0,75,0,75,0,75,0,75,0,75,0,75,0,75,0,75,0
550357,68.5,68.5,0,68.5,0,68.5,0,68.5,0,68.5,0,68.5,0,68.5,0,68.5,0,68.5,0,57.9,0.183
550358,56,56,0,56,0,56,0,56,0,56,0,56,0,56,0,56,0,56,0,56,0
550359,34.5,34.5,0,34.5,0,34.5,0,34.5,0,34.5,0,31.9,0.0815,35,-0.0143,35,-0.0143,35,-0.0143,,
550360,33.9,33.9,0,33.9,0,33.9,0,33.9,0,33.9,0,38.5,-0.119,38.5,-0.119,38.5,-0.119,35,-0.0314,,
550375,,,,,,,,,,,,,,,,,,,,,
550376,,,,,,,,,,,,,,,,,,,,,
550377,27.5,27.5,0,27.5,0,27.5,0,27.5,0,27.5,0,27.5,0,27.5,0,27.5,0,17.5,0.571,17.5,0.571
550378,27.5,27.5,0,27.5,0,27.5,0,27.5,0,27.5,0,27.5,0,27.5,0,27.5,0,17.5,0.571,17.5,0.571
550379,27.5,27.5,0,27.5,0,27.5,0,27.5,0,27.5,0,27.5,0,27.5,0,27.5,0,17.5,0.571,17.5,0.571
550381,22,22,0,22,0,22,0,22,0,22,0,22,0,22,0,22,0,20.5,0.0732,20.5,0.0732
550383,,,,,,,,,,,,,,,,,,,,,
550392,10.5,10.5,0,10.5,0,10.5,0,10.5,0,10.5,0,13.5,-0.222,13.5,-0.222,13,-0.192,13,-0.192,13,-0.192
550393,10.5,10.5,0,10.5,0,10.5,0,10.5,0,10.5,0,13.5,-0.222,13.5,-0.222,13,-0.192,13,-0.192,13,-0.192
550394,49.5,49.5,0,49.5,0,49.5,0,49.5,0,49.5,0,41.5,0.193,41.5,0.193,41.5,0.193,41.5,0.193,41.5,0.193
550395,52.5,52.5,0,52.5,0,52.5,0,52.5,0,52.5,0,52.5,0,52.5,0,52.5,0,48,0.0938,47.5,0.105
550397,68,68,0,68,0,68,0,68,0,68,0,68,0,68,0,68,0,68,0,68.5,-0.0073
550398,,,,,,,,,,,,,,,,,,,,,
550404,7,7,0,7,0,7,0,7,0,7,0,7,0,7,0,7,0,5,0.4,5,0.4
550405,34.9,34.9,0,34.9,0,34.9,0,34.9,0,34.9,0,34.9,0,34.9,0,39.9,-0.125,29,0.203,27.9,0.251
550409,,,,,,,,,,,,,,,,,,,,,
550410,,,,,,,,,,,,,,,,,,,,,
550411,,,,,,,,,,,,,,,,,,,,,
550412,,,,,,,,,,,,,,,,,,,,,
550414,5.8,5.8,0,5.8,0,5.8,0,5.8,0,5.8,0,5.8,0,5.8,0,5.8,0,5.8,0,5.8,0
550415,11.5,11.5,0,11.5,0,11.5,0,11.5,0,11.5,0,11.5,0,11.5,0,11.5,0,11.5,0,11.5,0
550427,15.5,15.5,0,15.5,0,15.5,0,15.5,0,15.5,0,15.5,0,15.5,0,15,0.0333,12.5,0.24,12.5,0.24
550431,62.5,62.5,0,62.5,0,62.5,0,62.5,0,62.5,0,62.5,0,,,,,,,49.9,0.253
550433,92.5,92.5,0,92.5,0,92.5,0,92.5,0,92.5,0,92.5,0,89.5,0.0335,89.5,0.0335,73,0.267,73,0.267
550436,29.9,29.9,0,29.9,0,29.9,0,29.9,0,29.9,0,19.5,0.533,19.5,0.533,19.5,0.533,,,19.5,0.533
550438,,,,,,,,,,,,,,,,,,,,,
550439,,,,,,,,,,,,,,,,,,,,,
550445,,,,,,,,,,,,,,,,,,,,,
550447,,,,,,,,,,,,,,,,,,,,,
550452,9.5,9.5,0,9.5,0,9.5,0,9.5,0,9.5,0,9.5,0,9.5,0,,,7.5,0.267,7.5,0.267
550453,,,,,,,,,,,,,,,,,,,,,
550454,18.9,18.9,0,,,,,,,,,,,,,,,18.9,0,18.9,0
550455,,,,,,,,,,,,,,,,,,,,,
550456,,,,,,,,,,,,,,,,,,,,,
550457,,,,,,,,,,,,,,,,,,,,,
550459,25,25,0,25,0,25,0,25,0,25,0,25,0,25,0,25,0,,,,
550460,,,,,,,,,,,,,,,,,,,,,
550461,112,112,0,112,0,112,0,112,0,112,0,112,0,112,0,,,,,80,0.406
550462,,,,,,,,,,,,,,,,,,,,,
550464,449,449,0,449,0,449,0,449,0,449,0,449,0,449,0,449,0,409,0.0978,409,0.0978
550466,,,,,,,,,,,,,,,,,,,,,
550467,,,,,,,,,,,,,,,,,,,,,
550468,,,,,,,,,,,,,,,,,,,,,
550470,5,5,0,5,0,5,0,5,0,5,0,5,0,5,0,5,0,5,0,5,0
550471,,,,,,,,,,,,,,,,,,,,,
550472,37.5,37.5,0,37.5,0,37.5,0,37.5,0,37.5,0,37.5,0,37.5,0,37.5,0,27.5,0.364,26,0.442
550473,52.5,52.5,0,52.5,0,52.5,0,52.5,0,52.5,0,,,,,,,,,,
550475,8.8,8.8,0,8.8,0,8.8,0,8.8,0,8.8,0,,,,,,,,,,
550476,15.5,15.5,0,15.5,0,15.5,0,15.5,0,15.5,0,15.5,0,15.5,0,15.5,0,13,0.192,13,0.192
550478,6.2,6.2,0,6.2,0,6.2,0,6.2,0,,,6.2,0,6.2,0,6.2,0,,,4,0.55
550483,,,,,,,,,,,,,,,,,,,,,
550486,,,,,,,,,,,,,,,,,,,,,
550487,6,6,0,6,0,6,0,6,0,6,0,6,0,6,0,6,0,6,0,,
550488,10,10,0,10,0,10,0,,,,,10,0,10,0,10,0,10,0,10,0
550489,9.5,9.5,0,9.5,0,9.5,0,9.5,0,9.5,0,9.5,0,9.5,0,9.5,0,9.5,0,9.5,0
550490,29.3,29.3,0,29.3,0,29.3,0,29.3,0,29.3,0,29.3,0,29.3,0,29.3,0,15,0.953,15,0.953
550491,19.4,19.4,0,19.4,0,19.4,0,19.4,0,19.4,0,19.4,0,19.4,0,19.4,0,16,0.212,14.5,0.338
550492,241,241,0,241,0,241,0,241,0,241,0,241,0,241,0,241,0,151,0.596,151,0.596
550496,,,,,,,,,,,,,,,,,,,,,
550502,135,135,0,135,0,135,0,135,0,160,-0.156,160,-0.156,,,,,,,,
550513,16,16,0,16,0,16,0,16,0,16,0,16,0,16,0,15.4,0.039,13,0.231,11,0.455
550514,,,,,,,,,,,,,,,,,,,,,
550516,,,,,,,,,,,,,,,,,,,,,
550517,,,,,,,,,,,,,,,,,,,,,
550519,,,,,,,,,,,,,,,,,,,,,
550522,10.5,10.5,0,10.5,0,10.5,0,10.5,0,10.5,0,10.5,0,10.5,0,10.5,0,9,0.167,,
550524,,,,,,,,,,,,,,,,,,,,,
550525,,,,,,,,,,,,,,,,,,,,,
550529,,,,,,,,,,,,,,,,,,,,,
550532,,,,,,,,,,,,,,,,,,,,,
550533,,,,,,,,,,,,,,,,,,,,,
550534,,,,,,,,,,,,,,,,,,,,,
550535,,,,,,,,,,,,,,,,,,,,,
550536,,,,,,,,,,,,,,,,,,,,,
550549,,,,,,,,,,,,,,,,,,,,,
550551,7,7,0,7,0,7,0,7,0,7,0,7,0,8.7,-0.195,8.7,-0.195,6,0.167,5,0.4
550553,7,7,0,7,0,7,0,7,0,7,0,7,0,8.7,-0.195,8.7,-0.195,6,0.167,5,0.4
550554,7,7,0,7,0,7,0,7,0,7,0,7,0,8.9,-0.213,9,-0.222,6,0.167,5,0.4
550556,10,10,0,10,0,,,10,0,10,0,10,0,10,0,,,10,0,10,0
550560,126,126,0,126,0,126,0,126,0,126,0,126,0,126,0,126,0,89.9,0.398,89.9,0.398
550561,,,,,,,,,,,,,,,,,,,,,
550562,18.5,18.5,0,18.5,0,18.5,0,18.5,0,18.5,0,18.5,0,18.5,0,12.5,0.48,12.5,0.48,12.5,0.48
550565,,,,,,,,,,,,,,,,,,,,,
550568,6.9,6.9,0,6.9,0,6.9,0,6.9,0,6.9,0,6.9,0,6.9,0,6.2,0.113,6.2,0.113,6.2,0.113
550569,6.9,6.9,0,6.9,0,6.9,0,6.9,0,6.9,0,6.9,0,6.9,0,6.2,0.113,6.2,0.113,6.2,0.113
550570,6.9,6.9,0,6.9,0,6.9,0,6.9,0,6.9,0,6.9,0,6.9,0,6.2,0.113,,,6.2,0.113
550575,,,,,,,,,,,,,,,,,,,,,
550576,29.5,29.5,0,29.5,0,29.5,0,29.5,0,29.5,0,29.5,0,29.5,0,29.5,0,22,0.341,20,0.475
550577,29.5,29.5,0,29.5,0,29.5,0,29.5,0,29.5,0,29.5,0,29.5,0,,,,,,
550578,33,33,0,33,0,33,0,33,0,33,0,33,0,33,0,33,0,27,0.222,25,0.32
550579,33,33,0,33,0,33,0,33,0,33,0,33,0,33,0,33,0,27,0.222,25,0.32
550580,33,33,0,33,0,33,0,33,0,33,0,33,0,33,0,33,0,27,0.222,25,0.32
550581,28,28,0,28,0,28,0,28,0,28,0,28,0,28,0,28,0,22,0.273,20,0.4
550583,28,28,0,28,0,28,0,28,0,28,0,28,0,28,0,28,0,22,0.273,20,0.4
550585,,,,,,,,,,,,,,,,,,,,,
550588,,,,,,,,,,,,,,,,,,,,,
550589,,,,,,,,,,,,,,,,,,,,,
550590,57.5,57.5,0,57.5,0,57.5,0,57.5,0,57.5,0,57.5,0,,,,,,,,
550593,,,,,,,,,,,,,,,,,,,,,
550595,,,,,,,,,,,,,,,,,,,,,
550596,162,162,0,162,0,162,0,162,0,162,0,162,0,162,0,162,0,142,0.14,142,0.14
550603,15,15,0,15,0,15,0,15,0,14,0.0714,14,0.0714,14,0.0714,,,15,0,15,0
550604,54.5,54.5,0,54.5,0,54.5,0,54.5,0,54.5,0,,,,,,,,,,
550607,,,,,,,,,,,,,,,,,,,,,
550608,,,,,,,,,,,,,,,,,,,,,
550609,49.5,49.5,0,49.5,0,49.5,0,49.5,0,49.5,0,49.5,0,49.5,0,,,36,0.375,,
550610,69.5,69.5,0,69.5,0,69.5,0,69.5,0,69.5,0,79.5,-0.126,79.5,-0.126,68,0.0221,54,0.287,48,0.448
550611,,,,,,,,,,,,,,,,,,,,,
550621,,,,,,,,,,,,,,,,,,,,,
550622,8,8,0,8,0,8,0,8,0,8,0,8,0,8,0,8,0,6.9,0.159,6.9,0.159
550623,24.5,24.5,0,24.5,0,24.5,0,24.5,0,24.5,0,24.5,0,24.5,0,24.5,0,22,0.114,19,0.289
550624,,,,,,,,,,,,,,,,,,,,,
550625,98,98,0,98,0,98,0,98,0,98,0,98,0,98,0,98,0,98,0,89,0.101
550626,112,112,0,112,0,112,0,112,0,112,0,112,0,112,0,112,0,102,0.098,93,0.204
550627,114,114,0,114,0,114,0,114,0,114,0,114,0,114,0,114,0,103,0.107,95,0.2
550628,114,114,0,114,0,114,0,114,0,114,0,114,0,114,0,114,0,103,0.107,95,0.2
550629,93.5,93.5,0,93.5,0,93.5,0,93.5,0,93.5,0,93.5,0,93.5,0,93.5,0,85,0.1,75,0.247
550630,38.5,38.5,0,38.5,0,38.5,0,38.5,0,38.5,0,38.5,0,38.5,0,38.5,0,35,0.1,31,0.242
550632,28.8,28.8,0,28.8,0,28.8,0,,,,,,,,,,,,,,
550634,,,,,,,,,,,,,,,,,,,,,
550643,559,559,0,559,0,559,0,559,0,559,0,559,0,559,0,559,0,409,0.367,325,0.72
550651,,,,,,,,,,,,,,,,,,,,,
550652,32.5,32.5,0,32.5,0,32.5,0,32.5,0,32.5,0,32.5,0,32.5,0,32.5,0,,,22,0.477
550664,,,,,,,,,,,,,,,,,,,,,
550669,45,45,0,45,0,45,0,45,0,45,0,45,0,45,0,45,0,39.4,0.142,38,0.184
550670,35.5,35.5,0,35.5,0,35.5,0,35.5,0,35.5,0,35.5,0,35.5,0,35,0.0143,34.4,0.032,33.5,0.0597
550672,27.5,27.5,0,27.5,0,27.5,0,27.5,0,27.5,0,27.5,0,27.5,0,27.5,0,27.5,0,27.5,0
550673,41.3,41.3,0,41.3,0,41.3,0,41.3,0,41.3,0,41.3,0,41.3,0,41.3,0,37.5,0.101,36,0.147
550674,36.3,36.3,0,36.3,0,36.3,0,36.3,0,36.3,0,36.3,0,36.3,0,36.3,0,33.8,0.074,32.5,0.117
550675,36.3,36.3,0,36.3,0,36.3,0,36.3,0,36.3,0,36.3,0,36.3,0,36.3,0,32.5,0.117,31,0.171
550678,30.5,30.5,0,30.5,0,30.5,0,30.5,0,30.5,0,30.5,0,30.5,0,30.5,0,25.5,0.196,,
550679,33,33,0,33,0,33,0,33,0,33,0,33,0,33,0,,,,,,
550681,,,,,,,,,,,,,,,,,,,,,
550682,37,37,0,37,0,37,0,37,0,37,0,37,0,37,0,37,0,30,0.233,,
550683,37,37,0,37,0,37,0,37,0,37,0,37,0,37,0,37,0,30,0.233,28,0.321
550684,33,33,0,33,0,33,0,33,0,33,0,33,0,33,0,33,0,27,0.222,25,0.32
550685,,,,,,,,,,,,,,,,,,,,,
550688,22,22,0,22,0,22,0,22,0,22,0,22,0,22,0,22,0,22,0,22,0
550689,25,25,0,25,0,25,0,25,0,25,0,25,0,25,0,,,25,0,25,0
550690,,,,,,,,,,,,,,,,,,,,,
550691,25,25,0,25,0,25,0,25,0,25,0,25,0,25,0,25,0,25,0,25,0
550692,25,25,0,25,0,25,0,25,0,25,0,25,0,25,0,25,0,25,0,25,0
550693,,,,,,,,,,,,,,,,,,,,,
550694,7.5,7.5,0,7.5,0,7.5,0,7.5,0,7.5,0,7.5,0,7,0.0714,3.8,0.974,3.8,0.974,3.8,0.974
550708,11.9,11.9,0,11.9,0,11.9,0,11.9,0,11.9,0,11.9,0,11.9,0,11.9,0,10.5,0.133,10.5,0.133
550709,11.9,11.9,0,11.9,0,11.9,0,11.9,0,11.9,0,11.9,0,11.9,0,11.9,0,,,10.5,0.133
550711,11.9,11.9,0,11.9,0,11.9,0,11.9,0,11.9,0,11.9,0,11.9,0,11.9,0,10.5,0.133,10.5,0.133
550732,,,,,,,,,,,,,,,,,,,,,
550749,138,138,0,138,0,138,0,138,0,138,0,138,0,138,0,138,0,138,0,117,0.176
550750,84.5,84.5,0,84.5,0,84.5,0,84.5,0,84.5,0,96,-0.12,96,-0.12,87.5,-0.0343,87.5,-0.0343,76.5,0.105
550751,65,65,0,65,0,65,0,65,0,65,0,65,0,65,0,65,0,65,0,65,0
550753,43,43,0,43,0,43,0,43,0,43,0,43,0,43,0,43,0,,,31,0.387
550754,6.5,6.5,0,6.5,0,6.5,0,6.5,0,6.5,0,6.5,0,6.5,0,6.5,0,6.5,0,6.5,0
550756,38.5,38.5,0,38.5,0,38.5,0,38.5,0,38.5,0,38.5,0,38.5,0,26.9,0.431,26.9,0.431,26.9,0.431
550758,,,,,,,,,,,,,,,,,,,,,
550764,11,11,0,11,0,11,0,11,0,11,0,11,0,11,0,,,10.5,0.0476,,
550766,21,21,0,21,0,21,0,21,0,21,0,21,0,21,0,21,0,15,0.4,14.4,0.458
550767,21,21,0,21,0,,,,,,,,,,,21,0,15,0.4,14.4,0.458
550768,7.5,7.5,0,7.5,0,7.5,0,7.5,0,7.5,0,7.5,0,7.5,0,,,,,5.6,0.339
550770,170,170,0,170,0,170,0,170,0,170,0,170,0,170,0,170,0,,,,
550788,,,,,,,,,,,,,,,,,,,,,
550790,,,,,,,,,,,,,,,,,,,,,
550798,,,,,,,,,,,,,,,,,,,,,
550799,,,,,,,,,,,,,,,,,,,,,
550800,,,,,,,,,,,,,,,,,,,,,
550801,,,,,,,,,,,,,,,,,,,,,
550803,43.5,43.5,0,43.5,0,43.5,0,43.5,0,43.5,0,43.5,0,43.5,0,33.5,0.299,,,,
550804,43.5,43.5,0,43.5,0,43.5,0,43.5,0,43.5,0,43.5,0,43.5,0,33.5,0.299,23.5,0.851,23.5,0.851
550805,43.5,43.5,0,43.5,0,43.5,0,43.5,0,43.5,0,43.5,0,43.5,0,,,,,,
550806,43.5,43.5,0,43.5,0,43.5,0,43.5,0,43.5,0,43.5,0,43.5,0,33.5,0.299,23.5,0.851,23.5,0.851
550807,43.5,43.5,0,43.5,0,43.5,0,43.5,0,43.5,0,43.5,0,43.5,0,,,23.5,0.851,23.5,0.851
550812,5.8,5.8,0,5.8,0,5.8,0,5.8,0,5.8,0,5.8,0,5.8,0,5.8,0,,,3.4,0.706
550813,10.5,10.5,0,10.5,0,10.5,0,10.5,0,10.5,0,,,,,,,7.6,0.382,6.9,0.522
550828,16.5,16.5,0,16.5,0,16.5,0,16.5,0,16.5,0,16.5,0,16.5,0,,,,,,
550830,16.5,16.5,0,16.5,0,16.5,0,16.5,0,16.5,0,16.5,0,16.5,0,,,,,,
550831,124,124,0,124,0,124,0,124,0,124,0,91,0.363,91,0.363,91,0.363,91,0.363,87,0.425
550834,165,165,0,165,0,165,0,165,0,165,0,113,0.46,113,0.46,113,0.46,113,0.46,93,0.774
550835,56,56,0,56,0,56,0,56,0,,,,,43.5,0.287,43.5,0.287,43.5,0.287,43.5,0.287
550836,23.5,23.5,0,23.5,0,23.5,0,23.5,0,23.5,0,23.5,0,23.5,0,21.8,0.078,20,0.175,20,0.175
550838,17,17,0,,,17,0,17,0,17,0,17,0,17,0,17,0,13.5,0.259,13.5,0.259
550840,59,59,0,59,0,59,0,59,0,59,0,59,0,59,0,59,0,49.5,0.192,49.5,0.192
550842,59,59,0,59,0,59,0,59,0,59,0,59,0,59,0,59,0,49.5,0.192,49.5,0.192
550843,56,56,0,56,0,56,0,56,0,56,0,56,0,56,0,56,0,47.5,0.179,47.5,0.179
550844,,,,,,,,,,,,,,,,,,,,,
550845,32.5,32.5,0,32.5,0,32.5,0,32.5,0,32.5,0,32.5,0,32.5,0,32.5,0,25,0.3,,
550846,25,25,0,25,0,25,0,25,0,25,0,25,0,25,0,,,,,,
550847,27,27,0,27,0,27,0,27,0,27,0,27,0,27,0,27,0,22,0.227,17,0.588
550848,,,,,,,,,,,,,,,,,,,,,
550851,24,24,0,24,0,24,0,24,0,24,0,24,0,24,0,24,0,19,0.263,,
550852,29.5,29.5,0,29.5,0,29.5,0,29.5,0,29.5,0,29.5,0,29.5,0,29.5,0,23.5,0.255,,
550853,,,,,,,,,,,,,,,,,,,,,
550854,32.5,32.5,0,32.5,0,32.5,0,32.5,0,32.5,0,32.5,0,32.5,0,,,,,,
550855,27,27,0,27,0,27,0,27,0,27,0,27,0,27,0,,,,,,
550856,29.5,29.5,0,29.5,0,29.5,0,29.5,0,29.5,0,29.5,0,29.5,0,29.5,0,23.5,0.255,,
550857,29.5,29.5,0,29.5,0,29.5,0,29.5,0,29.5,0,29.5,0,29.5,0,29.5,0,23.5,0.255,,
550858,28,28,0,28,0,28,0,28,0,28,0,28,0,28,0,28,0,22,0.273,18,0.556
550865,,,,,,,,,,,,,,,,,,,,,
550867,24,24,0,24,0,24,0,24,0,24,0,24,0,24,0,24,0,19,0.263,,
550869,7.5,7.5,0,7.5,0,7.5,0,7.5,0,7.5,0,,,,,,,,,,
550871,7.5,7.5,0,7.5,0,7.5,0,7.5,0,7.5,0,7.5,0,,,,,,,,
550872,7.5,7.5,0,7.5,0,7.5,0,7.5,0,7.5,0,7.5,0,,,,,,,,
550873,18.9,18.9,0,18.9,0,18.9,0,18.9,0,18.9,0,,,,,,,,,,
550875,11,11,0,11,0,11,0,11,0,,,11,0,,,,,,,,
550879,,,,,,,,,,,,,,,,,,,,,
550880,140,140,0,140,0,140,0,,,,,,,140,0,115,0.213,88,0.585,79.5,0.755
550881,79.5,79.5,0,79.5,0,79.5,0,79.5,0,79.5,0,79.5,0,,,69,0.152,58.2,0.366,52,0.529
550883,,,,,,,,,,,,,,,,,,,,,
550885,,,,,,,,,,,,,,,,,,,,,
550886,11.1,11.1,0,11.1,0,11.1,0,11.1,0,11.1,0,11.1,0,11.1,0,8.9,0.247,8.4,0.321,7.6,0.461
550887,38.3,,,,,38.3,0,38.3,0,38.3,0,38.3,0,,,25.5,0.502,24.5,0.563,22,0.741
550912,140,140,0,140,0,140,0,140,0,140,0,131,0.0687,131,0.0687,131,0.0687,118,0.186,105,0.333
550913,47.9,47.9,0,47.9,0,47.9,0,47.9,0,47.9,0,47.9,0,47.9,0,47.9,0,46,0.0413,45,0.0644
550915,12.5,12.5,0,12.5,0,12.5,0,12.5,0,12.5,0,12.5,0,12.5,0,12.5,0,12.5,0,10,0.25
550916,,,,,,,,,,,,,,,,,,,,,
550917,28,28,0,28,0,28,0,28,0,28,0,28,0,28,0,28,0,22.5,0.244,20,0.4
550918,,,,,,,,,,,,,,,,,,,,,
550923,,,,,,,,,,,,,,,,,,,,,
550931,46.5,46.5,0,46.5,0,46.5,0,46.5,0,,,46.5,0,42,0.107,42,0.107,42,0.107,,
550932,,,,,,,,,,,,,,,,,,,,,
550933,,,,,,,,,,,,,,,,,,,,,
550934,,,,,,,,,,,,,,,,,,,,,
550935,,,,,,,,,,,,,,,,,,,,,
550945,,,,,,,,,,,,,,,,,,,,,
550946,,,,,,,,,,,,,,,,,,,,,
550949,,,,,,,,,,,,,,,,,,,,,
550950,,,,,,,,,,,,,,,,,,,,,
550951,,,,,,,,,,,,,,,,,,,,,
550952,26,26,0,26,0,26,0,26,0,26,0,26,0,32,-0.188,32,-0.188,22.5,0.156,17,0.529
550956,,,,,,,,,,,,,,,,,,,,,
550958,,,,,,,,,,,,,,,,,,,,,
550959,6,6,0,6,0,6,0,6,0,6,0,6,0,6,0,6,0,6,0,6,0
550961,,,,,,,,,,,,,,,,,,,,,
550971,10.9,10.9,0,10.9,0,10.9,0,10.9,0,10.9,0,15,-0.273,15,-0.273,15,-0.273,13,-0.162,8.5,0.282
550977,11.1,11.1,0,11.1,0,11.1,0,11.1,0,11.1,0,11.1,0,11.1,0,8.9,0.247,8.4,0.321,7.6,0.461
550978,,,,,,,,,,,,,,,,,,,,,
550979,23,23,0,23,0,23,0,23,0,23,0,23,0,23,0,15.5,0.484,14.7,0.565,13.5,0.704
550980,,,,,,,,,,,,,,,,,,,,,
550984,49,49,0,49,0,49,0,49,0,49,0,49,0,49,0,36,0.361,32.5,0.508,26,0.885
550985,49,49,0,49,0,49,0,49,0,49,0,49,0,49,0,36,0.361,32.5,0.508,,
550986,43,43,0,43,0,43,0,43,0,43,0,43,0,43,0,36,0.194,32.5,0.323,26,0.654
550989,118,118,0,118,0,118,0,118,0,118,0,118,0,118,0,118,0,75,0.58,55,1.15
550991,75,75,0,75,0,75,0,75,0,75,0,75,0,75,0,75,0,75,0,69,0.087
550992,,,,,,,,,,,,,,,,,,,,,
550993,15,15,0,15,0,15,0,15,0,,,15,0,15,0,11.9,0.261,,,,
550994,15,15,0,15,0,15,0,15,0,15,0,15,0,15,0,11.9,0.261,,,,
550995,15.6,15.6,0,15.6,0,15.6,0,15.6,0,15.6,0,15.6,0,15.6,0,11,0.418,,,,
550996,15.6,15.6,0,15.6,0,15.6,0,15.6,0,15.6,0,15.6,0,15.6,0,10,0.56,,,,
550997,15,15,0,15,0,15,0,15,0,15,0,15,0,15,0,11.5,0.304,,,,
550998,13.7,13.7,0,13.7,0,13.7,0,13.7,0,13.7,0,13.7,0,13.7,0,13,0.0538,,,,
550999,13.7,13.7,0,13.7,0,13.7,0,13.7,0,,,13.7,0,,,13,0.0538,,,,
551000,9.5,9.5,0,9.5,0,9.5,0,9.5,0,9.5,0,9.5,0,9.5,0,,,,,,
551001,19.5,19.5,0,19.5,0,19.5,0,19.5,0,,,,,19.5,0,8.5,1.29,,,,
551002,19.5,19.5,0,19.5,0,19.5,0,19.5,0,19.5,0,19.5,0,19.5,0,8.5,1.29,,,,
551004,,,,,,,,,,,,,,,,,,,,,
551005,69.5,69.5,0,69.5,0,69.5,0,69.5,0,69.5,0,69.5,0,69.5,0,52.5,0.324,34.5,1.01,34.5,1.01
551006,,,,,,,,,,,,,,,,,,,,,
551008,69.5,69.5,0,69.5,0,69.5,0,69.5,0,69.5,0,69.5,0,69.5,0,52.5,0.324,34.5,1.01,34.5,1.01
551012,69.5,69.5,0,69.5,0,69.5,0,69.5,0,69.5,0,69.5,0,69.5,0,52.5,0.324,34.5,1.01,34.5,1.01
551013,,,,,,,,,,,,,,,,,,,,,
551024,229,229,0,229,0,229,0,229,0,229,0,229,0,229,0,229,0,229,0,229,0
551027,165,165,0,165,0,165,0,165,0,165,0,165,0,165,0,165,0,165,0,165,0
551028,165,165,0,165,0,165,0,165,0,165,0,165,0,165,0,165,0,165,0,165,0
551030,100,100,0,100,0,100,0,100,0,100,0,100,0,100,0,100,0,95,0.0526,95,0.0526
551032,100,100,0,100,0,100,0,100,0,100,0,100,0,100,0,100,0,95,0.0526,95,0.0526
551037,41.8,41.8,0,41.8,0,41.8,0,,,,,,,41.8,0,41.8,0,34.5,0.212,28,0.493
551038,41.8,41.8,0,41.8,0,41.8,0,41.8,0,41.8,0,41.8,0,41.8,0,41.8,0,34.5,0.212,28,0.493
551039,,,,,,,,,,,,,,,,,,,,,
551041,119,119,0,119,0,119,0,119,0,119,0,119,0,119,0,119,0,61,0.951,59.9,0.987
551042,114,114,0,114,0,114,0,114,0,114,0,114,0,114,0,114,0,59.9,0.91,59.9,0.91
551043,,,,,,,,,,,,,,,,,,,,,
551048,44.9,44.9,0,44.9,0,44.9,0,44.9,0,52.5,-0.145,52.5,-0.145,,,52.5,-0.145,42.5,0.0565,37.5,0.197
551050,10.5,10.5,0,10.5,0,10.5,0,10.5,0,10.5,0,13.5,-0.222,13.5,-0.222,13,-0.192,13,-0.192,13,-0.192
551051,138,138,0,138,0,138,0,138,0,138,0,138,0,138,0,138,0,138,0,138,0
551052,,,,,,,,,,,,,,,,,,,,,
551054,,,,,,,,,,,,,,,,,,,,,
551055,,,,,,,,,,,,,,,,,,,,,
551056,,,,,,,,,,,,,,,,,,,,,
551057,,,,,,,,,,,,,,,,,,,,,
551059,,,,,,,,,,,,,,,,,,,,,
551060,,,,,,,,,,,,,,,,,,,,,
551062,,,,,,,,,,,,,,,,,,,,,
551063,,,,,,,,,,,,,,,,,,,,,
551064,,,,,,,,,,,,,,,,,,,,,
551069,,,,,,,,,,,,,,,,,,,,,
551072,,,,,,,,,,,,,,,,,,,,,
551075,,,,,,,,,,,,,,,,,,,,,
551081,,,,,,,,,,,,,,,,,,,,,
551085,,,,,,,,,,,,,,,,,,,,,
551091,,,,,,,,,,,,,,,,,,,,,
551092,7,7,0,7,0,7,0,7,0,7,0,7,0,7,0,6,0.167,6,0.167,6,0.167
551093,10,10,0,10,0,10,0,10,0,10,0,10,0,10,0,6,0.667,6,0.667,6,0.667
551094,14.5,14.5,0,14.5,0,14.5,0,14.5,0,14.5,0,14.5,0,14.5,0,12.5,0.16,12.5,0.16,12.5,0.16
551095,,,,,,,,,,,,,,,,,,,,,
551096,18.5,18.5,0,18.5,0,18.5,0,18.5,0,18.5,0,18.5,0,18.5,0,,,11.5,0.609,,
551099,106,106,0,106,0,106,0,106,0,106,0,106,0,106,0,68.5,0.54,68.5,0.54,59.9,0.761
551100,,,,,,,,,,,,,,,,,,,,,
551114,23,23,0,23,0,23,0,23,0,,,,,,,,,,,,
551119,,,,,,,,,,,,,,,,,,,,,
551121,,,,,,,,,,,,,,,,,,,,,
551122,459,459,0,459,0,459,0,459,0,459,0,459,0,459,0,375,0.224,285,0.611,285,0.611
551124,355,355,0,355,0,355,0,355,0,355,0,355,0,355,0,285,0.246,210,0.69,210,0.69
551128,37.4,37.4,0,37.4,0,37.4,0,37.4,0,37.4,0,37.4,0,37.4,0,,,,,,
551129,,,,,,,,,,,,,,,,,,,,,
551130,12,12,0,12,0,12,0,12,0,12,0,12,0,12,0,12,0,9,0.333,8.3,0.446
551131,12,12,0,12,0,12,0,12,0,12,0,12,0,12,0,12,0,9,0.333,8.3,0.446
551132,,,,,,,,,,,,,,,,,,,,,
551149,14.5,14.5,0,14.5,0,14.5,0,14.5,0,14.5,0,14.5,0,14.5,0,14.5,0,11.9,0.218,11.9,0.218
551150,14.5,14.5,0,14.5,0,14.5,0,14.5,0,14.5,0,14.5,0,14.5,0,14.5,0,11.9,0.218,,
551152,5.1,5.1,0,5.1,0,5.1,0,5.1,0,5.1,0,5.1,0,5.1,0,4.5,0.133,4.5,0.133,4.5,0.133
551160,28.9,28.9,0,28.9,0,28.9,0,28.9,0,,,,,,,,,,,,
551161,,,,,,,,,,,,,,,,,,,,,
551168,20,20,0,20,0,20,0,20,0,20,0,20,0,20,0,20,0,16,0.25,16,0.25
551169,24,24,0,24,0,24,0,24,0,24,0,24,0,24,0,24,0,20,0.2,20,0.2
551170,,,,,,,,,,,,,,,,,,,,,
551172,,,,,,,,,,,,,,,,,,,,,
551173,,,,,,,,,,,,,,,,,,,,,
551174,,,,,,,,,,,,,,,,,,,,,
551175,,,,,,,,,,,,,,,,,,,,,
551176,,,,,,,,,,,,,,,,,,,,,
551178,18.7,18.7,0,18.7,0,18.7,0,18.7,0,18.7,0,18.7,0,18.7,0,18.7,0,15.5,0.206,15.5,0.206
551179,18.7,18.7,0,18.7,0,18.7,0,18.7,0,18.7,0,18.7,0,18.7,0,18.7,0,15.5,0.206,15.5,0.206
551181,22,22,0,22,0,22,0,22,0,,,,,,,,,18,0.222,18,0.222
551182,22,22,0,22,0,22,0,22,0,,,,,,,,,18,0.222,18,0.222
551184,,,,,,,,,,,,,,,,,,,,,
551185,18.7,18.7,0,18.7,0,18.7,0,18.7,0,18.7,0,18.7,0,18.7,0,18.7,0,15.5,0.206,15.5,0.206
551186,,,,,,,,,,,,,,,,,,,,,
551187,22,22,0,22,0,22,0,22,0,,,,,,,22,0,18,0.222,18,0.222
551188,24.5,24.5,0,24.5,0,24.5,0,24.5,0,24.5,0,24.5,0,24.5,0,24.5,0,24,0.0208,,
551189,6.3,6.3,0,6.3,0,6.3,0,6.3,0,6.3,0,6.3,0,6.3,0,,,,,,
551193,,,,,,,,,,,,,,,,,,,,,
551200,,,,,,,,,,,,,,,,,,,,,
551203,,,,,,,,,,,,,,,,,,,,,
551215,197,197,0,197,0,197,0,197,0,197,0,197,0,197,0,197,0,149,0.322,115,0.713
551230,13,13,0,13,0,13,0,13,0,13,0,,,13,0,12,0.0833,11,0.182,10,0.3
551231,6,6,0,6,0,6,0,6,0,6,0,6,0,6,0,6,0,6,0,6,0
551242,,,,,,,,,,,,,,,,,,,,,
551246,,,,,,,,,,,,,,,,,,,,,
551247,27.5,27.5,0,27.5,0,27.5,0,27.5,0,,,,,,,,,,,,
551251,,,,,,,,,,,,,,,,,,,,,
551281,12.5,12.5,0,12.5,0,12.5,0,12.5,0,12.5,0,11.3,0.106,,,9.5,0.316,,,8,0.562
551282,14.5,14.5,0,14.5,0,14.5,0,14.5,0,14.5,0,14.5,0,14.5,0,14.5,0,,,,
551283,,,,,,,,,,,,,,,,,,,,,
551284,17,17,0,17,0,17,0,17,0,17,0,17,0,17,0,15,0.133,14,0.214,14,0.214
551285,17,17,0,17,0,17,0,17,0,17,0,17,0,17,0,15,0.133,14,0.214,14,0.214
551286,17,17,0,17,0,17,0,17,0,17,0,17,0,17,0,15,0.133,14,0.214,14,0.214
551288,17,17,0,17,0,17,0,17,0,17,0,17,0,17,0,15,0.133,14,0.214,14,0.214
551290,174,174,0,174,0,174,0,219,-0.205,219,-0.205,219,-0.205,219,-0.205,219,-0.205,114,0.526,114,0.526
551322,,,,,,,,,,,,,,,,,,,,,
551323,41.5,41.5,0,41.5,0,41.5,0,41.5,0,41.5,0,41.5,0,41.5,0,41.5,0,41.5,0,41.5,0
551327,89.9,89.9,0,89.9,0,89.9,0,89.9,0,,,,,,,66,0.362,66,0.362,,
551328,,,,,,,,,,,,,,,,,,,,,
551329,,,,,,,,,,,,,,,,,,,,,
551330,,,,,,,,,,,,,,,,,,,,,
551331,,,,,,,,,,,,,,,,,,,,,
551332,17.4,17.4,0,17.4,0,17.4,0,17.4,0,17.4,0,17.4,0,17.4,0,17.4,0,13.5,0.289,12.5,0.392
551334,,,,,,,,,,,,,,,,,,,,,
551336,108,108,0,108,0,108,0,108,0,108,0,108,0,108,0,108,0,76,0.421,76,0.421
551337,108,108,0,108,0,108,0,108,0,108,0,108,0,108,0,108,0,85.5,0.263,76,0.421
551338,249,249,0,249,0,249,0,249,0,249,0,249,0,249,0,249,0,185,0.346,141,0.767
551339,249,249,0,249,0,249,0,249,0,249,0,249,0,249,0,249,0,185,0.346,177,0.407
551340,108,108,0,108,0,108,0,108,0,108,0,108,0,108,0,108,0,85.5,0.263,76,0.421
551342,249,249,0,249,0,249,0,249,0,249,0,249,0,249,0,249,0,180,0.383,177,0.407
551343,249,249,0,249,0,249,0,249,0,249,0,249,0,249,0,224,0.112,185,0.346,177,0.407
551344,108,108,0,108,0,108,0,108,0,108,0,94.9,0.138,108,0,108,0,85.5,0.263,75,0.44
551346,,,,,,,,,,,,,,,,,,,,,
551349,84,84,0,84,0,84,0,84,0,84,0,74.9,0.121,71.9,0.168,,,,,,
551351,,,,,,,,,,,,,,,,,,,,,
551356,,,,,,,,,,,,,,,,,,,,,
551357,,,,,,,,,,,,,,,,,,,,,
551358,,,,,,,,,,,,,,,,,,,,,
551362,,,,,,,,,,,,,,,,,,,,,
551363,,,,,,,,,,,,,,,,,,,,,
551364,,,,,,,,,,,,,,,,,,,,,
551367,65,65,0,65,0,65,0,65,0,,,59.9,0.0851,59.9,0.0851,59.9,0.0851,,,60,0.0833
551369,,,,,,,,,,,,,,,,,,,,,
551373,,,,,,,,,,,,,,,,,,,,,
551374,,,,,,,,,,,,,,,,,,,,,
551379,,,,,,,,,,,,,,,,,,,,,
551380,,,,,,,,,,,,,,,,,,,,,
551381,,,,,,,,,,,,,,,,,,,,,
551383,,,,,,,,,,,,,,,,,,,,,
551385,,,,,,,,,,,,,,,,,,,,,
551386,,,,,,,,,,,,,,,,,,,,,
551391,,,,,,,,,,,,,,,,,,,,,
551394,130,130,0,130,0,130,0,130,0,130,0,130,0,130,0,130,0,130,0,,
551395,470,470,0,470,0,470,0,470,0,470,0,470,0,470,0,470,0,325,0.446,325,0.446
551396,103,103,0,103,0,103,0,103,0,103,0,103,0,103,0,103,0,70,0.471,70,0.471
551397,375,375,0,375,0,375,0,375,0,375,0,375,0,375,0,375,0,259,0.448,259,0.448
551398,131,131,0,131,0,131,0,131,0,131,0,131,0,131,0,131,0,105,0.248,105,0.248
551399,300,300,0,300,0,300,0,300,0,300,0,229,0.31,229,0.31,229,0.31,,,,
551412,7.5,7.5,0,7.5,0,7.5,0,7.5,0,7.5,0,7.5,0,7.5,0,7.5,0,7.5,0,7.5,0
551413,7.5,7.5,0,7.5,0,7.5,0,7.5,0,7.5,0,7.5,0,7.5,0,7.5,0,7.5,0,7.5,0
551415,18.5,18.5,0,18.5,0,18.5,0,18.5,0,18.5,0,18.5,0,18.5,0,18.5,0,18.5,0,18.5,0
551416,7.5,7.5,0,7.5,0,7.5,0,7.5,0,7.5,0,7.5,0,7.5,0,,,7.5,0,7.5,0
551417,,,,,,,,,,,,,,,,,,,,,
551441,,,,,,,,,,,,,,,,,,,,,
551448,,,,,,,,,,,,,,,,,,,,,
551450,,,,,,,,,,,,,,,,,,,,,
551451,17.9,17.9,0,17.9,0,17.9,0,17.9,0,17.9,0,17.9,0,17.9,0,17.9,0,12.5,0.432,12.5,0.432
551454,,,,,,,,,,,,,,,,,,,,,
551456,16.8,16.8,0,16.8,0,,,,,,,13.9,0.209,16.9,-0.00592,16.9,-0.00592,11.5,0.461,11.5,0.461
551458,16.8,16.8,0,16.8,0,16.8,0,16.8,0,16.8,0,13.9,0.209,16.9,-0.00592,16.9,-0.00592,11.6,0.448,11.6,0.448
551459,16.8,16.8,0,16.8,0,16.8,0,16.8,0,16.8,0,13.9,0.209,16.9,-0.00592,16.9,-0.00592,11.5,0.461,11.5,0.461
551460,,,,,,,,,,,,,,,,,,,,,
551467,,,,,,,,,,,,,,,,,,,,,
551470,,,,,,,,,,,,,,,,,,,,,
551471,,,,,,,,,,,,,,,,,,,,,
551485,,,,,,,,,,,,,,,,,,,,,
551487,,,,,,,,,,,,,,,,,,,,,
551494,,,,,,,,,,,,,,,,,,,,,
551495,28.5,28.5,0,28.5,0,28.5,0,28.5,0,28.5,0,28.5,0,28.5,0,28.5,0,21.5,0.326,21.5,0.326
551496,49,49,0,49,0,49,0,49,0,49,0,49,0,49,0,49,0,35,0.4,35,0.4
551497,56,56,0,56,0,56,0,56,0,56,0,56,0,56,0,56,0,42,0.333,42,0.333
551498,56,56,0,56,0,56,0,56,0,56,0,56,0,56,0,56,0,42,0.333,42,0.333
551502,,,,,,,,,,,,,,,,,,,,,
551512,,,,,,,,,,,,,,,,,,,,,
551514,29.9,29.9,0,29.9,0,29.9,0,29.9,0,29.9,0,36.5,-0.181,36.5,-0.181,29.5,0.0136,24,0.246,21,0.424
551515,17.5,17.5,0,17.5,0,17.5,0,17.5,0,17.5,0,17.5,0,17.5,0,16.5,0.0606,16.5,0.0606,16.5,0.0606
551516,,,,,,,,,,,,,,,,,,,,,
551521,31,31,0,31,0,31,0,31,0,31,0,31,0,31,0,22.5,0.378,22.5,0.378,22.5,0.378
551523,,,,,,,,,,,,,,,,,,,,,
551528,,,,,,,,,,,,,,,,,,,,,
551529,,,,,,,,,,,,,,,,,,,,,
551530,,,,,,,,,,,,,,,,,,,,,
551531,,,,,,,,,,,,,,,,,,,,,
551532,,,,,,,,,,,,,,,,,,,,,
551533,,,,,,,,,,,,,,,,,,,,,
551534,,,,,,,,,,,,,,,,,,,,,
551535,,,,,,,,,,,,,,,,,,,,,
551540,,,,,,,,,,,,,,,,,,,,,
551542,81.9,81.9,0,81.9,0,81.9,0,81.9,0,81.9,0,81.9,0,,,81.9,0,,,,
551543,32.5,32.5,0,32.5,0,32.5,0,32.5,0,32.5,0,32.5,0,32.5,0,,,27.5,0.182,27.5,0.182
551544,32.5,32.5,0,32.5,0,32.5,0,32.5,0,32.5,0,32.5,0,32.5,0,32.5,0,27.5,0.182,27.5,0.182
551545,32.5,32.5,0,32.5,0,32.5,0,32.5,0,32.5,0,32.5,0,32.5,0,32.5,0,27.5,0.182,27.5,0.182
551546,,,,,,,,,,,,,,,,,,,,,
551553,33,33,0,33,0,33,0,33,0,33,0,33,0,,,,,,,,
551555,11.5,11.5,0,11.5,0,11.5,0,11.5,0,11.5,0,11.5,0,,,,,,,,
551556,28.5,28.5,0,28.5,0,28.5,0,28.5,0,28.5,0,28.5,0,,,,,,,,
551558,24,24,0,24,0,24,0,24,0,24,0,24,0,,,22.5,0.0667,21.5,0.116,20.5,0.171
551559,40,40,0,40,0,40,0,40,0,40,0,40,0,40,0,39.5,0.0127,38,0.0526,36,0.111
551560,43,43,0,43,0,43,0,43,0,43,0,43,0,43,0,40.5,0.0617,39,0.103,37,0.162
551561,,,,,,,,,,,,,,,,,,,,,
551565,,,,,,,,,,,,,,,,,,,,,
551578,22.5,22.5,0,22.5,0,22.5,0,22.5,0,22.5,0,22.5,0,21,0.0714,21,0.0714,,,,
551579,,,,,,,,,,,,,,,,,,,,,
551580,20,20,0,20,0,20,0,20,0,20,0,20,0,18.9,0.0582,,,,,,
551581,,,,,,,,,,,,,,,,,,,,,
551582,20,20,0,20,0,20,0,20,0,20,0,20,0,18.9,0.0582,18.9,0.0582,,,,
551583,17.5,17.5,0,17.5,0,17.5,0,17.5,0,17.5,0,17.5,0,17.5,0,17.5,0,17.5,0,17.5,0
551585,,,,,,,,,,,,,,,,,,,,,
551588,,,,,,,,,,,,,,,,,,,,,
551593,,,,,,,,,,,,,,,,,,,,,
551594,20.5,20.5,0,20.5,0,20.5,0,20.5,0,20.5,0,20.5,0,20.5,0,20.5,0,20.5,0,18.5,0.108
551595,,,,,,,,,,,,,,,,,,,,,
551599,8.9,8.9,0,8.9,0,8.9,0,,,,,,,,,,,,,,
551601,23.5,23.5,0,23.5,0,23.5,0,23.5,0,,,,,,,,,,,,
551603,5.8,5.8,0,5.8,0,5.8,0,5.8,0,5.8,0,7.2,-0.194,7.2,-0.194,7.2,-0.194,5.9,-0.0169,5.8,0
551604,,,,,,,,,,,,,,,,,,,,,
551610,4,4,0,4,0,4,0,4,0,,,4,0,4,0,4,0,,,3,0.333
551611,,,,,,,,,,,,,,,,,,,,,
551612,4,4,0,4,0,4,0,4,0,4,0,4,0,4,0,4,0,,,3,0.333
551613,4,4,0,4,0,4,0,4,0,4,0,4,0,4,0,4,0,,,,
551614,12,12,0,12,0,12,0,12,0,12,0,12,0,12,0,12,0,9.9,0.212,,
551615,,,,,,,,,,,,,,,,,,,,,
551621,,,,,,,,,,,,,,,,,,,,,
551622,,,,,,,,,,,,,,,,,,,,,
551625,326,326,0,326,0,326,0,326,0,326,0,326,0,326,0,325,0.00154,239,0.362,229,0.421
551626,,,,,,,,,,,,,,,,,,,,,
551628,249,249,0,249,0,249,0,249,0,249,0,249,0,249,0,249,0,185,0.346,177,0.407
551630,37,37,0,37,0,37,0,37,0,37,0,37,0,,,,,27.5,0.345,26,0.423
551631,40,40,0,40,0,40,0,40,0,40,0,40,0,40,0,,,27.5,0.455,26,0.538
551632,37,37,0,37,0,37,0,37,0,37,0,37,0,37,0,,,27.5,0.345,26,0.423
551633,37,37,0,37,0,37,0,37,0,37,0,,,37,0,,,27.5,0.345,26,0.423
551634,37,37,0,37,0,37,0,37,0,37,0,,,37,0,,,27.5,0.345,26,0.423
551636,270,270,0,270,0,270,0,270,0,270,0,270,0,270,0,270,0,165,0.636,158,0.709
551640,,,,,,,,,,,,,,,,,,,,,
551641,,,,,,,,,,,,,,,,,,,,,
551642,,,,,,,,,,,,,,,,,,,,,
551644,,,,,,,,,,,,,,,,,,,,,
551646,,,,,,,,,,,,,,,,,,,,,
551647,,,,,,,,,,,,,,,,,,,,,
551649,,,,,,,,,,,,,,,,,,,,,
551650,10,10,0,10,0,10,0,10,0,10,0,8.5,0.176,10,0,10,0,8,0.25,8,0.25
551653,,,,,,,,,,,,,,,,,,,,,
551654,,,,,,,,,,,,,,,,,,,,,
551666,,,,,,,,,,,,,,,,,,,,,
551675,195,195,0,195,0,195,0,195,0,195,0,195,0,195,0,,,,,,
551683,12.5,12.5,0,12.5,0,12.5,0,12.5,0,12.5,0,12.5,0,12.5,0,,,11,0.136,,
551684,,,,,,,,,,,,,,,,,,,,,
551687,,,,,,,,,,,,,,,,,,,,,
551688,168,168,0,168,0,168,0,168,0,168,0,168,0,168,0,168,0,138,0.225,138,0.225
551690,,,,,,,,,,,,,,,,,,,,,
551691,,,,,,,,,,,,,,,,,,,,,
551692,,,,,,,,,,,,,,,,,,,,,
551693,,,,,,,,,,,,,,,,,,,,,
551695,,,,,,,,,,,,,,,,,,,,,
551696,17.5,17.5,0,17.5,0,17.5,0,17.5,0,17.5,0,17.5,0,17.5,0,17.5,0,17.5,0,17.5,0
551697,,,,,,,,,,,,,,,,,,,,,
551698,,,,,,,,,,,,,,,,,,,,,
551699,,,,,,,,,,,,,,,,,,,,,
551707,,,,,,,,,,,,,,,,,,,,,
551709,212,212,0,212,0,212,0,212,0,212,0,212,0,212,0,,,,,109,0.95
551710,43,43,0,43,0,43,0,43,0,43,0,49,-0.122,48,-0.104,48,-0.104,,,38.5,0.117
551711,34.5,34.5,0,34.5,0,34.5,0,34.5,0,34.5,0,34.5,0,32.2,0.0714,32.2,0.0714,28.5,0.211,28.5,0.211
551712,34.5,34.5,0,34.5,0,34.5,0,34.5,0,34.5,0,34.5,0,32.2,0.0714,,,28.5,0.211,28.5,0.211
551714,,,,,,,,,,,,,,,,,,,,,
551717,3.5,3.5,0,3.5,0,3.5,0,3.5,0,3.5,0,3.5,0,3.5,0,3,0.167,2.5,0.4,2.5,0.4
551719,,,,,,,,,,,,,,,,,,,,,
551725,31,31,0,,,31,0,31,0,31,0,31,0,31,0,,,26,0.192,26,0.192
551726,,,,,,,,,,,,,,,,,,,,,
551733,,,,,,,,,,,,,,,,,,,,,
551734,,,,,,,,,,,,,,,,,,,,,
551735,,,,,,,,,,,,,,,,,,,,,
551738,,,,,,,,,,,,,,,,,,,,,
551739,,,,,,,,,,,,,,,,,,,,,
551742,12.5,12.5,0,12.5,0,,,12.5,0,12.5,0,12.5,0,12.5,0,12.5,0,12,0.0417,12,0.0417
551743,8.8,8.8,0,8.8,0,8.8,0,8.8,0,8.8,0,8.8,0,8.8,0,,,8,0.1,8,0.1
551747,,,,,,,,,,,,,,,,,,,,,
551749,11.8,11.8,0,,,11.8,0,11.8,0,,,,,,,,,,,,
551751,30,30,0,30,0,30,0,30,0,30,0,30,0,30,0,30,0,21.5,0.395,17,0.765
551752,31.5,31.5,0,31.5,0,31.5,0,31.5,0,31.5,0,31.5,0,31.5,0,31.5,0,23,0.37,,
551753,35.9,35.9,0,35.9,0,35.9,0,35.9,0,35.9,0,35.9,0,35.9,0,35.9,0,27.5,0.305,,
551754,,,,,,,,,,,,,,,,,,,,,
551756,12,12,0,,,12,0,12,0,12,0,12,0,12,0,12,0,9,0.333,,
551761,,,,,,,,,,,,,,,,,,,,,
551762,8.5,8.5,0,8.5,0,8.5,0,8.5,0,8.5,0,8.5,0,8.5,0,,,8.5,0,8.5,0
551763,,,,,,,,,,,,,,,,,,,,,
551766,,,,,,,,,,,,,,,,,,,,,
551772,,,,,,,,,,,,,,,,,,,,,
551799,,,,,,,,,,,,,,,,,,,,,
551803,7.7,7.7,0,7.7,0,7.7,0,7.7,0,7.7,0,7.7,0,7.7,0,,,,,,
551806,16,16,0,16,0,16,0,16,0,16,0,,,,,,,,,,
551807,16,16,0,16,0,16,0,16,0,16,0,,,,,,,,,,
551819,,,,,,,,,,,,,,,,,,,,,
551820,,,,,,,,,,,,,,,,,,,,,
551822,,,,,,,,,,,,,,,,,,,,,
551823,,,,,,,,,,,,,,,,,,,,,
551824,49.5,49.5,0,49.5,0,49.5,0,49.5,0,49.5,0,49.5,0,49.5,0,49.5,0,,,,
551825,,,,,,,,,,,,,,,,,,,,,
551826,,,,,,,,,,,,,,,,,,,,,
551827,,,,,,,,,,,,,,,,,,,,,
551828,,,,,,,,,,,,,,,,,,,,,
551829,20,20,0,20,0,20,0,20,0,20,0,20,0,20,0,20,0,17.5,0.143,,
551831,15,15,0,15,0,15,0,15,0,15,0,15,0,15,0,15,0,13,0.154,,
551832,20.5,20.5,0,20.5,0,20.5,0,20.5,0,20.5,0,20.5,0,20.5,0,20.5,0,15,0.367,,
551833,25,25,0,25,0,25,0,25,0,25,0,25,0,25,0,25,0,21.5,0.163,,
551834,,,,,,,,,,,,,,,,,,,,,
551835,20,20,0,20,0,20,0,20,0,20,0,20,0,20,0,20,0,15,0.333,,
551838,81,81,0,81,0,81,0,81,0,81,0,81,0,81,0,,,,,,
551840,,,,,,,,,,,,,,,,,,,,,
551853,14.5,14.5,0,14.5,0,14.5,0,14.5,0,14.5,0,14.5,0,14.5,0,12.5,0.16,12.5,0.16,,
551861,,,,,,,,,,,,,,,,,,,,,
551862,,,,,,,,,,,,,,,,,,,,,
551863,39,39,0,39,0,,,,,,,,,39,0,,,,,39,0
551865,33,33,0,33,0,33,0,33,0,33,0,33,0,33,0,33,0,33,0,33,0
551866,39,39,0,39,0,39,0,39,0,39,0,39,0,39,0,39,0,39,0,39,0
551867,38.8,38.8,0,38.8,0,38.8,0,38.8,0,38.8,0,38.8,0,38.8,0,,,,,,
551873,,,,,,,,,,,,,,,,,,,,,
551874,,,,,,,,,,,,,,,,,,,,,
551875,,,,,,,,,,,,,,,,,,,,,
551885,,,,,,,,,,,,,,,,,,,,,
551886,,,,,,,,,,,,,,,,,,,,,
551888,,,,,,,,,,,,,,,,,,,,,
551889,,,,,,,,,,,,,,,,,,,,,
551897,,,,,,,,,,,,,,,,,,,,,
551898,,,,,,,,,,,,,,,,,,,,,
551909,38,38,0,38,0,38,0,38,0,38,0,38,0,38,0,38,0,35.9,0.0585,35,0.0857
551911,11.5,11.5,0,11.5,0,11.5,0,11.5,0,11.5,0,14.5,-0.207,14.5,-0.207,14.5,-0.207,13,-0.115,7.9,0.456
551912,11,11,0,11,0,11,0,11,0,11,0,11,0,11,0,11,0,10,0.1,10,0.1
551913,,,,,,,,,,,,,,,,,,,,,
551914,,,,,,,,,,,,,,,,,,,,,
551915,28.5,28.5,0,28.5,0,28.5,0,28.5,0,28.5,0,28.5,0,28.5,0,28.5,0,28.5,0,28.5,0
551916,,,,,,,,,,,,,,,,,,,,,
551917,28.5,28.5,0,28.5,0,28.5,0,28.5,0,28.5,0,28.5,0,28.5,0,28.5,0,28.5,0,28.5,0
551918,28.5,28.5,0,28.5,0,28.5,0,28.5,0,28.5,0,28.5,0,28.5,0,28.5,0,28.5,0,28.5,0
551919,,,,,,,,,,,,,,,,,,,,,
551920,46.5,46.5,0,46.5,0,46.5,0,46.5,0,46.5,0,46.5,0,43.5,0.069,40,0.163,40,0.163,40,0.163
551921,46.5,46.5,0,46.5,0,46.5,0,46.5,0,46.5,0,46.5,0,43.5,0.069,40,0.163,40,0.163,40,0.163
551922,46.5,46.5,0,46.5,0,46.5,0,46.5,0,46.5,0,46.5,0,43.5,0.069,40,0.163,40,0.163,40,0.163
551927,,,,,,,,,,,,,,,,,,,,,
551928,,,,,,,,,,,,,,,,,,,,,
551944,,,,,,,,,,,,,,,,,,,,,
551950,34,34,0,34,0,34,0,34,0,34,0,34,0,34,0,,,,,,
551957,,,,,,,,,,,,,,,,,,,,,
551966,,,,,,,,,,,,,,,,,,,,,
551967,15.5,15.5,0,15.5,0,15.5,0,15.5,0,15.5,0,15.5,0,15.5,0,14,0.107,13,0.192,13,0.192
551971,,,,,,,,,,,,,,,,,,,,,
551976,17.9,17.9,0,17.9,0,17.9,0,17.9,0,17.9,0,22,-0.186,22,-0.186,16,0.119,16,0.119,12.5,0.432
551978,,,,,,,,,,,,,,,,,,,,,
551979,,,,,,,,,,,,,,,,,,,,,
551980,,,,,,,,,,,,,,,,,,,,,
551982,,,,,,,,,,,,,,,,,,,,,
551985,12,12,0,12,0,12,0,12,0,12,0,12,0,12,0,12,0,9.9,0.212,9.9,0.212
551986,,,,,,,,,,,,,,,,,,,,,
551987,,,,,,,,,,,,,,,,,,,,,
551990,,,,,,,,,,,,,,,,,,,,,
551991,18,18,0,18,0,18,0,18,0,18,0,18,0,18,0,18,0,10,0.8,,
551992,,,,,,,,,,,,,,,,,,,,,
551993,270,270,0,270,0,270,0,270,0,270,0,270,0,270,0,270,0,165,0.636,,
551994,8.5,8.5,0,8.5,0,8.5,0,8.5,0,8.5,0,8.5,0,,,,,,,,
551995,8.5,8.5,0,8.5,0,8.5,0,8.5,0,8.5,0,8.5,0,,,,,,,,
551998,,,,,,,,,,,,,,,,,,,,,
552000,,,,,,,,,,,,,,,,,,,,,
552006,,,,,,,,,,,,,,,,,,,,,
552007,,,,,,,,,,,,,,,,,,,,,
552008,,,,,,,,,,,,,,,,,,,,,
552009,,,,,,,,,,,,,,,,,,,,,
552010,,,,,,,,,,,,,,,,,,,,,
552025,,,,,,,,,,,,,,,,,,,,,
552042,,,,,,,,,,,,,,,,,,,,,
552043,,,,,,,,,,,,,,,,,,,,,
552048,,,,,,,,,,,,,,,,,,,,,
552049,,,,,,,,,,,,,,,,,,,,,
552050,12,12,0,12,0,12,0,12,0,12,0,12,0,12,0,,,,,8,0.5
552051,150,150,0,150,0,150,0,150,0,150,0,150,0,,,,,,,,
552058,9.5,9.5,0,9.5,0,9.5,0,9.5,0,8,0.188,8,0.188,8,0.188,8.5,0.118,7.9,0.203,7.4,0.284
552059,4.5,4.5,0,4.5,0,4.5,0,4.5,0,4.5,0,4.5,0,4.5,0,4.2,0.0714,2.7,0.667,2.7,0.667
552060,19,19,0,19,0,19,0,19,0,,,,,,,,,18,0.0556,18,0.0556
552061,23,23,0,23,0,23,0,23,0,,,,,,,,,20.5,0.122,20.5,0.122
552063,,,,,,,,,,,,,,,,,,,,,
552064,23,23,0,23,0,23,0,23,0,23,0,23,0,23,0,23,0,20.5,0.122,20.5,0.122
552071,,,,,,,,,,,,,,,,,,,,,
552072,,,,,,,,,,,,,,,,,,,,,
552074,52.5,52.5,0,52.5,0,52.5,0,52.5,0,52.5,0,52.5,0,52.5,0,52.5,0,,,52.5,0
552075,70,70,0,70,0,70,0,70,0,70,0,,,,,,,,,,
552076,7.7,7.7,0,7.7,0,7.7,0,7.7,0,7.7,0,7.7,0,7.7,0,7.7,0,6,0.283,5.5,0.4
552077,7.7,7.7,0,7.7,0,7.7,0,7.7,0,7.7,0,7.7,0,7.7,0,7.7,0,6,0.283,5.5,0.4
552078,85.7,85.7,0,85.7,0,85.7,0,85.7,0,85.7,0,85.7,0,85.7,0,85.7,0,75,0.143,75,0.143
552082,34.5,34.5,0,34.5,0,34.5,0,34.5,0,34.5,0,34.5,0,44.4,-0.223,44.4,-0.223,30.5,0.131,24.5,0.408
552083,,,,,,,,,,,,,,,,,,,,,
552084,29.5,29.5,0,29.5,0,29.5,0,29.5,0,,,,,29.5,0,,,,,,
552085,33,33,0,33,0,33,0,,,,,33,0,33,0,,,,,,
552086,33,33,0,33,0,33,0,33,0,33,0,33,0,,,,,,,,
552088,35.5,35.5,0,35.5,0,35.5,0,,,,,35.5,0,35.5,0,,,,,,
552090,39.5,39.5,0,39.5,0,39.5,0,39.5,0,39.5,0,,,39.5,0,,,,,,
552091,28.8,28.8,0,28.8,0,28.8,0,28.8,0,28.8,0,,,,,28.8,0,,,15,0.92
552098,6.4,6.4,0,6.4,0,6.4,0,6.4,0,6.4,0,6.4,0,6.4,0,4.5,0.422,4.5,0.422,4.5,0.422
552099,10.5,10.5,0,10.5,0,10.5,0,10.5,0,10.5,0,10.5,0,11.5,-0.087,13,-0.192,9,0.167,8,0.312
552101,10.5,10.5,0,10.5,0,10.5,0,10.5,0,10.5,0,10.5,0,11.5,-0.087,13,-0.192,9,0.167,8,0.312
552102,,,,,,,,,,,,,,,,,,,,,
552103,,,,,,,,,,,,,,,,,,,,,
552115,28.5,28.5,0,28.5,0,28.5,0,28.5,0,,,,,,,,,,,,
552116,,,,,,,,,,,,,,,,,,,,,
552117,32.5,32.5,0,32.5,0,,,,,,,,,,,,,,,19.5,0.667
552130,16.8,16.8,0,16.8,0,16.8,0,16.8,0,16.8,0,16.8,0,16.5,0.0182,16.9,-0.00592,15,0.12,15,0.12
552131,,,,,,,,,,,,,,,,,,,,,
552132,,,,,,,,,,,,,,,,,,,,,
552136,13,13,0,13,0,13,0,13,0,13,0,13,0,13,0,13,0,7.5,0.733,7.5,0.733
552137,13,13,0,13,0,13,0,13,0,13,0,13,0,13,0,13,0,8,0.625,7.5,0.733
552138,13,13,0,13,0,13,0,13,0,13,0,13,0,13,0,13,0,7.5,0.733,7.5,0.733
552139,,,,,,,,,,,,,,,,,,,,,
552140,13,13,0,13,0,13,0,13,0,13,0,13,0,13,0,13,0,8,0.625,7.5,0.733
552141,13,13,0,13,0,13,0,13,0,13,0,13,0,13,0,13,0,8,0.625,7.5,0.733
552144,,,,,,,,,,,,,,,,,,,,,
552152,11,11,0,11,0,11,0,11,0,11,0,11,0,11,0,10,0.1,9.4,0.17,8.9,0.236
552157,,,,,,,,,,,,,,,,,,,,,
552158,,,,,,,,,,,,,,,,,,,,,
552159,,,,,,,,,,,,,,,,,,,,,
552161,10,10,0,10,0,10,0,10,0,10,0,10,0,10,0,10,0,8,0.25,,
552182,16.9,16.9,0,16.9,0,16.9,0,16.9,0,16.9,0,16.9,0,16.9,0,16.9,0,15.5,0.0903,13,0.3
552183,16.9,16.9,0,16.9,0,16.9,0,16.9,0,16.9,0,16.9,0,16.9,0,16.9,0,15.5,0.0903,13,0.3
552184,16.9,16.9,0,16.9,0,16.9,0,16.9,0,16.9,0,16.9,0,16.9,0,16.9,0,,,,
552198,9.9,9.9,0,9.9,0,9.9,0,9.9,0,9.9,0,9.9,0,9.9,0,8.5,0.165,,,,
552212,42,42,0,42,0,42,0,42,0,42,0,,,,,42,0,,,,
552219,11.5,11.5,0,11.5,0,11.5,0,11.5,0,11.5,0,11.5,0,11.5,0,10.5,0.0952,10,0.15,,
552220,7,7,0,7,0,7,0,7,0,7,0,7,0,7,0,6,0.167,6,0.167,,
552222,13.5,13.5,0,13.5,0,13.5,0,13.5,0,13.5,0,13.5,0,13.5,0,,,,,,
552223,,,,,,,,,,,,,,,,,,,,,
552228,8,8,0,8,0,8,0,8,0,7,0.143,7,0.143,7,0.143,5,0.6,5,0.6,5,0.6
552229,,,,,,,,,,,,,,,,,,,,,
552233,16.9,16.9,0,16.9,0,16.9,0,16.9,0,16.9,0,16.9,0,16.9,0,16.9,0,16.9,0,16.9,0
552234,,,,,,,,,,,,,,,,,,,,,
552235,,,,,,,,,,,,,,,,,,,,,
552236,,,,,,,,,,,,,,,,,,,,,
552237,,,,,,,,,,,,,,,,,,,,,
552244,94,94,0,94,0,,,94,0,94,0,94,0,,,104,-0.0962,83,0.133,83,0.133
552245,94,94,0,94,0,,,94,0,94,0,94,0,,,104,-0.0962,83,0.133,83,0.133
552246,94,94,0,94,0,94,0,94,0,94,0,94,0,,,104,-0.0962,83,0.133,83,0.133
552247,94,94,0,94,0,,,94,0,,,94,0,94,0,104,-0.0962,83,0.133,83,0.133
552255,,,,,,,,,,,,,,,,,,,,,
552256,,,,,,,,,,,,,,,,,,,,,
552257,,,,,,,,,,,,,,,,,,,,,
552258,,,,,,,,,,,,,,,,,,,,,
552260,16.9,16.9,0,16.9,0,16.9,0,16.9,0,16.9,0,16.9,0,16.9,0,16.9,0,15.5,0.0903,13.5,0.252
552270,,,,,,,,,,,,,,,,,,,,,
552271,,,,,,,,,,,,,,,,,,,,,
552272,,,,,,,,,,,,,,,,,,,,,
552273,,,,,,,,,,,,,,,,,,,,,
552274,4.8,4.8,0,4.8,0,4.8,0,,,4.8,0,,,4.8,0,4.8,0,4.8,0,4.8,0
552276,,,,,,,,,,,,,,,,,,,,,
552277,,,,,,,,,,,,,,,,,,,,,
552278,4.8,4.8,0,4.8,0,4.8,0,,,,,,,,,,,,,,
552279,,,,,,,,,,,,,,,,,,,,,
552280,,,,,,,,,,,,,,,,,,,,,
552281,,,,,,,,,,,,,,,,,,,,,
552282,,,,,,,,,,,,,,,,,,,,,
552284,,,,,,,,,,,,,,,,,,,,,
552294,,,,,,,,,,,,,,,,,,,,,
552295,,,,,,,,,,,,,,,,,,,,,
552296,,,,,,,,,,,,,,,,,,,,,
552297,,,,,,,,,,,,,,,,,,,,,
552302,11.5,11.5,0,11.5,0,11.5,0,11.5,0,11.5,0,11.5,0,11.5,0,,,,,,
552303,11.5,11.5,0,11.5,0,11.5,0,11.5,0,11.5,0,11.5,0,11.5,0,,,,,,
552304,,,,,,,,,,,,,,,,,,,,,
552306,,,,,,,,,,,,,,,,,,,,,
552309,,,,,,,,,,,,,,,,,,,,,
552310,,,,,,,,,,,,,,,,,,,,,
552311,,,,,,,,,,,,,,,,,,,,,
552314,,,,,,,,,,,,,,,,,,,,,
552316,,,,,,,,,,,,,,,,,,,,,
552318,5.7,5.7,0,5.7,0,5.7,0,5.7,0,5.7,0,5.7,0,5.7,0,4.5,0.267,4.5,0.267,4.5,0.267
552319,5.7,5.7,0,5.7,0,5.7,0,5.7,0,5.7,0,5.7,0,5.7,0,4.5,0.267,4.5,0.267,4.5,0.267
552320,5.7,5.7,0,5.7,0,5.7,0,5.7,0,5.7,0,5.7,0,5.7,0,4.5,0.267,4.5,0.267,4.5,0.267
552322,5.7,5.7,0,5.7,0,5.7,0,5.7,0,5.7,0,5.7,0,5.7,0,4.5,0.267,4.5,0.267,4.5,0.267
552323,,,,,,,,,,,,,,,,,,,,,
552324,,,,,,,,,,,,,,,,,,,,,
552325,,,,,,,,,,,,,,,,,,,,,
552326,5,5,0,5,0,5,0,5,0,5,0,5,0,6.5,-0.231,6.5,-0.231,4.5,0.111,4,0.25
552327,,,,,,,,,,,,,,,,,,,,,
552329,20,20,0,20,0,20,0,20,0,20,0,20,0,20,0,20,0,20,0,20,0
552331,20.5,20.5,0,20.5,0,20.5,0,20.5,0,20.5,0,20.5,0,20.5,0,20.5,0,20,0.025,20,0.025
552336,189,189,0,,,189,0,189,0,189,0,189,0,189,0,189,0,189,0,189,0
552337,12.5,12.5,0,12.5,0,12.5,0,12.5,0,12.5,0,12.5,0,12.5,0,12.5,0,10,0.25,,
552338,12.5,12.5,0,12.5,0,12.5,0,12.5,0,12.5,0,12.5,0,12.5,0,,,10,0.25,10,0.25
552339,,,,,,,,,,,,,,,,,,,,,
552340,12.5,12.5,0,12.5,0,12.5,0,12.5,0,,,12.5,0,12.5,0,12.5,0,9,0.389,9,0.389
552341,,,,,,,,,,,,,,,,,,,,,
552342,,,,,,,,,,,,,,,,,,,,,
552343,,,,,,,,,,,,,,,,,,,,,
552344,,,,,,,,,,,,,,,,,,,,,
552345,45,45,0,45,0,45,0,45,0,45,0,45,0,45,0,45,0,40,0.125,,
552346,168,168,0,168,0,168,0,168,0,168,0,168,0,,,134,0.253,109,0.54,99,0.696
552347,,,,,,,,,,,,,,,,,,,,,
552367,11,11,0,11,0,11,0,11,0,11,0,11,0,11,0,10,0.1,8.8,0.25,8.5,0.294
552368,11,11,0,11,0,11,0,11,0,11,0,11,0,11,0,10,0.1,8.5,0.294,8.5,0.294
552369,11,11,0,11,0,11,0,11,0,11,0,11,0,11,0,10,0.1,8.5,0.294,8.5,0.294
552371,,,,,,,,,,,,,,,,,,,,,
552373,9.5,9.5,0,9.5,0,9.5,0,9.5,0,9.5,0,9.5,0,9.5,0,9.5,0,9.5,0,9.5,0
552374,45,45,0,45,0,45,0,45,0,45,0,45,0,45,0,45,0,41.5,0.0843,41.5,0.0843
552375,45,45,0,45,0,45,0,45,0,45,0,45,0,45,0,45,0,41.5,0.0843,41.5,0.0843
552383,,,,,,,,,,,,,,,,,,,,,
552386,,,,,,,,,,,,,,,,,,,,,
552387,25,25,0,25,0,25,0,25,0,25,0,25,0,28.5,-0.123,32.5,-0.231,21.5,0.163,19.9,0.256
552388,46,46,0,46,0,46,0,46,0,46,0,,,58.5,-0.214,58.5,-0.214,39.5,0.165,35.5,0.296
552389,,,,,,,,,,,,,,,,,,,,,
552390,10.5,10.5,0,10.5,0,10.5,0,10.5,0,10.5,0,10.5,0,10.5,0,10.5,0,10.5,0,10.5,0
552391,10.5,10.5,0,10.5,0,10.5,0,10.5,0,10.5,0,10.5,0,10.5,0,10.5,0,10.5,0,10.5,0
552392,10.5,10.5,0,10.5,0,10.5,0,10.5,0,10.5,0,10.5,0,10.5,0,10.5,0,10.5,0,10.5,0
552393,95,95,0,95,0,95,0,95,0,95,0,95,0,95,0,,,81,0.173,81,0.173
552397,10.5,10.5,0,10.5,0,10.5,0,10.5,0,10.5,0,10.5,0,10.5,0,10.5,0,9.5,0.105,9,0.167
552398,14.5,14.5,0,14.5,0,14.5,0,14.5,0,14.5,0,14.5,0,14.5,0,14.5,0,11.5,0.261,,
552400,23.8,23.8,0,23.8,0,23.8,0,23.8,0,23.8,0,23.8,0,22.5,0.0578,,,,,,
552401,,,,,,,,,,,,,,,,,,,,,
552405,140,140,0,140,0,140,0,140,0,140,0,140,0,140,0,,,,,,
552406,,,,,,,,,,,,,,,,,,,,,
552407,,,,,,,,,,,,,,,,,,,,,
552408,,,,,,,,,,,,,,,,,,,,,
552409,20,20,0,20,0,20,0,,,,,,,,,19.5,0.0256,19.5,0.0256,19.5,0.0256
552411,15.5,15.5,0,15.5,0,15.5,0,15.5,0,15.5,0,15.5,0,15.5,0,15.5,0,15.5,0,15.5,0
552412,,,,,,,,,,,,,,,,,,,,,
552415,,,,,,,,,,,,,,,,,,,,,
552416,,,,,,,,,,,,,,,,,,,,,
552417,,,,,,,,,,,,,,,,,,,,,
552419,87.5,87.5,0,87.5,0,87.5,0,87.5,0,87.5,0,87.5,0,87.5,0,75.5,0.159,66,0.326,,
552420,32.5,32.5,0,32.5,0,32.5,0,32.5,0,32.5,0,32.5,0,32.5,0,,,23.5,0.383,23.5,0.383
552422,,,,,,,,,,,,,,,,,,,,,
552423,6.9,6.9,0,6.9,0,6.9,0,6.9,0,7,-0.0143,7,-0.0143,7,-0.0143,6,0.15,6,0.15,6,0.15
552424,6.9,6.9,0,6.9,0,6.9,0,6.9,0,6.9,0,7,-0.0143,7,-0.0143,6,0.15,,,6,0.15
552425,,,,,,,,,,,,,,,,,,,,,
552427,,,,,,,,,,,,,,,,,,,,,
552430,,,,,,,,,,,,,,,,,,,,,
552431,9.5,9.5,0,9.5,0,9.5,0,9.5,0,9.5,0,7.9,0.203,9.5,0,9.5,0,8.5,0.118,7.2,0.319
552439,17,17,0,17,0,17,0,17,0,17,0,17,0,17,0,17,0,16,0.0625,,
552440,17,17,0,17,0,17,0,17,0,17,0,17,0,17,0,16.8,0.0119,16,0.0625,,
552441,17,17,0,17,0,17,0,17,0,17,0,17,0,17,0,16.8,0.0119,16,0.0625,16,0.0625
552442,17,17,0,17,0,17,0,17,0,17,0,17,0,17,0,17,0,16,0.0625,16,0.0625
552443,17,17,0,17,0,17,0,17,0,17,0,17,0,17,0,18,-0.0556,16,0.0625,16,0.0625
552444,17,17,0,17,0,17,0,17,0,17,0,17,0,17,0,18,-0.0556,16,0.0625,16,0.0625
552445,17,17,0,17,0,17,0,17,0,17,0,17,0,17,0,17,0,16,0.0625,,
552446,12.9,12.9,0,12.9,0,12.9,0,12.9,0,12.9,0,12.9,0,12.9,0,12.9,0,16,-0.194,16,-0.194
552447,17,17,0,17,0,17,0,17,0,17,0,17,0,17,0,17,0,16,0.0625,16,0.0625
552448,17,17,0,17,0,17,0,17,0,17,0,17,0,17,0,17,0,16,0.0625,16,0.0625
552449,,,,,,,,,,,,,,,,,,,,,
552450,5,5,0,5,0,5,0,5,0,5,0,5,0,5.5,-0.0909,5.5,-0.0909,4.5,0.111,,
552451,10,10,0,10,0,10,0,10,0,9,0.111,9,0.111,10,0,9,0.111,8.4,0.19,7.9,0.266
552453,,,,,,,,,,,,,,,,,,,,,
552454,16.5,16.5,0,16.5,0,16.5,0,16.5,0,16.5,0,,,,,,,,,,
552455,43.5,43.5,0,43.5,0,43.5,0,43.5,0,43.5,0,,,,,,,43.5,0,,
552456,,,,,,,,,,,,,,,,,,,,,
552458,87.5,87.5,0,87.5,0,87.5,0,87.5,0,87.5,0,87.5,0,85,0.0294,85,0.0294,85,0.0294,85,0.0294
552459,112,112,0,112,0,112,0,112,0,112,0,112,0,108,0.0417,108,0.0417,108,0.0417,108,0.0417
552460,,,,,,,,,,,,,,,,,,,,,
552461,,,,,,,,,,,,,,,,,,,,,
552463,,,,,,,,,,,,,,,,,,,,,
552466,,,,,,,,,,,,,,,,,,,,,
552467,109,109,0,109,0,109,0,109,0,109,0,109,0,109,0,106,0.0235,106,0.0235,106,0.0235
552471,185,185,0,185,0,185,0,185,0,185,0,185,0,185,0,185,0,135,0.37,135,0.37
552474,11,11,0,11,0,11,0,,,11,0,,,11,0,,,,,,
552475,11,11,0,11,0,11,0,,,11,0,,,,,,,,,,
552476,,,,,,,,,,,,,,,,,,,,,
552477,,,,,,,,,,,,,,,,,,,,,
552478,7.5,7.5,0,7.5,0,7.5,0,7.5,0,7.5,0,7.5,0,7.5,0,,,,,6,0.25
552479,,,,,,,,,,,,,,,,,,,,,
552480,,,,,,,,,,,,,,,,,,,,,
552481,,,,,,,,,,,,,,,,,,,,,
552482,2,2,0,2,0,2,0,,,2,0,2,0,2,0,,,,,2,0
552483,,,,,,,,,,,,,,,,,,,,,
552484,,,,,,,,,,,,,,,,,,,,,
552488,,,,,,,,,,,,,,,,,,,,,
552490,,,,,,,,,,,,,,,,,,,,,
552492,,,,,,,,,,,,,,,,,,,,,
552493,,,,,,,,,,,,,,,,,,,,,
552495,10.4,10.4,0,10.4,0,10.4,0,10.4,0,10.4,0,8.9,0.169,10.4,0,10.4,0,8,0.3,8,0.3
552496,10.4,10.4,0,10.4,0,10.4,0,10.4,0,10.4,0,8.9,0.169,10.4,0,10.4,0,8,0.3,8,0.3
552497,6.5,6.5,0,6.5,0,6.5,0,6.5,0,6.5,0,8.3,-0.217,8.3,-0.217,8.2,-0.207,8.4,-0.226,5,0.3
552498,6.5,6.5,0,6.5,0,6.5,0,6.5,0,6.5,0,8.3,-0.217,8.3,-0.217,8.2,-0.207,8.4,-0.226,,
552499,6.5,6.5,0,6.5,0,6.5,0,6.5,0,6.5,0,8.3,-0.217,8.3,-0.217,8.2,-0.207,8.4,-0.226,,
552500,16.5,16.5,0,16.5,0,16.5,0,16.5,0,16.5,0,16.5,0,16.5,0,16.5,0,14.5,0.138,14.4,0.146
552501,6.9,6.9,0,6.9,0,6.9,0,6.9,0,6.9,0,6.9,0,6.9,0,5.5,0.255,5.5,0.255,4.9,0.408
552502,6,6,0,6,0,6,0,6,0,6,0,6,0,7.9,-0.241,7.9,-0.241,5.5,0.0909,5,0.2
552503,9,9,0,9,0,,,9,0,9,0,9,0,9,0,,,,,,
552504,,,,,,,,,,,,,,,,,,,,,
552511,28,28,0,28,0,28,0,28,0,28,0,24.9,0.124,28,0,28,0,28,0,30,-0.0667
552512,28,28,0,28,0,28,0,28,0,28,0,24.9,0.124,28,0,28,0,28,0,30,-0.0667
552514,,,,,,,,,,,,,,,,,,,,,
552515,,,,,,,,,,,,,,,,,,,,,
552516,,,,,,,,,,,,,,,,,,,,,
552517,,,,,,,,,,,,,,,,,,,,,
552518,,,,,,,,,,,,,,,,,,,,,
552519,13.5,13.5,0,13.5,0,13.5,0,13.5,0,13.5,0,13.5,0,13.5,0,13.5,0,11.8,0.144,11.8,0.144
552520,13.5,13.5,0,,,,,13.5,0,13.5,0,13.5,0,13.5,0,13.5,0,11.8,0.144,11.8,0.144
552521,,,,,,,,,,,,,,,,,,,,,
552522,,,,,,,,,,,,,,,,,,,,,
552523,,,,,,,,,,,,,,,,,,,,,
552525,59,59,0,59,0,59,0,59,0,59,0,59,0,59,0,,,49.5,0.192,49.5,0.192
552526,,,,,,,,,,,,,,,,,,,,,
552527,,,,,,,,,,,,,,,,,,,,,
552528,,,,,,,,,,,,,,,,,,,,,
552532,,,,,,,,,,,,,,,,,,,,,
552533,,,,,,,,,,,,,,,,,,,,,
552534,,,,,,,,,,,,,,,,,,,,,
552535,,,,,,,,,,,,,,,,,,,,,
552537,,,,,,,,,,,,,,,,,,,,,
552538,,,,,,,,,,,,,,,,,,,,,
552539,,,,,,,,,,,,,,,,,,,,,
552542,,,,,,,,,,,,,,,,,,,,,
552545,,,,,,,,,,,,,,,,,,,,,
552546,15,15,0,15,0,15,0,15,0,15,0,,,,,,,,,,
552547,,,,,,,,,,,,,,,,,,,,,
552548,,,,,,,,,,,,,,,,,,,,,
552549,,,,,,,,,,,,,,,,,,,,,
552561,33.3,33.3,0,33.3,0,33.3,0,33.3,0,33.3,0,33.3,0,33.3,0,25,0.332,25,0.332,25,0.332
552562,36.9,36.9,0,36.9,0,36.9,0,36.9,0,36.9,0,36.9,0,36.9,0,25,0.476,25,0.476,25,0.476
552563,48,48,0,48,0,48,0,48,0,48,0,48,0,48,0,48,0,31.5,0.524,29.5,0.627
552564,48,48,0,48,0,48,0,48,0,48,0,48,0,48,0,48,0,31.5,0.524,29.5,0.627
552565,6,6,0,6,0,6,0,6,0,6,0,6,0,6,0,6,0,5.4,0.111,,
552566,,,,,,,,,,,,,,,,,,,,,
552570,,,,,,,,,,,,,,,,,,,,,
552670,,,,,,,,,,,,,,,,,,,,,
552671,11.5,11.5,0,11.5,0,11.5,0,11.5,0,11.5,0,14,-0.179,14,-0.179,14,-0.179,10.5,0.0952,10.5,0.0952
552674,11.5,11.5,0,11.5,0,11.5,0,11.5,0,11.5,0,14,-0.179,14,-0.179,,,10.5,0.0952,10.5,0.0952
552675,11.5,11.5,0,11.5,0,11.5,0,11.5,0,11.5,0,14,-0.179,14,-0.179,,,9.1,0.264,10.5,0.0952
552676,8.7,8.7,0,8.7,0,8.7,0,8.7,0,8.7,0,8.7,0,8.7,0,6,0.45,6,0.45,6,0.45
552677,,,,,,,,,,,,,,,,,,,,,
552679,,,,,,,,,,,,,,,,,,,,,
552680,,,,,,,,,,,,,,,,,,,,,
552681,,,,,,,,,,,,,,,,,,,,,
552683,48,48,0,48,0,48,0,48,0,48,0,48,0,48,0,48,0,43.5,0.103,43.5,0.103
552684,45,45,0,45,0,45,0,45,0,45,0,45,0,45,0,45,0,40,0.125,40,0.125
552685,45,45,0,45,0,,,,,,,,,,,,,,,40,0.125
552686,45,45,0,45,0,45,0,45,0,45,0,45,0,45,0,45,0,40,0.125,40,0.125
552687,45,45,0,45,0,45,0,45,0,45,0,45,0,45,0,45,0,40,0.125,40,0.125
552688,95,95,0,,,,,,,,,95,0,,,,,85,0.118,85,0.118
552698,,,,,,,,,,,,,,,,,,,,,
552699,,,,,,,,,,,,,,,,,,,,,
552700,,,,,,,,,,,,,,,,,,,,,
552702,,,,,,,,,,,,,,,,,,,,,
552705,240,240,0,240,0,240,0,240,0,240,0,240,0,,,,,245,-0.0204,210,0.143
552706,240,240,0,240,0,,,,,,,,,,,,,,,210,0.143
552707,9,9,0,9,0,9,0,9,0,9,0,9,0,9,0,,,8.5,0.0588,8.5,0.0588
552708,9,9,0,9,0,9,0,9,0,9,0,9,0,9,0,8.5,0.0588,8.5,0.0588,8.5,0.0588
552710,5.5,5.5,0,5.5,0,5.5,0,5.5,0,5.5,0,5.5,0,5.5,0,,,,,3.5,0.571
552711,,,,,,,,,,,,,,,,,,,,,
552712,13.5,13.5,0,13.5,0,13.5,0,13.5,0,12.5,0.08,12.5,0.08,12.5,0.08,11.5,0.174,10.5,0.286,9.9,0.364
552713,,,,,,,,,,,,,,,,,,,,,
552714,7,7,0,7,0,7,0,7,0,7,0,7,0,6,0.167,6,0.167,6,0.167,5,0.4
552715,7,7,0,7,0,7,0,7,0,,,7,0,6,0.167,6,0.167,6,0.167,,
552716,102,102,0,102,0,102,0,102,0,102,0,102,0,85,0.2,,,,,,
552720,31,31,0,31,0,31,0,31,0,31,0,31,0,31,0,30.9,0.00324,22.5,0.378,22.5,0.378
552721,99.9,99.9,0,99.9,0,99.9,0,99.9,0,99.9,0,99.9,0,99.9,0,,,66.5,0.502,63,0.586
552722,11,11,0,11,0,11,0,11,0,11,0,11,0,11,0,11,0,10,0.1,10,0.1
552723,11,11,0,11,0,11,0,11,0,11,0,11,0,11,0,11,0,10,0.1,10,0.1
552724,11,11,0,11,0,11,0,11,0,,,11,0,11,0,11,0,10,0.1,10,0.1
552725,9.5,9.5,0,9.5,0,9.5,0,9.5,0,9.5,0,9.5,0,9.5,0,9.5,0,9,0.0556,9,0.0556
552726,9.5,9.5,0,9.5,0,9.5,0,9.5,0,9.5,0,9.5,0,9.5,0,9.5,0,9,0.0556,9,0.0556
552727,9.5,9.5,0,9.5,0,9.5,0,9.5,0,9.5,0,9.5,0,9.5,0,,,9,0.0556,9,0.0556
552728,11,11,0,11,0,11,0,11,0,11,0,11,0,11,0,,,10,0.1,10,0.1
552730,4.5,4.5,0,4.5,0,4.5,0,4.5,0,4.5,0,4.5,0,4.5,0,4.5,0,4.5,0,4.5,0
552731,4.5,4.5,0,4.5,0,4.5,0,4.5,0,4.5,0,4.5,0,4.5,0,4.5,0,4.5,0,4.5,0
552732,4.5,4.5,0,4.5,0,4.5,0,4.5,0,4.5,0,4.5,0,4.5,0,4.5,0,4.5,0,4.5,0
552733,4.5,4.5,0,4.5,0,4.5,0,4.5,0,4.5,0,4.5,0,4.5,0,4.5,0,4.5,0,4.5,0
552734,4.5,4.5,0,4.5,0,4.5,0,4.5,0,4.5,0,4.5,0,4.5,0,4.5,0,4.5,0,4.5,0
552735,4,4,0,4,0,4,0,4,0,,,3,0.333,3,0.333,3,0.333,2.7,0.481,2.7,0.481
552736,2.7,2.7,0,2.7,0,2.7,0,2.7,0,2.7,0,2.7,0,2.7,0,2.7,0,2.3,0.174,2.3,0.174
552737,8,8,0,8,0,8,0,8.4,-0.0476,8.4,-0.0476,8.4,-0.0476,8.4,-0.0476,7.5,0.0667,6.9,0.159,6.9,0.159
552738,8,8,0,8,0,8,0,8.4,-0.0476,8.4,-0.0476,8.4,-0.0476,8.4,-0.0476,7.5,0.0667,6.9,0.159,6.9,0.159
552739,8,8,0,8,0,8,0,8.4,-0.0476,8.4,-0.0476,8.4,-0.0476,8.4,-0.0476,7.5,0.0667,6.9,0.159,6.9,0.159
552740,9,9,0,9,0,9,0,9,0,9,0,9,0,9,0,7.5,0.2,7.5,0.2,7.5,0.2
552741,9,9,0,9,0,9,0,9,0,9,0,9,0,9,0,7.5,0.2,7.5,0.2,7.5,0.2
552742,9,9,0,9,0,9,0,9,0,9,0,9,0,9,0,7.5,0.2,7.5,0.2,7.5,0.2
552743,9,9,0,9,0,9,0,9,0,9,0,9,0,9,0,7.5,0.2,7.5,0.2,7.5,0.2
552744,9,9,0,9,0,9,0,9,0,9,0,9,0,9,0,7.5,0.2,7.5,0.2,7.5,0.2
552745,9,9,0,9,0,9,0,9,0,9,0,9,0,9,0,7.5,0.2,7.5,0.2,7.5,0.2
552746,9,9,0,9,0,9,0,9,0,9,0,9,0,9,0,7.5,0.2,7.5,0.2,7.5,0.2
552747,9,9,0,9,0,9,0,9,0,9,0,9,0,9,0,7.5,0.2,7.5,0.2,7.5,0.2
552748,9,9,0,9,0,9,0,9,0,9,0,9,0,9,0,7.5,0.2,7.5,0.2,7.5,0.2
552749,9,9,0,9,0,9,0,9,0,9,0,9,0,9,0,7.5,0.2,7.5,0.2,7.5,0.2
552750,6.5,6.5,0,6.5,0,6.5,0,6.5,0,6.5,0,6.5,0,6.5,0,5,0.3,5,0.3,5,0.3
552751,2.5,2.5,0,2.5,0,2.5,0,2.5,0,2.5,0,2.5,0,2.5,0,2,0.25,2,0.25,,
552752,81,81,0,81,0,81,0,81,0,81,0,,,,,,,,,,
552753,19.5,19.5,0,19.5,0,19.5,0,19.5,0,19.5,0,,,,,,,,,,
552754,34.9,34.9,0,34.9,0,34.9,0,34.9,0,34.9,0,36.9,-0.0542,36.9,-0.0542,48,-0.273,38.5,-0.0935,38.5,-0.0935
552755,,,,,,,,,,,,,,,,,,,,,
552756,20.5,20.5,0,20.5,0,20.5,0,20.5,0,20.5,0,16.9,0.213,20.5,0,,,11,0.864,11,0.864
552757,,,,,,,,,,,,,,,,,,,,,
552758,,,,,,,,,,,,,,,,,,,,,
552759,,,,,,,,,,,,,,,,,,,,,
552760,,,,,,,,,,,,,,,,,,,,,
552775,,,,,,,,,,,,,,,,,,,,,
552776,47.5,47.5,0,47.5,0,47.5,0,47.5,0,47.5,0,47.5,0,47.5,0,47.5,0,45,0.0556,45,0.0556
552777,37,37,0,37,0,37,0,37,0,37,0,37,0,37,0,37,0,27.5,0.345,,
552778,40,40,0,40,0,40,0,40,0,40,0,40,0,40,0,40,0,22.5,0.778,,
552779,40,40,0,40,0,40,0,40,0,40,0,40,0,,,40,0,23.5,0.702,,
552780,,,,,,,,,,,,,,,,,,,,,
552781,6.5,6.5,0,6.5,0,6.5,0,6.5,0,6.5,0,6.5,0,6.5,0,6.5,0,5.9,0.102,,
552782,11,11,0,11,0,11,0,11,0,11,0,11,0,11,0,11,0,,,,
552783,,,,,,,,,,,,,,,,,,,,,
552784,,,,,,,,,,,,,,,,,,,,,
552785,,,,,,,,,,,,,,,,,,,,,
552786,,,,,,,,,,,,,,,,,,,,,
552787,,,,,,,,,,,,,,,,,,,,,
552788,,,,,,,,,,,,,,,,,,,,,
552789,,,,,,,,,,,,,,,,,,,,,
552791,17.5,17.5,0,17.5,0,17.5,0,17.5,0,17.5,0,17.5,0,17.5,0,17.5,0,14,0.25,14,0.25
552792,,,,,,,,,,,,,,,,,,,,,
552794,,,,,,,,,,,,,,,,,,,,,
552795,,,,,,,,,,,,,,,,,,,,,
552796,44.5,44.5,0,44.5,0,44.5,0,44.5,0,,,44.5,0,,,,,44.5,0,44.5,0
552797,,,,,,,,,,,,,,,,,,,,,
552798,,,,,,,,,,,,,,,,,,,,,
552803,,,,,,,,,,,,,,,,,,,,,
552804,,,,,,,,,,,,,,,,,,,,,
552805,,,,,,,,,,,,,,,,,,,,,
552807,,,,,,,,,,,,,,,,,,,,,
552812,,,,,,,,,,,,,,,,,,,,,
552813,,,,,,,,,,,,,,,,,,,,,
552814,6.5,6.5,0,6.5,0,6.5,0,6.5,0,6.5,0,6.5,0,6.5,0,6.5,0,6.5,0,6.5,0
552815,162,162,0,162,0,,,162,0,162,0,,,,,,,,,104,0.55
552816,209,209,0,,,,,,,,,,,,,,,,,,
552818,162,162,0,162,0,162,0,162,0,162,0,162,0,162,0,162,0,108,0.5,,
552822,,,,,,,,,,,,,,,,,,,,,
552829,,,,,,,,,,,,,,,,,,,,,
552832,,,,,,,,,,,,,,,,,,,,,
552833,144,144,0,144,0,144,0,144,0,144,0,144,0,,,,,,,85,0.694
552835,144,144,0,144,0,144,0,,,,,,,,,,,,,,
552848,,,,,,,,,,,,,,,,,,,,,
552849,,,,,,,,,,,,,,,,,,,,,
552853,,,,,,,,,,,,,,,,,,,,,
552857,19.8,19.8,0,19.8,0,19.8,0,19.8,0,,,,,,,,,,,,
552858,179,179,0,179,0,179,0,,,,,,,,,125,0.433,,,125,0.433
552859,179,179,0,179,0,179,0,,,,,,,,,,,125,0.433,125,0.433
552860,4.9,4.9,0,9.9,-0.505,9.9,-0.505,9.9,-0.505,9.9,-0.505,11.9,-0.588,11.9,-0.588,11.9,-0.588,10.9,-0.55,10.9,-0.55
552862,,,,,,,,,,,,,,,,,,,,,
552864,9.9,9.9,0,9.9,0,9.9,0,9.9,0,9.9,0,11.9,-0.168,11.9,-0.168,11.9,-0.168,10.9,-0.0917,,
552865,4.9,4.9,0,9.9,-0.505,9.9,-0.505,9.9,-0.505,,,5.9,-0.169,11.9,-0.588,11.9,-0.588,10.9,-0.55,10.9,-0.55
552869,3.5,3.5,0,3.5,0,3.5,0,3.5,0,3.5,0,3.5,0,3.5,0,3.5,0,3.5,0,,
552870,3.5,3.5,0,3.5,0,3.5,0,3.5,0,3.5,0,3.5,0,3.5,0,3.5,0,3.5,0,,
552871,3.5,3.5,0,3.5,0,3.5,0,3.5,0,3.5,0,3.5,0,3.5,0,3.5,0,3.5,0,,
552872,3.5,3.5,0,3.5,0,3.5,0,3.5,0,3.5,0,3.5,0,3.5,0,3.5,0,3.5,0,3.5,0
552873,3.5,3.5,0,3.5,0,3.5,0,3.5,0,3.5,0,3.5,0,3.5,0,3.5,0,,,,
552874,3.5,3.5,0,3.5,0,3.5,0,3.5,0,3.5,0,3.5,0,3.5,0,3.5,0,3.5,0,3.5,0
552875,3.5,3.5,0,3.5,0,3.5,0,3.5,0,3.5,0,3.5,0,3.5,0,3.5,0,3.5,0,3.5,0
552876,125,125,0,125,0,125,0,125,0,125,0,120,0.0425,136,-0.0842,,,,,99,0.263
552877,,,,,,,,,,,,,,,,,,,,,
552878,,,,,,,,,,,,,,,,,,,,,
552879,,,,,,,,,,,,,,,,,,,,,
552880,18.9,18.9,0,18.9,0,18.9,0,18.9,0,18.9,0,18.9,0,18.9,0,18.9,0,,,10,0.89
552881,,,,,,,,,,,,,,,,,,,,,
552891,23.5,23.5,0,23.5,0,23.5,0,23.5,0,23.5,0,23.5,0,23.5,0,22.8,0.0307,15,0.567,,
552893,,,,,,,,,,,,,,,,,,,,,
552894,,,,,,,,,,,,,,,,,,,,,
552895,,,,,,,,,,,,,,,,,,,,,
552897,93.5,93.5,0,,,,,93.5,0,93.5,0,93.5,0,,,93.5,0,93.5,0,93.5,0
552898,93.5,93.5,0,93.5,0,93.5,0,93.5,0,93.5,0,93.5,0,93.5,0,,,93.5,0,93.5,0
552902,,,,,,,,,,,,,,,,,,,,,
552904,,,,,,,,,,,,,,,,,,,,,
552905,,,,,,,,,,,,,,,,,,,,,
552906,23,23,0,23,0,23,0,23,0,23,0,25.5,-0.098,25.5,-0.098,25.5,-0.098,16.5,0.394,16.5,0.394
552907,23,23,0,23,0,23,0,23,0,23,0,25.5,-0.098,25.5,-0.098,25.5,-0.098,16.5,0.394,16.5,0.394
552908,126,126,0,126,0,126,0,126,0,132,-0.0455,120,0.0509,,,120,0.05,,,,
552909,11.5,11.5,0,11.5,0,11.5,0,11.5,0,11.5,0,11.5,0,11.5,0,11.5,0,11.5,0,11.5,0
552910,,,,,,,,,,,,,,,,,,,,,
552911,11.5,11.5,0,11.5,0,11.5,0,11.5,0,11.5,0,11.5,0,11.5,0,11.5,0,11.5,0,11.5,0
552912,,,,,,,,,,,,,,,,,,,,,
552914,,,,,,,,,,,,,,,,,,,,,
552915,,,,,,,,,,,,,,,,,,,,,
552916,,,,,,,,,,,,,,,,,,,,,
552917,,,,,,,,,,,,,,,,,,,,,
552918,,,,,,,,,,,,,,,,,,,,,
552920,130,130,0,130,0,130,0,130,0,130,0,130,0,130,0,130,0,130,0,130,0
552928,,,,,,,,,,,,,,,,,,,,,
552929,62.5,62.5,0,62.5,0,62.5,0,,,62.5,0,62.5,0,62.5,0,,,,,,
552931,,,,,,,,,,,,,,,,,,,,,
552933,21,21,0,21,0,21,0,21,0,21,0,21,0,21,0,21,0,18.5,0.135,15.5,0.355
552934,52.5,52.5,0,52.5,0,52.5,0,52.5,0,52.5,0,52.5,0,,,42.5,0.235,35.5,0.479,35.5,0.479
552935,49,49,0,49,0,49,0,49,0,49,0,49,0,49,0,42.5,0.153,34.5,0.42,,
552936,62,62,0,62,0,62,0,62,0,62,0,62,0,,,,,35.9,0.727,35.9,0.727
552940,47.8,47.8,0,47.8,0,47.8,0,47.8,0,47.8,0,,,,,36,0.328,,,29.9,0.599
552941,27.5,27.5,0,27.5,0,27.5,0,27.5,0,27.5,0,27.5,0,27.5,0,27.5,0,20,0.375,17.5,0.571
552942,27.5,27.5,0,27.5,0,27.5,0,27.5,0,,,27.5,0,,,27.5,0,21,0.31,21,0.31
552943,27.5,27.5,0,27.5,0,,,27.5,0,27.5,0,27.5,0,,,27.5,0,20.5,0.341,20.5,0.341
552944,18.5,18.5,0,18.5,0,18.5,0,18.5,0,,,18.5,0,18.5,0,18.5,0,18.5,0,18.5,0
552945,21,21,0,21,0,21,0,21,0,21,0,21,0,21,0,21,0,,,15.5,0.355
552946,27.5,27.5,0,27.5,0,27.5,0,27.5,0,27.5,0,27.5,0,27.5,0,27.5,0,20.5,0.341,20.5,0.341
552947,,,,,,,,,,,,,,,,,,,,,
552948,,,,,,,,,,,,,,,,,,,,,
552952,,,,,,,,,,,,,,,,,,,,,
552953,,,,,,,,,,,,,,,,,,,,,
552956,200,200,0,200,0,200,0,205,-0.0244,,,,,205,-0.0244,,,,,,
552957,7.9,7.9,0,7.9,0,7.9,0,8,-0.0125,8,-0.0125,8,-0.0125,8,-0.0125,,,,,,
552958,7.9,7.9,0,7.9,0,7.9,0,8,-0.0125,8,-0.0125,8,-0.0125,8,-0.0125,,,,,,
552959,,,,,,,,,,,,,,,,,,,,,
552960,7.9,7.9,0,7.9,0,7.9,0,8,-0.0125,8,-0.0125,8,-0.0125,8,-0.0125,,,,,,
552961,,,,,,,,,,,,,,,,,,,,,
552964,7.9,7.9,0,7.9,0,7.9,0,8,-0.0125,8,-0.0125,8,-0.0125,8,-0.0125,,,,,,
552965,7.9,7.9,0,7.9,0,7.9,0,7.6,0.0395,8,-0.0125,8,-0.0125,8,-0.0125,,,,,,
552966,4,4,0,4,0,4,0,4,0,4,0,4,0,4,0,3.5,0.143,3.3,0.212,3.3,0.212
552967,4,4,0,4,0,4,0,4,0,4,0,4,0,,,3.5,0.143,3.3,0.212,3.3,0.212
552968,22.5,22.5,0,22.5,0,22.5,0,22.5,0,22.5,0,22.5,0,22.5,0,18.5,0.216,18.5,0.216,18.5,0.216
552970,21,21,0,21,0,21,0,21,0,21,0,19,0.105,,,21,0,20.5,0.0244,20.5,0.0244
552971,21,21,0,21,0,,,,,21,0,19,0.105,19,0.105,21,0,20.5,0.0244,20.5,0.0244
552972,21,21,0,21,0,21,0,21,0,21,0,19,0.105,19,0.105,,,20.5,0.0244,20.5,0.0244
552974,,,,,,,,,,,,,,,,,,,,,
552975,,,,,,,,,,,,,,,,,,,,,
552977,26.9,26.9,0,26.9,0,26.9,0,26.9,0,26.9,0,26.9,0,26.9,0,26.9,0,15.5,0.735,,
552979,,,,,,,,,,,,,,,,,,,,,
552980,168,168,0,168,0,,,,,,,,,,,,,,,,
552982,,,,,,,,,,,,,,,,,,,,,
552983,,,,,,,,,,,,,,,,,,,,,
552986,,,,,,,,,,,,,,,,,,,,,
552988,159,159,0,159,0,159,0,159,0,160,-0.00563,160,-0.00563,160,-0.00563,,,150,0.0607,150,0.0607
552997,,,,,,,,,,,,,,,,,,,,,
552998,31,31,0,31,0,31,0,31,0,31,0,31,0,31,0,31,0,31,0,,
553000,,,,,,,,,,,,,,,,,,,,,
553004,184,184,0,184,0,184,0,184,0,184,0,184,0,184,0,139,0.324,,,,
553005,,,,,,,,,,,,,,,,,,,,,
553008,59.5,59.5,0,59.5,0,59.5,0,59.5,0,59.5,0,,,59.5,0,,,35,0.7,,
553012,,,,,,,,,,,,,,,,,,,,,
553015,,,,,,,,,,,,,,,,,,,,,
553018,,,,,,,,,,,,,,,,,,,,,
553019,39,39,0,39,0,39,0,39,0,39,0,39,0,35,0.114,35,0.114,35,0.114,35,0.114
553022,89,89,0,89,0,89,0,89,0,89,0,89,0,89,0,89,0,,,,
553023,44.9,44.9,0,44.9,0,44.9,0,44.9,0,44.9,0,44.9,0,,,,,,,,
553025,60,60,0,60,0,60,0,60,0,60,0,60,0,89.1,-0.327,89.1,-0.327,59.5,0.0084,49,0.224
553026,29,29,0,29,0,29,0,29,0,29,0,29,0,37.9,-0.235,36.6,-0.208,25,0.16,20,0.45
553027,40.8,40.8,0,40.8,0,40.8,0,40.8,0,40.8,0,40.8,0,40.8,0,40.8,0,28,0.457,24,0.7
553028,40.8,40.8,0,40.8,0,40.8,0,40.8,0,40.8,0,40.8,0,40.8,0,40.8,0,28,0.457,24,0.7
553029,38.5,38.5,0,38.5,0,38.5,0,38.5,0,38.5,0,38.5,0,,,,,,,,
553031,,,,,,,,,,,,,,,,,,,,,
553032,,,,,,,,,,,,,,,,,,,,,
553033,220,220,0,220,0,220,0,220,0,220,0,219,0.00457,219,0.00457,179,0.229,179,0.229,,
553035,95,95,0,95,0,95,0,95,0,95,0,95,0,95,0,80,0.188,80,0.188,,
553036,95,95,0,95,0,95,0,95,0,95,0,95,0,95,0,80,0.188,80,0.188,,
553037,95,95,0,95,0,95,0,95,0,95,0,95,0,95,0,80,0.188,80,0.188,,
553038,95,95,0,95,0,95,0,95,0,95,0,95,0,95,0,80,0.188,80,0.188,,
553043,38.9,38.9,0,38.9,0,38.9,0,38.9,0,38.9,0,39.9,-0.0251,47.5,-0.181,36,0.0806,,,30.9,0.259
553044,38.9,38.9,0,38.9,0,38.9,0,38.9,0,38.9,0,39.9,-0.0251,47.5,-0.181,36,0.0806,36,0.0806,30.9,0.259
553045,38.9,38.9,0,38.9,0,38.9,0,38.9,0,38.9,0,39.9,-0.0251,47.5,-0.181,36,0.0806,36,0.0806,30.9,0.259
553046,35,35,0,35,0,35,0,35,0,,,35,0,,,,,30.5,0.148,,
553047,32.5,32.5,0,32.5,0,32.5,0,32.5,0,32.5,0,32.5,0,32.5,0,,,,,,
553048,32.5,32.5,0,32.5,0,32.5,0,32.5,0,32.5,0,,,,,,,,,,
553049,,,,,,,,,,,,,,,,,,,,,
553050,19.5,19.5,0,19.5,0,19.5,0,19.5,0,,,,,,,24.7,-0.211,16.5,0.182,,
553051,,,,,,,,,,,,,,,,,,,,,
553052,,,,,,,,,,,,,,,,,,,,,
553053,,,,,,,,,,,,,,,,,,,,,
553054,,,,,,,,,,,,,,,,,,,,,
553056,,,,,,,,,,,,,,,,,,,,,
553057,7.5,7.5,0,7.5,0,7.5,0,7.5,0,,,8.5,-0.118,8.5,-0.118,8.5,-0.118,8.5,-0.118,,
553058,,,,,,,,,,,,,,,,,,,,,
553059,,,,,,,,,,,,,,,,,,,,,
553060,10,10,0,10,0,10,0,10,0,10,0,10,0,9,0.111,9.5,0.0526,8.5,0.176,,
553063,29.9,29.9,0,29.9,0,29.9,0,29.9,0,29.9,0,29.9,0,29.9,0,29.9,0,29.9,0,,
553064,31.9,31.9,0,31.9,0,31.9,0,31.9,0,31.9,0,31.9,0,31.9,0,31.9,0,31.9,0,,
553065,36,36,0,36,0,36,0,36,0,36,0,36,0,36,0,36,0,36.9,-0.0244,,
553066,18.7,18.7,0,18.7,0,18.7,0,18.7,0,,,,,,,,,,,,
553069,20.5,20.5,0,20.5,0,20.5,0,20.5,0,,,,,,,,,,,,
553070,20.5,20.5,0,20.5,0,20.5,0,20.5,0,,,,,,,,,,,,
553071,,,,,,,,,,,,,,,,,,,,,
553072,,,,,,,,,,,,,,,,,,,,,
553073,,,,,,,,,,,,,,,,,,,,,
553074,18,18,0,18,0,18,0,18,0,18,0,18,0,18,0,18,0,17.5,0.0286,,
553076,25.5,25.5,0,25.5,0,25.5,0,25.5,0,25.5,0,25.5,0,25.5,0,25.5,0,21,0.214,,
553077,,,,,,,,,,,,,,,,,,,,,
553080,42.5,42.5,0,42.5,0,42.5,0,42.5,0,,,42.5,0,,,42.5,0,42.5,0,,
553081,41,41,0,41,0,41,0,41,0,,,,,,,,,,,,
553082,,,,,,,,,,,,,,,,,,,,,
553083,,,,,,,,,,,,,,,,,,,,,
553084,,,,,,,,,,,,,,,,,,,,,
553085,,,,,,,,,,,,,,,,,,,,,
553087,58.5,58.5,0,58.5,0,58.5,0,58.5,0,58.5,0,58.5,0,58.5,0,58.5,0,48.5,0.206,,
553088,58.5,58.5,0,58.5,0,58.5,0,58.5,0,58.5,0,58.5,0,58.5,0,58.5,0,48.5,0.206,,
553090,,,,,,,,,,,,,,,,,,,,,
553091,65,65,0,65,0,65,0,65,0,65,0,65,0,65,0,65,0,65,0,,
553092,,,,,,,,,,,,,,,,,,,,,
553093,,,,,,,,,,,,,,,,,,,,,
553094,,,,,,,,,,,,,,,,,,,,,
553097,,,,,,,,,,,,,,,,,,,,,
553098,97.5,97.5,0,97.5,0,97.5,0,97.5,0,97.5,0,97.5,0,,,97.5,0,97.5,0,,
553099,,,,,,,,,,,,,,,,,,,,,
553100,189,189,0,189,0,189,0,189,0,189,0,189,0,189,0,,,,,,
553102,,,,,,,,,,,,,,,,,,,,,
553103,,,,,,,,,,,,,,,,,,,,,
553104,,,,,,,,,,,,,,,,,,,,,
553105,,,,,,,,,,,,,,,,,,,,,
553106,,,,,,,,,,,,,,,,,,,,,
553107,,,,,,,,,,,,,,,,,,,,,
553108,,,,,,,,,,,,,,,,,,,,,
553109,,,,,,,,,,,,,,,,,,,,,
553111,,,,,,,,,,,,,,,,,,,,,
553112,,,,,,,,,,,,,,,,,,,,,
553113,138,138,0,138,0,138,0,138,0,138,0,138,0,138,0,138,0,138,0,,
553114,7,7,0,7,0,7,0,7,0,7,0,7,0,8.6,-0.186,8.6,-0.186,,,,
553115,,,,,,,,,,,,,,,,,,,,,
553116,7,7,0,7,0,7,0,7,0,7,0,7,0,,,8.6,-0.186,,,,
553118,21.9,21.9,0,21.9,0,21.9,0,21.9,0,21.9,0,21.9,0,21.9,0,20.5,0.0683,,,,
553119,20.5,20.5,0,20.5,0,20.5,0,20.5,0,20.5,0,20.5,0,20.5,0,23.5,-0.128,16,0.281,,
553120,20.5,20.5,0,20.5,0,20.5,0,20.5,0,20.5,0,20.5,0,20.5,0,23.5,-0.128,16,0.281,,
553121,20.5,20.5,0,20.5,0,20.5,0,20.5,0,20.5,0,20.5,0,20.5,0,23.5,-0.128,16,0.281,,
553122,13.5,13.5,0,13.5,0,13.5,0,13.5,0,13.5,0,16.5,-0.182,16.5,-0.182,20.5,-0.341,13.5,0,,
553123,13.5,13.5,0,13.5,0,13.5,0,13.5,0,13.5,0,16.5,-0.182,16.5,-0.182,20.5,-0.341,13.5,0,,
553124,30,30,0,30,0,30,0,,,,,,,30,0,30,0,,,,
553125,,,,,,,,,,,,,,,,,,,,,
553126,,,,,,,,,,,,,,,,,,,,,
553129,,,,,,,,,,,,,,,,,,,,,
553130,,,,,,,,,,,,,,,,,,,,,
553131,,,,,,,,,,,,,,,,,,,,,
553132,,,,,,,,,,,,,,,,,,,,,
553134,,,,,,,,,,,,,,,,,,,,,
553135,,,,,,,,,,,,,,,,,,,,,
553136,,,,,,,,,,,,,,,,,,,,,
553137,170,170,0,170,0,170,0,170,0,170,0,170,0,,,169,0.00592,115,0.478,,
553138,36,36,0,36,0,36,0,36,0,36,0,36,0,36,0,,,,,,
553139,,,,,,,,,,,,,,,,,,,,,
553140,111,111,0,111,0,111,0,111,0,108,0.0278,105,0.0582,,,,,,,,
553141,,,,,,,,,,,,,,,,,,,,,
553143,,,,,,,,,,,,,,,,,,,,,
553156,,,,,,,,,,,,,,,,,,,,,
553157,,,,,,,,,,,,,,,,,,,,,
553158,,,,,,,,,,,,,,,,,,,,,
553159,,,,,,,,,,,,,,,,,,,,,
553160,149,149,0,149,0,149,0,149,0,,,,,,,140,0.0643,,,,
553164,13.5,13.5,0,13.5,0,13.5,0,13.5,0,13.5,0,16.5,-0.182,16.5,-0.182,20.5,-0.341,,,,
553165,,,,,,,,,,,,,,,,,,,,,
553171,,,,,,,,,,,,,,,,,,,,,
553172,140,140,0,140,0,140,0,140,0,109,0.284,109,0.284,109,0.284,109,0.284,,,,
553173,140,140,0,140,0,140,0,140,0,109,0.284,109,0.284,109,0.284,109,0.284,,,,
553174,225,225,0,225,0,225,0,225,0,199,0.131,199,0.131,199,0.131,,,,,,
553175,17.9,17.9,0,17.9,0,17.9,0,17.9,0,17.9,0,22,-0.186,22,-0.186,16,0.119,,,,
553177,12.9,12.9,0,12.9,0,12.9,0,17,-0.241,17,-0.241,13.9,-0.0719,17,-0.241,17,-0.241,,,,
553178,13,13,0,13,0,13,0,13,0,13,0,11.9,0.0924,15.5,-0.161,15.5,-0.161,,,,
553179,13,13,0,13,0,13,0,13,0,13,0,13.9,-0.0647,15.5,-0.161,,,,,,
553180,,,,,,,,,,,,,,,,,,,,,
553181,12.5,12.5,0,12.5,0,12.5,0,12.5,0,12.5,0,12.5,0,12.5,0,12.5,0,,,,
553182,12.5,12.5,0,12.5,0,12.5,0,12.5,0,12.5,0,12.5,0,12.5,0,12.5,0,,,,
553183,,,,,,,,,,,,,,,,,,,,,
553184,,,,,,,,,,,,,,,,,,,,,
553185,,,,,,,,,,,,,,,,,,,,,
553186,32,32,0,32,0,32,0,32,0,32,0,32,0,32,0,,,,,,
553187,37.5,37.5,0,37.5,0,37.5,0,37.5,0,37.5,0,,,37.5,0,37.5,0,,,,
553188,37.5,37.5,0,37.5,0,37.5,0,37.5,0,,,,,,,,,,,,
553189,37.5,37.5,0,37.5,0,37.5,0,37.5,0,37.5,0,37.5,0,37.5,0,37.5,0,,,,
553190,12.5,12.5,0,12.5,0,,,12.5,0,12.5,0,,,,,12.5,0,,,,
553191,,,,,,,,,,,,,,,,,,,,,
553192,22,22,0,22,0,22,0,22,0,22,0,22,0,,,,,,,,
553194,25,25,0,25,0,25,0,,,,,,,25,0,,,,,,
553195,,,,,,,,,,,,,,,,,,,,,
553196,25,25,0,25,0,25,0,,,,,,,,,,,,,,
553197,32,32,0,32,0,32,0,32,0,32,0,32,0,32,0,32,0,,,,
553198,32,32,0,32,0,32,0,32,0,,,32,0,32,0,,,,,,
553199,,,,,,,,,,,,,,,,,,,,,
553200,37.5,37.5,0,37.5,0,37.5,0,37.5,0,37.5,0,37.5,0,37.5,0,37.5,0,,,,
553201,27.5,27.5,0,27.5,0,27.5,0,27.5,0,27.5,0,,,,,27.5,0,,,,
553202,27.5,27.5,0,27.5,0,27.5,0,27.5,0,27.5,0,27.5,0,27.5,0,27.5,0,,,,
553203,27.5,27.5,0,27.5,0,27.5,0,27.5,0,,,27.5,0,27.5,0,,,,,,
553204,27.5,27.5,0,27.5,0,27.5,0,27.5,0,,,,,,,27.5,0,,,,
553205,27.5,27.5,0,27.5,0,27.5,0,27.5,0,27.5,0,27.5,0,27.5,0,,,,,,
553206,,,,,,,,,,,,,,,,,,,,,
553207,5.5,5.5,0,5.5,0,5.5,0,5.5,0,,,5.5,0,5.5,0,5.5,0,,,,
553208,6.4,6.4,0,6.4,0,6.4,0,,,6.4,0,6.4,0,6.4,0,6.4,0,,,,
553209,9,9,0,9,0,9,0,9,0,9,0,8.9,0.0112,9,0,,,,,,
553216,23.8,23.8,0,23.8,0,23.8,0,23.8,0,23.8,0,23.8,0,23.8,0,,,,,,
553217,23.8,23.8,0,23.8,0,,,,,,,23.8,0,23.8,0,,,,,,
553218,10,10,0,10,0,10,0,10,0,10,0,10,0,10,0,,,,,,
553219,16,16,0,16,0,16,0,16,0,16,0,16,0,16,0,,,,,,
553221,,,,,,,,,,,,,,,,,,,,,
553222,16.5,16.5,0,16.5,0,16.5,0,16.5,0,,,,,16.5,0,16.5,0,,,,
553223,16.5,16.5,0,16.5,0,16.5,0,16.5,0,16.5,0,16.5,0,16.5,0,16.5,0,,,,
553224,37.5,37.5,0,37.5,0,37.5,0,37.5,0,37.5,0,37.5,0,37.5,0,37.5,0,,,,
553225,10.5,10.5,0,10.5,0,10.5,0,,,,,8.5,0.235,11.5,-0.087,13,-0.192,,,,
553226,28.5,28.5,0,28.5,0,28.5,0,28.5,0,28.5,0,28.5,0,28.5,0,28.5,0,,,,
553227,45.9,45.9,0,45.9,0,45.9,0,45.9,0,45.9,0,45.9,0,45.9,0,45.9,0,,,,
553228,,,,,,,,,,,,,,,,,,,,,
553229,187,187,0,187,0,187,0,187,0,,,,,169,0.107,169,0.107,,,,
553230,15.5,15.5,0,15.5,0,15.5,0,15.5,0,15.5,0,15.5,0,15.5,0,15.5,0,,,,
553231,18.9,18.9,0,18.9,0,18.9,0,18.9,0,18.9,0,18.9,0,18.9,0,,,,,,
553232,15.5,15.5,0,15.5,0,15.5,0,15.5,0,15.5,0,15.5,0,,,,,,,,
553233,15.5,15.5,0,15.5,0,15.5,0,15.5,0,15.5,0,15.5,0,15.5,0,,,,,,
553234,,,,,,,,,,,,,,,,,,,,,
553235,53.5,53.5,0,53.5,0,53.5,0,53.5,0,53.5,0,53.5,0,53.5,0,47,0.138,,,,
553236,3,3,0,3,0,3,0,3,0,3,0,3,0,3,0,3,0,,,,
553238,23,23,0,23,0,23,0,23,0,23,0,23,0,23,0,,,,,,
553239,16.4,16.4,0,16.4,0,16.4,0,16.4,0,16.4,0,16.4,0,16.4,0,,,,,,
553242,55,55,0,55,0,55,0,55,0,55,0,52.5,0.0476,52.5,0.0476,48.5,0.134,,,,
553243,135,135,0,135,0,135,0,135,0,135,0,135,0,,,128,0.0547,,,,
553244,,,,,,,,,,,,,,,,,,,,,
553245,,,,,,,,,,,,,,,,,,,,,
553268,,,,,,,,,,,,,,,,,,,,,
553269,,,,,,,,,,,,,,,,,,,,,
553270,9,9,0,9,0,9,0,9,0,9,0,9,0,9,0,8.5,0.0588,,,,
553271,7,7,0,7,0,7,0,7,0,7,0,7,0,7,0,7,0,,,,
553272,7,7,0,7,0,7,0,7,0,7,0,7,0,7,0,7,0,,,,
553273,7,7,0,7,0,7,0,7,0,7,0,7,0,,,,,,,,
553274,12,12,0,12,0,12,0,12,0,12,0,12,0,12,0,12,0,,,,
553275,8,8,0,8,0,8,0,8,0,8,0,8,0,8,0,8,0,,,,
553276,8,8,0,8,0,8,0,8,0,8,0,8,0,8,0,8,0,,,,
553277,30.5,30.5,0,30.5,0,30.5,0,30.5,0,30.5,0,,,,,34,-0.103,,,,
553278,,,,,,,,,,,,,,,,,,,,,
553279,,,,,,,,,,,,,,,,,,,,,
553282,23.8,23.8,0,23.8,0,23.8,0,23.8,0,23.8,0,23.8,0,22.5,0.0578,22.5,0.0578,,,,
553283,25,25,0,25,0,25,0,25,0,,,,,23.8,0.0504,23.8,0.0504,,,,
553284,25,25,0,25,0,25,0,25,0,25,0,25,0,23.8,0.0504,23.8,0.0504,,,,
553286,8.8,8.8,0,8.8,0,8.8,0,8.8,0,8.8,0,8.8,0,,,,,,,,
553287,,,,,,,,,,,,,,,,,,,,,
553288,,,,,,,,,,,,,,,,,,,,,
553289,9.4,9.4,0,9.4,0,,,,,,,9.4,0,9.4,0,,,,,,
553290,9.4,9.4,0,9.4,0,9.4,0,,,9.4,0,9.4,0,9.4,0,,,,,,
553291,9.4,9.4,0,9.4,0,9.4,0,9.4,0,9.4,0,9.4,0,,,,,,,,
553292,9.4,9.4,0,9.4,0,9.4,0,,,,,9.4,0,,,8,0.175,,,,
553293,10,10,0,10,0,10,0,10,0,10,0,10,0,10,0,,,,,,
553296,3.2,3.2,0,3.2,0,3.2,0,3.2,0,3.2,0,3.2,0,3.2,0,3.2,0,,,,
553297,12.5,12.5,0,12.5,0,12.5,0,12.5,0,12.5,0,12.5,0,12.5,0,12.5,0,,,,
553298,33,33,0,33,0,33,0,33,0,33,0,33,0,33,0,,,,,,
553301,49.9,49.9,0,49.9,0,49.9,0,49.9,0,49.9,0,49.9,0,49.9,0,,,,,,
553303,25.5,25.5,0,25.5,0,25.5,0,25.5,0,25.5,0,25.5,0,22.5,0.133,22.5,0.133,,,,
553304,22.5,22.5,0,22.5,0,22.5,0,22.5,0,,,,,21,0.0714,,,,,,
553305,22.5,22.5,0,22.5,0,22.5,0,22.5,0,22.5,0,22.5,0,21,0.0714,,,,,,
553306,22.5,22.5,0,22.5,0,22.5,0,22.5,0,22.5,0,,,,,,,,,,
553307,22.5,22.5,0,22.5,0,22.5,0,22.5,0,,,22.5,0,21,0.0714,,,,,,
553308,22.5,22.5,0,22.5,0,22.5,0,22.5,0,,,22.5,0,,,21,0.0714,,,,
553309,,,,,,,,,,,,,,,,,,,,,
553313,12.5,12.5,0,12.5,0,12.5,0,12.5,0,12.5,0,12.5,0,12.5,0,,,,,,
553319,,,,,,,,,,,,,,,,,,,,,
553320,,,,,,,,,,,,,,,,,,,,,
553321,175,175,0,175,0,175,0,,,175,0,175,0,,,,,,,,
553322,6.7,6.7,0,6.7,0,6.7,0,6.7,0,6.7,0,6.7,0,6.7,0,6.7,0,,,,
553324,21.5,21.5,0,21.5,0,21.5,0,21.5,0,21.5,0,21.5,0,21.5,0,21.5,0,,,,
553325,43.5,43.5,0,43.5,0,43.5,0,43.5,0,43.5,0,43.5,0,43.5,0,43.5,0,,,,
553326,62,62,0,62,0,62,0,62,0,,,,,62,0,,,,,,
553327,75,75,0,75,0,75,0,75,0,75,0,75,0,,,,,,,,
553328,15,15,0,15,0,15,0,15,0,15,0,15,0,15,0,,,,,,
553329,15,15,0,15,0,15,0,15,0,15,0,15,0,15,0,,,,,,
553330,15,15,0,15,0,15,0,15,0,15,0,15,0,15,0,,,,,,
553331,15,15,0,15,0,15,0,15,0,15,0,15,0,15,0,,,,,,
553332,15,15,0,15,0,15,0,15,0,15,0,15,0,15,0,,,,,,
553333,15,15,0,15,0,15,0,15,0,15,0,15,0,15,0,,,,,,
553335,419,419,0,419,0,419,0,419,0,419,0,436,-0.039,436,-0.039,,,,,,
553341,,,,,,,,,,,,,,,,,,,,,
553342,,,,,,,,,,,,,,,,,,,,,
553343,195,195,0,195,0,195,0,195,0,195,0,195,0,,,,,,,,
553344,195,195,0,195,0,195,0,195,0,195,0,195,0,,,,,,,,
553345,,,,,,,,,,,,,,,,,,,,,
553346,,,,,,,,,,,,,,,,,,,,,
553347,6.7,,,,,6.7,0,6.7,0,6.7,0,6.7,0,,,,,,,,
553348,,,,,,,,,,,,,,,,,,,,,
553349,,,,,,,,,,,,,,,,,,,,,
553351,,,,,,,,,,,,,,,,,,,,,
553352,189,189,0,189,0,189,0,189,0,189,0,189,0,189,0,,,,,,
553353,140,140,0,140,0,140,0,140,0,140,0,140,0,140,0,,,,,,
553354,,,,,,,,,,,,,,,,,,,,,
553355,26.5,26.5,0,26.5,0,26.5,0,26.5,0,26.5,0,26.5,0,26.5,0,,,,,,
553357,99,99,0,99,0,,,99,0,99,0,99,0,99,0,,,,,,
553358,88.5,88.5,0,88.5,0,88.5,0,,,88.5,0,88.5,0,88.5,0,,,,,,
553360,3,3,0,3,0,3,0,3,0,3,0,3,0,3,0,,,,,,
553361,,,,,,,,,,,,,,,,,,,,,
553362,122,122,0,122,0,122,0,122,0,122,0,,,,,,,,,,
553364,,,,,,,,,,,,,,,,,,,,,
553365,,,,,,,,,,,,,,,,,,,,,
553368,,,,,,,,,,,,,,,,,,,,,
553370,,,,,,,,,,,,,,,,,,,,,
553371,,,,,,,,,,,,,,,,,,,,,
553372,29.9,29.9,0,29.9,0,29.9,0,29.9,0,33.9,-0.118,33.9,-0.118,33.9,-0.118,,,,,,
553373,12,12,0,12,0,12,0,12,0,12,0,12,0,12,0,,,,,,
553374,12,12,0,12,0,12,0,12,0,12,0,12,0,12,0,,,,,,
553375,12,12,0,12,0,12,0,12,0,12,0,12,0,12,0,,,,,,
553376,22.8,22.8,0,22.8,0,22.8,0,22.8,0,22.8,0,22.9,-0.00437,22.9,-0.00437,,,,,,
553385,39.5,39.5,0,39.5,0,39.5,0,39.5,0,39.5,0,39.5,0,,,,,,,,
553386,,,,,,,,,,,,,,,,,,,,,
553387,12.9,12.9,0,12.9,0,12.9,0,12.9,0,12.9,0,12.9,0,12.9,0,,,,,,
553388,28.9,28.9,0,28.9,0,28.9,0,28.9,0,28.9,0,28.9,0,28.9,0,,,,,,
553390,13.9,13.9,0,13.9,0,13.9,0,13.9,0,13.9,0,,,,,,,,,,
553392,37.9,37.9,0,37.9,0,37.9,0,37.9,0,37.9,0,37.9,0,37.9,0,,,,,,
553393,37.9,37.9,0,37.9,0,37.9,0,37.9,0,37.9,0,37.9,0,37.9,0,,,,,,
553394,37.9,37.9,0,37.9,0,37.9,0,37.9,0,37.9,0,37.9,0,37.9,0,,,,,,
553395,37.9,37.9,0,37.9,0,37.9,0,37.9,0,37.9,0,37.9,0,,,,,,,,
553396,37.9,37.9,0,37.9,0,37.9,0,37.9,0,37.9,0,37.9,0,37.9,0,,,,,,
553397,37.9,37.9,0,37.9,0,37.9,0,37.9,0,37.9,0,37.9,0,37.9,0,,,,,,
553398,31.9,31.9,0,31.9,0,31.9,0,31.9,0,37.9,-0.158,37.9,-0.158,37.9,-0.158,,,,,,
553399,37.9,37.9,0,37.9,0,37.9,0,37.9,0,37.9,0,37.9,0,37.9,0,,,,,,
553403,19.9,19.9,0,19.9,0,19.9,0,,,19.9,0,19.9,0,,,,,,,,
553409,,,,,,,,,,,,,,,,,,,,,
553410,,,,,,,,,,,,,,,,,,,,,
553413,,,,,,,,,,,,,,,,,,,,,
553415,7,7,0,7,0,7,0,7,0,7,0,7,0,7,0,,,,,,
553416,11.5,11.5,0,11.5,0,11.5,0,11.5,0,11.5,0,11.5,0,11.5,0,,,,,,
553419,,,,,,,,,,,,,,,,,,,,,
553420,7.8,7.8,0,7.8,0,7.8,0,7.8,0,7.8,0,7.8,0,7.8,0,,,,,,
553421,7.8,7.8,0,7.8,0,7.8,0,7.8,0,7.8,0,7.8,0,7.8,0,,,,,,
553422,7.8,7.8,0,7.8,0,7.8,0,7.8,0,7.8,0,7.8,0,7.8,0,,,,,,
553423,7.8,7.8,0,7.8,0,7.8,0,7.8,0,7.8,0,7.8,0,7.8,0,,,,,,
553428,,,,,,,,,,,,,,,,,,,,,
553433,37.5,37.5,0,37.5,0,37.5,0,37.5,0,37.5,0,,,,,,,,,,
553434,2,2,0,2,0,2,0,2,0,,,,,2,0,,,,,,
553435,2,2,0,2,0,2,0,2,0,2,0,2,0,2,0,,,,,,
553442,,,,,,,,,,,,,,,,,,,,,
553444,8.5,8.5,0,8.5,0,8.5,0,8.5,0,8.5,0,8.5,0,8.5,0,,,,,,
553445,8.5,8.5,0,8.5,0,8.5,0,8.5,0,8.5,0,8.5,0,8.5,0,,,,,,
553446,40,40,0,40,0,40,0,40,0,40,0,36.5,0.0959,,,,,,,,
553447,195,195,0,195,0,195,0,195,0,195,0,195,0,,,,,,,,
553448,31,31,0,31,0,31,0,31,0,31,0,31,0,31,0,,,,,,
553449,38.5,38.5,0,38.5,0,38.5,0,38.5,0,38.5,0,38.5,0,38.5,0,,,,,,
553450,52,52,0,52,0,52,0,52,0,52,0,52,0,52,0,,,,,,
553451,,,,,,,,,,,,,,,,,,,,,
553452,,,,,,,,,,,,,,,,,,,,,
553453,,,,,,,,,,,,,,,,,,,,,
553454,18.9,18.9,0,18.9,0,18.9,0,18.9,0,18.9,0,19.9,-0.0503,23.5,-0.196,,,,,,
553455,,,,,,,,,,,,,,,,,,,,,
553456,,,,,,,,,,,,,,,,,,,,,
553457,,,,,,,,,,,,,,,,,,,,,
553458,,,,,,,,,,,,,,,,,,,,,
553459,,,,,,,,,,,,,,,,,,,,,
553460,,,,,,,,,,,,,,,,,,,,,
553461,,,,,,,,,,,,,,,,,,,,,
553462,,,,,,,,,,,,,,,,,,,,,
553463,38.5,38.5,0,38.5,0,38.5,0,38.5,0,38.5,0,38.5,0,,,,,,,,
553464,24.9,24.9,0,24.9,0,24.9,0,24.9,0,24.9,0,24.9,0,,,,,,,,
553465,6.9,6.9,0,6.9,0,6.9,0,6.9,0,6.9,0,6.9,0,,,,,,,,
553466,115,115,0,115,0,115,0,115,0,115,0,115,0,,,,,,,,
553467,115,115,0,115,0,115,0,115,0,115,0,115,0,,,,,,,,
553468,115,115,0,115,0,115,0,115,0,115,0,115,0,,,,,,,,
553472,,,,,,,,,,,,,,,,,,,,,
553476,36.9,36.9,0,36.9,0,36.9,0,36.9,0,36.9,0,36.9,0,,,,,,,,
553477,36.9,36.9,0,36.9,0,36.9,0,36.9,0,36.9,0,36.9,0,,,,,,,,
553478,36.9,36.9,0,36.9,0,36.9,0,36.9,0,36.9,0,36.9,0,,,,,,,,
553480,5.9,5.9,0,5.9,0,5.9,0,5.9,0,5.9,0,5.9,0,,,,,,,,
553588,,,,,,,,,,,,,,,,,,,,,
553590,18,18,0,18,0,18,0,,,18,0,18,0,,,,,,,,
553591,18,18,0,18,0,18,0,18,0,18,0,18,0,,,,,,,,
553592,18,18,0,18,0,18,0,18,0,,,18,0,,,,,,,,
553593,3.5,3.5,0,3.5,0,3.5,0,3.5,0,3.5,0,3.5,0,,,,,,,,
553594,3.5,3.5,0,3.5,0,3.5,0,3.5,0,3.5,0,3.5,0,,,,,,,,
553595,9.9,9.9,0,9.9,0,9.9,0,9.9,0,9.9,0,12.5,-0.208,,,,,,,,
553596,9.9,9.9,0,9.9,0,9.9,0,9.9,0,9.9,0,12.5,-0.208,,,,,,,,
553603,11,11,0,11,0,11,0,11,0,,,11,0,,,,,,,,
553606,13.9,13.9,0,13.9,0,13.9,0,13.9,0,,,13.9,0,,,,,,,,
553607,34.5,34.5,0,34.5,0,34.5,0,34.5,0,,,,,,,,,,,,
553608,34,34,0,34,0,34,0,34,0,34,0,34,0,,,,,,,,
553611,219,219,0,219,0,219,0,219,0,205,0.0683,,,,,,,,,,
553612,72,72,0,72,0,72,0,72,0,72,0,,,,,,,,,,
553613,72,72,0,72,0,72,0,72,0,72,0,,,,,,,,,,
553614,72,72,0,72,0,72,0,,,,,,,,,,,,,,
553615,72,72,0,72,0,72,0,72,0,,,,,,,,,,,,
553616,72,72,0,72,0,72,0,72,0,72,0,,,,,,,,,,
553617,,,,,,,,,,,,,,,,,,,,,
553629,32.5,32.5,0,32.5,0,32.5,0,32.5,0,,,,,,,,,,,,
553630,43.5,43.5,0,43.5,0,43.5,0,43.5,0,,,,,,,,,,,,
553631,47.5,47.5,0,47.5,0,47.5,0,47.5,0,,,,,,,,,,,,
553632,119,119,0,119,0,119,0,119,0,119,0,,,,,,,,,,
553633,30,30,0,30,0,30,0,30,0,30,0,30,0,,,,,,,,
553634,18,18,0,18,0,18,0,18,0,18,0,,,,,,,,,,
553636,31.8,31.8,0,31.8,0,,,,,,,,,,,,,,,,
553637,31.8,31.8,0,31.8,0,,,,,,,,,,,,,,,,
553638,17.5,17.5,0,17.5,0,17.5,0,17.5,0,,,,,,,,,,,,
553639,,,,,,,,,,,,,,,,,,,,,
553640,17.5,17.5,0,17.5,0,17.5,0,17.5,0,,,,,,,,,,,,
553642,165,165,0,165,0,165,0,165,0,,,,,,,,,,,,
553643,165,165,0,165,0,165,0,165,0,165,0,,,,,,,,,,
553644,,,,,,,,,,,,,,,,,,,,,
553647,19.9,19.9,0,19.9,0,19.9,0,19.9,0,19.9,0,,,,,,,,,,
553654,77.5,77.5,0,77.5,0,77.5,0,77.5,0,77.5,0,,,,,,,,,,
553655,26.5,26.5,0,26.5,0,26.5,0,,,,,,,,,,,,,,
553656,25.5,25.5,0,25.5,0,25.5,0,25.5,0,25.5,0,,,,,,,,,,
553657,4,4,0,4,0,4,0,4,0,4,0,,,,,,,,,,
553658,4,4,0,4,0,4,0,4,0,4,0,,,,,,,,,,
553659,17.5,17.5,0,17.5,0,17.5,0,17.5,0,17.5,0,,,,,,,,,,
553660,9,9,0,9,0,9,0,9,0,,,,,,,,,,,,
553661,10,10,0,10,0,10,0,10,0,10,0,,,,,,,,,,
553662,13.5,13.5,0,13.5,0,13.5,0,13.5,0,13.5,0,,,,,,,,,,
553663,36,36,0,36,0,36,0,36,0,,,,,,,,,,,,
553664,40.5,40.5,0,40.5,0,40.5,0,,,,,,,,,,,,,,
553666,,,,,,,,,,,,,,,,,,,,,
553667,6.5,6.5,0,6.5,0,6.5,0,,,,,,,,,,,,,,
553668,9.5,9.5,0,9.5,0,9.5,0,,,,,,,,,,,,,,
553669,13.5,13.5,0,13.5,0,13.5,0,,,,,,,,,,,,,,
553670,,,,,,,,,,,,,,,,,,,,,
553671,11.2,11.2,0,11.2,0,11.2,0,11.2,0,,,,,,,,,,,,
553672,7.9,7.9,0,7.9,0,7.9,0,7.9,0,,,,,,,,,,,,
553673,23.9,23.9,0,23.9,0,23.9,0,,,,,,,,,,,,,,
553674,,,,,,,,,,,,,,,,,,,,,
553675,10,10,0,10,0,10,0,10,0,,,,,,,,,,,,
553676,8.5,8.5,0,8.5,0,8.5,0,8.5,0,,,,,,,,,,,,
553677,28.5,28.5,0,28.5,0,28.5,0,28.5,0,,,,,,,,,,,,
553678,12,12,0,12,0,12,0,12,0,,,,,,,,,,,,
553679,12,12,0,12,0,12,0,12,0,12,0,,,,,,,,,,
553681,199,199,0,199,0,199,0,199,0,,,,,,,,,,,,
553682,199,199,0,199,0,199,0,199,0,,,,,,,,,,,,
553683,188,188,0,188,0,188,0,188,0,,,,,,,,,,,,
553689,20,20,0,20,0,20,0,,,,,,,,,,,,,,
553690,38.9,38.9,0,38.9,0,38.9,0,,,,,,,,,,,,,,
553693,63.9,63.9,0,63.9,0,63.9,0,,,,,,,,,,,,,,
553705,,,,,,,,,,,,,,,,,,,,,
553707,31.9,31.9,0,31.9,0,31.9,0,,,,,,,,,,,,,,
553710,344,344,0,344,0,344,0,,,,,,,,,,,,,,
553712,36.9,36.9,0,36.9,0,36.9,0,,,,,,,,,,,,,,
553714,18.9,18.9,0,18.9,0,18.9,0,18.9,0,,,,,,,,,,,,
553715,18.9,18.9,0,18.9,0,18.9,0,18.9,0,,,,,,,,,,,,
553719,160,160,0,160,0,,,,,,,,,,,,,,,,
553728,31.9,31.9,0,31.9,0,31.9,0,31.9,0,,,,,,,,,,,,
553731,10.9,10.9,0,10.9,0,10.9,0,10.9,0,,,,,,,,,,,,
553737,30.9,30.9,0,30.9,0,30.9,0,30.9,0,,,,,,,,,,,,
554333,,,,,,,,,,,,,,,,,,,,,
554466,136,136,0,136,0,136,0,136,0,136,0,136,0,136,0,136,0,103,0.32,99,0.374
554468,108,108,0,108,0,108,0,108,0,108,0,108,0,108,0,108,0,83,0.301,77,0.403
554469,,,,,,,,,,,,,,,,,,,,,
554470,,,,,,,,,,,,,,,,,,,,,
555666,45.9,45.9,0,45.9,0,45.9,0,45.9,0,45.9,0,39,0.177,45.9,0,,,29.9,0.535,39.9,0.15
555667,60.7,60.7,0,60.7,0,60.7,0,60.7,0,60.7,0,60.7,0,60.7,0,60.7,0,60.7,0,75.9,-0.2
557720,24,24,0,24,0,24,0,24,0,24,0,24,0,24,0,26,-0.0769,19.5,0.231,16.9,0.42
557721,24,24,0,24,0,24,0,24,0,24,0,24,0,24,0,26,-0.0769,19.5,0.231,16.9,0.42
557731,,,,,,,,,,,,,,,,,,,,,
557906,,,,,,,,,,,,,,,,,,,,,
558985,,,,,,,,,,,,,,,,,,,,,
558988,,,,,,,,,,,,,,,,,,,,,
559646,,,,,,,,,,,,,,,,,,,,,
559648,,,,,,,,,,,,,,,,,,,,,
559662,732,732,0,732,0,732,0,732,0,732,0,732,0,732,0,732,0,732,0,732,0
559742,,,,,,,,,,,,,,,,,,,,,
559743,,,,,,,,,,,,,,,,,,,,,
559868,,,,,,,,,,,,,,,,,,,,,
559869,,,,,,,,,,,,,,,,,,,,,
559870,,,,,,,,,,,,,,,,,,,,,
559872,,,,,,,,,,,,,,,,,,,,,
559873,53.9,53.9,0,53.9,0,53.9,0,53.9,0,53.9,0,53.9,0,57.3,-0.0593,66,-0.183,47,0.147,43,0.253
560180,,,,,,,,,,,,,,,,,,,,,
560207,,,,,,,,,,,,,,,,,,,,,
560230,134,134,0,134,0,134,0,134,0,134,0,134,0,134,0,134,0,104,0.284,104,0.284
560340,56,56,0,56,0,56,0,56,0,56,0,56,0,56,0,56,0,46.6,0.202,40.9,0.369
560359,50,50,0,50,0,50,0,50,0,50,0,50,0,46.4,0.0776,46.4,0.0776,45.7,0.0941,44.7,0.119
560430,57.7,57.7,0,57.7,0,57.7,0,57.7,0,57.7,0,57.7,0,53.9,0.0705,53.9,0.0705,53.3,0.0826,52.7,0.0949
560489,,,,,,,,,,,,,,,,,,,,,
560510,50.2,50.2,0,50.2,0,50.2,0,50.2,0,50.2,0,50.2,0,46.5,0.0796,46.5,0.0796,45.8,0.0961,44.7,0.123
560596,55.5,55.5,0,55.5,0,55.5,0,55.5,0,55.5,0,53.6,0.0354,51,0.0882,51,0.0882,47.3,0.173,45.3,0.225
560677,65,65,0,65,0,65,0,65,0,65,0,61.5,0.0569,57,0.14,55.8,0.165,53.8,0.208,49.2,0.321
560823,,,,,,,,,,,,,,,,,,,,,
560863,,,,,,,,,,,,,,,,,,,,,
560944,,,,,,,,,,,,,,,,,,,,,
561029,,,,,,,,,,,,,,,,,,,,,
561030,13.5,13.5,0,13.5,0,13.5,0,14.5,-0.069,14.5,-0.069,14,-0.0357,16,-0.156,17,-0.206,12,0.125,11.5,0.174
561100,,,,,,,,,,,,,,,,,,,,,
561185,,,,,,,,,,,,,,,,,,,,,
561207,,,,,,,,,,,,,,,,,,,,,
561282,,,,,,,,,,,,,,,,,,,,,
561363,,,,,,,,,,,,,,,,,,,,,
561380,,,,,,,,,,,,,,,,,,,,,
561460,95,95,0,95,0,95,0,95,0,95,0,95,0,95,0,,,89.9,0.0567,75.5,0.258
561622,64.5,64.5,0,64.5,0,64.5,0,64.5,0,64.5,0,64.5,0,64.5,0,,,64.5,0,59,0.0932
561789,64.5,64.5,0,64.5,0,64.5,0,64.5,0,64.5,0,54.9,0.175,64.5,0,64.5,0,49.9,0.293,49.9,0.293
561878,19.9,19.9,0,19.9,0,19.9,0,19.9,0,19.9,0,19.9,0,19.9,0,18,0.106,18,0.106,18.1,0.0994
561887,,,,,,,,,,,,,,,,,,,,,
561890,,,,,,,,,,,,,,,,,,,,,
561975,55,55,0,55,0,55,0,55,0,55,0,55,0,55,0,55,0,46.5,0.183,40.9,0.345
562223,33.5,33.5,0,33.5,0,33.5,0,33.5,0,33.5,0,33.5,0,33.5,0,33.5,0,30.5,0.0984,30.5,0.0984
562224,33.5,33.5,0,33.5,0,33.5,0,33.5,0,33.5,0,33.5,0,33.5,0,33.5,0,30.5,0.0984,30.5,0.0984
562225,33.5,33.5,0,33.5,0,33.5,0,33.5,0,33.5,0,33.5,0,33.5,0,33.5,0,30.5,0.0984,30.5,0.0984
562572,36.9,36.9,0,36.9,0,36.9,0,36.9,0,36.9,0,31.9,0.157,36.9,0,36.9,0,25.9,0.425,21.5,0.716
562645,,,,,,,,,,,,,,,,,,,,,
562653,,,,,,,,,,,,,,,,,,,,,
563838,52,52,0,52,0,52,0,52,0,52,0,52,0,52,0,52,0,44.9,0.158,35.2,0.477
564329,,,,,,,,,,,,,,,,,,,,,
564347,16.9,16.9,0,16.9,0,16.9,0,16.9,0,16.9,0,16.9,0,16.9,0,16.9,0,10,0.69,10,0.69
564362,,,,,,,,,,,,,,,,,,,,,
564524,,,,,,,,,,,,,,,,,,,,,
564605,,,,,,,,,,,,,,,,,,,,,
564680,,,,,,,,,,,,,,,,,,,,,
564788,13,13,0,13,0,13,0,13,0,13,0,13,0,13,0,,,11.9,0.0924,11.9,0.0924
565245,39,39,0,39,0,39,0,39,0,49,-0.204,49,-0.204,19.9,0.96,45.8,-0.148,28.5,0.368,,
565385,62,62,0,62,0,62,0,62,0,62,0,62,0,62,0,,,39.5,0.57,39.5,0.57
565415,160,160,0,160,0,160,0,160,0,160,0,135,0.185,145,0.103,139,0.15,139,0.15,139,0.15
565490,84,84,0,84,0,84,0,84,0,84,0,84,0,84,0,84,0,70,0.2,70,0.2
565571,10.5,10.5,0,10.5,0,10.5,0,10.5,0,10.5,0,11.5,-0.087,11.5,-0.087,11.5,-0.087,8.5,0.235,8,0.312
565573,7,7,0,7,0,7,0,7,0,7,0,7,0,7,0,6,0.167,6,0.167,6,0.167
565575,7,7,0,7,0,7,0,7,0,7,0,7,0,7,0,6,0.167,6,0.167,6,0.167
565677,79.1,79.1,0,79.1,0,79.1,0,79.1,0,79.1,0,79.1,0,,,,,,,61.1,0.295
565849,44.9,44.9,0,44.9,0,44.9,0,44.9,0,44.9,0,44.9,0,44.9,0,45,-0.00222,37,0.214,29.5,0.522
565970,,,,,,,,,,,,,,,,,,,,,
566020,,,,,,,,,,,,,,,,,,,,,
566136,6,6,0,6,0,6,0,6,0,6,0,6,0,6,0,6,0,,,4.8,0.25
566187,,,,,,,,,,,,,,,,,,,,,
566373,19,19,0,19,0,19,0,19,0,15.5,0.226,15.5,0.226,15.5,0.226,16.5,0.152,16.5,0.152,15.5,0.226
566624,50.2,50.2,0,50.2,0,50.2,0,50.2,0,50.2,0,50.2,0,50.2,0,50.2,0,,,36,0.394
566900,9.8,9.8,0,9.8,0,9.8,0,9.8,0,9.8,0,9.8,0,9.8,0,9.8,0,7.5,0.307,7,0.4
566977,11.7,11.7,0,11.7,0,11.7,0,11.7,0,11.7,0,,,,,,,,,,
566985,9.8,9.8,0,9.8,0,9.8,0,9.8,0,9.8,0,9.8,0,9.8,0,9.8,0,7.5,0.307,7,0.4
567060,9.8,9.8,0,9.8,0,9.8,0,9.8,0,9.8,0,9.8,0,9.8,0,9.8,0,7.5,0.307,7,0.4
567540,,,,,,,,,,,,,,,,,,,,,
568563,5,5,0,5,0,5,0,5,0,5,0,5,0,5,0,5,0,5,0,5,0
568591,36.9,36.9,0,36.9,0,36.9,0,36.9,0,36.9,0,37.9,-0.0264,44.5,-0.171,44.5,-0.171,,,29.5,0.251
568651,,,,,,,,,,,,,,,,,,,,,
568767,,,,,,,,,,,,,,,,,,,,,
568970,,,,,,,,,,,,,,,,,,,,,
569011,5,5,0,5,0,5,0,5,0,5,0,5,0,5,0,5,0,3,0.667,3,0.667
569186,24.9,24.9,0,24.9,0,24.9,0,24.9,0,24.9,0,29.5,-0.156,29.5,-0.156,29.5,-0.156,26.5,-0.0604,15,0.66
569607,,,,,,,,,,,,,,,,,,,,,
569798,25.5,25.5,0,25.5,0,25.5,0,25.5,0,25.5,0,25.5,0,25.5,0,25.5,0,17.5,0.457,14.5,0.759
569909,,,,,,,,,,,,,,,,,,,,,
570044,18,18,0,18,0,18,0,18,0,,,18,0,18,0,18,0,18,0,18,0
570125,29,29,0,29,0,29,0,29,0,,,29,0,29,0,29,0,29,0,29,0
570214,18,18,0,18,0,18,0,18,0,15.6,0.154,15.6,0.154,15.6,0.154,15.6,0.154,15.6,0.154,15,0.2
570281,84.9,84.9,0,84.9,0,84.9,0,84.9,0,84.9,0,84.9,0,79.9,0.0626,,,73.5,0.155,,
570290,33,33,0,33,0,33,0,33,0,30.6,0.0784,30.6,0.0784,30.6,0.0784,30.6,0.0784,30.6,0.0784,29.5,0.119
570291,,,,,,,,,,,,,,,,,,,,,
570370,11.9,11.9,0,11.9,0,11.9,0,11.9,0,11.9,0,13,-0.0846,13,-0.0846,13,-0.0846,8.9,0.337,,
570559,18,18,0,18,0,18,0,21,-0.143,21,-0.143,24,-0.25,24,-0.25,24,-0.25,17,0.0588,16,0.125
570745,2.5,2.5,0,2.5,0,2.5,0,2.5,0,2.5,0,2.5,0,2.5,0,2.5,0,2.5,0,2.7,-0.0741
570826,2.5,2.5,0,2.5,0,2.5,0,2.5,0,2.5,0,2.5,0,2.5,0,2.5,0,2.5,0,1.9,0.316
570860,,,,,,,,,,,,,,,,,,,,,
570982,11,11,0,11,0,11,0,11,0,11,0,11,0,11,0,11,0,11,0,11,0
571057,,,,,,,,,,,,,,,,,,,,,
571200,20,20,0,20,0,20,0,20,0,20,0,20,0,20,0,20,0,17.5,0.143,17.5,0.143
571270,,,,,,,,,,,,,,,,,,,,,
571334,21,21,0,21,0,21,0,21,0,21,0,21,0,21,0,21,0,19.9,0.0553,19,0.105
571415,11,11,0,11,0,11,0,11,0,11,0,11,0,11,0,11,0,11,0,11.5,-0.0435
572080,92.1,92.1,0,92.1,0,92.1,0,92.1,0,79,0.166,92.1,0,92.1,0,108,-0.15,75.1,0.226,64.7,0.423
573540,,,,,,,,,,,,,,,,,,,,,
574255,,,,,,,,,,,,,,,,,,,,,
574783,9.1,9.1,0,9.1,0,9.1,0,9.1,0,10,-0.09,10,-0.09,10,-0.09,12,-0.242,9.9,-0.0808,8.9,0.0225
575020,,,,,,,,,,,,,,,,,,,,,
575089,55.9,55.9,0,55.9,0,55.9,0,59.4,-0.0589,59.4,-0.0589,59.4,-0.0589,59.4,-0.0589,64.5,-0.133,51,0.0961,43.4,0.288
575100,53,53,0,53,0,53,0,53,0,53,0,53,0,53,0,53,0,39.6,0.338,31.8,0.667
575348,23,23,0,23,0,23,0,23,0,23,0,22.2,0.036,22.2,0.036,23,0,16.8,0.369,13.5,0.704
575500,54,54,0,54,0,54,0,58,-0.069,58,-0.069,58,-0.069,58,-0.069,58,-0.069,57,-0.0526,50,0.08
575666,18,18,0,18,0,18,0,21,-0.143,21,-0.143,24,-0.25,24,-0.25,24,-0.25,17,0.0588,16,0.125
575690,3.4,3.4,0,3.4,0,3.4,0,3.4,0,3.4,0,3.4,0,3.4,0,3.4,0,3.4,0,3.4,0
575704,44,44,0,44,0,44,0,44,0,44,0,44,0,44,0,44,0,39.5,0.114,39.5,0.114
575747,,,,,,,,,,,,,,,,,,,,,
575771,6.8,6.8,0,6.8,0,6.8,0,6.8,0,6.8,0,6.8,0,6.8,0,6.8,0,6.8,0,6.8,0
576069,14,14,0,14,0,14,0,14,0,14,0,14,0,14,0,14,0,13.9,0.00719,13.9,0.00719
576085,,,,,,,,,,,,,,,,,,,,,
576166,75,75,0,75,0,75,0,75,0,75,0,75,0,75,0,75,0,65,0.154,62,0.21
576557,14.5,14.5,0,14.5,0,14.5,0,14.5,0,14.5,0,13.5,0.0741,13.5,0.0741,13.5,0.0741,12.5,0.16,12.5,0.16
578568,230,230,0,230,0,230,0,230,0,172,0.333,230,0,230,0,200,0.153,200,0.153,189,0.217
579190,75,75,0,75,0,75,0,75,0,75,0,,,75,0,75,0,65,0.154,62,0.21
579351,75,75,0,75,0,75,0,75,0,75,0,75,0,,,75,0,65,0.154,62,0.21
579599,75,75,0,75,0,75,0,75,0,75,0,75,0,75,0,75,0,65,0.154,62,0.21
579779,,,,,,,,,,,,,,,,,,,,,
579831,75,75,0,75,0,75,0,,,75,0,,,75,0,75,0,65,0.154,62,0.21
580016,20,20,0,20,0,20,0,20,0,20,0,20,0,20,0,19.2,0.0417,15.8,0.266,15.8,0.266
580155,75,75,0,75,0,75,0,75,0,75,0,75,0,75,0,75,0,65,0.154,62,0.21
580236,75,75,0,75,0,75,0,75,0,75,0,75,0,75,0,75,0,65,0.154,62,0.21
580392,75,75,0,75,0,75,0,75,0,75,0,75,0,75,0,75,0,65,0.154,62,0.21
580554,75,75,0,75,0,75,0,75,0,75,0,75,0,75,0,75,0,65,0.154,62,0.21
580716,75,75,0,75,0,75,0,75,0,75,0,75,0,75,0,75,0,65,0.154,62,0.21
580909,49.1,49.1,0,49.1,0,49.1,0,51,-0.0373,51,-0.0373,51,-0.0373,51,-0.0373,51,-0.0373,51,-0.0373,51,-0.0373
581060,,,,,,,,,,,,,,,,,,,,,
581071,43.4,43.4,0,43.4,0,43.4,0,43.4,0,43.4,0,43.4,0,43.4,0,42,0.0333,33.7,0.288,33.7,0.288
581072,75.2,75.2,0,75.2,0,75.2,0,75.2,0,75.2,0,75.2,0,75.2,0,75.2,0,62.5,0.203,58.7,0.281
581075,55.3,55.3,0,55.3,0,55.3,0,55.3,0,55.3,0,55.3,0,62.9,-0.121,67.5,-0.181,48.3,0.145,44.5,0.243
581202,39.8,39.8,0,39.8,0,39.8,0,39.8,0,39.8,0,39.8,0,39.8,0,39.5,0.00759,27.5,0.447,25.2,0.579
581217,39.8,39.8,0,39.8,0,39.8,0,39.8,0,39.8,0,39.8,0,39.8,0,39.5,0.00759,27.6,0.442,25.4,0.567
581306,36.8,36.8,0,,,36.8,0,36.8,0,36.8,0,36.8,0,36.8,0,36.8,0,28.3,0.3,25,0.472
581366,38.6,38.6,0,38.6,0,38.6,0,38.6,0,38.6,0,38.6,0,38.6,0,38.6,0,29.4,0.313,26.7,0.446
581371,15.1,15.1,0,15.1,0,15.1,0,15.1,0,15.1,0,12.5,0.208,14.9,0.0134,15.1,0,,,12.3,0.228
581386,31.8,31.8,0,31.8,0,31.8,0,31.8,0,31.8,0,26,0.223,31.5,0.00952,,,,,,
581445,,,,,,,,,,,,,,,,,,,,,
581712,89.3,89.3,0,89.3,0,89.3,0,89.3,0,89.3,0,89.3,0,89.3,0,89.3,0,74.4,0.2,67.6,0.321
581740,33.4,33.4,0,33.4,0,33.4,0,33.4,0,33.4,0,25,0.336,30,0.113,30,0.113,34,-0.0176,34,-0.0176
581780,,,,,,,,,,,,,,,,,,,,,
581798,35.5,35.5,0,35.5,0,35.5,0,35.5,0,35.5,0,35.5,0,35.5,0,35.5,0,29.6,0.199,27,0.315
581860,,,,,,,,,,,,,,,,,,,,,
581879,47.9,47.9,0,47.9,0,47.9,0,47.9,0,47.9,0,47.9,0,47.9,0,47.9,0,,,36.5,0.312
581941,,,,,,,,,,,,,,,,,,,,,
582018,,,,,,,,,,,,,,,,,,,,,
582182,13.1,13.1,0,13.1,0,13.1,0,13.1,0,17,-0.229,17,-0.229,17,-0.229,20,-0.345,14,-0.0643,14.5,-0.0966
582905,49.9,49.9,0,49.9,0,49.9,0,49.9,0,49.9,0,49.9,0,56,-0.109,50,-0.002,40,0.248,37,0.349
582980,49.9,49.9,0,49.9,0,49.9,0,49.9,0,49.9,0,49.9,0,56,-0.109,50,-0.002,40,0.248,37,0.349
583464,,,,,,,,,,,,,,,,,,,,,
583685,40,40,0,40,0,40,0,40,0,40,0,40,0,,,69,-0.42,39,0.0256,39,0.0256
583723,15.5,15.5,0,15.5,0,15.5,0,15.5,0,15.5,0,15.5,0,15.5,0,15.5,0,15,0.0333,15,0.0333
584045,28.1,28.1,0,26.9,0.0446,26.9,0.0446,26.9,0.0446,23,0.222,26.9,0.0446,26.9,0.0446,26.9,0.0446,26.3,0.0684,26.2,0.0725
584630,,,,,,,,,,,,,,,,,,,,,
584886,45.4,45.4,0,45.4,0,45.4,0,45.4,0,45.4,0,45.4,0,45.4,0,,,,,,
584959,25,25,0,25,0,25,0,25,0,25,0,25,0,25,0,34,-0.265,22.9,0.0917,21,0.19
585955,50.4,50.4,0,50.4,0,50.4,0,50.4,0,50.4,0,50.4,0,50.4,0,50.4,0,42,0.2,38,0.326
586030,65,65,0,65,0,65,0,65,0,65,0,65,0,65,0,65,0,54.1,0.201,49.5,0.313
586110,95.2,95.2,0,95.2,0,95.2,0,95.2,0,95.2,0,95.2,0,95.2,0,95.2,0,79.3,0.201,72,0.322
586145,,,,,,,,,,,,,,,,,,,,,
586684,10,10,0,10,0,10,0,10,0,10,0,10,0,10,0,9.5,0.0526,9.5,0.0526,9.5,0.0526
587052,44.5,44.5,0,44.5,0,44.5,0,44.5,0,44.5,0,44.5,0,44.5,0,44.5,0,37,0.203,32.5,0.369
587095,,,,,,,,,,,,,,,,,,,,,
587265,21.5,21.5,0,21.5,0,21.5,0,21.5,0,21.5,0,21.5,0,21.5,0,21.5,0,,,,
587648,46.5,46.5,0,46.5,0,46.5,0,46.5,0,46.5,0,46.5,0,46.5,0,46.5,0,35,0.329,30.9,0.505
588130,11.5,11.5,0,11.5,0,11.5,0,11.5,0,11.5,0,11.5,0,11.5,0,9.9,0.162,10,0.15,,
588547,13,13,0,13,0,13,0,13,0,13,0,13,0,13,0,13,0,13,0,12.5,0.04
588610,4,4,0,4,0,4,0,4,0,4,0,4,0,4,0,4,0,3.5,0.143,3,0.333
588776,6.5,6.5,0,6.5,0,6.5,0,6.5,0,6.5,0,6.5,0,6.5,0,6.5,0,5.5,0.182,5,0.3
589012,22.9,22.9,0,22.9,0,22.9,0,22.9,0,22.9,0,22.9,0,26,-0.119,30,-0.237,19.9,0.151,18,0.272
589578,13.5,13.5,0,13.5,0,13.5,0,13.5,0,13.5,0,,,,,,,,,,
589659,13.5,13.5,0,13.5,0,13.5,0,13.5,0,13.5,0,,,,,,,,,,
589748,32.5,32.5,0,32.5,0,32.5,0,32.5,0,32.5,0,,,,,,,,,,
589756,13,13,0,13,0,13,0,13,0,13,0,13,0,15,-0.133,17,-0.235,11.3,0.15,10.3,0.262
589829,,,,,,,,,,,,,,,,,,,,,
589900,335,335,0,335,0,335,0,335,0,335,0,320,0.0469,,,,,,,,
589985,158,158,0,158,0,158,0,158,0,,,158,0,,,,,,,,
590000,164,164,0,164,0,164,0,164,0,164,0,164,0,164,0,187,-0.121,,,110,0.484
590011,17,17,0,17,0,17,0,,,17,0,17,0,17,0,17,0,12.5,0.36,9.8,0.735
590012,,,,,,,,,,,,,,,,,,,,,
590013,133,133,0,133,0,133,0,133,0,133,0,133,0,133,0,133,0,99.5,0.337,,
590043,12.9,12.9,0,12.9,0,12.9,0,12.9,0,12.9,0,14.3,-0.0979,,,14.3,-0.0979,9,0.433,,
590058,16.5,16.5,0,16.5,0,16.5,0,16.5,0,16.5,0,17.7,-0.0678,17.7,-0.0678,17.7,-0.0678,12.5,0.32,11.2,0.473
590063,13.5,13.5,0,13.5,0,13.5,0,13.5,0,13.5,0,15,-0.1,15,-0.1,15,-0.1,10.2,0.324,9.7,0.392
590078,24.9,24.9,0,24.9,0,24.9,0,24.9,0,24.9,0,24.9,0,24.9,0,24.9,0,15.8,0.576,14.2,0.754
590083,29.4,29.4,0,29.4,0,29.4,0,29.4,0,29.4,0,29.4,0,29.4,0,29.4,0,21.5,0.367,19.2,0.531
590098,26.6,26.6,0,26.6,0,26.6,0,26.6,0,26.6,0,26.6,0,26.6,0,26.6,0,17.5,0.52,15,0.773
590127,37.8,37.8,0,37.8,0,37.8,0,37.8,0,37.8,0,37.8,0,37.8,0,37.8,0,24,0.575,20.8,0.817
590150,179,179,0,179,0,179,0,179,0,179,0,179,0,179,0,179,0,140,0.279,115,0.557
590231,,,,,,,,,,,,,,,,,,,,,
590236,53,53,0,53,0,53,0,53,0,53,0,53,0,53,0,53,0,41.5,0.277,37.5,0.413
590241,30,30,0,30,0,30,0,30,0,30,0,30,0,30,0,30,0,25,0.2,22.9,0.31
590296,11.7,11.7,0,11.7,0,11.7,0,11.7,0,11.7,0,11.7,0,11.7,0,11.7,0,,,9.5,0.232
590325,21,21,0,21,0,21,0,21,0,,,,,,,,,18,0.167,,
590538,,,,,,,,,,,,,,,,,,,,,
590543,5.6,5.6,0,5.6,0,5.6,0,,,5.6,0,5.6,0,5.6,0,5.6,0,5,0.12,5,0.12
590558,5.6,5.6,0,5.6,0,5.6,0,,,5.6,0,5.6,0,5.6,0,5.6,0,5,0.12,5,0.12
590687,69.2,69.2,0,,,69.2,0,69.2,0,69.2,0,65.5,0.0565,61,0.134,60,0.153,57.7,0.199,52.8,0.311
590851,35.9,35.9,0,35.9,0,35.9,0,35.9,0,35.9,0,36,-0.00278,37,-0.0297,57.5,-0.376,32.5,0.105,32.9,0.0912
590853,53,53,0,53,0,53,0,53,0,53,0,53,0,53,0,36.5,0.452,36.5,0.452,32.5,0.631
590854,53,53,0,53,0,53,0,53,0,53,0,53,0,53,0,,,36.5,0.452,33,0.606
590856,53,53,0,53,0,53,0,53,0,53,0,53,0,53,0,36.5,0.452,,,,
590913,61,61,0,61,0,61,0,61,0,61,0,61,0,61,0,61,0,53,0.151,51,0.196
590920,61,61,0,61,0,61,0,61,0,61,0,,,,,,,,,51,0.196
590921,61,61,0,61,0,61,0,61,0,61,0,,,61,0,61,0,,,51,0.196
590922,61,61,0,61,0,61,0,61,0,61,0,,,,,,,53,0.151,51,0.196
590961,22,22,0,22,0,22,0,22,0,22,0,22,0,22,0,,,23,-0.0435,23,-0.0435
590962,,,,,,,,,,,,,,,,,,,,,
590963,27,27,0,27,0,27,0,27,0,27,0,27,0,27,0,,,,,,
590966,,,,,,,,,,,,,,,,,,,,,
590992,17,17,0,17,0,17,0,17,0,18,-0.0556,18,-0.0556,19.5,-0.128,22.5,-0.244,14.7,0.156,10.9,0.56
591114,,,,,,,,,,,,,,,,,,,,,
591157,,,,,,,,,,,,,,,,,,,,,
591190,29.9,29.9,0,29.9,0,,,29.9,0,29.9,0,,,,,25,0.196,21.7,0.378,21.7,0.378
591238,,,,,,,,,,,,,,,,,,,,,
591450,,,,,,,,,,,,,,,,,,,,,
591475,,,,,,,,,,,,,,,,,,,,,
591578,,,,,,,,,,,,,,,,,,,,,
591991,15.9,15.9,0,15.9,0,15.9,0,15.9,0,15.9,0,15.9,0,15.9,0,17.5,-0.0914,13.5,0.178,13.5,0.178
592138,33.6,33.6,0,33.6,0,33.6,0,33.6,0,33.6,0,33.6,0,33.6,0,36.1,-0.0693,28.4,0.183,25.5,0.318
592141,14.9,14.9,0,14.9,0,14.9,0,14.9,0,14.9,0,14.9,0,14.9,0,16,-0.0687,12.8,0.164,11.1,0.342
592552,,,,,,,,,,,,,,,,,,,,,
593002,11,11,0,11,0,11,0,11,0,11,0,11,0,11,0,,,7.5,0.467,7.5,0.467
593347,29.3,29.3,0,29.3,0,29.3,0,29.3,0,29.3,0,29.3,0,29.3,0,31.5,-0.0698,21.8,0.344,20,0.465
593348,158,158,0,158,0,158,0,158,0,158,0,208,-0.242,208,-0.242,208,-0.242,137,0.153,,
593537,70.5,70.5,0,70.5,0,70.5,0,70.5,0,70.5,0,70.5,0,70.5,0,70.5,0,58.7,0.201,53.5,0.318
593538,50.6,50.6,0,50.6,0,50.6,0,50.6,0,50.6,0,50.6,0,50.6,0,50.6,0,42.2,0.199,38.4,0.318
593539,52.4,52.4,0,52.4,0,52.4,0,52.4,0,52.4,0,52.4,0,52.4,0,50.6,0.0356,42.2,0.242,38.4,0.365
593762,44,44,0,44,0,44,0,44,0,44,0,44,0,57.5,-0.235,,,,,39.5,0.114
593765,72,72,0,72,0,72,0,72,0,72,0,72,0,72,0,,,,,48.5,0.485
595871,,,,,,,,,,,,,,,,,,,,,
597007,59.9,59.9,0,59.9,0,59.9,0,59.9,0,59.9,0,64.9,-0.077,88,-0.319,79.5,-0.247,67.5,-0.113,62,-0.0339
597082,158,158,0,158,0,158,0,158,0,158,0,158,0,158,0,158,0,124,0.274,116,0.362
597163,,,,,,,,,,,,,,,,,,,,,
597970,43.9,43.9,0,43.9,0,43.9,0,43.9,0,43.9,0,43.9,0,,,,,,,,
599409,19.9,19.9,0,19.9,0,19.9,0,19.9,0,,,9.9,1.01,9.9,1.01,24.9,-0.201,,,14.9,0.336
599412,,,,,,,,,,,,,,,,,,,,,
600040,10,10,0,10,0,10,0,10,0,10,0,10,0,10,0,10,0,8.5,0.176,8.5,0.176
600106,56,56,0,56,0,56,0,60.5,-0.0744,60.5,-0.0744,60.5,-0.0744,,,65.8,-0.149,49.8,0.124,43.4,0.29
600108,,,,,,,,,,,,,,,,,,,,,
600118,,,,,,,,,,,,,,,,,,,,,
600119,,,,,,,,,,,,,,,,,,,,,
600132,,,,,,,,,,,,,,,,,,,,,
600133,27.5,27.5,0,27.5,0,27.5,0,27.5,0,27.5,0,27.5,0,27.5,0,22.5,0.222,22.5,0.222,22.5,0.222
600134,149,149,0,149,0,149,0,149,0,125,0.193,,,,,,,,,,
600138,6,6,0,6,0,6,0,6,0,6,0,6,0,6,0,5,0.2,5,0.2,5,0.2
600143,6.9,6.9,0,6.9,0,6.9,0,6.9,0,6.9,0,,,,,,,5,0.38,5,0.38
600148,5,5,0,5,0,5,0,5,0,5,0,5,0,5,0,4,0.25,4,0.25,4,0.25
600153,5,5,0,5,0,5,0,5,0,5,0,,,5,0,5,0,5,0,5,0
600158,,,,,,,,,,,,,,,,,,,,,
600163,4.5,4.5,0,4.5,0,4.5,0,4.5,0,4.5,0,4.5,0,4.5,0,4.5,0,4.5,0,4.5,0
600168,8.8,8.8,0,8.8,0,8.8,0,8.8,0,8.8,0,8.8,0,8.8,0,8.8,0,8,0.1,8,0.1
600173,,,,,,,,,,,,,,,,,,,,,
600178,,,,,,,,,,,,,,,,,,,,,
600188,,,,,,,,,,,,,,,,,,,,,
600193,,,,,,,,,,,,,,,,,,,,,
600194,,,,,,,,,,,,,,,,,,,,,
600196,23.9,23.9,0,23.9,0,23.9,0,24.3,-0.0165,25.9,-0.0772,27.3,-0.125,22.8,0.0482,24,-0.00417,19.1,0.251,21,0.138
600198,,,,,,,,,,,,,,,,,,,,,
600205,,,,,,,,,,,,,,,,,,,,,
600212,,,,,,,,,,,,,,,,,,,,,
600215,,,,,,,,,,,,,,,,,,,,,
600217,,,,,,,,,,,,,,,,,,,,,
600218,10,10,0,10,0,10,0,10,0,10,0,10,0,10,0,10,0,8,0.25,8,0.25
600222,,,,,,,,,,,,,,,,,,,,,
600223,,,,,,,,,,,,,,,,,,,,,
600225,5.5,5.5,0,5.5,0,5.5,0,,,5.5,0,5.5,0,5.5,0,,,5,0.1,5,0.1
600232,,,,,,,,,,,,,,,,,,,,,
600235,4.7,4.7,0,4.7,0,4.7,0,4.7,0,4.7,0,4.7,0,4.7,0,5,-0.06,4.5,0.0444,4.5,0.0444
600242,5,5,0,5,0,5,0,5,0,5,0,5,0,5,0,5,0,4.5,0.111,4.5,0.111
600252,5,5,0,5,0,5,0,5,0,5,0,5,0,5,0,5,0,4.5,0.111,4.5,0.111
600256,,,,,,,,,,,,,,,,,,,,,
600262,4.7,4.7,0,4.7,0,4.7,0,4.7,0,4.7,0,4.7,0,4.7,0,5,-0.06,4.5,0.0444,4.5,0.0444
600265,,,,,,,,,,,,,,,,,,,,,
600267,68.9,68.9,0,68.9,0,68.9,0,68.9,0,68.9,0,68.9,0,68.9,0,68.9,0,61.5,0.12,55.5,0.241
600279,20,20,0,20,0,20,0,20,0,20,0,20,0,20,0,20,0,17.5,0.143,16.6,0.205
600291,,,,,,,,,,,,,,,,,,,,,
600300,27.5,27.5,0,27.5,0,27.5,0,27.5,0,27.5,0,27.5,0,27.5,0,22.5,0.222,22.5,0.222,22.5,0.222
600302,6,6,0,6,0,6,0,6,0,6,0,6,0,6,0,5,0.2,5,0.2,5,0.2
600304,31,31,0,31,0,31,0,31,0,31,0,,,,,,,22.5,0.378,22.5,0.378
600305,,,,,,,,,,,,,,,,,,,,,
600306,20,20,0,20,0,20,0,20,0,20,0,20,0,20,0,,,19,0.0526,19,0.0526
600307,5,5,0,5,0,5,0,5,0,5,0,5,0,5,0,5,0,4.5,0.111,4.5,0.111
600310,15.5,15.5,0,15.5,0,15.5,0,15.5,0,15.5,0,15.5,0,15.5,0,15.5,0,11,0.409,8.8,0.761
600312,15,15,0,15,0,15,0,15,0,15,0,15,0,15,0,15,0,15,0,15,0
600315,13.8,13.8,0,13.8,0,13.8,0,13.8,0,13.8,0,13.8,0,13.8,0,13.8,0,12.5,0.104,12.5,0.104
600316,18.8,18.8,0,18.8,0,18.8,0,18.8,0,18.8,0,18.8,0,18.8,0,18.8,0,17.5,0.0743,16.2,0.16
600317,14,14,0,14,0,14,0,14,0,14,0,14,0,14,0,14,0,10,0.4,9.5,0.474
600320,11,11,0,11,0,11,0,11,0,11,0,11,0,11,0,11,0,11,0,9.5,0.158
600322,,,,,,,,,,,,,,,,,,,,,
600324,25,25,0,25,0,25,0,25,0,25,0,25,0,25,0,25,0,20.5,0.22,20.5,0.22
600325,9.5,9.5,0,9.5,0,9.5,0,9.5,0,9.5,0,9.5,0,9.5,0,9.5,0,7.5,0.267,7.5,0.267
600328,5,5,0,5,0,5,0,5,0,5,0,5,0,5,0,5,0,5,0,5,0
600330,12.5,12.5,0,12.5,0,12.5,0,12.5,0,12.5,0,12.5,0,12.5,0,12.5,0,12.5,0,12.5,0
600331,4.5,4.5,0,4.5,0,4.5,0,4.5,0,4.5,0,4.5,0,4.5,0,4.5,0,4.5,0,4.5,0
600332,11.8,11.8,0,11.8,0,11.8,0,11.8,0,11.8,0,11.8,0,11.8,0,11.8,0,10,0.18,10,0.18
600334,10,10,0,10,0,10,0,10,0,10,0,10,0,10,0,10,0,10,0,10,0
600336,21,21,0,21,0,21,0,21,0,21,0,21,0,21,0,21,0,21,0,21,0
600337,9.5,9.5,0,9.5,0,9.5,0,9.5,0,9.5,0,9.5,0,9.5,0,9.5,0,9.5,0,9.5,0
600338,27.5,27.5,0,27.5,0,27.5,0,27.5,0,27.5,0,,,,,,,19,0.447,19,0.447
600340,5.2,5.2,0,5.2,0,5.2,0,5.2,0,5.2,0,5.2,0,5.2,0,5.2,0,4.5,0.156,4.5,0.156
600345,7.2,7.2,0,7.2,0,7.2,0,7.2,0,7.2,0,7.2,0,7.2,0,7.2,0,6,0.2,6,0.2
600346,27.5,27.5,0,27.5,0,27.5,0,27.5,0,27.5,0,22,0.25,22,0.25,22,0.25,20,0.375,20,0.375
600354,,,,,,,,,,,,,,,,,,,,,
600358,16.5,16.5,0,16.5,0,16.5,0,16.5,0,16.5,0,,,,,,,,,,
600360,11.5,11.5,0,11.5,0,11.5,0,11.5,0,11.5,0,11.5,0,11.5,0,11.5,0,11.5,0,11.5,0
600362,11.9,11.9,0,11.9,0,11.9,0,11.9,0,11.9,0,11.9,0,11.9,0,11.9,0,9.5,0.253,9.5,0.253
600471,36.2,36.2,0,34.3,0.0554,39.5,-0.0835,29.4,0.231,34.7,0.0432,30.6,0.183,26.5,0.366,28,0.293,28,0.293,30,0.207
600491,7.7,7.7,0,7.7,0,7.7,0,7.7,0,7.7,0,7.7,0,7.7,0,7.7,0,6,0.283,5.7,0.351
600495,153,153,0,153,0,153,0,153,0,153,0,153,0,153,0,,,110,0.391,95,0.611
600502,7.8,7.8,0,7.8,0,7.8,0,7.8,0,7.8,0,7.8,0,7.8,0,15,-0.48,15,-0.48,11.5,-0.322
600513,,,,,,,,,,,,,,,,,,,,,
600605,,,,,,,,,,,,,,,,,,,,,
600616,36,36,0,36,0,36,0,36,0,36,0,36,0,36,0,36,0,36,0,33.5,0.0746
600622,,,,,,,,,,,,,,,,,,,,,
600627,,,,,,,,,,,,,,,,,,,,,
600629,,,,,,,,,,,,,,,,,,,,,
600645,509,509,0,509,0,509,0,509,0,509,0,509,0,509,0,509,0,340,0.497,,
600650,,,,,,,,,,,,,,,,,,,,,
600651,182,182,0,182,0,182,0,182,0,182,0,182,0,182,0,182,0,120,0.521,115,0.587
600655,205,205,0,205,0,205,0,205,0,205,0,249,-0.177,249,-0.177,249,-0.177,161,0.273,150,0.367
600661,190,190,0,190,0,190,0,190,0,190,0,230,-0.174,230,-0.174,230,-0.174,150,0.27,140,0.356
600733,11.8,11.8,0,11.8,0,8.8,0.341,8.8,0.341,8.8,0.341,8.8,0.341,9.8,0.204,7.5,0.573,9,0.311,11.5,0.0261
600792,,,,,,,,,,,,,,,,,,,,,
601015,,,,,,,,,,,,,,,,,,,,,
601023,64.9,64.9,0,64.9,0,64.9,0,64.9,0,64.9,0,64.9,0,64.9,0,48.5,0.338,48.5,0.338,45.9,0.414
601028,45.9,45.9,0,45.9,0,45.9,0,45.9,0,45.9,0,45.9,0,45.9,0,43,0.0674,37,0.241,33.9,0.354
601038,45.9,45.9,0,45.9,0,45.9,0,45.9,0,45.9,0,45.9,0,45.9,0,43,0.0674,33,0.391,33.9,0.354
601048,41.9,41.9,0,41.9,0,41.9,0,41.9,0,41.9,0,41.9,0,41.9,0,39,0.0744,34,0.232,24.9,0.683
601053,41.9,41.9,0,41.9,0,41.9,0,41.9,0,41.9,0,41.9,0,41.9,0,39,0.0744,34,0.232,24.9,0.683
601058,41.9,41.9,0,41.9,0,41.9,0,41.9,0,41.9,0,41.9,0,41.9,0,39,0.0744,34,0.232,24.9,0.683
601068,41.9,41.9,0,41.9,0,41.9,0,41.9,0,41.9,0,41.9,0,41.9,0,39,0.0744,34,0.232,24.9,0.683
601073,41.9,41.9,0,41.9,0,41.9,0,41.9,0,41.9,0,41.9,0,41.9,0,39,0.0744,34,0.232,24.9,0.683
601185,39.9,39.9,0,39.9,0,39.9,0,39.9,0,39.9,0,88.2,-0.548,88.2,-0.548,88.2,-0.548,59.5,-0.329,36,0.108
601447,,,,,,,,,,,,,,,,,,,,,
601515,80.8,80.8,0,80.8,0,80.8,0,80.8,0,80.8,0,80.8,0,80.8,0,80.8,0,60,0.347,60,0.347
601582,51.5,51.5,0,51.5,0,51.5,0,51.5,0,51.5,0,51.5,0,51.5,0,51.5,0,38,0.355,38,0.355
601583,67.5,67.5,0,67.5,0,67.5,0,67.5,0,67.5,0,67.5,0,67.5,0,67.5,0,53.5,0.262,51,0.324
601871,177,177,0,177,0,177,0,177,0,207,-0.145,207,-0.145,207,-0.145,,,,,135,0.31
602018,10.9,10.9,0,10.9,0,10.9,0,10.9,0,10.9,0,13,-0.162,15,-0.273,17,-0.359,,,,
602020,,,,,,,,,,,,,,,,,,,,,
602060,26,26,0,26,0,26,0,26,0,26,0,26,0,26,0,26,0,22.2,0.171,22.2,0.171
602070,,,,,,,,,,,,,,,,,,,,,
602116,13,13,0,13,0,13,0,13,0,13,0,13,0,13,0,13,0,12,0.0833,12,0.0833
602336,56,56,0,56,0,56,0,56,0,52.5,0.0667,52.5,0.0667,52.5,0.0667,52.5,0.0667,36,0.556,36,0.556
602338,44,44,0,44,0,44,0,44,0,44,0,44,0,44,0,44,0,31,0.419,31,0.419
602525,32.5,32.5,0,32.5,0,32.5,0,32.5,0,32.5,0,32.5,0,32.5,0,32.5,0,31.9,0.0188,31.9,0.0188
602526,18.5,18.5,0,18.5,0,18.5,0,18.5,0,18.5,0,18.5,0,18.5,0,16.5,0.121,12.5,0.48,12.5,0.48
602558,10,10,0,10,0,10,0,10,0,10,0,10,0,10,0,10,0,8.5,0.176,8.5,0.176
602871,14.5,14.5,0,14.5,0,14.5,0,14.5,0,14.5,0,14.5,0,14.5,0,14.5,0,13,0.115,13,0.115
602872,14.5,14.5,0,14.5,0,14.5,0,14.5,0,14.5,0,14.5,0,14.5,0,14.5,0,13,0.115,13,0.115
602873,14.5,14.5,0,14.5,0,14.5,0,14.5,0,14.5,0,14.5,0,14.5,0,14.5,0,13,0.115,13,0.115
603052,,,,,,,,,,,,,,,,,,,,,
604004,41.9,41.9,0,41.9,0,41.9,0,41.9,0,41.9,0,41.9,0,41.9,0,33.8,0.24,25.5,0.643,,
604009,,,,,,,,,,,,,,,,,,,,,
604070,28.1,28.1,0,26.9,0.0446,26.9,0.0446,26.9,0.0446,26.9,0.0446,26.9,0.0446,26.9,0.0446,26.9,0.0446,26.2,0.0725,26.2,0.0725
604105,,,,,,,,,,,,,,,,,,,,,
604106,,,,,,,,,,,,,,,,,,,,,
604107,40,40,0,40,0,40,0,40,0,40,0,40,0,40,0,35.5,0.127,35.5,0.127,35.5,0.127
604117,34.5,34.5,0,34.5,0,34.5,0,34.5,0,34.5,0,34.5,0,34.5,0,34.5,0,20.5,0.683,,
604118,,,,,,,,,,,,,,,,,,,,,
604151,28.1,28.1,0,26.9,0.0446,26.9,0.0446,26.9,0.0446,26.9,0.0446,26.9,0.0446,26.9,0.0446,26.9,0.0446,26.3,0.0684,,
604154,,,,,,,,,,,,,,,,,,,,,
604212,24.6,24.6,0,24.6,0,24.6,0,24.6,0,24.6,0,24.6,0,43.2,-0.431,43.2,-0.431,29,-0.152,23,0.0696
604215,,,,,,,,,,,,,,,,,,,,,
604232,28.1,28.1,0,26.9,0.0446,26.9,0.0446,26.9,0.0446,26.9,0.0446,22.9,0.227,22.9,0.227,26.9,0.0446,26.3,0.0684,26.3,0.0684
604259,,,,,,,,,,,,,,,,,,,,,
604313,28.1,28.1,0,26.9,0.0446,26.9,0.0446,26.9,0.0446,26.9,0.0446,26.9,0.0446,26.9,0.0446,26.9,0.0446,26.3,0.0684,26.3,0.0684
604518,8,8,0,8,0,8,0,8,0,8,0,8,0,8,0,8,0,6,0.333,6,0.333
604836,65,65,0,65,0,65,0,65,0,65,0,65,0,62,0.0484,58.5,0.111,43.5,0.494,41.9,0.551
604869,,,,,,,,,,,,,,,,,,,,,
604870,,,,,,,,,,,,,,,,,,,,,
604871,,,,,,,,,,,,,,,,,,,,,
605523,,,,,,,,,,,,,,,,,,,,,
605549,43.8,43.8,0,43.8,0,43.8,0,43.8,0,43.8,0,43.8,0,43.8,0,,,35.6,0.23,,
605557,,,,,,,,,,,,,,,,,,,,,
606051,,,,,,,,,,,,,,,,,,,,,
606055,32.4,32.4,0,32.4,0,32.4,0,32.4,0,32.4,0,24.3,0.333,34,-0.0471,,,29.2,0.11,23.7,0.367
606155,10,10,0,10,0,10,0,10,0,10,0,10,0,10,0,12.5,-0.2,10,0,9,0.111
606195,,,,,,,,,,,,,,,,,,,,,
606199,31,31,0,31,0,31,0,31,0,31,0,31,0,31,0,31,0,18.5,0.676,17,0.824
606314,171,171,0,171,0,171,0,171,0,171,0,171,0,171,0,171,0,130,0.315,130,0.315
606315,49,49,0,49,0,49,0,49,0,49,0,49,0,49,0,49,0,33,0.485,33,0.485
606332,49.9,49.9,0,49.9,0,49.9,0,49.9,0,49.9,0,49.9,0,,,,,49,0.0184,49,0.0184
606839,27.3,27.3,0,27.3,0,27.3,0,27.3,0,27.3,0,24.4,0.119,24.5,0.114,24.5,0.114,24.5,0.114,24.5,0.114
607141,24.5,24.5,0,24.5,0,24.5,0,24.5,0,24.5,0,24.5,0,24.5,0,24.5,0,18,0.361,,
607147,41,41,0,41,0,41,0,41,0,41,0,41,0,41,0,41,0,32.4,0.265,,
607187,6.8,6.8,0,6.8,0,6.8,0,6.8,0,6.8,0,6.8,0,6.8,0,6.7,0.0149,5,0.36,4.7,0.447
607195,79.9,79.9,0,79.9,0,79.9,0,79.9,0,79.9,0,79.9,0,79.9,0,79.9,0,70,0.141,70,0.141
607197,,,,,,,,,,,,,,,,,,,,,
607747,,,,,,,,,,,,,,,,,,,,,
607932,485,485,0,485,0,485,0,,,485,0,485,0,,,,,,,339,0.43
609781,28.5,28.5,0,28.5,0,28.5,0,28.5,0,28.5,0,28.5,0,28.5,0,28.5,0,25,0.14,25,0.14
610115,,,,,,,,,,,,,,,,,,,,,
610192,,,,,,,,,,,,,,,,,,,,,
610262,,,,,,,,,,,,,,,,,,,,,
610265,210,210,0,210,0,210,0,210,0,210,0,210,0,210,0,,,,,,
610271,56.5,56.5,0,56.5,0,56.5,0,56.5,0,56.5,0,56.5,0,56.5,0,56.5,0,56.5,0,56.5,0
610283,28.5,28.5,0,28.5,0,28.5,0,28.5,0,28.5,0,28.5,0,28.5,0,28.5,0,26,0.0962,26,0.0962
610293,43.9,43.9,0,43.9,0,43.9,0,43.9,0,43.9,0,43.9,0,43.9,0,,,,,25.9,0.695
610305,45.5,45.5,0,45.5,0,45.5,0,45.5,0,45.5,0,45.5,0,45.5,0,45.5,0,42,0.0833,42,0.0833
610312,5,5,0,5,0,5,0,5,0,5,0,20,-0.75,20,-0.75,20,-0.75,20,-0.75,15.9,-0.686
610315,,,,,,,,,,,,,,,,,,,,,
610348,,,,,,,,,,,,,,,,,,,,,
610359,14.5,14.5,0,14.5,0,14.5,0,14.5,0,14.5,0,14.5,0,14.5,0,14.5,0,14.5,0,12.5,0.16
610369,15.5,15.5,0,15.5,0,15.5,0,15.5,0,15.5,0,15.5,0,15.5,0,15.5,0,15.5,0,13.5,0.148
610384,24.4,24.4,0,24.4,0,24.4,0,24.4,0,24.4,0,,,21.4,0.14,24.5,-0.00408,16.2,0.506,19.5,0.251
610394,,,,,,,,,,,,,,,,,,,,,
610429,11.5,11.5,0,11.5,0,11.5,0,11.5,0,11.5,0,14.5,-0.207,14.5,-0.207,13.8,-0.167,,,11,0.0455
610539,,,,,,,,,,,,,,,,,,,,,
610638,,,,,,,,,,,,,,,,,,,,,
610648,,,,,,,,,,,,,,,,,,,,,
610658,,,,,,,,,,,,,,,,,,,,,
610733,,,,,,,,,,,,,,,,,,,,,
610754,,,,,,,,,,,,,,,,,,,,,
610984,55,55,0,55,0,55,0,55,0,55,0,55,0,55,0,,,,,33,0.667
611077,,,,,,,,,,,,,,,,,,,,,
613320,,,,,,,,,,,,,,,,,,,,,
613436,171,171,0,171,0,171,0,171,0,171,0,190,-0.103,190,-0.103,238,-0.282,154,0.109,131,0.307
615100,,,,,,,,,,,,,,,,,,,,,
615360,,,,,,,,,,,,,,,,,,,,,
615361,79.9,79.9,0,79.9,0,79.9,0,79.9,0,89.9,-0.111,89.9,-0.111,,,,,,,,
615362,79.9,79.9,0,79.9,0,79.9,0,79.9,0,89.9,-0.111,89.9,-0.111,,,,,,,,
615575,,,,,,,,,,,,,,,,,,,,,
615578,128,128,0,128,0,128,0,128,0,128,0,128,0,128,0,,,,,,
615582,30,30,0,30,0,30,0,,,30,0,30,0,30,0,26,0.154,18.1,0.657,19.5,0.538
615583,,,,,,,,,,,,,,,,,,,,,
615586,95.6,95.6,0,95.6,0,95.6,0,95.6,0,95.6,0,95.6,0,95.6,0,,,,,48,0.992
615600,31.5,31.5,0,31.5,0,31.5,0,31.5,0,25,0.26,31.5,0,31.5,0,31.5,0,24.4,0.291,21.4,0.472
615609,,,,,,,,,,,,,,,,,,,,,
615619,15,15,0,15,0,15,0,15,0,18,-0.167,17.9,-0.162,19.5,-0.231,23,-0.348,,,11,0.364
615620,15,15,0,15,0,15,0,15,0,18,-0.167,17.9,-0.162,19.5,-0.231,23,-0.348,,,11,0.364
615624,15,15,0,15,0,15,0,15,0,18,-0.167,17.9,-0.162,19.5,-0.231,23,-0.348,11.7,0.282,11,0.364
615625,15,15,0,15,0,15,0,15,0,18,-0.167,17.9,-0.162,19.5,-0.231,23,-0.348,11.7,0.282,11,0.364
615626,15,15,0,15,0,15,0,15,0,18,-0.167,17.9,-0.162,19.5,-0.231,23,-0.348,11.7,0.282,11,0.364
615628,,,,,,,,,,,,,,,,,,,,,
615629,,,,,,,,,,,,,,,,,,,,,
615633,,,,,,,,,,,,,,,,,,,,,
615634,,,,,,,,,,,,,,,,,,,,,
615669,27,27,0,27,0,27,0,27,0,27,0,27,0,27,0,27,0,15,0.8,15,0.8
615670,,,,,,,,,,,,,,,,,,,,,
615671,,,,,,,,,,,,,,,,,,,,,
615672,,,,,,,,,,,,,,,,,,,,,
615674,65,65,0,65,0,65,0,65,0,65,0,65,0,65,0,65,0,65,0,65,0
615676,80,80,0,80,0,80,0,80,0,80,0,74,0.0811,74,0.0811,74,0.0811,66.5,0.203,66.5,0.203
615691,8.5,8.5,0,8.5,0,8.5,0,8.5,0,,,,,,,,,,,,
615699,53,53,0,53,0,53,0,53,0,53,0,53,0,53,0,53,0,45.1,0.175,,
615701,,,,,,,,,,,,,,,,,,,,,
615715,56,56,0,56,0,56,0,60.5,-0.0744,60.5,-0.0744,60.5,-0.0744,,,65.8,-0.149,51.6,0.0853,43.4,0.29
615716,56,56,0,56,0,56,0,60.5,-0.0744,60.5,-0.0744,60.5,-0.0744,60.5,-0.0744,65.8,-0.149,51.6,0.0853,43.4,0.29
615719,22.7,22.7,0,22.7,0,22.7,0,22.7,0,18,0.261,22.7,0,22.7,0,,,18.5,0.227,18.2,0.247
615786,49,49,0,49,0,49,0,49,0,49,0,49,0,,,49,0,40,0.225,40,0.225
615792,15.6,15.6,0,,,,,,,15.6,0,15.6,0,,,,,,,,
615800,27.9,27.9,0,27.9,0,27.9,0,27.9,0,33,-0.155,33,-0.155,33,-0.155,30,-0.07,21.5,0.298,20,0.395
615801,36.9,36.9,0,36.9,0,36.9,0,36.9,0,46.9,-0.213,46.9,-0.213,46.9,-0.213,43,-0.142,30,0.23,28,0.318
615812,13.7,13.7,0,13.7,0,13.7,0,13.7,0,13.7,0,13.7,0,13.7,0,13.7,0,9.7,0.412,6.3,1.17
615904,22.4,22.4,0,22.4,0,22.4,0,22.4,0,32.3,-0.307,32.3,-0.307,32.3,-0.307,35.5,-0.369,25.8,-0.132,23.4,-0.0427
615905,,,,,,,,,,,,,,,,,,,,,
615907,32,32,0,32,0,32,0,32,0,32,0,32,0,32,0,35.5,-0.0986,25.8,0.24,23.4,0.368
615923,,,,,,,,,,,,,,,,,,,,,
615929,85,85,0,85,0,85,0,85,0,85,0,99,-0.141,99,-0.141,99,-0.141,74,0.149,49,0.735
615943,15.5,15.5,0,15.5,0,15.5,0,15.5,0,15.5,0,15.5,0,15.5,0,15.5,0,11.8,0.314,11.8,0.314
615980,2.5,2.5,0,2.5,0,2.5,0,2.5,0,2.5,0,2.5,0,3,-0.167,3,-0.167,2,0.25,2,0.25
616101,21.4,21.4,0,21.4,0,21.4,0,21.4,0,,,,,,,,,,,,
616130,164,164,0,164,0,164,0,164,0,,,,,,,,,,,,
616137,135,135,0,135,0,135,0,135,0,235,-0.426,150,-0.1,150,-0.1,150,-0.1,150,-0.1,150,-0.1
616139,243,243,0,243,0,243,0,243,0,,,,,,,,,,,,
616142,243,243,0,243,0,243,0,243,0,,,,,,,,,,,,
616150,16.9,16.9,0,16.9,0,16.9,0,,,16.9,0,16.9,0,16.9,0,16.6,0.0181,15.6,0.0833,15.6,0.0833
616151,27,27,0,27,0,27,0,27,0,27,0,27,0,27,0,24.1,0.12,22.5,0.2,22.5,0.2
616298,7,7,0,7,0,7,0,8,-0.125,8,-0.125,8,-0.125,8,-0.125,8.5,-0.176,6.5,0.0769,6.8,0.0294
616302,,,,,,,,,,,,,,,,,,,,,
616305,28.6,28.6,0,28.6,0,28.6,0,,,,,,,28.6,0,28.6,0,21.3,0.343,18.6,0.538
616344,,,,,,,,,,,,,,,,,,,,,
616351,36.9,36.9,0,36.9,0,36.9,0,36.9,0,46.9,-0.213,46.9,-0.213,46.9,-0.213,43,-0.142,30,0.23,28,0.318
616370,80,80,0,80,0,80,0,80,0,80,0,80,0,80,0,80,0,69,0.159,65,0.231
616371,,,,,,,,,,,,,,,,,,,,,
616429,47.9,47.9,0,47.9,0,47.9,0,47.9,0,47.9,0,47.9,0,47.9,0,47.9,0,39.9,0.201,36.5,0.312
616431,47.9,47.9,0,47.9,0,47.9,0,47.9,0,47.9,0,47.9,0,,,47.9,0,39.9,0.201,36.5,0.312
616432,47.9,47.9,0,47.9,0,47.9,0,47.9,0,47.9,0,47.9,0,47.9,0,47.9,0,39.9,0.201,,
616433,29.6,29.6,0,29.6,0,29.6,0,29.6,0,46,-0.357,46,-0.357,56,-0.471,56,-0.471,35,-0.154,29,0.0207
616434,56,56,0,56,0,56,0,56,0,68,-0.176,69.9,-0.199,69.9,-0.199,85,-0.341,48.1,0.164,40.1,0.397
616438,32.9,32.9,0,32.9,0,32.9,0,32.9,0,41.5,-0.207,41.5,-0.207,41.5,-0.207,39,-0.156,28,0.175,25,0.316
616440,25.9,25.9,0,25.9,0,25.9,0,25.9,0,30.9,-0.162,30.9,-0.162,30.9,-0.162,,,19,0.363,18,0.439
616451,35,35,0,35,0,35,0,35,0,35,0,35,0,35,0,35,0,28,0.25,26,0.346
616452,29.5,29.5,0,29.5,0,29.5,0,29.5,0,29.5,0,29.5,0,29.5,0,29.5,0,23,0.283,21.5,0.372
616458,,,,,,,,,,,,,,,,,,,,,
616459,96,96,0,96,0,96,0,96,0,127,-0.246,110,-0.127,127,-0.246,118,-0.186,84.5,0.136,55,0.745
616490,,,,,,,,,,,,,,,,,,,,,
616510,20.5,20.5,0,20.5,0,20.5,0,20.5,0,20.5,0,20.5,0,20.5,0,20.5,0,14.4,0.424,14.4,0.424
616511,20.5,20.5,0,20.5,0,20.5,0,20.5,0,20.5,0,20.5,0,20.5,0,20.5,0,14.4,0.424,14.4,0.424
616512,20.5,20.5,0,20.5,0,20.5,0,20.5,0,20.5,0,20.5,0,20.5,0,20.5,0,14.4,0.424,14.4,0.424
616513,20.5,20.5,0,20.5,0,20.5,0,20.5,0,20.5,0,20.5,0,20.5,0,20.5,0,14.4,0.424,14.4,0.424
616521,5.5,5.5,0,5.5,0,5.5,0,5.5,0,5.5,0,5.5,0,5.5,0,5.5,0,,,,
616525,20.6,20.6,0,20.6,0,20.6,0,,,,,,,,,,,,,,
616563,47,47,0,47,0,47,0,47,0,46.9,0.00213,45.5,0.033,44.9,0.0468,78,-0.397,36.1,0.302,28.1,0.673
616564,,,,,,,,,,,,,,,,,,,,,
616569,16.5,16.5,0,16.5,0,16.5,0,16.5,0,16.5,0,16.5,0,16.5,0,16.5,0,16.5,0,,
616649,,,,,,,,,,,,,,,,,,,,,
616746,54,54,0,54,0,54,0,54,0,53.9,0.00186,53.9,0.00186,53.9,0.00186,53.9,0.00186,24.1,1.24,20.9,1.58
616748,35.9,35.9,0,35.9,0,35.9,0,35.9,0,45.9,-0.218,45.5,-0.211,45.5,-0.211,42,-0.145,,,26,0.381
616749,35.9,35.9,0,35.9,0,35.9,0,35.9,0,45.9,-0.218,45.5,-0.211,45.5,-0.211,42,-0.145,29,0.238,26,0.381
616750,,,,,,,,,,,,,,,,,,,,,
616751,36.9,36.9,0,36.9,0,36.9,0,36.9,0,46.9,-0.213,46.9,-0.213,46.9,-0.213,43,-0.142,30,0.23,28,0.318
616752,27.9,27.9,0,27.9,0,27.9,0,27.9,0,33,-0.155,33,-0.155,33,-0.155,30,-0.07,21.5,0.298,20,0.395
616753,27.9,27.9,0,27.9,0,27.9,0,27.9,0,33,-0.155,33,-0.155,33,-0.155,30,-0.07,21.5,0.298,20,0.395
616793,,,,,,,,,,,,,,,,,,,,,
616805,12.4,12.4,0,,,12.4,0,,,,,,,,,12,0.0333,6.3,0.968,6.3,0.968
616806,,,,,,,,,,,,,,,,,,,,,
616807,13.8,13.8,0,,,,,,,,,,,,,,,,,,
616808,13.8,13.8,0,,,,,,,,,,,,,,,,,,
616809,13.8,13.8,0,,,,,,,,,,,,,,,,,,
616880,16.3,16.3,0,16.3,0,16.3,0,16.3,0,16.3,0,,,,,,,,,,
616891,,,,,,,,,,,,,,,,,,,,,
616963,,,,,,,,,,,,,,,,,,,,,
616993,41.9,41.9,0,41.9,0,41.9,0,41.9,0,41.9,0,41.9,0,41.9,0,39,0.0744,,,,
617030,25.9,25.9,0,25.9,0,25.9,0,25.9,0,30.9,-0.162,30.9,-0.162,30.9,-0.162,28,-0.075,19,0.363,18,0.439
617031,,,,,,,,,,,,,,,,,,,,,
617036,13.8,13.8,0,13.8,0,13.8,0,13.8,0,13.8,0,13.8,0,13.8,0,13.8,0,13.8,0,13.8,0
617042,65.9,65.9,0,65.9,0,65.9,0,65.9,0,65.9,0,65.9,0,65.9,0,72.5,-0.091,50,0.318,50,0.318
617043,,,,,,,,,,,,,,,,,,,,,
617044,65.9,65.9,0,65.9,0,65.9,0,65.9,0,65.9,0,65.9,0,,,72.5,-0.091,50,0.318,50,0.318
617045,,,,,,,,,,,,,,,,,,,,,
617050,35,35,0,35,0,35,0,35,0,35,0,35,0,,,35,0,,,23.7,0.477
617051,66,66,0,66,0,66,0,66,0,66,0,66,0,,,66,0,53.7,0.229,44.5,0.483
617053,17,17,0,17,0,17,0,17,0,,,,,,,24.9,-0.317,16.3,0.0429,18.9,-0.101
617059,60,60,0,60,0,60,0,60,0,60,0,60,0,60,0,60,0,50,0.2,46,0.304
617072,,,,,,,,,,,,,,,,,,,,,
617073,,,,,,,,,,,,,,,,,,,,,
617165,47,47,0,47,0,47,0,47,0,46.9,0.00213,45.5,0.033,44.9,0.0468,78,-0.397,36.1,0.302,28.1,0.673
617166,75,75,0,75,0,75,0,75,0,75,0,75,0,75,0,75,0,66,0.136,66,0.136
617167,65,65,0,65,0,65,0,,,65,0,65,0,65,0,65,0,52,0.25,52,0.25
617201,38.1,38.1,0,38.1,0,38.1,0,38.1,0,38.1,0,39.5,-0.0354,39.5,-0.0354,39.5,-0.0354,28.5,0.337,28.5,0.337
617278,58,58,0,58,0,58,0,58,0,58,0,58,0,58,0,45.5,0.275,35.5,0.634,,
617279,58,58,0,58,0,58,0,58,0,58,0,58,0,58,0,45.5,0.275,35.5,0.634,,
617280,58,58,0,58,0,58,0,58,0,58,0,58,0,58,0,45.5,0.275,35.5,0.634,,
617317,,,,,,,,,,,,,,,,,,,,,
617375,46.5,46.5,0,46.5,0,46.5,0,46.5,0,46.5,0,46.5,0,46.5,0,,,,,,
617390,74.9,74.9,0,74.9,0,,,74.9,0,74.9,0,,,74.9,0,74.9,0,,,,
617404,67,67,0,67,0,67,0,67,0,67,0,67,0,67,0,63,0.0635,,,,
617408,,,,,,,,,,,,,,,,,,,,,
617423,,,,,,,,,,,,,,,,,,,,,
617424,62.9,62.9,0,62.9,0,62.9,0,,,,,,,,,,,,,,
617460,109,109,0,109,0,109,0,109,0,,,49,1.22,84.9,0.284,84.9,0.284,79.9,0.364,,
617509,224,224,0,224,0,224,0,224,0,224,0,224,0,224,0,224,0.00223,175,0.283,165,0.361
617515,13.5,13.5,0,13.5,0,13.5,0,13.5,0,13.5,0,13.5,0,13.5,0,11.5,0.174,11.5,0.174,11.5,0.174
617528,,,,,,,,,,,,,,,,,,,,,
617579,179,179,0,179,0,179,0,179,0,179,0,179,0,179,0,,,,,,
617589,,,,,,,,,,,,,,,,,,,,,
617649,36.9,36.9,0,36.9,0,36.9,0,36.9,0,,,,,,,,,,,,
617670,14.4,14.4,0,14.4,0,14.4,0,14.4,0,14.4,0,14.4,0,14.4,0,14.4,0,10.5,0.371,10.5,0.371
617723,,,,,,,,,,,,,,,,,,,,,
617733,12.5,12.5,0,12.5,0,12.5,0,12.5,0,12.5,0,12.5,0,12.5,0,12.5,0,6.5,0.923,6.5,0.923
617734,22.5,22.5,0,22.5,0,22.5,0,22.5,0,22.5,0,22.5,0,22.5,0,,,12.5,0.8,12.5,0.8
617735,,,,,,,,,,,,,,,,,,,,,
617736,,,,,,,,,,,,,,,,,,,,,
617760,39.9,39.9,0,39.9,0,39.9,0,39.9,0,39.9,0,39.9,0,48,-0.169,48,-0.169,43,-0.0721,44,-0.0932
617761,39.9,39.9,0,39.9,0,39.9,0,39.9,0,39.9,0,39.9,0,48,-0.169,48,-0.169,43,-0.0721,44,-0.0932
617762,39.9,39.9,0,39.9,0,39.9,0,39.9,0,39.9,0,39.9,0,48,-0.169,48,-0.169,43,-0.0721,44,-0.0932
617763,17,17,0,17,0,17,0,17,0,17,0,20.5,-0.171,20.5,-0.171,20.5,-0.171,18,-0.0556,18,-0.0556
617824,20,20,0,20,0,20,0,20,0,20,0,20,0,20,0,20,0,,,,
617828,,,,,,,,,,,,,,,,,,,,,
617829,,,,,,,,,,,,,,,,,,,,,
617831,,,,,,,,,,,,,,,,,,,,,
617835,,,,,,,,,,,,,,,,,,,,,
617866,,,,,,,,,,,,,,,,,,,,,
617887,,,,,,,,,,,,,,,,,,,,,
617928,28.9,28.9,0,28.9,0,28.9,0,28.9,0,28.9,0,35,-0.174,35,-0.174,35,-0.174,29.9,-0.0334,29.5,-0.0203
617994,43.9,43.9,0,43.9,0,43.9,0,43.9,0,43.9,0,48.5,-0.0948,48.5,-0.0948,43.5,0.0092,43.5,0.0092,37.9,0.158
617995,47,47,0,47,0,,,47,0,47,0,47,0,47,0,47,0,43.5,0.0805,43.5,0.0805
617996,27.5,27.5,0,27.5,0,,,27.5,0,27.5,0,27.5,0,27.5,0,27.5,0,25.5,0.0784,25.5,0.0784
618060,89.9,89.9,0,89.9,0,89.9,0,89.9,0,89.9,0,89.9,0,,,,,,,,
618068,,,,,,,,,,,,,,,,,,,,,
618073,,,,,,,,,,,,,,,,,,,,,
618114,9.2,9.2,0,9.2,0,9.2,0,6.6,0.394,7.4,0.243,13.4,-0.313,13.7,-0.328,15.5,-0.406,15.1,-0.391,7.51,0.225
618214,12,12,0,12,0,12,0,12,0,12,0,12,0,12,0,12,0,12,0,12,0
618239,,,,,,,,,,,,,,,,,,,,,
618258,,,,,,,,,,,,,,,,,,,,,
618277,,,,,,,,,,,,,,,,,,,,,
618314,,,,,,,,,,,,,,,,,,,,,
618320,219,219,0,219,0,219,0,219,0,219,0,219,0,219,0,,,126,0.738,111,0.973
618326,,,,,,,,,,,,,,,,,,,,,
618354,21.5,21.5,0,21.5,0,21.5,0,21.5,0,21.5,0,21.5,0,21.5,0,21.5,0,19.5,0.103,19.5,0.103
618360,,,,,,,,,,,,,,,,,,,,,
618361,4.5,4.5,0,4.5,0,4.5,0,,,,,,,,,,,4.5,0,,
618380,,,,,,,,,,,,,,,,,,,,,
618382,,,,,,,,,,,,,,,,,,,,,
618383,,,,,,,,,,,,,,,,,,,,,
618391,,,,,,,,,,,,,,,,,,,,,
618395,,,,,,,,,,,,,,,,,,,,,
618398,,,,,,,,,,,,,,,,,,,,,
618399,,,,,,,,,,,,,,,,,,,,,
618400,,,,,,,,,,,,,,,,,,,,,
618401,,,,,,,,,,,,,,,,,,,,,
618402,,,,,,,,,,,,,,,,,,,,,
618404,11.5,11.5,0,11.5,0,11.5,0,11.5,0,11.5,0,11.5,0,11.5,0,10,0.15,9,0.278,9,0.278
618405,,,,,,,,,,,,,,,,,,,,,
618507,27.5,27.5,0,27.5,0,27.5,0,27.5,0,27.5,0,33.5,-0.179,33.5,-0.179,33.5,-0.179,25.9,0.0618,25.9,0.0618
618508,29.5,29.5,0,29.5,0,29.5,0,29.5,0,29.5,0,36,-0.181,36,-0.181,36,-0.181,28.5,0.0351,28.5,0.0351
618529,,,,,,,,,,,,,,,,,,,,,
618530,9.5,9.5,0,9.5,0,9.5,0,9.5,0,9.5,0,9.5,0,9.5,0,9.5,0,9.5,0,9.5,0
618586,,,,,,,,,,,,,,,,,,,,,
618587,,,,,,,,,,,,,,,,,,,,,
618635,16,16,0,16,0,16,0,16,0,16,0,16,0,16,0,,,13.8,0.159,13.8,0.159
618645,,,,,,,,,,,,,,,,,,,,,
618708,,,,,,,,,,,,,,,,,,,,,
618709,,,,,,,,,,,,,,,,,,,,,
618726,32.5,32.5,0,32.5,0,32.5,0,32.5,0,32.5,0,32.5,0,32.5,0,32.5,0,32.5,0,29.5,0.102
618727,29.5,29.5,0,29.5,0,29.5,0,29.5,0,29.5,0,29.5,0,29.5,0,29.5,0,29.5,0,29.5,0
618728,32.5,32.5,0,32.5,0,32.5,0,32.5,0,32.5,0,32.5,0,32.5,0,32.5,0,32.5,0,32.5,0
618749,290,290,0,290,0,290,0,290,0,290,0,290,0,290,0,290,0,195,0.487,155,0.871
618750,,,,,,,,,,,,,,,,,,,,,
618767,7.5,7.5,0,7.5,0,7.5,0,7.5,0,7.5,0,6.5,0.154,7.5,0,7.5,0,,,5.6,0.339
618787,14,14,0,14,0,14,0,14,0,14,0,15,-0.0667,15,-0.0667,14,0,13,0.0769,12,0.167
618789,129,129,0,129,0,129,0,129,0,129,0,129,0,129,0,129,0,129,0,129,0
618790,,,,,,,,,,,,,,,,,,,,,
618791,6,6,0,6,0,6,0,6,0,6,0,6,0,6,0,6,0,6,0,6,0
618792,158,158,0,158,0,158,0,158,0,158,0,158,0,158,0,158,0,124,0.274,116,0.362
618793,,,,,,,,,,,,,,,,,,,,,
618794,,,,,,,,,,,,,,,,,,,,,
618795,,,,,,,,,,,,,,,,,,,,,
618796,12,12,0,12,0,12,0,12,0,12,0,12,0,12,0,,,11,0.0909,11,0.0909
618797,,,,,,,,,,,,,,,,,,,,,
618798,15.5,15.5,0,15.5,0,15.5,0,15.5,0,15.5,0,,,,,,,11.8,0.314,11.8,0.314
618799,,,,,,,,,,,,,,,,,,,,,
618818,,,,,,,,,,,,,,,,,,,,,
618830,,,,,,,,,,,,,,,,,,,,,
618831,,,,,,,,,,,,,,,,,,,,,
618833,,,,,,,,,,,,,,,,,,,,,
618837,150,150,0,150,0,150,0,150,0,150,0,150,0,150,0,150,0,102,0.471,,
618838,,,,,,,,,,,,,,,,,,,,,
618851,,,,,,,,,,,,,,,,,,,,,
618853,,,,,,,,,,,,,,,,,,,,,
618854,17.5,17.5,0,17.5,0,17.5,0,17.5,0,17.5,0,17.5,0,17.5,0,17.5,0,16.5,0.0606,13.5,0.296
618855,17.5,17.5,0,17.5,0,17.5,0,17.5,0,17.5,0,17.5,0,17.5,0,17.5,0,16.5,0.0606,13.5,0.296
618857,6.9,6.9,0,6.9,0,6.9,0,6.9,0,6.9,0,6.2,0.113,6.2,0.113,,,,,5.5,0.255
618858,6.9,6.9,0,6.9,0,6.9,0,6.9,0,6.9,0,6.2,0.113,6.2,0.113,,,5.5,0.255,5.5,0.255
618862,16.9,16.9,0,16.9,0,16.9,0,16.9,0,16.9,0,16.9,0,16.9,0,16.9,0,15.5,0.0903,13.5,0.252
618863,15.5,,,,,,,,,15.5,0,15.5,0,15.5,0,14.5,0.069,13.5,0.148,13.5,0.148
618930,,,,,,,,,,,,,,,,,,,,,
618933,517,517,0,517,0,517,0,517,0,517,0,517,0,517,0,517,0,295,0.753,295,0.753
618950,36,36,0,36,0,36,0,36,0,36,0,36,0,36,0,36,0,,,,
618998,,,,,,,,,,,,,,,,,,,,,
618999,,,,,,,,,,,,,,,,,,,,,
619001,,,,,,,,,,,,,,,,,,,,,
619004,15,15,0,15,0,15,0,,,,,,,,,,,,,,
619018,189,189,0,189,0,189,0,189,0,189,0,189,0,189,0,189,0,138,0.375,137,0.38
619029,17.9,17.9,0,17.9,0,17.9,0,17.9,0,17.9,0,21.5,-0.167,21.5,-0.167,21.5,-0.167,20,-0.105,14.9,0.201
619050,529,529,0,529,0,529,0,529,0,529,0,490,0.0796,490,0.0796,425,0.245,249,1.12,249,1.12
619051,305,305,0,305,0,305,0,305,0,305,0,305,0,305,0,260,0.173,188,0.622,175,0.743
619061,25.5,25.5,0,25.5,0,25.5,0,25.5,0,25.5,0,25.5,0,,,,,16.5,0.545,13.5,0.889
619083,21,21,0,21,0,21,0,21,0,21,0,21,0,21,0,21,0,21,0,19,0.105
619086,21,21,0,21,0,21,0,,,,,21,0,21,0,21,0,21,0,19,0.105
619089,3,3,0,3,0,3,0,,,,,,,3,0,3,0,,,,
619091,3,3,0,3,0,3,0,,,,,3,0,3,0,3,0,2.4,0.25,,
619092,3,3,0,3,0,3,0,,,,,3,0,3,0,3,0,2.4,0.25,2,0.5
619108,,,,,,,,,,,,,,,,,,,,,
619114,,,,,,,,,,,,,,,,,,,,,
619115,,,,,,,,,,,,,,,,,,,,,
619117,,,,,,,,,,,,,,,,,,,,,
619118,,,,,,,,,,,,,,,,,,,,,
619121,18,18,0,18,0,18,0,18,0,18,0,18,0,18,0,18,0,13.5,0.333,13.5,0.333
619126,,,,,,,,,,,,,,,,,,,,,
619129,27.5,27.5,0,27.5,0,27.5,0,27.5,0,27.5,0,27.5,0,27.5,0,27,0.0185,27,0.0185,26,0.0577
619130,,,,,,,,,,,,,,,,,,,,,
619131,35,35,0,35,0,35,0,35,0,31.9,0.0972,29.9,0.171,33.8,0.0355,33.8,0.0355,33.5,0.0448,,
619133,,,,,,,,,,,,,,,,,,,,,
619153,29.5,29.5,0,29.5,0,29.5,0,29.5,0,29.5,0,29.5,0,29.5,0,26.8,0.101,26.8,0.101,26.8,0.101
619156,23.8,23.8,0,23.8,0,23.8,0,23.8,0,23.8,0,23.8,0,23.8,0,,,,,,
619157,23.8,23.8,0,23.8,0,23.8,0,23.8,0,23.8,0,23.8,0,23.8,0,,,,,,
619245,,,,,,,,,,,,,,,,,,,,,
619265,16.5,16.5,0,16.5,0,16.5,0,16.5,0,16.5,0,16.5,0,16.5,0,16.5,0,11.1,0.486,,
619267,22.5,22.5,0,22.5,0,22.5,0,22.5,0,18.5,0.216,18.5,0.216,18.5,0.216,17.4,0.293,17.4,0.293,17.5,0.286
619269,25.8,25.8,0,25.8,0,25.8,0,25.8,0,21,0.229,21,0.229,21,0.229,,,19.8,0.303,,
619276,,,,,,,,,,,,,,,,,,,,,
619280,12,12,0,12,0,12,0,12,0,12,0,12,0,12,0,12,0,7,0.714,7,0.714
619282,5,5,0,5,0,5,0,5,0,5,0,5,0,5,0,5,0,2.5,1,2.5,1
619283,,,,,,,,,,,,,,,,,,,,,
619285,19,19,0,19,0,19,0,19,0,19,0,19,0,19,0,18.5,0.027,18.5,0.027,,
619287,,,,,,,,,,,,,,,,,,,,,
619298,159,159,0,159,0,159,0,159,0,,,180,-0.117,180,-0.117,,,,,,
619330,149,149,0,149,0,149,0,149,0,,,,,135,0.105,135,0.105,,,,
619336,,,,,,,,,,,,,,,,,,,,,
619357,32,32,0,32,0,32,0,32,0,32,0,32,0,32,0,32,0,32,0,30.5,0.0492
619359,38,38,0,38,0,38,0,38,0,38,0,38,0,38,0,38,0,35.9,0.0585,35,0.0857
619364,,,,,,,,,,,,,,,,,,,,,
619368,18,18,0,18,0,18,0,18,0,18,0,18,0,18,0,18,0,14,0.286,14,0.286
619369,18,18,0,18,0,18,0,18,0,18,0,18,0,18,0,18,0,14,0.286,14,0.286
619370,18,18,0,18,0,18,0,18,0,18,0,18,0,18,0,18,0,14,0.286,14,0.286
619382,,,,,,,,,,,,,,,,,,,,,
619383,97,97,0,97,0,97,0,97,0,97,0,88,0.102,88,0.102,86,0.128,73,0.329,58,0.672
619395,,,,,,,,,,,,,,,,,,,,,
619396,15,15,0,15,0,15,0,15,0,15,0,15,0,15,0,,,,,,
619400,,,,,,,,,,,,,,,,,,,,,
619402,,,,,,,,,,,,,,,,,,,,,
619403,745,745,0,745,0,745,0,745,0,745,0,745,0,745,0,745,0,575,0.296,510,0.461
619414,10.5,10.5,0,10.5,0,10.5,0,10.5,0,10.5,0,10.5,0,10.5,0,10.5,0,9.4,0.117,9,0.167
619416,5,5,0,,,5,0,5,0,5,0,5,0,5,0,5,0,5,0,5,0
619417,15.5,15.5,0,15.5,0,15.5,0,15.5,0,15.5,0,15.5,0,15.5,0,14.9,0.0403,,,,
619418,14.5,14.5,0,14.5,0,14.5,0,14.5,0,14.5,0,14.5,0,14.5,0,13.9,0.0432,12,0.208,,
619423,150,150,0,150,0,150,0,150,0,150,0,150,0,150,0,150,0,150,0,150,0
619425,305,305,0,305,0,305,0,305,0,,,,,,,,,,,,
619446,,,,,,,,,,,,,,,,,,,,,
619470,145,145,0,145,0,145,0,145,0,,,,,,,,,,,99,0.464
619471,255,255,0,255,0,255,0,255,0,,,,,,,,,,,199,0.281
619472,320,320,0,320,0,320,0,320,0,,,,,,,,,,,259,0.235
619473,370,370,0,370,0,370,0,370,0,,,,,,,,,,,309,0.197
619477,,,,,,,,,,,,,,,,,,,,,
619510,,,,,,,,,,,,,,,,,,,,,
619557,,,,,,,,,,,,,,,,,,,,,
619558,,,,,,,,,,,,,,,,,,,,,
619560,,,,,,,,,,,,,,,,,,,,,
619561,,,,,,,,,,,,,,,,,,,,,
619569,,,,,,,,,,,,,,,,,,,,,
619577,,,,,,,,,,,,,,,,,,,,,
619587,,,,,,,,,,,,,,,,,,,,,
619636,,,,,,,,,,,,,,,,,,,,,
619667,44.5,44.5,0,44.5,0,44.5,0,44.5,0,44.5,0,44.5,0,44.5,0,44.5,0,35,0.271,31.5,0.413
619709,,,,,,,,,,,,,,,,,,,,,
619903,,,,,,,,,,,,,,,,,,,,,
619969,179,179,0,179,0,179,0,179,0,200,-0.105,200,-0.105,208,-0.139,,,,,,
619995,,,,,,,,,,,,,,,,,,,,,
620012,,,,,,,,,,,,,,,,,,,,,
620610,,,,,,,,,,,,,,,,,,,,,
621425,,,,,,,,,,,,,,,,,,,,,
621761,9.9,9.9,0,10.6,-0.066,10.6,-0.066,10.6,-0.066,11.5,-0.139,9.6,0.0312,11.6,-0.147,12,-0.175,14,-0.293,6.2,0.597
621857,9.9,9.9,0,,,,,,,,,,,,,,,,,,
623888,10.7,10.7,0,11.8,-0.0932,11.8,-0.0932,9.8,0.0918,9.4,0.138,9.7,0.103,7,0.529,12.5,-0.144,13,-0.177,8,0.337
623896,11.9,11.9,0,11.9,0,11.9,0,11.9,0,9.8,0.214,8.3,0.434,12.3,-0.0325,12.5,-0.048,14,-0.15,13,-0.0846
624039,,,,,,,,,,,,,,,,,,,,,
624253,,,,,,,,,,,,,,,,,,,,,
624257,126,126,0,126,0,126,0,126,0,,,,,,,,,,,,
624280,,,,,,,,,,,,,,,,,,,,,
624411,,,,,,,,,,,,,,,,,,,,,
624454,11.9,11.9,0,11.9,0,11.9,0,11.9,0,11.9,0,11.9,0,11.9,0,11.9,0,11.9,0,11.9,0
624462,,,,,,,,,,,,,,,,,,,,,
624470,,,,,,,,,,,,,,,,,,,,,
624500,,,,,,,,,,,,,,,,,,,,,
624589,,,,,,,,,,,,,,,,,,,,,
625050,20,20,0,20,0,20,0,20,0,20,0,20,0,20,0,20,0,20,0,20,0
625051,34,34,0,34,0,34,0,34,0,34,0,34,0,34,0,34,0,34,0,34,0
625052,19.5,19.5,0,19.5,0,19.5,0,19.5,0,19.5,0,16.8,0.161,16.8,0.161,16.8,0.161,16.8,0.161,16.8,0.161
625053,31,31,0,31,0,31,0,31,0,31,0,26.8,0.157,26.8,0.157,26.8,0.157,26.8,0.157,26.8,0.157
625230,62.5,62.5,0,62.5,0,62.5,0,62.5,0,62.5,0,62.5,0,62.5,0,62.5,0,62.5,0,62.5,0
625485,14.5,14.5,0,14.5,0,14.5,0,14.5,0,14.5,0,14.5,0,14.5,0,14.5,0,13,0.115,13,0.115
625577,18.9,18.9,0,18.9,0,18.9,0,18.9,0,,,,,18.9,0,,,12.9,0.465,12.9,0.465
625601,31.5,31.5,0,31.5,0,31.5,0,31.5,0,25,0.26,31.5,0,31.5,0,31.5,0,24.4,0.291,21.4,0.472
626286,,,,,,,,,,,,,,,,,,,,,
627259,,,,,,,,,,,,,,,,,,,,,
629153,,,,,,,,,,,,,,,,,,,,,
629227,,,,,,,,,,,,,,,,,,,,,
629235,,,,,,,,,,,,,,,,,,,,,
629246,13.9,13.9,0,13.9,0,13.9,0,13.9,0,,,18.9,-0.265,18.9,-0.265,18.9,-0.265,,,12.9,0.0775
629250,,,,,,,,,,,,,,,,,,,,,
629251,,,,,,,,,,,,,,,,,,,,,
629254,,,,,,,,,,,,,,,,,,,,,
629271,,,,,,,,,,,,,,,,,,,,,
629275,28.9,28.9,0,28.9,0,28.9,0,28.9,0,,,,,,,,,,,,
629276,,,,,,,,,,,,,,,,,,,,,
629295,,,,,,,,,,,,,,,,,,,,,
629298,46.9,46.9,0,46.9,0,46.9,0,46.9,0,,,,,,,,,,,,
629301,79.9,79.9,0,79.9,0,79.9,0,79.9,0,79.9,0,94.9,-0.158,94.9,-0.158,,,,,,
629307,,,,,,,,,,,,,,,,,,,,,
629315,76.9,76.9,0,76.9,0,76.9,0,76.9,0,89.9,-0.145,89.9,-0.145,,,,,,,,
629321,120,120,0,120,0,120,0,120,0,120,0,120,0,120,0,120,0,,,,
629350,45,45,0,45,0,45,0,45,0,45,0,52,-0.135,52,-0.135,42,0.0714,34,0.324,29.5,0.525
629353,,,,,,,,,,,,,,,,,,,,,
629365,,,,,,,,,,,,,,,,,,,,,
629373,,,,,,,,,,,,,,,,,,,,,
629375,,,,,,,,,,,,,,,,,,,,,
629388,,,,,,,,,,,,,,,,,,,,,
629389,,,,,,,,,,,,,,,,,,,,,
629401,29.9,29.9,0,88.9,-0.664,88.9,-0.664,88.9,-0.664,88.9,-0.664,88.9,-0.664,88.9,-0.664,88.9,-0.664,,,,
629427,,,,,,,,,,,,,,,,,,,,,
629438,,,,,,,,,,,,,,,,,,,,,
629439,,,,,,,,,,,,,,,,,,,,,
629440,,,,,,,,,,,,,,,,,,,,,
629495,130,130,0,130,0,130,0,130,0,130,0,130,0,130,0,89.9,0.44,89.9,0.44,89.9,0.44
629556,,,,,,,,,,,,,,,,,,,,,
629565,,,,,,,,,,,,,,,,,,,,,
629566,,,,,,,,,,,,,,,,,,,,,
629568,,,,,,,,,,,,,,,,,,,,,
629569,,,,,,,,,,,,,,,,,,,,,
629570,,,,,,,,,,,,,,,,,,,,,
629573,,,,,,,,,,,,,,,,,,,,,
629574,,,,,,,,,,,,,,,,,,,,,
629576,,,,,,,,,,,,,,,,,,,,,
629590,180,180,0,180,0,180,0,180,0,180,0,180,0,180,0,,,,,,
629594,83.9,83.9,0,83.9,0,83.9,0,83.9,0,83.9,0,83.9,0,,,,,,,,
629595,65.9,65.9,0,65.9,0,65.9,0,65.9,0,65.9,0,65.9,0,,,,,,,,
629665,83.9,83.9,0,83.9,0,83.9,0,83.9,0,83.9,0,83.9,0,,,,,,,,
629668,83.9,83.9,0,83.9,0,83.9,0,83.9,0,83.9,0,83.9,0,,,,,,,,
629683,,,,,,,,,,,,,,,,,,,,,
629684,,,,,,,,,,,,,,,,,,,,,
629685,,,,,,,,,,,,,,,,,,,,,
629686,,,,,,,,,,,,,,,,,,,,,
629708,219,219,0,219,0,219,0,219,0,,,,,,,,,,,,
629719,,,,,,,,,,,,,,,,,,,,,
629720,,,,,,,,,,,,,,,,,,,,,
629723,,,,,,,,,,,,,,,,,,,,,
629724,12.5,12.5,0,12.5,0,12.5,0,12.5,0,,,,,,,,,,,9.9,0.263
629725,35.9,35.9,0,35.9,0,35.9,0,35.9,0,35.9,0,35.9,0,35.9,0,24,0.496,24,0.496,24,0.496
629726,,,,,,,,,,,,,,,,,,,,,
629730,,,,,,,,,,,,,,,,,,,,,
629744,7.5,7.5,0,7.5,0,7.5,0,7.5,0,,,,,9.9,-0.242,,,,,5.9,0.271
629745,,,,,,,,,,,,,,,,,,,,,
629746,,,,,,,,,,,,,,,,,,,,,
629748,,,,,,,,,,,,,,,,,,,,,
629749,9.9,9.9,0,9.9,0,9.9,0,9.9,0,9.9,0,9.9,0,9.9,0,27.9,-0.645,27.9,-0.645,27.9,-0.645
629750,27.9,27.9,0,27.9,0,27.9,0,27.9,0,27.9,0,27.9,0,27.9,0,27.9,0,27.9,0,27.9,0
629751,9.9,9.9,0,9.9,0,9.9,0,9.9,0,9.9,0,9.9,0,9.9,0,27.9,-0.645,27.9,-0.645,27.9,-0.645
629753,,,,,,,,,,,,,,,,,,,,,
629754,,,,,,,,,,,,,,,,,,,,,
629759,,,,,,,,,,,,,,,,,,,,,
629763,65,65,0,65,0,65,0,65,0,65,0,69.5,-0.0647,,,59,0.102,,,,
629764,22,22,0,22,0,22,0,22,0,22,0,22,0,22,0,19,0.158,15,0.467,,
629765,32,32,0,32,0,32,0,32,0,32,0,35,-0.0857,35,-0.0857,27,0.185,,,,
629766,49,49,0,49,0,49,0,49,0,49,0,55,-0.109,55,-0.109,55,-0.109,33,0.485,,
629767,49,49,0,49,0,49,0,49,0,49,0,55,-0.109,55,-0.109,55,-0.109,33,0.485,,
629768,29,29,0,29,0,29,0,29,0,29,0,33,-0.121,33,-0.121,33,-0.121,20.5,0.415,,
629769,29,29,0,29,0,29,0,29,0,29,0,33,-0.121,33,-0.121,33,-0.121,20.5,0.415,,
629770,29,29,0,29,0,29,0,29,0,29,0,33,-0.121,33,-0.121,33,-0.121,20.5,0.415,,
629771,29,29,0,29,0,29,0,29,0,29,0,33,-0.121,33,-0.121,33,-0.121,20.5,0.415,,
629772,33,33,0,33,0,33,0,33,0,33,0,36.5,-0.0959,36.5,-0.0959,36.5,-0.0959,24.5,0.347,,
629773,33,33,0,33,0,33,0,33,0,33,0,36.5,-0.0959,36.5,-0.0959,36.5,-0.0959,24.5,0.347,,
629774,16.9,16.9,0,16.9,0,16.9,0,16.9,0,16.9,0,18.5,-0.0865,18.5,-0.0865,18.5,-0.0865,11.5,0.47,,
629775,16.9,16.9,0,16.9,0,16.9,0,16.9,0,16.9,0,18.5,-0.0865,18.5,-0.0865,18.5,-0.0865,11.5,0.47,,
629776,79,79,0,205,-0.614,205,-0.614,205,-0.614,205,-0.614,205,-0.614,205,-0.614,205,-0.614,,,,
629777,29,29,0,29,0,29,0,29,0,,,,,,,,,,,,
629782,89.9,89.9,0,89.9,0,89.9,0,89.9,0,89.9,0,89.9,0,,,,,,,,
629783,89.9,89.9,0,89.9,0,89.9,0,89.9,0,89.9,0,89.9,0,,,89.9,0,,,,
629784,,,,,,,,,,,,,,,,,,,,,
629786,48.5,48.5,0,48.5,0,48.5,0,48.5,0,48.5,0,48.5,0,48.5,0,48.5,0,,,,
629787,48.5,48.5,0,48.5,0,48.5,0,48.5,0,48.5,0,48.5,0,48.5,0,48.5,0,,,,
629788,48.5,48.5,0,48.5,0,48.5,0,48.5,0,48.5,0,48.5,0,48.5,0,48.5,0,,,,
629789,,,,,,,,,,,,,,,,,,,,,
629790,155,155,0,155,0,155,0,155,0,,,,,,,,,,,,
629791,,,,,,,,,,,,,,,,,,,,,
629794,59.9,59.9,0,160,-0.625,160,-0.625,160,-0.625,160,-0.625,160,-0.625,160,-0.625,,,,,,
629805,,,,,,,,,,,,,,,,,,,,,
629810,57.5,57.5,0,57.5,0,57.5,0,57.5,0,57.5,0,57.5,0,,,,,,,,
629812,57.5,57.5,0,57.5,0,57.5,0,57.5,0,57.5,0,57.5,0,,,,,,,,
629814,48.9,48.9,0,48.9,0,48.9,0,48.9,0,48.9,0,48.9,0,,,,,,,,
629816,,,,,,,,,,,,,,,,,,,,,
629817,44.9,44.9,0,44.9,0,,,,,,,54.9,-0.182,,,,,,,,
629818,44.9,44.9,0,44.9,0,44.9,0,44.9,0,54.9,-0.182,54.9,-0.182,,,,,,,,
629819,,,,,,,,,,,,,,,,,,,,,
629820,22.9,22.9,0,22.9,0,22.9,0,22.9,0,22.9,0,22.9,0,,,,,,,,
629821,22.9,22.9,0,22.9,0,22.9,0,22.9,0,22.9,0,22.9,0,,,,,,,,
629822,22.9,22.9,0,22.9,0,22.9,0,22.9,0,22.9,0,22.9,0,,,,,,,,
629824,69.9,69.9,0,69.9,0,69.9,0,,,84.9,-0.177,84.9,-0.177,,,,,,,,
629826,79.9,79.9,0,79.9,0,79.9,0,79.9,0,99.9,-0.2,,,,,,,,,,
629827,,,,,,,,,,,,,,,,,,,,,
629831,74.9,74.9,0,74.9,0,74.9,0,74.9,0,,,,,,,,,,,,
629832,23.5,23.5,0,23.5,0,23.5,0,23.5,0,23.5,0,,,,,,,,,,
629833,,,,,,,,,,,,,,,,,,,,,
629834,,,,,,,,,,,,,,,,,,,,,
629835,25.5,25.5,0,25.5,0,25.5,0,25.5,0,25.5,0,,,,,,,,,,
629836,49.9,49.9,0,49.9,0,49.9,0,49.9,0,49.9,0,,,,,,,,,,
629837,66.9,66.9,0,66.9,0,66.9,0,66.9,0,66.9,0,,,,,,,,,,
629838,82.5,82.5,0,82.5,0,82.5,0,82.5,0,82.5,0,,,,,,,,,,
629840,43.5,43.5,0,43.5,0,,,,,,,,,,,,,,,,
629842,27.9,27.9,0,27.9,0,27.9,0,27.9,0,,,,,,,,,,,,
630010,87.1,87.1,0,87.1,0,87.1,0,87.1,0,87.1,0,87.1,0,87.1,0,87.1,0,64,0.361,64,0.361
630011,19.9,19.9,0,19.9,0,19.9,0,19.9,0,23.9,-0.167,23.9,-0.167,23.9,-0.167,,,,,,
630060,,,,,,,,,,,,,,,,,,,,,
630204,39,39,0,39,0,39,0,39,0,,,,,,,34.9,0.117,29.9,0.304,,
630251,,,,,,,,,,,,,,,,,,,,,
630252,1.5,1.5,0,1.5,0,1.5,0,1.5,0,,,,,,,1.9,-0.211,1.5,0,1.2,0.25
630253,,,,,,,,,,,,,,,,,,,,,
630254,,,,,,,,,,,,,,,,,,,,,
630868,255,255,0,255,0,255,0,255,0,255,0,255,0,255,0,255,0,209,0.22,209,0.22
632028,15,15,0,15,0,15,0,15,0,15,0,12.5,0.2,12.5,0.2,12.5,0.2,12.5,0.2,11.8,0.271
632029,20,20,0,20,0,20,0,20,0,20,0,17.5,0.143,17.5,0.143,17.5,0.143,17.5,0.143,16,0.25
632212,,,,,,,,,,,,,,,,,,,,,
632333,75,75,0,75,0,75,0,75,0,75,0,79.9,-0.0613,79.9,-0.0613,,,,,,
632912,19,19,0,19,0,19,0,19,0,19,0,19,0,19,0,19,0,14.5,0.31,13.5,0.407
633221,12.9,12.9,0,17,-0.241,17,-0.241,17.6,-0.267,27.4,-0.529,18.3,-0.295,18.3,-0.295,14,-0.0786,11,0.173,21.2,-0.392
634054,59,59,0,59,0,59,0,59,0,59,0,59,0,59,0,59,0,49.5,0.192,49.5,0.192
634561,,,,,,,,,,,,,,,,,,,,,
634850,,,,,,,,,,,,,,,,,,,,,
634853,84.9,84.9,0,84.9,0,84.9,0,84.9,0,99.9,-0.15,99.9,-0.15,,,,,,,,
634854,84.9,84.9,0,84.9,0,84.9,0,84.9,0,99.9,-0.15,99.9,-0.15,,,,,,,,
634855,84.9,84.9,0,84.9,0,84.9,0,84.9,0,99.9,-0.15,99.9,-0.15,,,,,,,,
634862,,,,,,,,,,,,,,,,,,,,,
634863,99.9,99.9,0,99.9,0,99.9,0,99.9,0,99.9,0,260,-0.616,260,-0.616,260,-0.616,180,-0.445,180,-0.445
634865,,,,,,,,,,,,,,,,,,,,,
635143,79,79,0,79,0,79,0,79,0,79,0,79,0,,,,,,,69.5,0.137
635144,,,,,,,,,,,,,,,,,,,,,
635153,79.9,79.9,0,79.9,0,79.9,0,79.9,0,,,,,,,,,,,,
635154,,,,,,,,,,,,,,,,,,,,,
635155,329,329,0,329,0,329,0,329,0,329,0,329,0,329,0,329,0,154,1.14,154,1.14
635156,130,130,0,130,0,130,0,130,0,,,,,,,,,,,,
636302,,,,,,,,,,,,,,,,,,,,,
637079,28.8,28.8,0,32,-0.1,32,-0.1,34,-0.153,34.3,-0.16,37.8,-0.238,36.5,-0.211,50,-0.424,31,-0.071,32,-0.1
637184,9.8,9.8,0,9.8,0,9.8,0,10.5,-0.0667,10.5,-0.0667,8,0.225,10.8,-0.0926,9,0.0889,7,0.4,6,0.633
637290,74.7,74.7,0,74.7,0,74.7,0,74.7,0,64.9,0.151,59.5,0.255,58.8,0.27,44.5,0.679,31,1.41,52,0.437
637320,12.4,12.4,0,12.4,0,12.4,0,15.9,-0.22,13.5,-0.0815,13.5,-0.0815,7.5,0.653,5.5,1.25,5.5,1.25,12.9,-0.0388
637362,16,16,0,16,0,19.7,-0.188,12.5,0.28,23.2,-0.31,27.8,-0.424,26.6,-0.398,11,0.455,5.5,1.91,11,0.455
637389,7.2,7.2,0,7.9,-0.0886,9.1,-0.209,7.2,0,12.3,-0.415,21.5,-0.665,21.8,-0.67,4.8,0.5,6,0.2,4.5,0.6
637478,8.8,8.8,0,10.6,-0.17,10.6,-0.17,10.6,-0.17,15,-0.413,16.4,-0.463,13.9,-0.367,6.9,0.275,7,0.257,7.9,0.114
637796,6.2,6.2,0,6.2,0,6.2,0,6.2,0,6.2,0,7.7,-0.195,7.4,-0.162,7.5,-0.173,7.5,-0.173,9,-0.311
638016,14.7,14.7,0,16.8,-0.125,14,0.05,12.5,0.176,14.9,-0.0134,15.5,-0.0516,8.8,0.67,8,0.837,6,1.45,10,0.47
640238,39.9,39.9,0,39.9,0,39.9,0,39.9,0,39.9,0,39.9,0,39.9,0,39.9,0,36.9,0.0813,36.9,0.0813
640366,142,142,0,142,0,142,0,142,0,,,142,0,142,0,142,0,104,0.377,85.5,0.667
640512,50,50,0,50,0,50,0,50,0,50,0,50,0,50,0,48,0.0417,35.5,0.408,29.7,0.684
640541,244,244,0,244,0,244,0,244,0,244,0,244,0,244,0,245,-0.00367,199,0.226,199,0.226
640599,,,,,,,,,,,,,,,,,,,,,
640608,,,,,,,,,,,,,,,,,,,,,
640688,13,13,0,13,0,13,0,13,0,13,0,13,0,,,13,0,7.5,0.733,8,0.625
640693,13,13,0,13,0,13,0,13,0,13,0,13,0,13,0,13,0,8,0.625,8,0.625
640867,290,290,0,290,0,290,0,290,0,290,0,290,0,290,0,290,0,249,0.164,249,0.164
641017,,,,,,,,,,,,,,,,,,,,,
641031,37.5,,,37.5,0,37.5,0,37.5,0,,,,,38,-0.0132,,,31,0.21,,
641035,,,,,,,,,,,,,,,,,,,,,
641037,46.3,,,46.3,0,46.3,0,46.3,0,46.3,0,,,,,,,41.9,0.105,44,0.0523
641041,37.5,37.5,0,37.5,0,37.5,0,37.5,0,37.5,0,,,38,-0.0132,36.3,0.0331,31,0.21,,
641051,20,,,21.5,-0.0698,21.5,-0.0698,21.5,-0.0698,23,-0.13,,,22.3,-0.103,,,18,0.111,,
641057,,,,,,,,,,,,,,,,,,,,,
641090,43.5,43.5,0,43.5,0,43.5,0,43.5,0,43.5,0,43.5,0,,,41,0.061,41,0.061,41,0.061
641091,28.5,28.5,0,28.5,0,28.5,0,28.5,0,28.5,0,28.5,0,,,25,0.14,25,0.14,25,0.14
641541,36.5,36.5,0,36.5,0,36.5,0,36.5,0,36.5,0,,,,,30.5,0.197,,,,
641567,40,40,0,40,0,40,0,40,0,,,40,0,40,0,35,0.143,35,0.143,35,0.143
641572,9.4,9.4,0,9.4,0,9.4,0,9.4,0,9.4,0,9.4,0,9.4,0,8.2,0.146,6.7,0.403,6.7,0.403
641938,32.5,32.5,0,32.5,0,32.5,0,32.5,0,36.5,-0.11,41,-0.207,41,-0.207,41,-0.207,30,0.0833,29.5,0.102
641958,32.5,32.5,0,32.5,0,32.5,0,32.5,0,36.5,-0.11,41,-0.207,41,-0.207,41,-0.207,30,0.0833,29.5,0.102
642079,8.2,8.2,0,8.2,0,8.2,0,7.7,0.0649,8.4,-0.0238,8.6,-0.0465,8.6,-0.0465,8.6,-0.0465,7.7,0.0649,7.5,0.0933
642086,11.5,11.5,0,,,11.5,0,10.8,0.0648,12.2,-0.0574,13.2,-0.129,13.2,-0.129,,,11.6,-0.00862,11.5,0
642089,16.5,16.5,0,16.5,0,16.5,0,15,0.1,16.7,-0.012,17.1,-0.0351,17.1,-0.0351,17,-0.0294,15.3,0.0784,14.7,0.122
642099,17.5,17.5,0,17.5,0,17.5,0,16.5,0.0606,18.4,-0.0489,19.8,-0.116,19.8,-0.116,20,-0.125,17.5,0,16.7,0.0479
642105,35.3,35.3,0,35.3,0,35.3,0,32.4,0.0895,34.5,0.0232,39.1,-0.0972,39.1,-0.0972,39.5,-0.106,34.4,0.0262,31.4,0.124
642203,10,10,0,10,0,10,0,10,0,10,0,8.5,0.176,9.8,0.0204,9.8,0.0204,8,0.25,7.8,0.282
642206,10,10,0,10,0,10,0,10,0,10,0,8.5,0.176,9.8,0.0204,9.8,0.0204,8,0.25,7.8,0.282
642233,,,,,,,,,,,,,,,,,,,,,
642248,,,,,,,,,,,,,,,,,,,,,
642268,,,,,,,,,,,,,,,,,,,,,
642273,,,,,,,,,,,,,,,,,,,,,
642334,39.9,39.9,0,39.9,0,39.9,0,39.9,0,39.9,0,43,-0.0721,43,-0.0721,43,-0.0721,31.5,0.267,30.5,0.308
642351,6.5,6.5,0,6.5,0,6.5,0,6.5,0,6.5,0,6.5,0,6.5,0,6.5,0,6.5,0,6.5,0
642446,60.5,60.5,0,60.5,0,60.5,0,60.5,0,60.5,0,,,,,65.8,-0.0805,51.6,0.172,43.4,0.394
642451,,,,,,,,,,,,,,,,,,,,,
642598,17.9,17.9,0,18.2,-0.0165,18.8,-0.0479,16.6,0.0783,14.7,0.218,33.2,-0.461,35.3,-0.493,36.5,-0.51,20,-0.105,12,0.492
642906,,,,,,,,,,,,,,,,,,,,,
643088,24.9,24.9,0,24.9,0,24.9,0,24.9,0,24.9,0,34.9,-0.287,34.9,-0.287,24.9,0,27.5,-0.0945,19.9,0.251
643092,46.9,46.9,0,46.9,0,46.9,0,46.9,0,46.9,0,46.9,0,46.9,0,44,0.0659,38,0.234,34.9,0.344
643095,41.9,41.9,0,41.9,0,41.9,0,41.9,0,41.9,0,41.9,0,41.9,0,39,0.0744,33,0.27,24.9,0.683
643099,34,34,0,34,0,34,0,34,0,34,0,34,0,34,0,35,-0.0286,29.5,0.153,24.9,0.365
643106,41.9,41.9,0,41.9,0,41.9,0,41.9,0,41.9,0,41.9,0,41.9,0,39,0.0744,33,0.27,24.9,0.683
643111,41.9,41.9,0,41.9,0,41.9,0,41.9,0,41.9,0,41.9,0,41.9,0,39,0.0744,,,29.5,0.42
643152,10,10,0,10,0,10,0,10,0,10,0,10,0,10,0,10,0,,,9,0.111
643167,10,10,0,10,0,10,0,10,0,10,0,10,0,,,10,0,9,0.111,9,0.111
643172,9.5,9.5,0,9.5,0,9.5,0,9.5,0,,,,,9.5,0,9.5,0,8,0.188,8,0.188
643229,7.6,7.6,0,7.6,0,7.6,0,7.6,0,7.6,0,7.6,0,7.6,0,7,0.0857,7,0.0857,7,0.0857
643310,63,63,0,63,0,63,0,63,0,63,0,62.5,0.008,62.5,0.008,61,0.0328,61,0.0328,61,0.0328
643555,,,,,,,,,,,,,,,,,,,,,
645663,78.5,78.5,0,78.5,0,78.5,0,78.5,0,70.7,0.11,78.5,0,78.5,0,85,-0.0765,61,0.287,49.9,0.573
645727,28.1,28.1,0,28.1,0,28.1,0,28.1,0,28.1,0,28.1,0,28.1,0,30.3,-0.0726,23,0.222,,
645732,,,,,,,,,,,,,,,,,,,,,
645856,5,5,0,5,0,5,0,5,0,5,0,5,0,5,0,5,0,5,0,5,0
646077,24,,,,,,,24,0,24,0,23.4,0.0256,23.4,0.0256,,,20.9,0.148,20.9,0.148
646106,153,153,0,153,0,153,0,153,0,153,0,138,0.107,138,0.107,131,0.164,115,0.329,,
646111,81.9,81.9,0,81.9,0,81.9,0,81.9,0,81.9,0,79,0.0367,79,0.0367,,,69,0.187,53.5,0.531
646320,174,174,0,174,0,174,0,174,0,174,0,195,-0.107,195,-0.107,243,-0.286,157,0.106,135,0.283
646408,13.7,13.7,0,13.7,0,13.7,0,13.7,0,13.7,0,13.7,0,13.7,0,13.7,0,13.7,0,,
646413,13.7,13.7,0,13.7,0,13.7,0,13.7,0,13.7,0,13.7,0,13.7,0,13.7,0,13.7,0,13.7,0
646448,6,6,0,6,0,6,0,6,0,6,0,6,0,6,0,5,0.2,5,0.2,5,0.2
646453,10,10,0,10,0,10,0,10,0,10,0,10,0,10,0,9,0.111,9,0.111,9,0.111
646468,6,6,0,6,0,6,0,6,0,6,0,6,0,6,0,5,0.2,5,0.2,5,0.2
646473,10,10,0,10,0,10,0,10,0,10,0,10,0,10,0,9,0.111,9,0.111,9,0.111
646553,5,5,0,5,0,5,0,5,0,5,0,5,0,5,0,4,0.25,4,0.25,4,0.25
647134,,,,,,,,,,,,,,,,,,,,,
647258,,,,,,,,,,,,,,,,,,,,,
647332,,,,,,,,,,,,,,,,,,,,,
647347,,,,,,,,,,,,,,,,,,,,,
647352,,,,,,,,,,,,,,,,,,,,,
647367,,,,,,,,,,,,,,,,,,,,,
647372,,,,,,,,,,,,,,,,,,,,,
647400,,,,,,,,,,,,,,,,,,,,,
647401,,,,,,,,,,,,,,,,,,,,,
647402,24.4,24.4,0,24.4,0,24.4,0,24.4,0,24.4,0,24.4,0,,,24.4,0,,,,
647403,24.4,24.4,0,24.4,0,24.4,0,24.4,0,,,24.4,0,24.4,0,24.4,0,21.8,0.119,,
647404,24.4,24.4,0,24.4,0,24.4,0,24.4,0,24.4,0,,,,,24.4,0,21.8,0.119,20,0.22
647405,24.4,24.4,0,24.4,0,24.4,0,24.4,0,,,24.4,0,,,24.4,0,21.8,0.119,,
647436,5,5,0,5,0,5,0,,,,,5,0,5,0,5,0,4.4,0.136,4,0.25
647441,24.4,24.4,0,24.4,0,24.4,0,24.4,0,24.4,0,24.4,0,,,24.4,0,21.8,0.119,,
647511,,,,,,,,,,,,,,,,,,,,,
647583,37.9,37.9,0,37.9,0,42.1,-0.0998,42.1,-0.0998,36.7,0.0327,24.9,0.522,28.7,0.321,30,0.263,26.5,0.43,19,0.995
647758,68.5,68.5,0,68.5,0,68.5,0,68.5,0,68.5,0,68.5,0,68.5,0,,,50,0.37,50,0.37
647763,58.5,58.5,0,58.5,0,58.5,0,58.5,0,58.5,0,58.5,0,58.5,0,53.5,0.0935,,,53.5,0.0935
647768,75,75,0,75,0,75,0,75,0,75,0,75,0,75,0,65,0.154,65,0.154,65,0.154
647793,90,90,0,90,0,90,0,90,0,90,0,90,0,90,0,84,0.0714,84,0.0714,84,0.0714
648400,83,83,0,83,0,83,0,83,0,83,0,83,0,83,0,83,0,57,0.456,57,0.456
648421,83,83,0,83,0,83,0,83,0,83,0,83,0,83,0,83,0,57,0.456,57,0.456
648784,68.5,68.5,0,68.5,0,68.5,0,68.5,0,68.5,0,87.5,-0.217,87.5,-0.217,87.5,-0.217,32.9,1.08,30.5,1.25
650000,,,,,,,,,,,,,,,,,,,,,
650006,28.9,28.9,0,28.9,0,28.9,0,28.9,0,28.9,0,28.9,0,33.4,-0.135,39.9,-0.276,25.5,0.133,23,0.257
650008,28,28,0,28,0,28,0,28,0,28,0,28,0,30.5,-0.082,34.5,-0.188,23.5,0.191,17.5,0.6
650029,,,,,,,,,,,,,,,,,,,,,
650030,,,,,,,,,,,,,,,,,,,,,
650031,25,25,0,25,0,25,0,25,0,25,0,25,0,25,0,25,0,22.5,0.111,23.5,0.0638
650032,25,,,,,,,,,,,,,,,,,22.5,0.111,22.5,0.111
650033,,,,,,,,,,,,,,,,,,,,,
650047,,,,,,,,,,,,,,,,,,,,,
650048,11.5,11.5,0,11.5,0,11.5,0,11.5,0,11.5,0,11.5,0,12.9,-0.109,12.9,-0.109,7.5,0.533,7.5,0.533
650049,13.2,13.2,0,13.2,0,13.2,0,13.2,0,13.2,0,13.2,0,13.2,0,13.2,0,7.7,0.714,7.7,0.714
650050,,,,,,,,,,,,,,,,,,,,,
650051,10.5,10.5,0,10.5,0,10.5,0,10.5,0,10.5,0,14,-0.25,14,-0.25,14,-0.25,8.5,0.235,8.5,0.235
650053,13.2,13.2,0,13.2,0,13.2,0,13.2,0,13.2,0,13.2,0,13.2,0,13.2,0,8,0.65,8,0.65
650054,,,,,,,,,,,,,,,,,,,,,
650056,,,,,,,,,,,,,,,,,,,,,
650060,48.5,48.5,0,48.5,0,48.5,0,48.5,0,48.5,0,48.5,0,48.5,0,48.5,0,36,0.347,36,0.347
650061,48.5,48.5,0,48.5,0,48.5,0,48.5,0,48.5,0,48.5,0,,,,,36,0.347,36,0.347
650062,56,56,0,56,0,56,0,56,0,56,0,56,0,56,0,56,0,37.5,0.493,37.5,0.493
650063,225,225,0,225,0,225,0,225,0,225,0,225,0,225,0,225,0,169,0.331,169,0.331
650066,,,,,,,,,,,,,,,,,,,,,
650069,12.2,12.2,0,12.2,0,12.2,0,12.2,0,12.2,0,12.2,0,12.2,0,12.2,0,8,0.525,8,0.525
650088,10,10,0,10,0,10,0,10,0,10,0,10,0,10,0,10,0,9.5,0.0526,9.5,0.0526
650089,10,10,0,10,0,10,0,10,0,10,0,10,0,10,0,10,0,9.5,0.0526,9.5,0.0526
650090,13.9,13.9,0,13.9,0,13.9,0,13.9,0,13.9,0,13.9,0,13.9,0,13.9,0,13,0.0692,13,0.0692
650091,13.9,13.9,0,13.9,0,13.9,0,13.9,0,13.9,0,13.9,0,13.9,0,13.9,0,13,0.0692,,
650095,,,,,,,,,,,,,,,,,,,,,
650097,35.5,35.5,0,35.5,0,35.5,0,35.5,0,35.5,0,35.5,0,35.5,0,35.5,0,30,0.183,25.5,0.392
650098,,,,,,,,,,,,,,,,,,,,,
650100,51,51,0,51,0,51,0,51,0,51,0,51,0,51,0,,,,,41,0.244
650142,1.5,1.5,0,1.5,0,1.5,0,1.5,0,1.9,-0.211,,,1.9,-0.211,1.9,-0.211,1.5,0,1.2,0.25
650158,64.9,64.9,0,64.9,0,64.9,0,64.9,0,64.9,0,74.9,-0.134,74.9,-0.134,,,,,,
650162,59.9,59.9,0,59.9,0,59.9,0,59.9,0,59.9,0,69.9,-0.143,69.9,-0.143,,,,,,
650166,59.9,59.9,0,59.9,0,59.9,0,59.9,0,59.9,0,69.9,-0.143,69.9,-0.143,,,,,,
650168,59.9,59.9,0,59.9,0,59.9,0,59.9,0,59.9,0,69.9,-0.143,69.9,-0.143,,,,,,
650184,8,8,0,8,0,8,0,8,0,8,0,9.9,-0.192,9.9,-0.192,,,,,,
650190,9.9,9.9,0,9.9,0,9.9,0,9.9,0,9.9,0,11.9,-0.168,11.9,-0.168,,,,,,
650192,11.9,11.9,0,11.9,0,11.9,0,11.9,0,11.9,0,11.9,0,11.9,0,,,,,,
650193,12.5,12.5,0,12.5,0,12.5,0,12.5,0,12.5,0,14.9,-0.161,14.9,-0.161,,,,,,
650204,28.9,28.9,0,28.9,0,28.9,0,28.9,0,28.9,0,28.9,0,28.9,0,,,,,,
650206,34.9,34.9,0,34.9,0,34.9,0,34.9,0,34.9,0,34.9,0,34.9,0,,,,,,
650209,31.9,31.9,0,31.9,0,31.9,0,31.9,0,31.9,0,31.9,0,31.9,0,,,,,,
650221,,,,,,,,,,,,,,,,,,,,,
650225,44,44,0,44,0,44,0,44,0,44,0,44,0,44,0,,,,,25.9,0.699
650226,37,37,0,37,0,37,0,37,0,37,0,37,0,37,0,,,,,,
650228,39,39,0,39,0,39,0,39,0,39,0,39,0,39,0,,,,,,
650231,48,48,0,48,0,48,0,48,0,48,0,48,0,48,0,,,,,19.9,1.41
650234,,,,,,,,,,,,,,,,,,,,,
650235,64.9,64.9,0,64.9,0,64.9,0,64.9,0,64.9,0,74.9,-0.134,74.9,-0.134,,,,,,
650320,,,,,,,,,,,,,,,,,,,,,
650327,,,,,,,,,,,,,,,,,,,,,
650336,,,,,,,,,,,,,,,,,,,,,
650337,,,,,,,,,,,,,,,,,,,,,
650341,,,,,,,,,,,,,,,,,,,,,
650374,39.9,39.9,0,39.9,0,39.9,0,39.9,0,39.9,0,39.9,0,44.8,-0.109,51,-0.218,34.5,0.157,,
650375,39.9,39.9,0,39.9,0,39.9,0,39.9,0,39.9,0,39.9,0,44.8,-0.109,51,-0.218,34.5,0.157,31,0.287
650376,39.9,39.9,0,39.9,0,39.9,0,39.9,0,39.9,0,39.9,0,44.8,-0.109,51,-0.218,34.5,0.157,31,0.287
650382,,,,,,,,,,,,,,,,,,,,,
650436,,,,,,,,,,,,,,,,,,,,,
650450,11.9,11.9,0,11.9,0,11.9,0,11.9,0,10.4,0.144,10.4,0.144,10.4,0.144,10.4,0.144,10.4,0.144,10,0.19
650463,4.5,4.5,0,4.5,0,4.5,0,4.5,0,4.5,0,4.5,0,4.5,0,4.5,0,4.5,0,4.5,0
650464,6.6,6.6,0,6.6,0,6.6,0,6.6,0,6.6,0,6.6,0,6.6,0,6.6,0,6.8,-0.0294,6.8,-0.0294
650465,9.5,9.5,0,8.5,0.118,8.5,0.118,8.5,0.118,8.5,0.118,8.5,0.118,8.5,0.118,8,0.188,7.5,0.267,7.5,0.267
650467,5.5,5.5,0,5.5,0,5.5,0,5.5,0,5.5,0,5.5,0,5.5,0,5.5,0,5.5,0,5.5,0
650468,5.5,5.5,0,5.5,0,5.5,0,5.5,0,5.5,0,5.5,0,5.5,0,5.5,0,5.5,0,5.5,0
650469,5.5,5.5,0,5.5,0,5.5,0,5.5,0,5.5,0,5.5,0,5.5,0,5.5,0,5.5,0,5.5,0
650470,5.5,5.5,0,5.5,0,5.5,0,5.5,0,5.5,0,5.5,0,5.5,0,5.5,0,5.5,0,5.5,0
650473,5.5,5.5,0,5.5,0,5.5,0,5.5,0,5.5,0,5.5,0,5.5,0,5.5,0,5.5,0,5.5,0
650475,,,,,,,,,,,,,,,,,,,,,
650534,,,,,,,,,,,,,,,,,,,,,
650543,,,,,,,,,,,,,,,,,,,,,
650557,,,,,,,,,,,,,,,,,,,,,
650559,96.5,96.5,0,,,,,,,,,125,-0.228,,,125,-0.228,,,,
650595,,,,,,,,,,,,,,,,,,,,,
650664,11.7,11.7,0,11.7,0,11.7,0,11.7,0,11.7,0,11.7,0,11.7,0,11.7,0,8.9,0.315,8.3,0.41
650676,186,186,0,186,0,186,0,186,0,186,0,186,0,186,0,125,0.49,119,0.566,108,0.725
650680,,,,,,,,,,,,,,,,,,,,,
650690,,,,,,,,,,,,,,,,,,,,,
650693,,,,,,,,,,,,,,,,,,,,,
650694,,,,,,,,,,,,,,,,,,,,,
650700,,,,,,,,,,,,,,,,,,,,,
650708,86,86,0,86,0,86,0,86,0,86,0,86,0,86,0,86,0,61,0.41,61,0.41
650710,,,,,,,,,,,,,,,,,,,,,
650722,,,,,,,,,,,,,,,,,,,,,
650723,,,,,,,,,,,,,,,,,,,,,
650728,2.2,2.2,0,2.2,0,2.2,0,2.2,0,2.2,0,2.2,0,2.2,0,2.2,0,2.2,0,2.5,-0.12
650735,1.8,1.8,0,1.8,0,1.8,0,1.8,0,2.2,-0.182,2.2,-0.182,2.2,-0.182,2.2,-0.182,2.2,-0.182,2.5,-0.28
650747,1.8,1.8,0,1.8,0,1.8,0,1.8,0,2.2,-0.182,2.2,-0.182,2.2,-0.182,2.2,-0.182,2.2,-0.182,2.5,-0.28
650793,13.5,13.5,0,13.5,0,13.5,0,13.5,0,13.5,0,13.3,0.015,13.3,0.015,13.3,0.015,13.3,0.015,11.8,0.144
650813,84.3,84.3,0,84.3,0,84.3,0,84.3,0,84.3,0,84.3,0,80.3,0.0498,75.8,0.112,67.4,0.251,67,0.258
650819,105,105,0,105,0,105,0,105,0,105,0,105,0,99,0.0646,94.7,0.113,74.5,0.415,71,0.485
650842,40,40,0,40,0,40,0,40,0,40,0,38,0.0526,38,0.0526,,,32.5,0.231,28.8,0.389
650844,,,,,,,,,,,,,,,,,,,,,
650850,,,,,,,,,,,,,,,,,,,,,
650858,,,,,,,,,,,,,,,,,,,,,
650884,,,,,,,,,,,,,,,,,,,,,
650888,,,,,,,,,,,,,,,,,,,,,
650976,,,,,,,,,,,,,,,,,,,,,
650999,12.3,12.3,0,12.3,0,12.3,0,12.3,0,12.3,0,12.3,0,12.3,0,11.4,0.0789,6,1.05,6,1.05
651006,,,,,,,,,,,,,,,,,,,,,
651007,,,,,,,,,,,,,,,,,,,,,
651008,,,,,,,,,,,,,,,,,,,,,
651013,,,,,,,,,,,,,,,,,,,,,
651027,189,,,,,,,189,0,189,0,177,0.0725,177,0.0725,,,,,132,0.429
651089,,,,,,,,,,,,,,,,,,,,,
651093,5.5,5.5,0,5.5,0,5.5,0,5.5,0,5.5,0,5.5,0,5.5,0,5.5,0,3.8,0.447,,
651104,,,,,,,,,,,,,,,,,,,,,
651114,,,,,,,,,,,,,,,,,,,,,
651120,33,33,0,33,0,,,,,,,33,0,28.5,0.158,,,,,28.5,0.158
651129,70,70,0,70,0,70,0,70,0,70,0,70,0,70,0,70,0,55,0.273,55,0.273
651141,,,,,,,,,,,,,,,,,,,,,
651157,13,13,0,13,0,13,0,13,0,13,0,13,0,13,0,13,0,13,0,13,0
651164,,,,,,,,,,,,,,,,,,,,,
651179,15.5,15.5,0,15.5,0,15.5,0,15.5,0,15.5,0,15.5,0,15.5,0,15.5,0,11,0.409,9.5,0.632
651193,28.5,28.5,0,28.5,0,28.5,0,28.5,0,28.5,0,,,,,22.5,0.267,22.5,0.267,22.5,0.267
651198,18.5,18.5,0,18.5,0,18.5,0,18.5,0,18.5,0,17.5,0.0571,17.5,0.0571,14,0.321,14,0.321,12.5,0.48
651199,,,,,,,,,,,,,,,,,,,,,
651200,,,,,,,,,,,,,,,,,,,,,
651205,,,,,,,,,,,,,,,,,,,,,
651206,,,,,,,,,,,,,,,,,,,,,
651209,579,579,0,579,0,579,0,579,0,579,0,579,0,579,0,579,0,489,0.184,385,0.504
651216,,,,,,,,,,,,,,,,,,,,,
651222,74.5,74.5,0,74.5,0,74.5,0,74.5,0,74.5,0,74.5,0,74.5,0,89,-0.163,56.5,0.319,50,0.49
651227,,,,,,,,,,,,,,,,,,,,,
651241,,,,,,,,,,,,,,,,,,,,,
651272,,,,,,,,,,,,,,,,,,,,,
651278,,,,,,,,,,,,,,,,,,,,,
651301,,,,,,,,,,,,,,,,,,,,,
651311,349,349,0,349,0,349,0,349,0,349,0,375,-0.0691,399,-0.125,439,-0.205,369,-0.0542,294,0.187
651382,,,,,,,,,,,,,,,,,,,,,
651392,13,13,0,13,0,13,0,13,0,13,0,13,0,13,0,13,0,10,0.3,10,0.3
651418,,,,,,,,,,,,,,,,,,,,,
651451,,,,,,,,,,,,,,,,,,,,,
651503,91.5,91.5,0,91.5,0,91.5,0,91.5,0,91.5,0,91.5,0,91.5,0,91.5,0,74,0.236,74,0.236
651611,70,70,0,70,0,70,0,70,0,70,0,70,0,70,0,70,0,55,0.273,55,0.273
651617,,,,,,,,,,,,,,,,,,,,,
651620,9.9,9.9,0,9.9,0,9.9,0,9.9,0,9.9,0,11.9,-0.168,11.9,-0.168,11.9,-0.168,9,0.1,8.9,0.112
651647,,,,,,,,,,,,,,,,,,,,,
651681,,,,,,,,,,,,,,,,,,,,,
651737,123,123,0,123,0,123,0,123,0,123,0,79.9,0.539,,,,,78.5,0.567,78.5,0.567
651772,7,7,0,7,0,7,0,7,0,7,0,7,0,7,0,7,0,5,0.4,5,0.4
651784,36,36,0,36,0,36,0,36,0,36,0,36,0,,,,,,,,
651823,,,,,,,,,,,,,,,,,,,,,
651837,9.9,9.9,0,9.9,0,9.9,0,9.9,0,9.9,0,11.9,-0.168,11.9,-0.168,11.9,-0.168,9.2,0.0761,7.6,0.303
651862,14.1,14.1,0,14.1,0,14.1,0,14.1,0,14.1,0,14.1,0,14.1,0,14.1,0,13.5,0.0444,13.5,0.0444
651865,,,,,,,,,,,,,,,,,,,,,
651867,16.5,16.5,0,16.5,0,16.5,0,16.5,0,16.5,0,16.5,0,16.5,0,,,15.5,0.0645,15.5,0.0645
651870,18.9,18.9,0,18.9,0,18.9,0,,,,,18.9,0,21.4,-0.117,24.5,-0.229,16.2,0.167,19.5,-0.0308
651882,,,,,,,,,,,,,,,,,,,,,
651886,,,,,,,,,,,,,,,,,,,,,
651889,,,,,,,,,,,,,,,,,,,,,
651935,24.5,24.5,0,24.5,0,24.5,0,24.5,0,24.5,0,29.5,-0.169,33,-0.258,38,-0.355,25.5,-0.0392,19,0.289
651937,34.9,34.9,0,34.9,0,34.9,0,34.9,0,34.9,0,42.9,-0.186,47.9,-0.271,54.5,-0.36,36.5,-0.0438,27.5,0.269
651988,51.5,51.5,0,51.5,0,51.5,0,51.5,0,51.5,0,51.5,0,51.5,0,51.5,0,41,0.256,37.5,0.373
652001,28.1,28.1,0,28.1,0,28.1,0,28.1,0,28.1,0,28.1,0,28.1,0,28.1,0,23.2,0.211,20.5,0.371
652011,,,,,,,,,,,,,,,,,,,,,
652030,,,,,,,,,,,,,,,,,,,,,
652118,,,,,,,,,,,,,,,,,,,,,
652152,7.2,7.2,0,7.2,0,7.2,0,7.2,0,7.2,0,7.2,0,7.2,0,7.2,0,5.5,0.309,4.5,0.6
652153,16.9,16.9,0,16.9,0,16.9,0,16.9,0,16.9,0,16.9,0,16.9,0,16.9,0,13.5,0.252,13.5,0.252
652154,,,,,,,,,,,,,,,,,,,,,
652155,8,8,0,8,0,8,0,8,0,8,0,8,0,8,0,7.5,0.0667,7,0.143,7,0.143
652158,,,,,,,,,,,,,,,,,,,,,
652164,31.5,31.5,0,31.5,0,31.5,0,31.5,0,31.5,0,31.5,0,33,-0.0455,39.5,-0.203,25,0.26,22.5,0.4
652168,14.5,14.5,0,14.5,0,14.5,0,14.5,0,14.5,0,14.5,0,14.5,0,12.5,0.16,12.5,0.16,12.5,0.16
652170,20,20,0,20,0,20,0,20,0,20,0,20,0,20,0,16.5,0.212,16.5,0.212,16.5,0.212
652174,14.5,14.5,0,14.5,0,14.5,0,14.5,0,14.5,0,14.5,0,14.5,0,12.5,0.16,12.5,0.16,12.5,0.16
652178,,,,,,,,,,,,,,,,,,,,,
652182,14.5,14.5,0,14.5,0,14.5,0,14.5,0,14.5,0,14.5,0,14.5,0,,,12.5,0.16,12.5,0.16
652183,14.5,14.5,0,14.5,0,14.5,0,14.5,0,14.5,0,14.5,0,14.5,0,12.5,0.16,12.5,0.16,12.5,0.16
652187,14.5,14.5,0,14.5,0,14.5,0,14.5,0,14.5,0,14.5,0,,,,,12.5,0.16,,
652199,155,155,0,155,0,155,0,155,0,155,0,155,0,155,0,155,0,110,0.409,83.5,0.856
652203,,,,,,,,,,,,,,,,,,,,,
652216,199,199,0,199,0,199,0,199,0,199,0,289,-0.311,289,-0.311,289,-0.311,189,0.0529,165,0.206
652218,,,,,,,,,,,,,,,,,,,,,
652221,50.5,50.5,0,50.5,0,50.5,0,50.5,0,50.5,0,42.9,0.177,50.5,0,50.5,0,45.5,0.11,44.5,0.135
652227,44.5,44.5,0,44.5,0,44.5,0,44.5,0,44.5,0,37.9,0.174,44.5,0,36,0.236,36,0.236,35,0.271
652299,,,,,,,,,,,,,,,,,,,,,
652304,7,7,0,7,0,7,0,7,0,7,0,7,0,7,0,7,0,7,0,7,0
652332,11.9,11.9,0,11.9,0,11.9,0,11.9,0,11.9,0,14.5,-0.179,14.5,-0.179,14.5,-0.179,11.7,0.0171,9,0.322
652343,99,99,0,99,0,99,0,99,0,99,0,99,0,,,99,0,82,0.207,82,0.207
652344,59,59,0,59,0,59,0,59,0,59,0,59,0,,,,,49.5,0.192,49.5,0.192
652354,51.5,51.5,0,51.5,0,51.5,0,51.5,0,51.5,0,,,51.5,0,,,35,0.471,35,0.471
652357,,,,,,,,,,,,,,,,,,,,,
652360,158,158,0,158,0,158,0,158,0,158,0,158,0,158,0,158,0,124,0.274,116,0.362
652367,,,,,,,,,,,,,,,,,,,,,
652376,88,88,0,88,0,88,0,88,0,88,0,88,0,88,0,88,0,67.5,0.304,62,0.419
652485,,,,,,,,,,,,,,,,,,,,,
652486,16.9,16.9,0,16.9,0,16.9,0,16.9,0,16.9,0,21,-0.195,21,-0.195,21,-0.195,19,-0.111,19,-0.111
652487,5.5,5.5,0,5.5,0,5.5,0,5.5,0,5.5,0,7,-0.214,7,-0.214,7,-0.214,6.3,-0.127,4.9,0.122
652496,61.9,61.9,0,61.9,0,61.9,0,61.9,0,61.9,0,75,-0.175,75,-0.175,75,-0.175,41,0.51,33.5,0.848
652508,68.5,68.5,0,68.5,0,68.5,0,68.5,0,68.5,0,68.5,0,68.5,0,68.5,0,60,0.142,60,0.142
652509,68.5,68.5,0,68.5,0,68.5,0,68.5,0,68.5,0,68.5,0,68.5,0,68.5,0,60,0.142,60,0.142
652530,17,17,0,17,0,17,0,17,0,17,0,20.5,-0.171,20.5,-0.171,20.5,-0.171,18,-0.0556,18,-0.0556
652537,17,17,0,17,0,17,0,17,0,17,0,20.5,-0.171,20.5,-0.171,20.5,-0.171,18,-0.0556,18,-0.0556
652538,28.9,28.9,0,28.9,0,28.9,0,28.9,0,28.9,0,35,-0.174,35,-0.174,35,-0.174,29.9,-0.0334,30.5,-0.0525
652540,28.9,28.9,0,28.9,0,28.9,0,28.9,0,28.9,0,35,-0.174,35,-0.174,35,-0.174,29.9,-0.0334,30.5,-0.0525
652570,10,10,0,10,0,,,,,10,0,10,0,10,0,7.5,0.333,7.5,0.333,7.5,0.333
652584,22,22,0,22,0,22,0,22,0,22,0,22,0,22,0,22,0,,,,
652626,45,45,0,45,0,45,0,45,0,47.9,-0.0605,47.9,-0.0605,47.9,-0.0605,47.9,-0.0605,,,,
652682,106,106,0,106,0,106,0,106,0,106,0,106,0,106,0,84,0.261,79,0.341,,
652768,69,69,0,69,0,69,0,69,0,39,0.769,39,0.769,72.9,-0.0535,72.9,-0.0535,64.9,0.0632,64.9,0.0632
652820,11.5,11.5,0,11.5,0,11.5,0,11.5,0,11.5,0,9.9,0.162,11.5,0,7.5,0.533,,,,
652846,,,,,,,,,,,,,,,,,,,,,
652848,19.9,19.9,0,19.9,0,19.9,0,19.9,0,,,6.9,1.88,6.9,1.88,24.9,-0.201,,,14.9,0.336
652992,35.5,35.5,0,35.5,0,35.5,0,35.5,0,35.5,0,44.9,-0.209,44.9,-0.209,44.9,-0.209,33.5,0.0597,25,0.42
653000,28.9,28.9,0,28.9,0,28.9,0,28.9,0,28.9,0,35,-0.174,35,-0.174,35,-0.174,29.9,-0.0334,29.9,-0.0334
653001,17,17,0,17,0,17,0,17,0,17,0,20.5,-0.171,20.5,-0.171,20.5,-0.171,18,-0.0556,18,-0.0556
653002,28.9,28.9,0,28.9,0,28.9,0,28.9,0,28.9,0,35,-0.174,35,-0.174,35,-0.174,29.9,-0.0334,29.9,-0.0334
653003,17,17,0,17,0,17,0,17,0,17,0,20.5,-0.171,20.5,-0.171,20.5,-0.171,18,-0.0556,18,-0.0556
653011,125,125,0,125,0,125,0,125,0,125,0,169,-0.261,169,-0.261,175,-0.286,115,0.0861,110,0.135
653030,16.5,16.5,0,16.5,0,16.5,0,16.5,0,16.5,0,,,,,16.5,0,15.5,0.0645,15.5,0.0645
653046,54.5,54.5,0,54.5,0,54.5,0,54.5,0,,,54.5,0,54.5,0,54.5,0,,,54.5,0
653047,39,39,0,39,0,39,0,39,0,39,0,39,0,39,0,39,0,39,0,39,0
653082,76,76,0,76,0,76,0,76,0,76,0,76,0,76,0,76,0,,,,
653122,11.5,11.5,0,11.5,0,11.5,0,11.5,0,11.5,0,11.5,0,11.5,0,11.5,0,10.5,0.0952,10.5,0.0952
653142,9,9,0,9,0,9,0,9,0,9,0,9,0,9,0,9,0,6.9,0.304,6.9,0.304
653143,9,9,0,9,0,9,0,9,0,9,0,9,0,9,0,9,0,6.9,0.304,6.9,0.304
653150,,,,,,,,,,,,,,,,,,,,,
653151,,,,,,,,,,,,,,,,,,,,,
653155,,,,,,,,,,,,,,,,,,,,,
653164,30,30,0,30,0,30,0,30,0,30,0,30,0,30,0,,,25,0.2,25,0.2
653203,11,11,0,11,0,11,0,11,0,11,0,11,0,11,0,11.5,-0.0435,10.5,0.0476,10.5,0.0476
653221,,,,,,,,,,,,,,,,,,,,,
653224,4.5,4.5,0,4.5,0,4.5,0,4.5,0,4.5,0,4.5,0,4.5,0,4.5,0,4.5,0,4.5,0
653225,5,5,0,5,0,5,0,5,0,5,0,5,0,5,0,5,0,5,0,5,0
653227,5.5,5.5,0,5.5,0,5.5,0,5.5,0,5.5,0,,,,,4.5,0.222,4.5,0.222,4.5,0.222
653228,4.5,4.5,0,4.5,0,4.5,0,4.5,0,4.5,0,4.5,0,4.5,0,4.5,0,4.5,0,4.5,0
653229,4.5,4.5,0,4.5,0,4.5,0,4.5,0,4.5,0,4.5,0,4.5,0,4.5,0,4.5,0,4.5,0
653233,,,,,,,,,,,,,,,,,,,,,
653234,23,23,0,23,0,23,0,23,0,23,0,23,0,23,0,23,0,17.5,0.314,17.5,0.314
653235,4.5,4.5,0,4.5,0,4.5,0,4.5,0,4.5,0,4.5,0,4.5,0,4.5,0,4.5,0,4.5,0
653236,,,,,,,,,,,,,,,,,,,,,
653240,6.2,6.2,0,6.2,0,6.2,0,6.2,0,6.2,0,6.2,0,,,6.2,0,5,0.24,,
653244,6.3,6.3,0,6.3,0,6.3,0,6.3,0,6.3,0,6.3,0,6.3,0,6.3,0,6.3,0,6.3,0
653299,30,30,0,30,0,30,0,30,0,30,0,30,0,30,0,28.5,0.0526,25,0.2,25,0.2
653312,29.5,29.5,0,29.5,0,29.5,0,29.5,0,29.5,0,25.5,0.157,25.5,0.157,25.5,0.157,25.5,0.157,26.5,0.113
653339,,,,,,,,,,,,,,,,,,,,,
653340,,,,,,,,,,,,,,,,,,,,,
653498,25.9,25.9,0,25.9,0,25.9,0,25.9,0,25.9,0,25.9,0,25.9,0,25.9,0,18.5,0.4,17.5,0.48
653531,465,465,0,465,0,465,0,465,0,465,0,465,0,465,0,399,0.165,339,0.372,305,0.525
653532,154,154,0,154,0,154,0,154,0,154,0,154,0,154,0,157,-0.0197,157,-0.0197,157,-0.0197
653533,123,123,0,123,0,123,0,123,0,123,0,114,0.0789,114,0.0789,102,0.206,102,0.206,102,0.206
653535,7.5,7.5,0,7.5,0,7.5,0,7.5,0,7.5,0,7.5,0,7.5,0,7.5,0,5.6,0.339,5.6,0.339
653537,,,,,,,,,,,,,,,,,,,,,
653541,18.5,18.5,0,18.5,0,18.5,0,18.5,0,18.5,0,17.5,0.0571,17.5,0.0571,17.5,0.0571,17.5,0.0571,17.5,0.0571
653587,5,5,0,5,0,5,0,5,0,5,0,5,0,5,0,5,0,5,0,5,0
653592,7.5,7.5,0,7.5,0,7.5,0,7.5,0,7.5,0,7.5,0,7.5,0,7.5,0,7.5,0,6.2,0.21
653593,28.5,28.5,0,28.5,0,28.5,0,28.5,0,28.5,0,28.5,0,28.5,0,23.5,0.213,16.3,0.748,16.3,0.748
653595,,,,,,,,,,,,,,,,,,,,,
653599,,,,,,,,,,,,,,,,,,,,,
653610,,,,,,,,,,,,,,,,,,,,,
653651,224,224,0,224,0,224,0,224,0,224,0,224,0,224,0,224,0,132,0.691,120,0.867
653652,,,,,,,,,,,,,,,,,,,,,
653667,,,,,,,,,,,,,,,,,,,,,
653685,,,,,,,,,,,,,,,,,,,,,
653686,18,18,0,18,0,18,0,18,0,18,0,,,,,,,,,,
653742,38,38,0,38,0,38,0,38,0,38,0,38,0,38,0,38,0,35,0.0857,35,0.0857
653743,38,38,0,38,0,38,0,38,0,38,0,38,0,38,0,38,0,35.9,0.0585,35,0.0857
653750,,,,,,,,,,,,,,,,,,,,,
653751,,,,,,,,,,,,,,,,,,,,,
653752,23,23,0,23,0,23,0,23,0,23,0,23,0,23,0,23,0,19.4,0.186,19.4,0.186
653765,,,,,,,,,,,,,,,,,,,,,
653767,,,,,,,,,,,,,,,,,,,,,
653768,23,23,0,23,0,23,0,23,0,23,0,23,0,23,0,23,0,17.5,0.314,17.5,0.314
653769,23,23,0,23,0,23,0,23,0,23,0,23,0,23,0,23,0,17.5,0.314,17.5,0.314
653770,23,23,0,23,0,23,0,23,0,23,0,23,0,23,0,23,0,17.5,0.314,17.5,0.314
653771,,,,,,,,,,,,,,,,,,,,,
653773,,,,,,,,,,,,,,,,,,,,,
653782,,,,,,,,,,,,,,,,,,,,,
653796,,,,,,,,,,,,,,,,,,,,,
653828,15,15,0,15,0,15,0,15,0,15,0,15,0,15,0,,,,,,
653840,,,,,,,,,,,,,,,,,,,,,
653841,,,,,,,,,,,,,,,,,,,,,
653867,3,3,0,3,0,3,0,3,0,,,3,0,3,0,3.6,-0.167,2.5,0.2,,
653890,,,,,,,,,,,,,,,,,,,,,
653892,,,,,,,,,,,,,,,,,,,,,
653893,12.9,12.9,0,12.9,0,12.9,0,12.9,0,12.9,0,,,,,,,,,,
653933,,,,,,,,,,,,,,,,,,,,,
653934,17,17,0,17,0,17,0,17,0,17,0,20.5,-0.171,20.5,-0.171,19.9,-0.146,16.5,0.0303,10.9,0.56
653964,137,137,0,137,0,137,0,137,0,137,0,137,0,137,0,98.9,0.385,41,2.34,41,2.34
653967,58.5,58.5,0,58.5,0,58.5,0,58.5,0,58.5,0,58.5,0,58.5,0,,,,,,
653972,11.5,11.5,0,11.5,0,11.5,0,11.5,0,11.5,0,11.5,0,11.5,0,11.5,0,11,0.0455,11,0.0455
653973,36,36,0,36,0,36,0,36,0,36,0,36,0,36,0,29,0.241,23.5,0.532,23.5,0.532
653974,36,36,0,36,0,36,0,36,0,36,0,36,0,36,0,28,0.286,23.5,0.532,23.5,0.532
653975,32.5,32.5,0,32.5,0,32.5,0,32.5,0,32.5,0,32.5,0,32.5,0,28,0.161,23.5,0.383,23.5,0.383
653976,32.5,32.5,0,32.5,0,32.5,0,32.5,0,32.5,0,32.5,0,32.5,0,28,0.161,23.5,0.383,23.5,0.383
653978,,,,,,,,,,,,,,,,,,,,,
653979,36,36,0,36,0,36,0,36,0,36,0,36,0,36,0,31.5,0.143,28,0.286,28,0.286
653980,40.5,40.5,0,40.5,0,40.5,0,40.5,0,40.5,0,40.5,0,40.5,0,31.5,0.286,28,0.446,28,0.446
654042,6,6,0,6,0,6,0,6,0,6,0,6,0,6,0,5,0.2,5,0.2,5,0.2
654047,6,6,0,6,0,6,0,6,0,6,0,6,0,6,0,5,0.2,5,0.2,5,0.2
654049,,,,,,,,,,,,,,,,,,,,,
654116,,,,,,,,,,,,,,,,,,,,,
654120,135,135,0,135,0,135,0,135,0,135,0,135,0,135,0,,,,,,
654121,72,72,0,72,0,72,0,72,0,72,0,72,0,72,0,,,,,,
654124,,,,,,,,,,,,,,,,,,,,,
654125,24.5,24.5,0,24.5,0,24.5,0,24.5,0,24.5,0,,,,,,,,,,
654126,,,,,,,,,,,,,,,,,,,,,
654133,,,,,,,,,,,,,,,,,,,,,
654144,33.4,33.4,0,33.4,0,33.4,0,33.4,0,33.4,0,33.4,0,33.4,0,38,-0.121,,,,
654145,,,,,,,,,,,,,,,,,,,,,
654150,26.5,26.5,0,26.5,0,26.5,0,26.5,0,26.5,0,26.5,0,26.5,0,26.5,0,22.5,0.178,22.5,0.178
654151,30.5,30.5,0,30.5,0,30.5,0,30.5,0,30.5,0,30.5,0,30.5,0,30.5,0,26.5,0.151,26.5,0.151
654162,8,8,0,8,0,8,0,8,0,8,0,8.8,-0.0909,8.8,-0.0909,8.8,-0.0909,7,0.143,7,0.143
654163,8,8,0,8,0,8,0,8,0,8,0,8.8,-0.0909,8.8,-0.0909,8.8,-0.0909,7,0.143,7,0.143
654164,8,8,0,8,0,8,0,8,0,8,0,8.8,-0.0909,8.8,-0.0909,8.8,-0.0909,7,0.143,7,0.143
654169,7.9,7.9,0,7.9,0,7.9,0,7.9,0,7.9,0,7.9,0,7.9,0,7.9,0,5,0.58,5,0.58
654173,10,10,0,10,0,10,0,10,0,10,0,10.5,-0.0476,10.5,-0.0476,10.5,-0.0476,8,0.25,8,0.25
654174,10.9,10.9,0,10.9,0,10.9,0,10.9,0,10.9,0,10.9,0,10.9,0,10.9,0,8,0.363,8,0.363
654175,10.9,10.9,0,10.9,0,10.9,0,10.9,0,10.9,0,10.9,0,10.9,0,10.9,0,8,0.363,8,0.363
654177,,,,,,,,,,,,,,,,,,,,,
654178,10,10,0,10,0,10,0,10,0,10,0,10,0,10,0,10,0,6.5,0.538,6.5,0.538
654179,10,10,0,10,0,10,0,10,0,10,0,10,0,,,10,0,6.5,0.538,6.5,0.538
654181,6.9,6.9,0,6.9,0,6.9,0,6.9,0,6.9,0,6.9,0,6.9,0,6.9,0,6.9,0,6.9,0
654186,17,17,0,17,0,17,0,17,0,17,0,,,,,,,,,,
654187,21.5,21.5,0,21.5,0,21.5,0,21.5,0,21.5,0,,,,,,,,,,
654196,50,50,0,50,0,50,0,50,0,50,0,50,0,50,0,50,0,38,0.316,38,0.316
654220,23.5,23.5,0,23.5,0,23.5,0,23.5,0,23.5,0,,,,,,,,,,
654224,29,29,0,29,0,29,0,29,0,29,0,,,,,,,,,,
654231,46.5,46.5,0,46.5,0,46.5,0,46.5,0,46.5,0,46.5,0,46.5,0,42.5,0.0941,33.5,0.388,33.5,0.388
654232,47.7,47.7,0,47.7,0,47.7,0,47.7,0,47.7,0,47.7,0,47.7,0,45,0.06,36,0.325,36,0.325
654235,11.9,11.9,0,11.9,0,11.9,0,11.9,0,11.9,0,11.9,0,11.9,0,,,,,,
654236,11.9,11.9,0,11.9,0,11.9,0,11.9,0,11.9,0,11.9,0,11.9,0,8.8,0.352,8.8,0.352,8.8,0.352
654253,,,,,,,,,,,,,,,,,,,,,
654268,,,,,,,,,,,,,,,,,,,,,
654269,,,,,,,,,,,,,,,,,,,,,
654270,38,38,0,38,0,38,0,38,0,37.9,0.00264,30.3,0.254,37.9,0.00264,37.9,0.00264,,,23.2,0.638
654330,98,98,0,98,0,98,0,98,0,98,0,109,-0.101,109,-0.101,109,-0.101,96,0.0208,83,0.181
654331,98,98,0,98,0,98,0,98,0,,,109,-0.101,109,-0.101,109,-0.101,96,0.0208,83,0.181
654332,130,130,0,130,0,130,0,130,0,,,146,-0.11,,,,,124,0.0484,109,0.193
654334,76,76,0,76,0,76,0,76,0,76,0,80,-0.05,80,-0.05,80,-0.05,71,0.0704,64,0.188
654335,24.4,24.4,0,24.4,0,24.4,0,24.4,0,24.4,0,24.4,0,24.4,0,23.5,0.0383,21.9,0.114,21.9,0.114
654345,24.4,24.4,0,24.4,0,24.4,0,24.4,0,24.4,0,24.4,0,24.4,0,23.5,0.0383,21.9,0.114,21.9,0.114
654354,61.5,61.5,0,61.5,0,61.5,0,61.5,0,61.5,0,,,,,,,,,,
654373,,,,,,,,,,,,,,,,,,,,,
654374,24,24,0,24,0,24,0,24,0,24,0,24,0,24,0,24,0,16.9,0.42,16.9,0.42
654377,,,,,,,,,,,,,,,,,,,,,
654386,12,12,0,12,0,12,0,12,0,12,0,12,0,12,0,12,0,9,0.333,8.5,0.412
654390,16,16,0,16,0,16,0,16,0,16,0,16,0,16,0,16,0,13,0.231,10,0.6
654391,61.5,61.5,0,61.5,0,61.5,0,61.5,0,61.5,0,61.5,0,61.5,0,66.1,-0.0696,52.4,0.174,49.3,0.247
654399,43.1,43.1,0,43.1,0,43.1,0,43.1,0,34,0.268,43.1,0,,,43.1,0,35.6,0.211,35.6,0.211
654407,55.9,55.9,0,55.9,0,55.9,0,59.4,-0.0589,59.4,-0.0589,59.4,-0.0589,59.4,-0.0589,64.5,-0.133,51,0.0961,43.4,0.288
654527,11.5,11.5,0,,,,,,,,,,,,,,,,,,
654530,56,56,0,56,0,56,0,56,0,69.9,-0.199,69.9,-0.199,69.9,-0.199,85,-0.341,48.1,0.164,40.1,0.397
654536,24.9,24.9,0,24.9,0,24.9,0,24.9,0,,,,,,,,,,,,
654543,149,149,0,149,0,,,,,,,,,,,,,,,,
654545,65.8,65.8,0,65.8,0,65.8,0,65.8,0,65.8,0,65.8,0,65.8,0,70,-0.06,54.9,0.199,48.5,0.357
654549,40.5,40.5,0,40.5,0,40.5,0,40.5,0,40.5,0,40.5,0,40.5,0,43.6,-0.0711,34,0.191,,
654576,,,,,,,,,,,,,,,,,,,,,
654591,,,,,,,,,,,,,,,,,,,,,
654613,31.9,31.9,0,31.9,0,31.9,0,31.9,0,34.9,-0.086,41,-0.222,33.9,-0.059,38,-0.161,26,0.227,23.5,0.357
654619,43.1,43.1,0,43.1,0,43.1,0,43.1,0,43.1,0,43.1,0,,,43.1,0,35.6,0.211,35.5,0.214
654627,35.2,35.2,0,35.2,0,35.2,0,35.2,0,35.2,0,35.2,0,35.2,0,35.2,0,29.8,0.181,29.8,0.181
654630,28.2,28.2,0,28.2,0,28.2,0,28.2,0,28.2,0,28.2,0,28,0.00714,28.2,0,20.8,0.356,20.8,0.356
654631,33,33,0,33,0,33,0,33,0,33,0,33,0,33,0,33,0,25,0.32,25,0.32
654636,33,33,0,33,0,33,0,33,0,33,0,33,0,33,0,33,0,25,0.32,25,0.32
654637,31.9,31.9,0,31.9,0,31.9,0,31.9,0,34.9,-0.086,39.9,-0.201,39.9,-0.201,38,-0.161,26,0.227,23.5,0.357
654641,,,,,,,,,,,,,,,,,,,,,
654648,156,156,0,156,0,156,0,156,0,156,0,,,,,125,0.248,94,0.66,,
654650,156,156,0,156,0,156,0,156,0,156,0,,,,,125,0.248,94,0.66,94,0.66
654672,,,,,,,,,,,,,,,,,,,,,
654676,,,,,,,,,,,,,,,,,,,,,
654701,19,19,0,19,0,19,0,19,0,32.1,-0.408,23,-0.174,28.5,-0.333,33,-0.424,22.9,-0.17,20,-0.05
654705,,,,,,,,,,,,,,,,,,,,,
654708,15,15,0,15,0,15,0,15,0,15,0,15,0,15,0,15,0,11.4,0.316,8.9,0.685
654728,42.6,42.6,0,42.6,0,42.6,0,42.6,0,42.6,0,42.6,0,42.6,0,42.6,0,38.5,0.106,38.5,0.106
654742,61.5,61.5,0,61.5,0,61.5,0,61.5,0,61.5,0,61.5,0,,,66.1,-0.0696,49,0.255,46,0.337
654783,13.2,13.2,0,13.2,0,13.2,0,13.2,0,13.2,0,13.2,0,13.2,0,,,,,,
654817,36.9,36.9,0,36.9,0,36.9,0,36.9,0,46.9,-0.213,46.9,-0.213,46.9,-0.213,43,-0.142,30,0.23,28,0.318
654827,38.5,38.5,0,38.5,0,38.5,0,38.5,0,38.5,0,38.5,0,38.5,0,38.5,0,35,0.1,35,0.1
654851,57,57,0,57,0,57,0,57,0,61.4,-0.0717,61.4,-0.0717,61.4,-0.0717,81.9,-0.304,65.7,-0.132,39,0.462
654899,,,,,,,,,,,,,,,,,,,,,
654911,96,96,0,,,,,96,0,96,0,96,0,96,0,96,0,74.4,0.29,74.4,0.29
654913,106,106,0,106,0,106,0,106,0,106,0,106,0,106,0,106,0,84,0.262,84,0.262
654914,96,96,0,96,0,96,0,96,0,96,0,96,0,96,0,96,0,74.4,0.29,74.4,0.29
654921,,,,,,,,,,,,,,,,,,,,,
654922,71,71,0,71,0,71,0,71,0,71,0,71,0,71,0,71,0,62,0.145,62,0.145
654923,71,71,0,71,0,71,0,71,0,71,0,71,0,71,0,71,0,62.6,0.134,62.6,0.134
654924,95,95,0,95,0,95,0,95,0,95,0,95,0,95,0,,,70.2,0.353,70.2,0.353
654925,95,95,0,95,0,95,0,95,0,95,0,95,0,,,85.5,0.111,70.2,0.353,70.2,0.353
654937,306,306,0,306,0,306,0,306,0,306,0,306,0,306,0,,,,,,
654945,47.5,47.5,0,47.5,0,47.5,0,47.5,0,47.5,0,47.5,0,47.5,0,51,-0.0686,39.9,0.19,35.6,0.334
654946,59.1,59.1,0,59.1,0,59.1,0,59.1,0,59.1,0,59.1,0,59.1,0,63.6,-0.0708,42.3,0.397,44.4,0.331
654947,27.9,27.9,0,27.9,0,27.9,0,27.9,0,33,-0.155,33,-0.155,33,-0.155,30,-0.07,21.5,0.298,20,0.395
654948,49.9,49.9,0,49.9,0,49.9,0,49.9,0,49.9,0,49.9,0,56,-0.109,56,-0.109,40,0.248,37,0.349
654951,49.9,49.9,0,49.9,0,49.9,0,49.9,0,49.9,0,49.9,0,56,-0.109,56,-0.109,40,0.248,37,0.349
654957,19.9,19.9,0,19.9,0,19.9,0,19.9,0,19.9,0,19.9,0,19.9,0,19.9,0,14.9,0.336,14,0.421
654960,19.9,19.9,0,19.9,0,19.9,0,19.9,0,19.9,0,19.9,0,19.9,0,19.9,0,14.9,0.336,14,0.421
654961,19.9,19.9,0,19.9,0,19.9,0,19.9,0,19.9,0,19.9,0,19.9,0,19.9,0,14.9,0.336,14,0.421
654962,19.9,19.9,0,19.9,0,19.9,0,19.9,0,19.9,0,19.9,0,19.9,0,19.9,0,14.9,0.336,14,0.421
654963,19.9,19.9,0,19.9,0,19.9,0,19.9,0,19.9,0,19.9,0,19.9,0,19.9,0,14.9,0.336,14,0.421
654964,30,30,0,30,0,30,0,30,0,30,0,30,0,30,0,30,0,24.3,0.235,22,0.364
654965,19.9,19.9,0,19.9,0,19.9,0,19.9,0,19.9,0,19.9,0,19.9,0,19.9,0,14.9,0.336,14,0.421
654966,30,30,0,30,0,30,0,30,0,30,0,25,0.2,30,0,30,0,24.3,0.235,23.9,0.255
654967,30,30,0,30,0,30,0,30,0,30,0,25,0.2,30,0,30,0,24.3,0.235,22,0.364
654968,30,30,0,30,0,30,0,30,0,30,0,30,0,30,0,30,0,24.3,0.235,23.9,0.255
654969,30,30,0,30,0,30,0,30,0,30,0,30,0,30,0,30,0,24.3,0.235,23.9,0.255
654970,29.6,29.6,0,29.6,0,29.6,0,29.6,0,29.6,0,29.6,0,29.6,0,34.1,-0.132,23.4,0.265,20.4,0.451
654972,,,,,,,,,,,,,,,,,,,,,
654974,,,,,,,,,,,,,,,,,,,,,
654988,47.9,47.9,0,47.9,0,47.9,0,47.9,0,47.9,0,47.9,0,47.9,0,47.9,0,39.9,0.201,,
655019,,,,,,,,,,,,,,,,,,,,,
655050,,,,,,,,,,,,,,,,,,,,,
655052,,,,,,,,,,,,,,,,,,,,,
655053,,,,,,,,,,,,,,,,,,,,,
655058,,,,,,,,,,,,,,,,,,,,,
655076,,,,,,,,,,,,,,,,,,,,,
655089,20.7,20.7,0,20.7,0,20.7,0,20.7,0,20.7,0,20.7,0,20.7,0,20.7,0,18.3,0.131,18.3,0.131
655093,,,,,,,,,,,,,,,,,,,,,
655133,37,37,0,37,0,37,0,37,0,37,0,39.9,-0.0727,39.9,-0.0727,39.9,-0.0727,36,0.0278,26.5,0.396
655144,32.7,32.7,0,,,32.7,0,32.7,0,32.7,0,32.7,0,32.7,0,39,-0.162,32.7,0,32.7,0
655173,72,72,0,72,0,72,0,72,0,72,0,72,0,72,0,72,0,60,0.2,54.5,0.321
655181,,,,,,,,,,,,,,,,,,,,,
655189,30,30,0,30,0,30,0,30,0,39.9,-0.248,39.9,-0.248,39.9,-0.248,39.9,-0.248,29.3,0.0239,25.9,0.158
655198,25,25,0,25,0,25,0,25,0,25,0,25,0,25,0,21,0.19,21,0.19,19.9,0.256
655226,,,,,,,,,,,,,,,,,,,,,
655227,,,,,,,,,,,,,,,,,,,,,
655229,,,,,,,,,,,,,,,,,,,,,
655239,,,,,,,,,,,,,,,,,,,,,
655243,18.3,18.3,0,18.3,0,18.3,0,18.3,0,18.3,0,18.3,0,18.3,0,17.3,0.0578,,,16.9,0.0828
655244,16.4,16.4,0,16.4,0,16.4,0,16.4,0,16.4,0,16.4,0,16.4,0,15.4,0.0649,15,0.0933,15,0.0933
655253,,,,,,,,,,,,,,,,,,,,,
655255,,,,,,,,,,,,,,,,,,,,,
655268,,,,,,,,,,,,,,,,,,,,,
655289,,,,,,,,,,,,,,,,,,,,,
655315,,,,,,,,,,,,,,,,,,,,,
655323,15.5,15.5,0,15.5,0,15.5,0,15.5,0,15.5,0,15.5,0,15.5,0,14.5,0.069,13.5,0.148,13,0.192
655328,36,36,0,36,0,36,0,36,0,36,0,36,0,36,0,36,0,27.5,0.309,27.5,0.309
655329,36,36,0,36,0,36,0,36,0,36,0,36,0,36,0,36,0,27.5,0.309,27.5,0.309
655337,13,13,0,13,0,13,0,13,0,13,0,13,0,,,,,9.9,0.313,9.9,0.313
655347,,,,,,,,,,,,,,,,,,,,,
655348,,,,,,,,,,,,,,,,,,,,,
655364,15.5,15.5,0,15.5,0,15.5,0,15.5,0,15.5,0,15.5,0,15.5,0,14.5,0.069,13,0.192,13,0.192
655387,,,,,,,,,,,,,,,,,,,,,
655417,,,,,,,,,,,,,,,,,,,,,
655419,180,180,0,180,0,180,0,180,0,,,130,0.385,169,0.0645,169,0.0645,150,0.2,150,0.2
655426,65,65,0,65,0,65,0,65,0,59.9,0.0851,59.9,0.0851,59.9,0.0851,59.9,0.0851,55.9,0.163,,
655427,,,,,,,,,,,,,,,,,,,,,
655428,43.9,43.9,0,43.9,0,43.9,0,43.9,0,43.9,0,43.9,0,43.9,0,43.9,0,43.9,0,,
655434,,,,,,,,,,,,,,,,,,,,,
655435,12,12,0,12,0,12,0,12,0,12,0,12,0,12,0,12,0,12,0,12,0
655436,3,3,0,3,0,3,0,3,0,3,0,3,0,3,0,3,0,3,0,3,0
655437,10,10,0,10,0,10,0,10,0,10,0,10,0,10,0,7,0.429,7,0.429,6,0.667
655475,92.5,92.5,0,92.5,0,92.5,0,92.5,0,92.5,0,92.5,0,90,0.0278,82.5,0.121,82.5,0.121,82.5,0.121
655487,38.5,38.5,0,38.5,0,38.5,0,38.5,0,38.5,0,38.5,0,38.5,0,37.5,0.0267,37.5,0.0267,,
655488,38.5,38.5,0,38.5,0,38.5,0,38.5,0,38.5,0,38.5,0,38.5,0,37.5,0.0267,37.5,0.0267,,
655489,38.5,38.5,0,38.5,0,38.5,0,38.5,0,38.5,0,38.5,0,38.5,0,37.5,0.0267,37.5,0.0267,,
655490,38.5,38.5,0,38.5,0,38.5,0,38.5,0,38.5,0,38.5,0,38.5,0,37.5,0.0267,37.5,0.0267,,
655491,38.5,38.5,0,38.5,0,38.5,0,38.5,0,38.5,0,38.5,0,38.5,0,37.5,0.0267,37.5,0.0267,,
655492,38.5,38.5,0,38.5,0,38.5,0,38.5,0,38.5,0,38.5,0,38.5,0,37.5,0.0267,37.5,0.0267,,
655512,,,,,,,,,,,,,,,,,,,,,
655518,,,,,,,,,,,,,,,,,,,,,
655523,,,,,,,,,,,,,,,,,,,,,
655536,30,30,0,30,0,30,0,30,0,30,0,30,0,27.5,0.0909,22.5,0.333,14,1.14,14,1.14
655538,33.5,33.5,0,33.5,0,33.5,0,33.5,0,33.5,0,33.5,0,33.5,0,33.5,0,24,0.396,24,0.396
655539,13.5,13.5,0,13.5,0,13.5,0,13.5,0,13.5,0,13.5,0,13.5,0,13.5,0,10,0.35,10,0.35
655540,38.5,38.5,0,38.5,0,38.5,0,38.5,0,38.5,0,38.5,0,38.5,0,36.5,0.0548,31,0.242,31,0.242
655584,,,,,,,,,,,,,,,,,,,,,
655594,,,,,,,,,,,,,,,,,,,,,
655595,22.5,22.5,0,22.5,0,22.5,0,22.5,0,22.5,0,22.5,0,22.5,0,21,0.0714,21,0.0714,21,0.0714
655600,12.5,12.5,0,12.5,0,12.5,0,12.5,0,12.5,0,,,,,,,,,,
655602,11,11,0,11,0,11,0,11,0,11,0,,,,,,,,,,
655603,12.5,12.5,0,12.5,0,12.5,0,12.5,0,12.5,0,,,,,,,,,,
655646,79.9,79.9,0,79.9,0,79.9,0,79.9,0,79.9,0,79.9,0,79.9,0,79.9,0,77,0.0377,72.9,0.096
655663,28.5,28.5,0,28.5,0,28.5,0,28.5,0,28.5,0,28.5,0,28.5,0,28.5,0,,,,
655677,6.5,6.5,0,6.5,0,6.5,0,6.5,0,6.5,0,6.5,0,6.5,0,,,6.5,0,6.5,0
655678,15,15,0,15,0,15,0,,,15,0,15,0,15,0,15,0,12.5,0.2,12.5,0.2
655689,7.2,7.2,0,7.2,0,7.2,0,7.2,0,7.2,0,7.2,0,7.2,0,7.2,0,6.8,0.0588,,
655721,,,,,,,,,,,,,,,,,,,,,
655722,21.5,21.5,0,21.5,0,21.5,0,21.5,0,21.5,0,21.5,0,21.5,0,21.5,0,17.5,0.229,17.5,0.229
655723,21.5,21.5,0,21.5,0,21.5,0,21.5,0,21.5,0,21.5,0,21.5,0,21.5,0,17.5,0.229,17.5,0.229
655724,,,,,,,,,,,,,,,,,,,,,
655738,91,91,0,91,0,91,0,91,0,91,0,84.9,0.0718,104,-0.121,104,-0.121,83.5,0.0898,72.5,0.255
655739,6,6,0,6,0,6,0,6,0,6,0,6,0,6.5,-0.0769,7.5,-0.2,6.8,-0.118,5,0.2
655740,,,,,,,,,,,,,,,,,,,,,
655741,,,,,,,,,,,,,,,,,,,,,
655742,7.5,7.5,0,7.5,0,7.5,0,7.5,0,7.5,0,7.5,0,7.5,0,7.5,0,4.5,0.667,4.5,0.667
655755,,,,,,,,,,,,,,,,,,,,,
655759,,,,,,,,,,,,,,,,,,,,,
655764,,,,,,,,,,,,,,,,,,,,,
655774,6,6,0,6,0,6,0,6,0,6,0,6,0,6,0,6,0,5.5,0.0909,5.5,0.0909
655791,254,254,0,254,0,254,0,254,0,254,0,254,0,254,0,254,0,254,0,254,0
655800,,,,,,,,,,,,,,,,,,,,,
655808,,,,,,,,,,,,,,,,,,,,,
655809,,,,,,,,,,,,,,,,,,,,,
655816,24.5,24.5,0,24.5,0,24.5,0,24.5,0,24.5,0,,,,,,,,,,
655819,7.5,7.5,0,7.5,0,7.5,0,7.5,0,7.5,0,6.5,0.154,7.5,0,,,5.9,0.271,5.6,0.339
655864,38,38,0,38,0,38,0,38,0,38,0,38,0,38,0,38,0,35.9,0.0585,35,0.0857
655866,,,,,,,,,,,,,,,,,,,,,
655876,33.3,33.3,0,33.3,0,33.3,0,33.3,0,33.3,0,33.3,0,33.3,0,,,,,25,0.332
655879,15,15,0,15,0,15,0,15,0,15,0,15,0,15,0,11.5,0.304,11.5,0.304,11.5,0.304
655881,,,,,,,,,,,,,,,,,,,,,
655882,17.5,17.5,0,17.5,0,17.5,0,17.5,0,17.5,0,17.5,0,17.5,0,17.5,0,17.5,0,,
655883,17.5,17.5,0,17.5,0,17.5,0,17.5,0,17.5,0,17.5,0,17.5,0,17.5,0,17.5,0,13.8,0.268
655884,,,,,,,,,,,,,,,,,,,,,
655885,17.5,17.5,0,17.5,0,17.5,0,17.5,0,17.5,0,17.5,0,17.5,0,17.5,0,17.5,0,,
655886,17.5,17.5,0,17.5,0,17.5,0,17.5,0,17.5,0,17.5,0,17.5,0,17.5,0,17.5,0,,
655887,17.5,17.5,0,17.5,0,17.5,0,17.5,0,17.5,0,17.5,0,,,,,,,,
655888,,,,,,,,,,,,,,,,,,,,,
655891,6,6,0,6,0,6,0,6,0,6,0,6,0,6,0,6,0,,,5,0.2
655893,24,24,0,24,0,24,0,24,0,24,0,24,0,24,0,24,0,18.9,0.27,,
655895,,,,,,,,,,,,,,,,,,,,,
655897,11,11,0,11,0,11,0,11,0,11,0,11,0,11,0,9,0.222,9,0.222,9,0.222
655902,189,189,0,189,0,189,0,189,0,189,0,189,0,189,0,189,0,135,0.4,135,0.4
655929,,,,,,,,,,,,,,,,,,,,,
655930,,,,,,,,,,,,,,,,,,,,,
655931,49,49,0,49,0,49,0,49,0,49,0,49,0,49,0,49,0,42,0.167,35.5,0.38
655933,49,49,0,49,0,49,0,49,0,49,0,,,49,0,49,0,40,0.225,33.5,0.463
655935,41.5,41.5,0,41.5,0,41.5,0,41.5,0,41.5,0,41.5,0,41.5,0,41.5,0,30,0.383,25,0.66
655939,43.9,43.9,0,43.9,0,43.9,0,43.9,0,43.9,0,43.9,0,,,,,,,,
655948,,,,,,,,,,,,,,,,,,,,,
655952,33.9,33.9,0,33.9,0,33.9,0,33.9,0,33.9,0,33.9,0,33.9,0,33.9,0,22,0.541,19.5,0.738
655962,235,235,0,235,0,235,0,235,0,235,0,235,0,235,0,235,0,150,0.567,150,0.567
655963,235,235,0,235,0,235,0,235,0,235,0,235,0,235,0,235,0,150,0.567,150,0.567
655972,,,,,,,,,,,,,,,,,,,,,
655979,21,21,0,21,0,21,0,21,0,21,0,21,0,21,0,19.5,0.0769,,,,
655981,,,,,,,,,,,,,,,,,,,,,
655982,9.2,9.2,0,9.2,0,9.2,0,9.2,0,9.2,0,9.2,0,9.2,0,9.2,0,9.2,0,9.2,0
655984,23,23,0,23,0,23,0,23,0,,,23,0,23,0,23,0,22.5,0.0222,22.5,0.0222
655985,21,21,0,21,0,21,0,21,0,21,0,21,0,21,0,21,0,20,0.05,20,0.05
655986,45,45,0,45,0,45,0,45,0,45,0,45,0,45,0,,,35.9,0.253,35,0.286
656002,,,,,,,,,,,,,,,,,,,,,
656011,,,,,,,,,,,,,,,,,,,,,
656015,86.1,86.1,0,86.1,0,86.1,0,86.1,0,86.1,0,86.1,0,86.1,0,92.5,-0.0692,73.4,0.173,65,0.325
656016,,,,,,,,,,,,,,,,,,,,,
656017,16,16,0,16,0,16,0,16,0,16,0,16,0,16,0,16,0,14.8,0.0811,12.5,0.28
656021,,,,,,,,,,,,,,,,,,,,,
656025,,,,,,,,,,,,,,,,,,,,,
656032,,,,,,,,,,,,,,,,,,,,,
656033,24.4,24.4,0,24.4,0,24.4,0,24.4,0,24.4,0,24.4,0,24.4,0,,,,,18.7,0.305
656034,,,,,,,,,,,,,,,,,,,,,
656039,,,,,,,,,,,,,,,,,,,,,
656042,,,,,,,,,,,,,,,,,,,,,
656046,,,,,,,,,,,,,,,,,,,,,
656062,,,,,,,,,,,,,,,,,,,,,
656065,40,40,0,40,0,40,0,40,0,39.9,0.00251,39.9,0.00251,39.9,0.00251,39.9,0.00251,29.3,0.365,25.9,0.544
656069,,,,,,,,,,,,,,,,,,,,,
656070,,,,,,,,,,,,,,,,,,,,,
656071,69.2,69.2,0,69.2,0,,,,,69.2,0,,,,,,,46.6,0.485,46.6,0.485
656072,,,,,,,,,,,,,,,,,,,,,
656073,10,10,0,10,0,10,0,10,0,10,0,10,0,10,0,10,0,6.5,0.538,6.5,0.538
656084,,,,,,,,,,,,,,,,,,,,,
656085,,,,,,,,,,,,,,,,,,,,,
656088,41.9,41.9,0,41.9,0,41.9,0,41.9,0,41.9,0,41.9,0,41.9,0,33.8,0.24,25.5,0.643,,
656106,36,36,0,36,0,36,0,36,0,36,0,36,0,36,0,36,0,26.5,0.358,21.5,0.674
656114,,,,,,,,,,,,,,,,,,,,,
656115,,,,,,,,,,,,,,,,,,,,,
656119,73,73,0,73,0,73,0,73,0,73,0,73,0,73,0,73,0,,,,
656144,32,32,0,32,0,32,0,32,0,32,0,32,0,32,0,32,0,26,0.231,23,0.391
656150,,,,,,,,,,,,,,,,,,,,,
656153,32.7,32.7,0,32.7,0,32.7,0,32.7,0,32.7,0,32.7,0,32.7,0,39,-0.162,32.7,0,32.7,0
656154,5.6,5.6,0,5.6,0,5.6,0,,,5.6,0,5.6,0,5.6,0,5.6,0,4.6,0.217,4,0.4
656169,27.5,27.5,0,27.5,0,27.5,0,27.5,0,36.7,-0.251,30,-0.0833,39.5,-0.304,40.9,-0.328,30.6,-0.101,26.9,0.0223
656173,,,,,,,,,,,,,,,,,,,,,
656179,,,,,,,,,,,,,,,,,,,,,
656190,86,86,0,86,0,86,0,86,0,86,0,86,0,86,0,78,0.103,71,0.211,54,0.593
656217,47,47,0,47,0,47,0,47,0,46.9,0.00213,45.5,0.033,44.9,0.0468,78,-0.397,36.1,0.302,28.1,0.673
656225,,,,,,,,,,,,,,,,,,,,,
656255,47.7,47.7,0,47.7,0,47.7,0,47.7,0,47.7,0,47.7,0,,,41.7,0.144,40.3,0.184,,
656256,34.8,34.8,0,34.8,0,34.8,0,34.8,0,34.8,0,34.8,0,32,0.0875,31.2,0.114,30.2,0.152,28,0.243
656257,47.7,47.7,0,47.7,0,47.7,0,47.7,0,47.7,0,,,,,,,,,,
656271,53.2,53.2,0,53.2,0,53.2,0,53.2,0,53.2,0,53.2,0,45.9,0.159,44.8,0.188,43.3,0.229,37.6,0.413
656272,,,,,,,,,,,,,,,,,,,,,
656273,47.7,47.7,0,47.7,0,47.7,0,47.7,0,47.7,0,47.7,0,,,41.7,0.144,,,,
656274,34.8,34.8,0,34.8,0,34.8,0,34.8,0,34.8,0,34.8,0,32,0.0875,31.2,0.114,30.2,0.152,28.2,0.233
656275,57.8,57.8,0,57.8,0,57.8,0,57.8,0,57.8,0,57.8,0,52.7,0.0968,51.4,0.125,48.8,0.184,46.5,0.244
656309,25.2,25.2,0,25.2,0,25.2,0,25.2,0,25.2,0,25,0.008,25,0.008,25,0.008,21.5,0.172,21.6,0.167
656333,,,,,,,,,,,,,,,,,,,,,
656371,51,51,0,51,0,51,0,51,0,51,0,51,0,53,-0.0377,53,-0.0377,39,0.308,34,0.5
656373,51,51,0,51,0,51,0,,,51,0,51,0,53,-0.0377,53,-0.0377,39,0.308,34,0.5
656375,51,51,0,51,0,51,0,51,0,51,0,51,0,53,-0.0377,53,-0.0377,39,0.308,34,0.5
656392,31,31,0,31,0,31,0,31,0,31,0,31,0,31,0,31,0,25.9,0.197,25.9,0.197
656393,30,30,0,30,0,30,0,30,0,30,0,30,0,,,30,0,25,0.2,25,0.2
656394,38,38,0,38,0,38,0,38,0,38,0,38,0,38,0,38,0,33.8,0.124,33.8,0.124
656410,50,50,0,50,0,50,0,50,0,54,-0.0741,56,-0.107,62,-0.194,68.1,-0.266,46.9,0.0661,40.7,0.229
656417,21,21,0,21,0,21,0,21,0,21,0,17,0.235,21,0,21,0,18,0.167,18,0.167
656419,16.8,16.8,0,16.8,0,16.8,0,16.8,0,16.8,0,16.8,0,16.8,0,16.8,0,15,0.12,15,0.12
656423,,,,,,,,,,,,,,,,,,,,,
656429,7,7,0,7,0,7,0,7,0,7,0,7,0,7,0,7,0,5.5,0.273,,
656430,7,7,0,7,0,7,0,7,0,7,0,7,0,7,0,7,0,5.5,0.273,,
656433,,,,,,,,,,,,,,,,,,,,,
656434,36,36,0,36,0,36,0,36,0,32,0.125,41,-0.122,41,-0.122,36,0,36,0,,
656437,93,93,0,93,0,93,0,93,0,93,0,93,0,,,93,0,73,0.274,68,0.368
656444,4.6,4.6,0,4.6,0,4.6,0,4.6,0,4.6,0,4.6,0,4.6,0,4.6,0,3.5,0.314,3.7,0.243
656445,4.6,4.6,0,4.6,0,4.6,0,4.6,0,4.6,0,4.6,0,4.6,0,4.6,0,3.5,0.314,3.7,0.243
656446,4.6,4.6,0,4.6,0,4.6,0,4.6,0,4.6,0,4.6,0,4.6,0,4.6,0,3.5,0.314,3.7,0.243
656476,,,,,,,,,,,,,,,,,,,,,
656482,,,,,,,,,,,,,,,,,,,,,
656485,,,,,,,,,,,,,,,,,,,,,
656497,,,,,,,,,,,,,,,,,,,,,
656498,,,,,,,,,,,,,,,,,,,,,
656508,20,20,0,20,0,20,0,20,0,20,0,20,0,20,0,19.3,0.0363,18.1,0.105,18.1,0.105
656509,17.6,17.6,0,17.6,0,17.6,0,17.6,0,17.6,0,17.6,0,17.6,0,15.9,0.107,14.4,0.222,14.4,0.222
656510,26,26,0,26,0,26,0,26,0,26,0,26,0,,,26,0,22.9,0.135,22.9,0.135
656511,,,,,,,,,,,,,,,,,,,,,
656513,119,119,0,119,0,119,0,119,0,119,0,119,0,119,0,119,0,99,0.202,97,0.227
656532,17,17,0,17,0,17,0,17,0,17,0,16.6,0.0241,,,,,14.9,0.141,14.3,0.189
656533,28.3,28.3,0,28.3,0,28.3,0,28.3,0,28.3,0,27.5,0.0291,26.4,0.072,,,24.2,0.169,23.3,0.215
656535,16.3,16.3,0,16.3,0,16.3,0,16.3,0,16.3,0,15.9,0.0252,15.3,0.0654,14.5,0.124,14.2,0.148,13.6,0.199
656536,28.3,28.3,0,28.3,0,28.3,0,28.3,0,28.3,0,27.5,0.0291,26.4,0.072,,,24.2,0.169,23.4,0.209
656567,2.2,2.2,0,2.2,0,2.2,0,2.2,0,2.2,0,2.2,0,2.2,0,2.2,0,2.2,0,2.5,-0.12
656568,,,,,,,,,,,,,,,,,,,,,
656574,,,,,,,,,,,,,,,,,,,,,
656583,65,65,0,65,0,65,0,65,0,65,0,61.5,0.0569,57,0.14,,,53.8,0.208,49.2,0.321
656660,14.5,14.5,0,14.5,0,14.5,0,14.5,0,14.5,0,14.5,0,14.5,0,14.5,0,12.2,0.189,12.2,0.189
656661,,,,,,,,,,,,,,,,,,,,,
656666,,,,,,,,,,,,,,,,,,,,,
656669,12.5,12.5,0,,,,,,,12.5,0,12.5,0,12.5,0,12.5,0,11,0.136,11,0.136
656672,,,,,,,,,,,,,,,,,,,,,
656675,43.8,43.8,0,,,,,,,,,,,,,,,,,,
656678,43.8,43.8,0,43.8,0,,,,,,,,,,,,,,,32,0.369
656683,,,,,,,,,,,,,,,,,,,,,
656688,42.5,42.5,0,42.5,0,,,,,,,,,,,,,,,34.9,0.218
656690,,,,,,,,,,,,,,,,,,,,,
656691,,,,,,,,,,,,,,,,,,,,,
656700,,,,,,,,,,,,,,,,,,,,,
656727,,,,,,,,,,,,,,,,,,,,,
656729,,,,,,,,,,,,,,,,,,,,,
656730,,,,,,,,,,,,,,,,,,,,,
656757,9,9,0,9,0,9,0,9,0,9,0,9,0,9,0,,,8.9,0.0112,8.6,0.0465
656758,15.4,15.4,0,,,15.4,0,15.4,0,15.4,0,15.4,0,15.3,0.00654,,,15,0.0267,14.4,0.0694
656759,9,9,0,9,0,9,0,9,0,9,0,9,0,9,0,9,0,8.9,0.0112,8.7,0.0345
656760,15.4,15.4,0,15.4,0,15.4,0,15.4,0,15.4,0,15.4,0,15.3,0.00654,15.3,0.00654,15,0.0267,14.4,0.0694
656761,88.5,88.5,0,88.5,0,88.5,0,88.5,0,104,-0.153,90.9,-0.0264,84,0.0536,80.8,0.0953,80.8,0.0953,74.2,0.193
656762,45,45,0,45,0,45,0,45,0,50.5,-0.109,45.7,-0.0153,43.4,0.0369,41.8,0.0766,40,0.125,,
656779,,,,,,,,,,,,,,,,,,,,,
656781,26,26,0,26,0,26,0,26,0,26,0,26,0,26,0,26,0,26,0,26,0
656783,58,58,0,58,0,58,0,58,0,58,0,58,0,58,0,58,0,58,0,58,0
656785,69.5,69.5,0,69.5,0,69.5,0,69.5,0,69.5,0,69.5,0,69.5,0,69.5,0,69.5,0,69.5,0
656786,56,56,0,56,0,56,0,56,0,56,0,56,0,56,0,,,56,0,56,0
656788,45,45,0,45,0,45,0,45,0,45,0,45,0,45,0,45,0,45,0,45,0
656806,,,,,,,,,,,,,,,,,,,,,
656812,,,,,,,,,,,,,,,,,,,,,
656834,53.5,53.5,0,53.5,0,53.5,0,53.5,0,53.5,0,53.5,0,53.5,0,53.5,0,53.5,0,47,0.138
656850,31,31,0,31,0,31,0,31,0,31,0,31,0,31,0,,,31,0,27.5,0.127
656851,28.5,28.5,0,28.5,0,28.5,0,28.5,0,28.5,0,28.5,0,28.5,0,,,25,0.14,,
656852,28.5,,,,,,,,,28.5,0,28.5,0,,,,,,,,
656853,49,49,0,49,0,49,0,49,0,49,0,49,0,49,0,49,0,49,0,43.5,0.126
656854,43.5,43.5,0,43.5,0,43.5,0,43.5,0,43.5,0,43.5,0,43.5,0,38.5,0.13,38.5,0.13,38.5,0.13
656855,43.5,,,,,,,43.5,0,,,43.5,0,,,,,,,,
656860,23,23,0,23,0,23,0,23,0,23,0,21,0.0952,21,0.0952,21,0.0952,20.5,0.122,19.2,0.198
656875,13.5,13.5,0,13.5,0,13.5,0,13.5,0,13.5,0,13.5,0,13.5,0,13,0.0385,12,0.125,11,0.227
656885,,,,,,,,,,,,,,,,,,,,,
656889,28.5,28.5,0,28.5,0,28.5,0,28.5,0,,,23,0.239,23,0.239,23,0.239,25,0.14,25,0.14
656890,28.5,28.5,0,28.5,0,28.5,0,28.5,0,28.5,0,23,0.239,23,0.239,23,0.239,25,0.14,25,0.14
656891,,,,,,,,,,,,,,,,,,,,,
656892,19.5,19.5,0,19.5,0,19.5,0,19.5,0,19.5,0,17,0.147,17,0.147,17,0.147,16.5,0.182,16.5,0.182
656893,,,,,,,,,,,,,,,,,,,,,
656894,21.9,21.9,0,21.9,0,21.9,0,21.9,0,21.9,0,20.5,0.0683,20.5,0.0683,20.5,0.0683,15,0.46,15,0.46
656895,,,,,,,,,,,,,,,,,,,,,
656896,,,,,,,,,,,,,,,,,,,,,
656897,,,,,,,,,,,,,,,,,,,,,
656898,,,,,,,,,,,,,,,,,,,,,
656899,24,24,0,24,0,24,0,24,0,24,0,24,0,24,0,24,0,24,0,24,0
656901,,,,,,,,,,,,,,,,,,,,,
656902,,,,,,,,,,,,,,,,,,,,,
656903,,,,,,,,,,,,,,,,,,,,,
656904,,,,,,,,,,,,,,,,,,,,,
656905,28,28,0,28,0,28,0,28,0,28,0,,,,,28,0,28,0,28,0
656907,,,,,,,,,,,,,,,,,,,,,
656908,,,,,,,,,,,,,,,,,,,,,
656910,,,,,,,,,,,,,,,,,,,,,
656911,,,,,,,,,,,,,,,,,,,,,
656913,,,,,,,,,,,,,,,,,,,,,
656914,24.5,24.5,0,24.5,0,24.5,0,24.5,0,24.5,0,24.5,0,24.5,0,24.5,0,18.5,0.324,17.5,0.4
656916,,,,,,,,,,,,,,,,,,,,,
656921,32.9,32.9,0,32.9,0,32.9,0,32.9,0,32.9,0,33.9,-0.0295,41,-0.198,41,-0.198,34.9,-0.0573,34.9,-0.0573
656923,39.8,39.8,0,39.8,0,39.8,0,39.8,0,39.8,0,39.8,0,39.8,0,39.8,0,33.9,0.174,33.9,0.174
656939,41.9,41.9,0,41.9,0,41.9,0,41.9,0,41.9,0,,,,,53,-0.209,,,,
656942,68.5,68.5,0,68.5,0,68.5,0,68.5,0,68.5,0,68.5,0,73,-0.0616,83.5,-0.18,64.5,0.062,50,0.37
656943,66,66,0,66,0,66,0,66,0,66,0,66,0,73,-0.0959,83.5,-0.21,64.5,0.0233,50,0.32
656966,12.5,12.5,0,12.5,0,12.5,0,12.5,0,12.5,0,12.5,0,12.5,0,10,0.25,10,0.25,10,0.25
656967,17.5,17.5,0,17.5,0,17.5,0,17.5,0,17.5,0,17.5,0,17.5,0,17.5,0,17.5,0,17.5,0
656969,19.5,19.5,0,19.5,0,19.5,0,19.5,0,19.5,0,19.5,0,19.5,0,19.5,0,19.5,0,19,0.0263
656984,91.8,91.8,0,91.8,0,91.8,0,91.8,0,,,91.8,0,91.8,0,91.8,0,69,0.33,58,0.583
656991,,,,,,,,,,,,,,,,,,,,,
656993,,,,,,,,,,,,,,,,,,,,,
657005,6.3,6.3,0,6.3,0,,,,,,,,,6.3,0,5,0.26,5,0.26,5,0.26
657015,,,,,,,,,,,,,,,,,,,,,
657016,61.7,61.7,0,61.7,0,61.7,0,61.7,0,61.7,0,61.7,0,61.7,0,81.2,-0.24,55.4,0.114,44.5,0.387
657024,104,104,0,104,0,104,0,104,0,104,0,104,0,104,0,104,0,71,0.461,55.6,0.865
657025,,,,,,,,,,,,,,,,,,,,,
657026,,,,,,,,,,,,,,,,,,,,,
657027,61.7,61.7,0,61.7,0,61.7,0,61.7,0,61.7,0,61.7,0,61.7,0,81.2,-0.24,55.4,0.114,44.5,0.387
657028,61.7,61.7,0,61.7,0,61.7,0,61.7,0,61.7,0,61.7,0,61.7,0,81.2,-0.24,55.4,0.114,44.5,0.387
657031,99.6,99.6,0,99.6,0,99.6,0,99.6,0,99.6,0,99.6,0,99.6,0,99.6,0,68.1,0.463,51.5,0.934
657032,9.9,9.9,0,9.9,0,9.9,0,9.9,0,9.9,0,9.9,0,9.9,0,10.9,-0.0917,,,6.5,0.523
657033,10.9,10.9,0,10.9,0,10.9,0,10.9,0,10.9,0,10.9,0,10.9,0,10.9,0,,,6.5,0.677
657042,61.2,61.2,0,61.2,0,61.2,0,61.2,0,61.2,0,61.2,0,61.2,0,87.5,-0.301,60.1,0.0183,49,0.249
657043,61.2,61.2,0,61.2,0,61.2,0,61.2,0,61.2,0,61.2,0,61.2,0,87.5,-0.301,60.1,0.0183,49,0.249
657044,61.2,61.2,0,61.2,0,61.2,0,61.2,0,61.2,0,61.2,0,61.2,0,91.1,-0.328,60.1,0.0183,49,0.249
657045,61.2,61.2,0,61.2,0,61.2,0,61.2,0,61.2,0,61.2,0,61.2,0,87.5,-0.301,60.1,0.0183,49,0.249
657046,61.2,61.2,0,61.2,0,61.2,0,61.2,0,61.2,0,61.2,0,61.2,0,87.5,-0.301,60.1,0.0183,49,0.249
657047,,,,,,,,,,,,,,,,,,,,,
657091,20.5,20.5,0,20.5,0,20.5,0,20.5,0,20.5,0,20.5,0,20.5,0,16.9,0.213,14.5,0.414,14.5,0.414
657092,20.5,20.5,0,20.5,0,20.5,0,20.5,0,20.5,0,20.5,0,20.5,0,16.9,0.213,14.5,0.414,14.5,0.414
657099,36.5,36.5,0,36.5,0,36.5,0,36.5,0,36.5,0,36.5,0,36.5,0,,,31,0.177,24.5,0.49
657132,,,,,,,,,,,,,,,,,,,,,
657139,29,29,0,29,0,29,0,29,0,29,0,29,0,29,0,29,0,25,0.16,21.5,0.349
657154,20,20,0,20,0,20,0,20,0,20,0,20,0,20,0,20,0,20,0,20,0
657156,,,,,,,,,,,,,,,,,,,,,
657177,,,,,,,,,,,,,,,,,,,,,
657188,14,14,0,14,0,14,0,14,0,14,0,14,0,14,0,14,0,10.5,0.333,10.5,0.333
657203,,,,,,,,,,,,,,,,,,,,,
657209,19.5,19.5,0,19.5,0,19.5,0,19.5,0,19.5,0,19.5,0,19.5,0,19.5,0,19.5,0,19,0.0263
657210,19.5,19.5,0,19.5,0,19.5,0,19.5,0,19.5,0,19.5,0,19.5,0,19.5,0,19.5,0,19,0.0263
657211,19.5,19.5,0,19.5,0,19.5,0,19.5,0,19.5,0,19.5,0,19.5,0,19.5,0,19.5,0,19,0.0263
657212,19,19,0,19,0,19,0,19,0,19,0,19,0,19,0,19,0,19,0,19,0
657213,19.5,19.5,0,19.5,0,19.5,0,19.5,0,19.5,0,19.5,0,19.5,0,19.5,0,19.5,0,19,0.0263
657214,25,25,0,25,0,25,0,25,0,25,0,25,0,25,0,25,0,25,0,25,0
657215,21,21,0,21,0,21,0,21,0,21,0,21,0,21,0,21,0,21,0,21,0
657217,25,25,0,25,0,25,0,25,0,25,0,25,0,25,0,25,0,25,0,25,0
657218,23.5,23.5,0,23.5,0,23.5,0,23.5,0,23.5,0,23.5,0,23.5,0,21,0.119,21,0.119,21,0.119
657219,23.5,23.5,0,23.5,0,23.5,0,23.5,0,23.5,0,23.5,0,23.5,0,21,0.119,21,0.119,21,0.119
657220,23.5,23.5,0,23.5,0,23.5,0,23.5,0,23.5,0,23.5,0,23.5,0,21,0.119,21,0.119,21,0.119
657221,23.5,23.5,0,23.5,0,23.5,0,23.5,0,23.5,0,23.5,0,23.5,0,21,0.119,21,0.119,21,0.119
657222,23.5,23.5,0,23.5,0,23.5,0,23.5,0,23.5,0,23.5,0,23.5,0,21,0.119,21,0.119,21,0.119
657223,,,,,,,,,,,,,,,,,,,,,
657224,72.5,72.5,0,72.5,0,72.5,0,72.5,0,72.5,0,72.5,0,65,0.115,51,0.422,47.5,0.526,40,0.812
657225,72.5,72.5,0,72.5,0,72.5,0,72.5,0,72.5,0,72.5,0,65,0.115,51,0.422,47.5,0.526,,
657226,72.5,72.5,0,72.5,0,72.5,0,72.5,0,72.5,0,72.5,0,,,51,0.422,47.5,0.526,40,0.812
657227,72.5,72.5,0,72.5,0,72.5,0,72.5,0,72.5,0,72.5,0,65,0.115,51,0.422,47.5,0.526,40,0.812
657228,72.5,72.5,0,72.5,0,72.5,0,72.5,0,72.5,0,72.5,0,65,0.115,51,0.422,47.5,0.526,,
657229,72.5,72.5,0,72.5,0,72.5,0,72.5,0,72.5,0,72.5,0,65,0.115,51,0.422,47.5,0.526,40,0.812
657234,19.9,19.9,0,19.9,0,19.9,0,19.9,0,19.9,0,16.9,0.178,20,-0.005,,,16.9,0.178,16,0.244
657235,19.9,19.9,0,19.9,0,19.9,0,19.9,0,19.9,0,16.9,0.178,20,-0.005,,,16.9,0.178,16,0.244
657237,,,,,,,,,,,,,,,,,,,,,
657245,32,32,0,32,0,32,0,32,0,32,0,32,0,32,0,32,0,24.3,0.317,23,0.391
657247,42.5,42.5,0,42.5,0,42.5,0,42.5,0,42.5,0,42.5,0,42.5,0,42.5,0,35,0.214,30.5,0.393
657271,34.5,34.5,0,34.5,0,34.5,0,34.5,0,34.5,0,34.5,0,32.2,0.0714,32.2,0.0714,28.5,0.211,,
657273,12,12,0,,,12,0,12,0,,,12,0,12,0,12,0,10.5,0.143,10.5,0.143
657275,34.5,34.5,0,34.5,0,34.5,0,34.5,0,34.5,0,34.5,0,32.2,0.0714,32.2,0.0714,28.5,0.211,28.5,0.211
657276,17.1,17.1,0,17.1,0,17.1,0,17.1,0,17.1,0,17.1,0,17.1,0,17.1,0,16.5,0.0364,16.5,0.0364
657285,38.5,38.5,0,38.5,0,38.5,0,,,,,,,,,,,,,,
657306,235,235,0,235,0,235,0,235,0,235,0,235,0,235,0,,,,,146,0.614
657331,,,,,,,,,,,,,,,,,,,,,
657339,,,,,,,,,,,,,,,,,,,,,
657361,12.9,12.9,0,12.9,0,12.9,0,,,12.9,0,,,,,,,,,,
657364,87.9,87.9,0,87.9,0,87.9,0,87.9,0,87.9,0,87.9,0,87.9,0,87.9,0,64.5,0.363,64.5,0.363
657365,10,10,0,10,0,10,0,10,0,10,0,10,0,10,0,10,0,8.5,0.176,6.9,0.449
657366,10,10,0,10,0,10,0,10,0,10,0,10,0,10,0,10,0,8.5,0.176,6.9,0.449
657375,39.8,39.8,0,39.8,0,39.8,0,39.8,0,39.8,0,39.8,0,39.8,0,39.8,0,34.3,0.16,34.3,0.16
657377,,,,,,,,,,,,,,,,,,,,,
657378,,,,,,,,,,,,,,,,,,,,,
657379,50,50,0,50,0,50,0,50,0,50,0,50,0,50,0,50,0,50,0,50,0
657380,50,50,0,50,0,50,0,50,0,50,0,50,0,50,0,50,0,50,0,50,0
657381,,,,,,,,,,,,,,,,,,,,,
657382,47.9,47.9,0,47.9,0,47.9,0,47.9,0,47.9,0,47.9,0,47.9,0,47.9,0,47.9,0,47.9,0
657386,26,26,0,26,0,26,0,26,0,26,0,26,0,26,0,26,0,23.5,0.106,23.5,0.106
657387,,,,,,,,,,,,,,,,,,,,,
657388,11,11,0,11,0,11,0,,,,,11,0,11,0,,,,,,
657390,5,5,0,5,0,5,0,5,0,5,0,5,0,5,0,,,3.5,0.429,3.5,0.429
657391,7.5,7.5,0,7.5,0,7.5,0,7.5,0,7.5,0,7.5,0,7.5,0,7,0.0714,6.2,0.21,6.2,0.21
657403,32.5,32.5,0,32.5,0,32.5,0,32.5,0,32.5,0,32.5,0,32.5,0,32.5,0,24.5,0.327,24.5,0.327
657441,,,,,,,,,,,,,,,,,,,,,
657451,,,,,,,,,,,,,,,,,,,,,
657457,,,,,,,,,,,,,,,,,,,,,
657465,12,12,0,12,0,12,0,12,0,12,0,12,0,12,0,10.5,0.143,10.5,0.143,10.5,0.143
657466,12,12,0,12,0,12,0,12,0,12,0,12,0,12,0,11,0.0909,11,0.0909,11,0.0909
657475,34.9,34.9,0,34.9,0,34.9,0,34.9,0,34.9,0,34.9,0,34.9,0,39.9,-0.125,29,0.203,27.9,0.251
657476,7.8,7.8,0,7.8,0,7.8,0,7.8,0,7.8,0,7.8,0,7.8,0,7.8,0,6,0.3,6,0.3
657477,34.9,34.9,0,34.9,0,34.9,0,34.9,0,34.9,0,34.9,0,34.9,0,39.9,-0.125,29,0.203,27.9,0.251
657478,9,9,0,9,0,9,0,9,0,9,0,9,0,9,0,9,0,9,0,9,0
657479,83,83,0,83,0,83,0,83,0,83,0,77.9,0.0655,94.5,-0.122,94.5,-0.122,59,0.407,53.5,0.551
657480,94.5,94.5,0,94.5,0,94.5,0,94.5,0,94.5,0,94.5,0,94.5,0,94.5,0,59,0.602,53.5,0.766
657481,94.5,94.5,0,94.5,0,94.5,0,94.5,0,94.5,0,94.5,0,94.5,0,94.5,0,59,0.602,53.5,0.766
657482,104,104,0,104,0,104,0,104,0,104,0,104,0,104,0,104,0,71.5,0.455,65,0.6
657489,10,10,0,10,0,10,0,10,0,10,0,8.5,0.176,10,0,10,0,8,0.25,8,0.25
657490,13.5,13.5,0,13.5,0,13.5,0,13.5,0,13.5,0,13.5,0,13.5,0,,,8.5,0.588,8.5,0.588
657501,1.5,1.5,0,1.5,0,1.5,0,1.5,0,1.5,0,,,,,1.5,0,1,0.5,1,0.5
657502,,,,,,,,,,,,,,,,,,,,,
657504,,,,,,,,,,,,,,,,,,,,,
657506,,,,,,,,,,,,,,,,,,,,,
657525,68,68,0,68,0,68,0,68,0,68,0,68,0,68,0,,,68,0,68,0
657540,41,41,0,41,0,41,0,41,0,41,0,41,0,41,0,41,0,35.5,0.155,35.5,0.155
657541,,,,,,,,,,,,,,,,,,,,,
657554,37.5,37.5,0,37.5,0,37.5,0,37.5,0,33.5,0.119,33.5,0.119,33.5,0.119,33.5,0.119,33.5,0.119,,
657571,49.9,49.9,0,49.9,0,49.9,0,49.9,0,49.9,0,49.9,0,,,,,,,,
657572,58,58,0,58,0,58,0,58,0,58,0,58,0,,,,,,,,
657573,84,84,0,84,0,84,0,84,0,84,0,84,0,,,,,,,,
657576,6.2,6.2,0,6.2,0,6.2,0,6.2,0,6.2,0,6.2,0,6.2,0,,,4.6,0.348,,
657577,5.7,5.7,0,5.7,0,5.7,0,5.7,0,5.7,0,5.7,0,5.7,0,5.5,0.0364,4.2,0.357,4.2,0.357
657578,13.5,13.5,0,13.5,0,13.5,0,13.5,0,13.5,0,13.5,0,13.5,0,,,8.5,0.588,8.5,0.588
657603,,,,,,,,,,,,,,,,,,,,,
657607,25,25,0,25,0,25,0,25,0,25,0,25,0,25,0,25,0,22.5,0.111,22.5,0.111
657608,12.9,12.9,0,12.9,0,12.9,0,12.9,0,12.9,0,12.9,0,12.9,0,12.9,0,7.2,0.792,7.2,0.792
657610,14,14,0,14,0,14,0,14,0,14,0,14,0,14,0,,,9.3,0.505,,
657611,,,,,,,,,,,,,,,,,,,,,
657612,,,,,,,,,,,,,,,,,,,,,
657616,31,31,0,31,0,31,0,,,25,0.24,25,0.24,25,0.24,,,23.5,0.319,23.5,0.319
657617,31,31,0,31,0,31,0,24.5,0.265,24.5,0.265,24.5,0.265,,,,,24.5,0.265,,
657632,34.5,34.5,0,34.5,0,34.5,0,34.5,0,34.5,0,34.5,0,32.2,0.0714,,,,,,
657640,22.5,22.5,0,22.5,0,22.5,0,22.5,0,22.5,0,22,0.0227,22,0.0227,15.9,0.415,16,0.406,12.5,0.8
657642,22.5,22.5,0,22.5,0,22.5,0,22.5,0,22.5,0,19.5,0.154,22,0.0227,15.9,0.415,16,0.406,15.9,0.415
657644,310,310,0,310,0,310,0,310,0,310,0,305,0.0164,305,0.0164,289,0.0727,275,0.127,270,0.148
657645,,,,,,,,,,,,,,,,,,,,,
657653,17,17,0,17,0,17,0,17,0,17,0,17,0,17,0,17,0,13.9,0.223,13.9,0.223
657655,43.9,43.9,0,43.9,0,43.9,0,43.9,0,43.9,0,43.9,0,,,,,,,,
657656,,,,,,,,,,,,,,,,,,,,,
657660,,,,,,,,,,,,,,,,,,,,,
657662,18,18,0,18,0,18,0,18,0,18,0,18,0,18,0,18,0,14,0.286,14,0.286
657663,199,199,0,199,0,199,0,199,0,199,0,215,-0.0744,215,-0.0744,,,112,0.769,107,0.86
657666,6,6,0,6,0,6,0,6,0,6,0,6,0,6,0,6,0,5.8,0.0345,5,0.2
657667,,,,,,,,,,,,,,,,,,,,,
657669,35.5,35.5,0,35.5,0,35.5,0,35.5,0,35.5,0,35.5,0,35.5,0,32.5,0.0923,32.5,0.0923,32.5,0.0923
657670,23.5,23.5,0,23.5,0,23.5,0,23.5,0,23.5,0,23.5,0,23.5,0,23.5,0,16.5,0.424,16.5,0.424
657677,19,19,0,19,0,19,0,19,0,19,0,19,0,19,0,19,0,19,0,19,0
657684,21,21,0,21,0,21,0,21,0,21,0,21,0,21,0,21,0,21,0,21,0
657686,16,16,0,16,0,16,0,16,0,16,0,16,0,16,0,12.5,0.28,12.5,0.28,12.5,0.28
657687,25.5,25.5,0,25.5,0,25.5,0,25.5,0,25.5,0,25.5,0,25.5,0,20.8,0.226,20.8,0.226,20.8,0.226
657688,25.5,25.5,0,25.5,0,25.5,0,25.5,0,25.5,0,25.5,0,25.5,0,20.8,0.226,20.8,0.226,20.8,0.226
657705,10,10,0,10,0,10,0,10,0,10,0,10,0,10,0,10,0,8.5,0.176,,
657725,47.5,47.5,0,47.5,0,47.5,0,47.5,0,47.5,0,47.5,0,47.5,0,47.5,0,45,0.0556,45,0.0556
657758,27.5,27.5,0,27.5,0,27.5,0,27.5,0,27.5,0,25,0.1,,,,,,,,
657759,25,25,0,25,0,25,0,25,0,23.5,0.0638,25,0,23.8,0.0504,,,16,0.562,16,0.562
657760,20,20,0,20,0,20,0,20,0,20,0,23,-0.13,21.6,-0.0741,21.6,-0.0741,11,0.818,11,0.818
657780,13,13,0,,,13,0,13,0,13,0,13,0,13,0,,,9.5,0.368,9.5,0.368
657809,9,9,0,9,0,9,0,9,0,10.5,-0.143,10.5,-0.143,10.5,-0.143,10.5,-0.143,9.4,-0.0426,9,0
657817,114,114,0,114,0,114,0,114,0,114,0,114,0,114,0,114,0,75,0.52,65.5,0.74
657822,,,,,,,,,,,,,,,,,,,,,
657835,319,319,0,319,0,319,0,319,0,319,0,319,0,319,0,319,0,319,0,310,0.029
657837,,,,,,,,,,,,,,,,,,,,,
657842,18.4,18.4,0,18.4,0,18.4,0,18.4,0,18.4,0,18.4,0,18.4,0,17.5,0.0514,17.5,0.0514,17.5,0.0514
657844,19,19,0,19,0,19,0,19,0,19,0,19,0,19,0,18.5,0.027,,,,
657845,23.9,23.9,0,23.9,0,23.9,0,23.9,0,23.9,0,23.9,0,23.9,0,22,0.0864,,,21,0.138
657916,34.5,34.5,0,34.5,0,34.5,0,34.5,0,34.5,0,39,-0.115,38.9,-0.113,37.8,-0.0873,31,0.113,23.5,0.468
657920,52.1,52.1,0,52.1,0,52.1,0,52.1,0,52.1,0,,,52.1,0,52.1,0,43.5,0.198,36.5,0.427
657951,6.5,6.5,0,6.5,0,6.5,0,6.5,0,6.5,0,5.9,0.102,6.3,0.0317,6.3,0.0317,6,0.0833,6,0.0833
657959,43,43,0,43,0,43,0,43,0,43,0,49,-0.122,48,-0.104,48,-0.104,42,0.0238,,
657960,43,43,0,43,0,43,0,43,0,43,0,49,-0.122,48,-0.104,48,-0.104,38.5,0.117,38.5,0.117
657961,43,43,0,43,0,43,0,43,0,43,0,49,-0.122,48,-0.104,,,,,,
657965,,,,,,,,,,,,,,,,,,,,,
657966,,,,,,,,,,,,,,,,,,,,,
657968,,,,,,,,,,,,,,,,,,,,,
657975,12.8,12.8,0,12.8,0,12.8,0,12.8,0,12.8,0,12.8,0,12.8,0,7.5,0.707,7.5,0.707,7.5,0.707
657999,,,,,,,,,,,,,,,,,,,,,
658005,15.5,15.5,0,15.5,0,15.5,0,15.5,0,15.5,0,12.9,0.202,15.1,0.0265,15.1,0.0265,14,0.107,13.5,0.148
658006,15.5,15.5,0,15.5,0,15.5,0,15.5,0,15.5,0,12.9,0.202,15.1,0.0265,15.1,0.0265,14,0.107,13.5,0.148
658012,17.9,17.9,0,17.9,0,17.9,0,17.9,0,17.9,0,22,-0.186,22,-0.186,16,0.119,16,0.119,12.5,0.432
658018,26,26,0,26,0,26,0,26,0,26,0,26,0,33,-0.212,33,-0.212,,,17,0.529
658028,31,31,0,31,0,31,0,31,0,31,0,31,0,30,0.0333,30,0.0333,30,0.0333,30,0.0333
658029,28.8,28.8,0,28.8,0,28.8,0,28.8,0,28.8,0,28.8,0,28.8,0,28.8,0,28.5,0.0105,28.5,0.0105
658030,28.8,28.8,0,28.8,0,28.8,0,28.8,0,28.8,0,28.8,0,28.8,0,28.8,0,28.5,0.0105,28.5,0.0105
658050,11,11,0,11,0,11,0,11,0,11,0,11,0,11,0,,,7.5,0.467,7.5,0.467
658063,13.5,13.5,0,13.5,0,13.5,0,13.5,0,13.5,0,13.5,0,13.5,0,13.5,0,13.5,0,,
658064,13.5,13.5,0,13.5,0,13.5,0,13.5,0,,,13.5,0,13.5,0,,,13.5,0,13.5,0
658086,24.5,24.5,0,24.5,0,24.5,0,24.5,0,24.5,0,22.5,0.0889,22.5,0.0889,22.5,0.0889,20.5,0.195,19.5,0.256
658087,23,23,0,23,0,23,0,23,0,23,0,22.5,0.0222,22.5,0.0222,22.5,0.0222,20.5,0.122,18.5,0.243
658088,26.5,26.5,0,26.5,0,26.5,0,26.5,0,26.5,0,24.8,0.0685,24.8,0.0685,24.8,0.0685,23.5,0.128,20,0.325
658089,37.5,37.5,0,37.5,0,37.5,0,37.5,0,37.5,0,34.8,0.0776,34.8,0.0776,34.8,0.0776,,,,
658098,199,199,0,199,0,199,0,199,0,199,0,199,0,,,199,0,165,0.207,,
658100,,,,,,,,,,,,,,,,,,,,,
658101,95,95,0,95,0,95,0,95,0,95,0,,,,,,,70,0.357,70,0.357
658107,,,,,,,,,,,,,,,,,,,,,
658126,16,16,0,16,0,16,0,16,0,16,0,16,0,16.5,-0.0303,15.5,0.0323,16,0,16,0
658135,38,38,0,38,0,38,0,38,0,38,0,38,0,38,0,38,0,35.9,0.0585,35,0.0857
658136,38,38,0,38,0,38,0,38,0,38,0,38,0,38,0,38,0,35.9,0.0585,35,0.0857
658143,85,85,0,85,0,85,0,85,0,85,0,85,0,85,0,,,,,,
658148,,,,,,,,,,,,,,,,,,,,,
658165,35,35,0,35,0,35,0,35,0,35,0,28.9,0.211,34.5,0.0145,28.5,0.228,27.5,0.273,27.5,0.273
658166,,,,,,,,,,,,,,,,,,,,,
658170,276,276,0,276,0,276,0,276,0,276,0,276,0,,,,,,,,
658182,34.9,34.9,0,34.9,0,34.9,0,34.9,0,34.9,0,34.9,0,34.9,0,34.9,0,33.9,0.0295,33.9,0.0295
658184,35,35,0,35,0,35,0,35,0,35,0,35,0,35,0,35,0,31.9,0.0972,31.9,0.0972
658185,85,85,0,85,0,85,0,85,0,85,0,99,-0.141,99,-0.141,99,-0.141,74,0.149,58,0.466
658188,34.9,34.9,0,34.9,0,34.9,0,34.9,0,34.9,0,34.9,0,34.9,0,34.9,0,33.9,0.0295,33.9,0.0295
658189,35,35,0,35,0,35,0,35,0,35,0,35,0,35,0,35,0,31.9,0.0972,31.9,0.0972
658190,35,35,0,35,0,35,0,35,0,35,0,35,0,35,0,35,0,31.9,0.0972,31.9,0.0972
658191,26.5,26.5,0,26.5,0,26.5,0,26.5,0,26.5,0,26.5,0,26.5,0,26.5,0,22.5,0.178,22.5,0.178
658208,10,10,0,10,0,10,0,10,0,10,0,10,0,10,0,10,0,,,8.9,0.124
658209,16,16,0,16,0,16,0,16,0,16,0,16,0,16,0,16,0,14,0.143,14,0.143
658211,36,36,0,36,0,36,0,36,0,36,0,36,0,34.5,0.0435,34.5,0.0435,28,0.286,28,0.286
658213,53.5,53.5,0,53.5,0,53.5,0,53.5,0,53.5,0,53.5,0,53.5,0,53.5,0,29,0.845,29,0.845
658214,,,,,,,,,,,,,,,,,,,,,
658222,15.5,15.5,0,15.5,0,15.5,0,15.5,0,15.5,0,15.5,0,15.5,0,15.5,0,11,0.409,9.5,0.632
658223,27,27,0,27,0,27,0,27,0,27,0,27,0,27,0,27,0,18,0.5,,
658224,27,27,0,27,0,27,0,27,0,27,0,27,0,27,0,27,0,18,0.5,17,0.588
658225,,,,,,,,,,,,,,,,,,,,,
658226,,,,,,,,,,,,,,,,,,,,,
658227,,,,,,,,,,,,,,,,,,,,,
658233,,,,,,,,,,,,,,,,,,,,,
658255,21.9,21.9,0,21.9,0,21.9,0,21.9,0,21.9,0,21.9,0,21.9,0,21.9,0,17.7,0.237,16.7,0.311
658268,75,75,0,75,0,75,0,75,0,75,0,75,0,75,0,56,0.339,39.5,0.899,39.5,0.899
658270,,,,,,,,,,,,,,,,,,,,,
658279,49,49,0,49,0,49,0,49,0,49,0,49,0,64.5,-0.24,64.5,-0.24,43,0.14,36,0.361
658280,,,,,,,,,,,,,,,,,,,,,
658288,25.9,25.9,0,25.9,0,25.9,0,25.9,0,25.9,0,25.9,0,30,-0.137,28.5,-0.0912,28.5,-0.0912,23.5,0.102
658289,13,13,0,13,0,13,0,13,0,13,0,13,0,13,0,13,0,10,0.3,,
658293,16,16,0,16,0,16,0,16,0,16,0,16,0,16,0,16,0,15.5,0.0323,15.5,0.0323
658304,,,,,,,,,,,,,,,,,,,,,
658307,,,,,,,,,,,,,,,,,,,,,
658316,30.8,30.8,0,,,30.8,0,30.8,0,30.8,0,30.8,0,30.8,0,30.8,0,31,-0.00645,,
658317,24.5,24.5,0,24.5,0,24.5,0,24.5,0,24.5,0,24.5,0,24.5,0,24.5,0,20.5,0.195,20.5,0.195
658319,,,,,,,,,,,,,,,,,,,,,
658337,44.5,44.5,0,44.5,0,44.5,0,44.5,0,44.5,0,44.5,0,44.5,0,44.5,0,36,0.236,35,0.271
658338,4.5,4.5,0,4.5,0,4.5,0,4.5,0,4.5,0,,,,,,,,,,
658343,34.8,34.8,0,34.8,0,34.8,0,34.8,0,34.8,0,34.8,0,34.8,0,34.8,0,24,0.45,24,0.45
658407,20.5,20.5,0,,,20.5,0,20.5,0,20.5,0,20.5,0,20.5,0,17.9,0.145,16,0.281,16,0.281
658408,20.5,20.5,0,,,20.5,0,20.5,0,20.5,0,20.5,0,20.5,0,17.9,0.145,16,0.281,16,0.281
658409,20.5,20.5,0,,,20.5,0,20.5,0,20.5,0,20.5,0,20.5,0,17.9,0.145,16,0.281,,
658410,,,,,,,,,,,,,,,,,,,,,
658411,16.5,16.5,0,16.5,0,16.5,0,,,,,,,,,16.5,0,14.6,0.13,14.8,0.115
658412,16.5,16.5,0,16.5,0,16.5,0,16.5,0,16.5,0,16.5,0,16.5,0,16.5,0,14.6,0.13,14.8,0.115
658413,16.5,16.5,0,16.5,0,16.5,0,16.5,0,16.5,0,16.5,0,16.5,0,16.5,0,14.6,0.13,14.8,0.115
658414,16.5,16.5,0,16.5,0,16.5,0,16.5,0,16.5,0,16.5,0,16.5,0,16.5,0,14.8,0.115,14.8,0.115
658419,15,15,0,15,0,15,0,15,0,15,0,15,0,15,0,15,0,11.5,0.304,11.5,0.304
658425,17.5,17.5,0,17.5,0,17.5,0,17.5,0,17.5,0,17.5,0,17.5,0,17.5,0,10.5,0.667,10.5,0.667
658426,12.5,12.5,0,12.5,0,12.5,0,12.5,0,12.5,0,12.5,0,12.5,0,12.5,0,10.5,0.19,10.5,0.19
658427,22.5,22.5,0,22.5,0,22.5,0,22.5,0,22.5,0,22.5,0,22.5,0,22.5,0,23.5,-0.0426,23.5,-0.0426
658428,15.5,15.5,0,15.5,0,15.5,0,15.5,0,15.5,0,15.5,0,15.5,0,15.5,0,13,0.192,13,0.192
658430,16,16,0,16,0,16,0,16,0,16,0,16,0,16,0,16,0,16,0,14.5,0.103
658432,6.5,6.5,0,6.5,0,6.5,0,6.5,0,6.5,0,6.5,0,6.5,0,6.3,0.0317,5.7,0.14,,
658433,6.5,6.5,0,6.5,0,6.5,0,6.5,0,6.5,0,6.5,0,6.5,0,6.3,0.0317,5.7,0.14,5.7,0.14
658434,5.5,5.5,0,5.5,0,5.5,0,5.5,0,5.5,0,5.5,0,5.5,0,5.5,0,5.5,0,5.5,0
658441,10,10,0,10,0,10,0,10,0,10,0,10,0,10,0,,,,,,
658442,10,10,0,10,0,10,0,10,0,10,0,10,0,10,0,,,,,,
658443,10,10,0,10,0,10,0,10,0,10,0,10,0,10,0,,,,,,
658444,10,10,0,10,0,10,0,10,0,10,0,10,0,10,0,,,,,,
658461,,,,,,,,,,,,,,,,,,,,,
658462,,,,,,,,,,,,,,,,,,,,,
658463,6.2,6.2,0,6.2,0,6.2,0,6.2,0,6.2,0,6.2,0,6.2,0,6.2,0,5.5,0.127,5.5,0.127
658464,18.5,18.5,0,18.5,0,18.5,0,18.5,0,18.5,0,19.8,-0.0657,19.8,-0.0657,19.8,-0.0657,12.5,0.48,12.5,0.48
658465,22.5,22.5,0,22.5,0,22.5,0,22.5,0,22.5,0,24.5,-0.0816,24.5,-0.0816,24.5,-0.0816,14.9,0.51,14.9,0.51
658466,11.1,11.1,0,11.1,0,11.1,0,11.1,0,11.1,0,11.1,0,11.1,0,8.9,0.247,8.4,0.321,7.6,0.461
658467,,,,,,,,,,,,,,,,,,,,,
658468,,,,,,,,,,,,,,,,,,,,,
658470,,,,,,,,,,,,,,,,,,,,,
658471,,,,,,,,,,,,,,,,,,,,,
658472,,,,,,,,,,,,,,,,,,,,,
658473,,,,,,,,,,,,,,,,,,,,,
658474,20,20,0,20,0,20,0,20,0,20,0,20,0,20,0,20,0,13.5,0.481,13.5,0.481
658475,12.5,12.5,0,12.5,0,12.5,0,12.5,0,12.5,0,12.5,0,12.5,0,12.5,0,7.5,0.667,7.5,0.667
658476,10.5,10.5,0,10.5,0,10.5,0,10.5,0,10.5,0,10.5,0,10.5,0,10.5,0,10,0.05,10,0.05
658477,52.5,52.5,0,52.5,0,52.5,0,52.5,0,52.5,0,52.5,0,52.5,0,52.5,0,37.5,0.4,37.5,0.4
658485,,,,,,,,,,,,,,,,,,,,,
658494,22.5,22.5,0,22.5,0,22.5,0,22.5,0,,,,,,,,,,,,
658506,8.5,8.5,0,8.5,0,8.5,0,8.5,0,8.5,0,8.5,0,8.5,0,8.5,0,7.9,0.0759,7.9,0.0759
658518,11.5,11.5,0,11.5,0,11.5,0,11.5,0,11.5,0,11.5,0,11.5,0,8.5,0.353,10,0.15,9,0.278
658519,6,6,0,6,0,6,0,6,0,6,0,,,6,0,6,0,6,0,6,0
658526,,,,,,,,,,,,,,,,,,,,,
658527,15,15,0,15,0,15,0,15,0,15,0,15,0,15,0,14.5,0.0345,14,0.0714,14,0.0714
658528,15,15,0,15,0,15,0,15,0,15,0,15,0,15,0,14.5,0.0345,14,0.0714,14,0.0714
658529,15,15,0,15,0,15,0,15,0,15,0,15,0,15,0,14.5,0.0345,14,0.0714,14,0.0714
658530,18,18,0,18,0,18,0,18,0,18,0,15.5,0.161,18,0,18,0,15.5,0.161,15.5,0.161
658537,16.5,16.5,0,16.5,0,16.5,0,16.5,0,16.5,0,,,18.5,-0.108,,,,,,
658539,,,,,,,,,,,,,,,,,,,,,
658550,34.4,34.4,0,34.4,0,34.4,0,34.4,0,34.4,0,34.4,0,34.4,0,33,0.0424,31,0.11,30,0.147
658551,33.8,33.8,0,33.8,0,33.8,0,33.8,0,33.8,0,33.8,0,33.8,0,31.5,0.073,30,0.127,30,0.127
658552,25,25,0,22.5,0.111,22.5,0.111,22.5,0.111,22.5,0.111,22.5,0.111,22.5,0.111,19.5,0.282,18.5,0.351,18.5,0.351
658553,,,,,,,,,,,,,,,,,,,,,
658559,,,,,,,,,,,,,,,,,,,,,
658560,,,,,,,,,,,,,,,,,,,,,
658588,10.5,10.5,0,10.5,0,10.5,0,10.5,0,10.5,0,9.5,0.105,9.5,0.105,9,0.167,8.5,0.235,8.5,0.235
658589,24,24,0,24,0,24,0,24,0,24,0,24,0,24,0,24,0,18.9,0.27,,
658591,18,18,0,18,0,18,0,18,0,18,0,18,0,18,0,18,0,17.5,0.0286,17,0.0588
658593,11.1,11.1,0,11.1,0,11.1,0,11.1,0,11.1,0,11.1,0,11.1,0,8.9,0.247,8.4,0.321,7.6,0.461
658594,11.5,11.5,0,11.5,0,11.5,0,11.5,0,11.5,0,,,,,9,0.278,8.4,0.369,7.6,0.513
658636,59,59,0,59,0,59,0,59,0,59,0,59,0,59,0,59,0,59,0,59,0
658645,,,,,,,,,,,,,,,,,,,,,
658651,,,,,,,,,,,,,,,,,,,,,
658654,,,,,,,,,,,,,,,,,,,,,
658655,,,,,,,,,,,,,,,,,,,,,
658657,,,,,,,,,,,,,,,,,,,,,
658658,,,,,,,,,,,,,,,,,,,,,
658659,,,,,,,,,,,,,,,,,,,,,
658660,,,,,,,,,,,,,,,,,,,,,
658666,117,117,0,117,0,117,0,117,0,117,0,117,0,117,0,117,0,117,0,117,0
658667,120,120,0,120,0,120,0,120,0,,,,,,,,,,,,
658673,31.2,31.2,0,31.2,0,31.2,0,31.2,0,31.2,0,31.2,0,31.2,0,31.2,0,20.5,0.522,12.5,1.5
658674,32.5,32.5,0,32.5,0,32.5,0,32.5,0,32.5,0,32.5,0,32.5,0,29.9,0.087,20.5,0.585,19,0.711
658675,22,22,0,22,0,22,0,22,0,22,0,22,0,27,-0.185,24.6,-0.106,16,0.375,17.5,0.257
658676,21.5,21.5,0,21.5,0,21.5,0,21.5,0,21.5,0,21.5,0,27,-0.204,26.1,-0.176,17,0.265,11.5,0.87
658687,16.8,16.8,0,16.8,0,16.8,0,16.8,0,16.8,0,16.8,0,16.8,0,16.8,0,14.5,0.159,14,0.2
658703,32.5,32.5,0,32.5,0,32.5,0,32.5,0,32.5,0,32.5,0,32.5,0,,,,,,
658707,6.9,6.9,0,6.9,0,6.9,0,6.9,0,6.9,0,9,-0.233,9,-0.233,9,-0.233,9,-0.233,6.5,0.0615
658708,8.9,8.9,0,8.9,0,8.9,0,8.9,0,8.9,0,8.9,0,,,9,-0.0111,9,-0.0111,9,-0.0111
658709,6.9,6.9,0,6.9,0,6.9,0,6.9,0,6.9,0,9,-0.233,,,9,-0.233,9,-0.233,6.5,0.0615
658715,,,,,,,,,,,,,,,,,,,,,
658716,,,,,,,,,,,,,,,,,,,,,
658731,18.5,18.5,0,18.5,0,18.5,0,18.5,0,18.5,0,18.5,0,18.5,0,18.5,0,14,0.321,14,0.321
658734,11.3,11.3,0,11.3,0,11.3,0,11.3,0,11.3,0,11.3,0,,,11.3,0,8.9,0.27,8.9,0.27
658735,11.3,11.3,0,11.3,0,11.3,0,11.3,0,11.3,0,11.3,0,11.3,0,11.3,0,8.9,0.27,8.9,0.27
658736,,,,,,,,,,,,,,,,,,,,,
658737,,,,,,,,,,,,,,,,,,,,,
658738,7,7,0,7,0,7,0,7,0,7,0,7,0,7,0,7,0,7,0,7,0
658741,18.6,18.6,0,18.6,0,18.6,0,18.6,0,18.6,0,18.6,0,18.6,0,,,10.5,0.771,10.5,0.771
658745,25.5,25.5,0,25.5,0,25.5,0,25.5,0,25.5,0,25.5,0,25.5,0,20.6,0.238,20.6,0.238,20.6,0.238
658746,19,19,0,19,0,19,0,19,0,19,0,19,0,19,0,19,0,19,0,19,0
658747,33,33,0,33,0,33,0,33,0,33,0,33,0,33,0,33,0,33,0,33,0
658748,21,21,0,21,0,21,0,21,0,21,0,21,0,21,0,21,0,21,0,,
658749,19.5,19.5,0,19.5,0,19.5,0,19.5,0,19.5,0,19.5,0,19.5,0,19.5,0,19.5,0,19,0.0263
658757,,,,,,,,,,,,,,,,,,,,,
658758,205,205,0,205,0,205,0,205,0,205,0,205,0,205,0,205,0,155,0.323,155,0.323
658762,,,,,,,,,,,,,,,,,,,,,
658763,,,,,,,,,,,,,,,,,,,,,
658780,13,13,0,13,0,13,0,13,0,13,0,13,0,13,0,11,0.182,11,0.182,11,0.182
658781,25.9,25.9,0,25.9,0,25.9,0,25.9,0,25.9,0,28.5,-0.0912,28.5,-0.0912,33.5,-0.227,27.5,-0.0582,26,-0.00385
658783,,,,,,,,,,,,,,,,,,,,,
658796,,,,,,,,,,,,,,,,,,,,,
658811,20.9,20.9,0,20.9,0,20.9,0,20.9,0,20.9,0,20.9,0,20.9,0,20.9,0,20.9,0,20.9,0
658812,21,21,0,21,0,21,0,21,0,21,0,21,0,21,0,21,0,21,0,21,0
658813,16,16,0,16,0,16,0,16,0,,,16,0,16,0,16,0,16,0,,
658826,,,,,,,,,,,,,,,,,,,,,
658848,71.5,71.5,0,71.5,0,71.5,0,71.5,0,71.5,0,71.5,0,71.5,0,71.5,0,54.5,0.312,54.5,0.312
658861,,,,,,,,,,,,,,,,,,,,,
658870,199,199,0,199,0,199,0,199,0,199,0,199,0,199,0,199,0,199,0,199,0
658872,13.9,13.9,0,13.9,0,13.9,0,13.9,0,13.9,0,13.9,0,13.9,0,12.9,0.0775,12.9,0.0775,12.9,0.0775
658873,14.5,14.5,0,14.5,0,14.5,0,14.5,0,14.5,0,14.5,0,14.5,0,12.9,0.124,12.9,0.124,12.9,0.124
658874,15.5,15.5,0,15.5,0,15.5,0,15.5,0,15.5,0,15.5,0,15.5,0,14.9,0.0403,14.9,0.0403,14.9,0.0403
658875,17.5,17.5,0,17.5,0,17.5,0,17.5,0,,,17.5,0,17.5,0,16.9,0.0355,16.9,0.0355,16.9,0.0355
658876,15.5,15.5,0,15.5,0,15.5,0,15.5,0,15.5,0,15.5,0,15.5,0,15.5,0,15.5,0,15.5,0
658877,15.5,15.5,0,15.5,0,15.5,0,15.5,0,15.5,0,15.5,0,15.5,0,15.5,0,15.5,0,15.5,0
658903,500,500,0,500,0,500,0,500,0,,,,,,,,,,,429,0.165
658928,15,15,0,15,0,15,0,15,0,15,0,15,0,15,0,15,0,10.5,0.429,10.5,0.429
658935,11.3,11.3,0,11.3,0,11.3,0,11.3,0,11.3,0,11.3,0,11.3,0,11.3,0,8.9,0.27,8.9,0.27
658957,43.5,43.5,0,43.5,0,43.5,0,43.5,0,43.5,0,43.5,0,,,41.5,0.0482,41.5,0.0482,41.5,0.0482
658958,38.5,38.5,0,38.5,0,38.5,0,38.5,0,38.5,0,,,,,35,0.1,,,,
658973,,,,,,,,,,,,,,,,,,,,,
658976,,,,,,,,,,,,,,,,,,,,,
658978,,,,,,,,,,,,,,,,,,,,,
658992,11.5,11.5,0,11.5,0,11.5,0,11.5,0,11.5,0,10.5,0.0952,10.5,0.0952,,,,,,
658997,,,,,,,,,,,,,,,,,,,,,
659006,11.9,11.9,0,11.9,0,11.9,0,11.9,0,11.9,0,14.7,-0.19,14.7,-0.19,14.7,-0.19,11.7,0.0171,8.9,0.337
659007,4.8,4.8,0,4.8,0,4.8,0,4.8,0,4.8,0,4.9,-0.0204,6,-0.2,6,-0.2,4.2,0.143,3.2,0.5
659013,,,,,,,,,,,,,,,,,,,,,
659018,,,,,,,,,,,,,,,,,,,,,
659028,,,,,,,,,,,,,,,,,,,,,
659032,,,,,,,,,,,,,,,,,,,,,
659033,,,,,,,,,,,,,,,,,,,,,
659036,,,,,,,,,,,,,,,,,,,,,
659039,,,,,,,,,,,,,,,,,,,,,
659041,,,,,,,,,,,,,,,,,,,,,
659042,,,,,,,,,,,,,,,,,,,,,
659043,,,,,,,,,,,,,,,,,,,,,
659044,,,,,,,,,,,,,,,,,,,,,
659051,,,,,,,,,,,,,,,,,,,,,
659052,65.5,65.5,0,65.5,0,65.5,0,65.5,0,65.5,0,65.5,0,65.5,0,65.5,0,47,0.394,45,0.456
659062,51,51,0,51,0,51,0,51,0,51,0,51,0,51,0,51,0,42.5,0.2,42.5,0.2
659067,24,24,0,24,0,24,0,24,0,24,0,24,0,24,0,22.5,0.0667,22.5,0.0667,,
659077,70,70,0,70,0,70,0,70,0,70,0,70,0,70,0,46.5,0.505,46.5,0.505,46.5,0.505
659097,,,,,,,,,,,,,,,,,,,,,
659952,15,15,0,15,0,15,0,15,0,14,0.0714,14,0.0714,14,0.0714,15,0,15,0,15,0
659953,4.5,4.5,0,4.5,0,4.5,0,4.5,0,,,,,,,,,,,,
659963,36.5,36.5,0,36.5,0,36.5,0,36.5,0,36.5,0,36.5,0,36.5,0,36.5,0,33,0.106,33,0.106
659964,31,31,0,31,0,31,0,31,0,31,0,31,0,31,0,31,0,28.5,0.0877,28.5,0.0877
659965,28.5,28.5,0,28.5,0,28.5,0,28.5,0,28.5,0,28.5,0,28.5,0,28.5,0,25.5,0.118,25.5,0.118
659966,24.5,24.5,0,24.5,0,24.5,0,24.5,0,24.5,0,,,,,24.5,0,,,22.5,0.0889
659967,21.5,21.5,0,21.5,0,21.5,0,21.5,0,21.5,0,21.5,0,21.5,0,21.5,0,19.3,0.114,19.3,0.114
659968,29,29,0,29,0,29,0,29,0,29,0,29,0,29,0,29,0,26.5,0.0943,26.5,0.0943
659971,240,240,0,240,0,240,0,240,0,240,0,235,0.0213,279,-0.14,279,-0.14,249,-0.0365,249,-0.0365
659989,28.5,28.5,0,28.5,0,28.5,0,28.5,0,28.5,0,28.5,0,28.5,0,28.5,0,22.9,0.245,14.9,0.913
659990,30,30,0,30,0,30,0,30,0,30,0,30,0,30,0,30,0,22.9,0.31,14.9,1.01
659991,30,30,0,30,0,30,0,30,0,30,0,30,0,30,0,30,0,22.9,0.31,22.9,0.31
659993,,,,,,,,,,,,,,,,,,,,,
659999,,,,,,,,,,,,,,,,,,,,,
660002,38.5,38.5,0,38.5,0,38.5,0,38.5,0,38.5,0,38.5,0,38.5,0,38.5,0,32.5,0.185,32.5,0.185
660018,69,69,0,69,0,69,0,69,0,69,0,69,0,69,0,69,0,58,0.19,58,0.19
660023,25,25,0,25,0,25,0,25,0,,,25,0,25,0,25,0,,,22,0.136
660024,,,,,,,,,,,,,,,,,,,,,
660026,,,,,,,,,,,,,,,,,,,,,
660027,,,,,,,,,,,,,,,,,,,,,
660028,,,,,,,,,,,,,,,,,,,,,
660038,11,11,0,11,0,11,0,11,0,11,0,11,0,11,0,12.7,-0.134,8.5,0.294,7.7,0.429
660039,9.8,9.8,0,9.8,0,9.8,0,9.8,0,9.8,0,9.8,0,11,-0.109,12.7,-0.228,8.5,0.153,7.7,0.273
660040,9.8,9.8,0,9.8,0,9.8,0,9.8,0,9.8,0,9.8,0,11,-0.109,12.7,-0.228,8.5,0.153,7.7,0.273
660047,39.5,39.5,0,39.5,0,39.5,0,39.5,0,39.5,0,39.5,0,39.5,0,39.5,0,36.5,0.0822,36,0.0972
660048,39.5,39.5,0,39.5,0,39.5,0,39.5,0,39.5,0,39.5,0,39.5,0,39.5,0,36.5,0.0822,36,0.0972
660049,22,22,0,22,0,22,0,22,0,22,0,22,0,22,0,,,20.5,0.0732,20.5,0.0732
660050,,,,,,,,,,,,,,,,,,,,,
660060,23,23,0,23,0,23,0,23,0,23,0,,,,,,,,,,
660061,19.9,19.9,0,19.9,0,19.9,0,19.9,0,19.9,0,22.5,-0.116,22.5,-0.116,21.5,-0.0744,20,-0.005,18,0.106
660064,49.9,49.9,0,49.9,0,49.9,0,49.9,0,49.9,0,49.9,0,19.9,1.51,40,0.248,37,0.349,29.9,0.669
660065,38.9,38.9,0,38.9,0,38.9,0,38.9,0,38.9,0,38.9,0,38.9,0,37,0.0514,33,0.179,26.9,0.446
660066,22.9,22.9,0,22.9,0,22.9,0,22.9,0,22.9,0,22.9,0,22.9,0,25,-0.084,20.5,0.117,,
660067,23.9,23.9,0,23.9,0,23.9,0,23.9,0,23.9,0,23.9,0,23.9,0,25,-0.044,20.5,0.166,19.5,0.226
660068,37,37,0,37,0,37,0,37,0,37,0,37,0,37,0,39,-0.0513,,,,
660069,61.9,61.9,0,61.9,0,61.9,0,61.9,0,61.9,0,61.9,0,61.9,0,46,0.346,46,0.346,45.9,0.349
660070,61.9,61.9,0,61.9,0,61.9,0,61.9,0,61.9,0,61.9,0,61.9,0,46,0.346,,,,
660071,46.9,46.9,0,46.9,0,46.9,0,46.9,0,46.9,0,46.9,0,46.9,0,42,0.117,,,32.9,0.426
660073,,,,,,,,,,,,,,,,,,,,,
660081,92,92,0,92,0,92,0,92,0,92,0,92,0,,,,,,,56,0.643
660082,92,92,0,92,0,92,0,92,0,92,0,92,0,92,0,92,0,56,0.643,56,0.643
660086,23,23,0,23,0,23,0,23,0,23,0,23,0,23,0,23,0,23,0,23,0
660091,38.9,38.9,0,38.9,0,38.9,0,38.9,0,38.9,0,,,,,,,,,,
660092,31.9,31.9,0,31.9,0,31.9,0,31.9,0,31.9,0,31.9,0,,,,,,,,
660093,35.5,35.5,0,35.5,0,35.5,0,35.5,0,35.5,0,35.5,0,,,,,,,28.5,0.246
660100,89.9,89.9,0,89.9,0,89.9,0,89.9,0,89.9,0,89.9,0,,,,,,,,
660113,61.3,61.3,0,,,61.3,0,61.3,0,61.3,0,61.3,0,61.3,0,44.6,0.374,44.6,0.374,44.6,0.374
660118,,,,,,,,,,,,,,,,,,,,,
660119,,,,,,,,,,,,,,,,,,,,,
660122,,,,,,,,,,,,,,,,,,,,,
660123,,,,,,,,,,,,,,,,,,,,,
660124,44.9,44.9,0,44.9,0,44.9,0,44.9,0,44.9,0,44.9,0,44.9,0,,,,,31.9,0.408
660180,13,13,0,13,0,13,0,13,0,13,0,13,0,13,0,13,0,8,0.625,8,0.625
660203,10.9,10.9,0,10.9,0,10.9,0,10.9,0,10.9,0,10.9,0,10.9,0,10.9,0,,,6.5,0.677
660548,57.5,57.5,0,57.5,0,57.5,0,57.5,0,57.5,0,57.5,0,57.5,0,55.9,0.0286,33.5,0.716,32.5,0.769
660711,,,,,,,,,,,,,,,,,,,,,
660852,20,20,0,20,0,20,0,20,0,20,0,20,0,20,0,20,0,20,0,20,0
661151,63.1,63.1,0,,,,,,,89.3,-0.293,89.2,-0.293,,,89.2,-0.293,70,-0.0986,65,-0.0292
661297,16,16,0,16,0,16,0,16,0,16,0,13.9,0.151,,,,,,,,
661308,164,164,0,164,0,164,0,164,0,164,0,164,0,164,0,164,0,149,0.101,149,0.101
661309,164,164,0,164,0,164,0,164,0,164,0,164,0,164,0,164,0,149,0.101,149,0.101
661310,140,140,0,140,0,140,0,140,0,140,0,140,0,140,0,140,0,129,0.0845,125,0.119
661311,95,95,0,95,0,95,0,95,0,95,0,95,0,95,0,89,0.0674,82,0.159,80,0.188
661313,89,89,0,89,0,89,0,89,0,89,0,89,0,89,0,89,0,89,0,89,0
661345,,,,,,,,,,,,,,,,,,,,,
661346,11,11,0,11,0,11,0,,,11,0,11,0,11,0,11,0,11,0,,
661348,6,6,0,6,0,6,0,6,0,,,6,0,6,0,6,0,6,0,6,0
661438,9.9,9.9,0,9.9,0,9.9,0,9.9,0,9.9,0,9.9,0,9.9,0,8.9,0.112,6.9,0.435,6.5,0.523
661453,11.3,11.3,0,,,,,,,,,11.3,0,11.3,0,11.3,0,8.9,0.27,8.9,0.27
661456,9.5,9.5,0,9.5,0,9.5,0,9.5,0,9.5,0,9.5,0,9.5,0,9.5,0,9.5,0,,
661478,49,49,0,49,0,49,0,49,0,49,0,49,0,49,0,49,0,32.9,0.489,32.9,0.489
661512,15,15,0,15,0,15,0,15,0,15,0,15,0,15,0,11,0.364,11,0.364,10,0.5
661653,40,40,0,40,0,40,0,40,0,40,0,40,0,40,0,40,0,40,0,40,0
661654,,,,,,,,,,,,,,,,,,,,,
661757,12,12,0,12,0,12,0,12,0,12,0,12,0,12,0,9.9,0.212,9,0.333,8,0.5
661771,39.9,39.9,0,39.9,0,40.3,-0.00993,45.4,-0.121,17,1.35,17,1.35,17,1.35,22,0.814,22,0.814,22,0.814
661774,30,30,0,30,0,30,0,30,0,30,0,30,0,30,0,30,0,30,0,30,0
661845,26,26,0,26,0,26,0,26,0,26,0,26,0,26,0,30,-0.133,28,-0.0714,25,0.04
661852,20,20,0,20,0,20,0,20,0,20,0,20,0,20,0,20,0,20,0,20,0
661891,,,,,,,,,,,,,,,,,,,,,
661895,79,79,0,79,0,79,0,79,0,35,1.26,35,1.26,74.9,0.0547,74.9,0.0547,64.9,0.217,,
661896,,,,,,,,,,,,,,,,,,,,,
661897,,,,,,,,,,,,,,,,,,,,,
661898,499,499,0,499,0,499,0,499,0,,,,,489,0.0204,489,0.0204,,,,
661904,,,,,,,,,,,,,,,,,,,,,
661960,13,13,0,13,0,13,0,13,0,13,0,13,0,13,0,10,0.3,10,0.3,10,0.3
661987,12,12,0,12,0,12,0,12,0,12,0,12,0,12,0,12,0,4.5,1.67,,
662022,8.1,8.1,0,8.1,0,8.1,0,8.4,-0.0357,8.4,-0.0357,8.4,-0.0357,8.4,-0.0357,7.5,0.08,6.9,0.174,6.9,0.174
662024,8.1,8.1,0,8.1,0,8.1,0,8.4,-0.0357,8.4,-0.0357,8.4,-0.0357,8.4,-0.0357,7.5,0.08,6.9,0.174,6.9,0.174
662025,8.1,8.1,0,8.1,0,8.1,0,8.4,-0.0357,8.4,-0.0357,8.4,-0.0357,8.4,-0.0357,7.5,0.08,6.9,0.174,6.9,0.174
662027,8.1,8.1,0,8.1,0,8.1,0,8.4,-0.0357,8.4,-0.0357,8.4,-0.0357,8.4,-0.0357,7.5,0.08,6.9,0.174,6.9,0.174
662028,8.1,8.1,0,8.1,0,8.1,0,8.4,-0.0357,8.4,-0.0357,8.4,-0.0357,8.4,-0.0357,7.5,0.08,6.9,0.174,6.9,0.174
662029,8.1,8.1,0,8.1,0,8.1,0,8.4,-0.0357,8.4,-0.0357,8.4,-0.0357,8.4,-0.0357,,,6.9,0.174,,
662140,11.3,11.3,0,11.3,0,11.3,0,11.3,0,11.3,0,11.3,0,11.3,0,11.3,0,8.9,0.27,8.9,0.27
662141,11.3,11.3,0,11.3,0,11.3,0,11.3,0,11.3,0,11.3,0,11.3,0,11.3,0,8.7,0.299,8.7,0.299
662142,11.3,11.3,0,11.3,0,11.3,0,11.3,0,,,11.3,0,11.3,0,11.3,0,8.9,0.27,8.9,0.27
662145,11.3,11.3,0,11.3,0,11.3,0,11.3,0,11.3,0,11.3,0,11.3,0,11.3,0,8.9,0.27,8.9,0.27
664825,29.9,29.9,0,29.9,0,29.9,0,39.9,-0.251,,,39.9,-0.251,,,,,,,23.9,0.251
664826,15,15,0,15,0,15,0,15,0,15,0,15,0,15,0,12.5,0.2,11.5,0.304,11.5,0.304
664829,15,15,0,15,0,15,0,15,0,15,0,15,0,15,0,12.5,0.2,11.5,0.304,11.5,0.304
665026,17.5,17.5,0,17.5,0,17.5,0,17.5,0,17.5,0,17.5,0,17.5,0,11.9,0.471,,,,
665027,13.9,13.9,0,13.9,0,13.9,0,13.9,0,13.9,0,13.9,0,13.9,0,13.9,0,,,,
665029,13.9,13.9,0,13.9,0,13.9,0,13.9,0,13.9,0,13.9,0,13.9,0,9.9,0.404,,,,
665030,,,,,,,,,,,,,,,,,,,,,
665057,,,,,,,,,,,,,,,,,,,,,
665066,29.5,29.5,0,29.5,0,29.5,0,29.5,0,29.5,0,29.5,0,29.5,0,29.5,0,20,0.475,20,0.475
665067,29.5,29.5,0,29.5,0,29.5,0,29.5,0,29.5,0,29.5,0,29.5,0,29.5,0,21,0.405,21,0.405
665068,44.9,44.9,0,44.9,0,44.9,0,44.9,0,50,-0.102,50,-0.102,50,-0.102,50,-0.102,40,0.123,36.5,0.23
665070,,,,,,,,,,,,,,,,,,,,,
665541,30.9,30.9,0,30.9,0,30.9,0,30.9,0,30.9,0,30.9,0,30.9,0,22.5,0.373,22.5,0.373,22.5,0.373
665853,28,28,0,28,0,28,0,28,0,35.4,-0.209,29,-0.0345,35.4,-0.209,37,-0.243,,,,
665876,,,,,,,,,,,,,,,,,,,,,
665877,,,,,,,,,,,,,,,,,,,,,
666101,75.6,75.6,0,75.6,0,75.6,0,75.6,0,75.6,0,75.6,0,75.6,0,75.6,0,51.6,0.465,51.6,0.465
666102,75.6,75.6,0,75.6,0,75.6,0,75.6,0,75.6,0,75.6,0,75.6,0,75.6,0,51.6,0.465,51.6,0.465
666103,,,,,,,,,,,,,,,,,,,,,
666104,66.9,66.9,0,66.9,0,66.9,0,75.6,-0.115,75.6,-0.115,75.6,-0.115,75.6,-0.115,75.6,-0.115,51.6,0.297,51.6,0.297
666109,42.9,42.9,0,42.9,0,42.9,0,42.9,0,42.9,0,42.9,0,42.9,0,46,-0.0674,30,0.43,33.4,0.284
666112,65,65,0,65,0,65,0,65,0,64.9,0.00154,48.7,0.335,48.7,0.335,64.9,0.00154,41.9,0.551,37.1,0.752
666127,31.9,31.9,0,31.9,0,31.9,0,31.9,0,39.9,-0.201,39.9,-0.201,39.9,-0.201,38,-0.161,26,0.227,23.5,0.357
666129,31.9,31.9,0,31.9,0,31.9,0,31.9,0,34.9,-0.086,41,-0.222,33.9,-0.059,38,-0.161,26,0.227,23.5,0.357
666133,53,53,0,53,0,53,0,53,0,53,0,53,0,,,53,0,41,0.293,39,0.359
666135,25,25,0,25,0,25,0,25,0,25,0,25,0,25,0,20,0.25,20,0.25,20,0.25
666136,63,63,0,63,0,63,0,63,0,63,0,63,0,63,0,63,0,49,0.286,47,0.34
666137,63,63,0,63,0,63,0,63,0,63,0,63,0,63,0,63,0,49,0.286,47,0.34
666140,53,53,0,53,0,53,0,53,0,53,0,53,0,53,0,53,0,41,0.293,39,0.359
666141,53,53,0,53,0,53,0,,,53,0,53,0,53,0,53,0,41,0.293,39,0.359
666146,74.8,74.8,0,74.8,0,74.8,0,74.8,0,74.8,0,77,-0.0286,77,-0.0286,65,0.151,56.5,0.324,46.7,0.602
666154,,,,,,,,,,,,,,,,,,,,,
666155,41.2,41.2,0,41.2,0,41.2,0,41.2,0,41.2,0,41.2,0,41.2,0,43.7,-0.0572,31,0.329,25,0.648
666156,,,,,,,,,,,,,,,,,,,,,
666157,,,,,,,,,,,,,,,,,,,,,
666159,17,17,0,17,0,17,0,,,17,0,17,0,17,0,17,0,14.8,0.149,14,0.214
666161,13.7,13.7,0,13.7,0,13.7,0,13.7,0,13.7,0,13.7,0,,,,,,,,
666162,25,25,0,25,0,25,0,25,0,25,0,25,0,25,0,25,0,21.8,0.147,20.7,0.208
666163,42,42,0,42,0,42,0,42,0,42,0,42,0,42,0,42,0,36.6,0.148,34.8,0.207
666195,,,,,,,,,,,,,,,,,,,,,
666196,,,,,,,,,,,,,,,,,,,,,
666201,59,59,0,59,0,59,0,59,0,,,,,59,0,59,0,52,0.135,52,0.135
666245,,,,,,,,,,,,,,,,,,,,,
666247,,,,,,,,,,,,,,,,,,,,,
666249,,,,,,,,,,,,,,,,,,,,,
666255,,,,,,,,,,,,,,,,,,,,,
666256,,,,,,,,,,,,,,,,,,,,,
666259,,,,,,,,,,,,,,,,,,,,,
666260,18.1,18.1,0,18.1,0,18.1,0,18.1,0,18.1,0,18.1,0,18.1,0,18.1,0,13.5,0.341,12,0.508
666262,18.1,18.1,0,18.1,0,18.1,0,18.1,0,18.1,0,18.1,0,18.1,0,18.1,0,13.5,0.341,12,0.508
666266,4.3,4.3,0,4.3,0,4.3,0,4.3,0,,,4.3,0,4.3,0,4.3,0,2.9,0.483,2.9,0.483
666267,18.1,18.1,0,18.1,0,18.1,0,18.1,0,18.1,0,18.1,0,18.1,0,18.1,0,13.4,0.351,12,0.508
666290,,,,,,,,,,,,,,,,,,,,,
666299,85,85,0,85,0,85,0,85,0,85,0,85,0,85,0,85,0,66,0.288,66,0.288
666300,63,63,0,63,0,63,0,63,0,63,0,,,,,63,0,52,0.212,52,0.212
666302,73,73,0,73,0,73,0,73,0,73,0,73,0,73,0,73,0,66,0.106,66,0.106
666306,19,19,0,19,0,19,0,19,0,19,0,15.9,0.195,20.2,-0.0594,21.9,-0.132,16.7,0.138,12.4,0.532
666309,18.3,18.3,0,18.3,0,,,,,18.3,0,,,18.3,0,16.4,0.116,16.4,0.116,16.4,0.116
666310,22.4,22.4,0,22.4,0,22.4,0,22.4,0,22.4,0,,,22.4,0,19.1,0.173,19.1,0.173,,
666311,26.5,26.5,0,26.5,0,26.5,0,26.5,0,26.5,0,,,,,,,22.4,0.183,22.4,0.183
666321,42.9,42.9,0,42.9,0,42.9,0,42.9,0,42.9,0,42.9,0,42.9,0,46,-0.0674,31,0.384,33.4,0.284
666326,43.3,43.3,0,43.3,0,43.3,0,43.3,0,43.3,0,43.3,0,43.3,0,46.5,-0.0688,36.5,0.186,33.4,0.296
666327,43.3,43.3,0,43.3,0,43.3,0,43.3,0,43.3,0,43.3,0,43.3,0,46.5,-0.0688,36.5,0.186,33.4,0.296
666331,191,191,0,191,0,191,0,191,0,95.5,1,191,0,191,0,191,0,,,170,0.124
666361,22.2,22.2,0,22.2,0,22.2,0,22.2,0,22.2,0,22.2,0,22.2,0,22.2,0,18,0.233,18,0.233
666369,25.5,25.5,0,25.5,0,25.5,0,25.5,0,25.5,0,25.5,0,25.5,0,25.5,0,22,0.159,,
666370,17,17,0,17,0,17,0,17,0,17,0,17,0,17,0,17,0,14.8,0.149,14,0.214
666386,41.9,41.9,0,41.9,0,41.9,0,41.9,0,41.9,0,41.9,0,41.9,0,33.8,0.24,25.5,0.643,,
666387,41.9,41.9,0,41.9,0,41.9,0,41.9,0,41.9,0,41.9,0,41.9,0,33.8,0.24,25.5,0.643,23.5,0.783
666390,48.9,48.9,0,48.9,0,48.9,0,48.9,0,48.9,0,48.9,0,55.5,-0.119,60,-0.185,43,0.137,35.5,0.377
666436,27.5,27.5,0,27.5,0,27.5,0,27.5,0,39.5,-0.304,39.5,-0.304,39.5,-0.304,40.9,-0.328,30.6,-0.101,26.9,0.0223
666437,37.7,37.7,0,37.7,0,37.7,0,37.7,0,37.7,0,37.7,0,37.7,0,40.9,-0.0782,30.6,0.232,,
666447,98,98,0,98,0,98,0,98,0,98,0,,,,,114,-0.14,,,,
666448,,,,,,,,,,,,,,,,,,,,,
666449,32,32,0,32,0,32,0,32,0,,,,,,,47.9,-0.332,37.8,-0.153,28,0.143
666451,38.9,38.9,0,38.9,0,38.9,0,38.9,0,38.9,0,38.9,0,38.9,0,41.9,-0.0716,32.5,0.197,30.1,0.292
666468,33,33,0,33,0,33,0,33,0,33,0,25.9,0.274,33,0,35.5,-0.0704,25.8,0.279,23.4,0.41
666481,22,22,0,22,0,22,0,22,0,22,0,22,0,22,0,22,0,21,0.0476,21,0.0476
666482,72,72,0,72,0,72,0,72,0,72,0,,,,,,,,,72,0
666488,5.4,5.4,0,5.4,0,5.4,0,5.4,0,5.4,0,5.4,0,5.4,0,5.4,0,5.4,0,5.4,0
666489,11.3,11.3,0,,,11.3,0,11.3,0,11.3,0,11.3,0,11.3,0,11.2,0.00893,11.2,0.00893,11.2,0.00893
666490,19.8,19.8,0,19.8,0,19.8,0,19.8,0,19.8,0,19.8,0,19.8,0,19.7,0.00508,19.7,0.00508,15.8,0.253
666491,27.6,27.6,0,,,,,27.6,0,27.6,0,27.6,0,27.6,0,27.6,0,27.6,0,23.6,0.169
666492,7,7,0,7,0,7,0,7,0,7,0,7,0,7,0,7,0,7,0,7,0
666505,41.9,41.9,0,41.9,0,41.9,0,41.9,0,41.9,0,41.9,0,41.9,0,33.8,0.24,25.5,0.643,,
666513,75,75,0,75,0,75,0,75,0,75,0,,,75,0,75,0,65,0.154,,
666516,,,,,,,,,,,,,,,,,,,,,
666533,35.5,35.5,0,35.5,0,35.5,0,35.5,0,,,35.5,0,35.5,0,35.5,0,30.5,0.164,30.5,0.164
666542,35.5,35.5,0,35.5,0,35.5,0,35.5,0,35.5,0,35.5,0,35.5,0,35.5,0,30.5,0.164,30.5,0.164
666544,35.5,35.5,0,35.5,0,35.5,0,35.5,0,35.5,0,35.5,0,35.5,0,35.5,0,30.5,0.164,30.5,0.164
666546,35.5,35.5,0,35.5,0,35.5,0,35.5,0,35.5,0,35.5,0,35.5,0,,,30.5,0.164,30.5,0.164
666549,35.5,35.5,0,35.5,0,35.5,0,35.5,0,35.5,0,35.5,0,35.5,0,35.5,0,30.5,0.164,30.5,0.164
666559,,,,,,,,,,,,,,,,,,,,,
666565,,,,,,,,,,,,,,,,,,,,,
666586,,,,,,,,,,,,,,,,,,,,,
666587,,,,,,,,,,,,,,,,,,,,,
666588,,,,,,,,,,,,,,,,,,,,,
666596,,,,,,,,,,,,,,,,,,,,,
666597,47,47,0,47,0,47,0,47,0,47,0,47,0,47,0,47,0,40,0.175,40,0.175
666599,47,47,0,47,0,47,0,47,0,47,0,,,,,47,0,,,40,0.175
666600,47,47,0,47,0,47,0,47,0,47,0,,,,,47,0,40,0.175,40,0.175
666602,47,47,0,47,0,47,0,47,0,47,0,47,0,47,0,47,0,40,0.175,,
666603,47,47,0,47,0,47,0,47,0,47,0,47,0,47,0,47,0,40,0.175,,
666604,47,47,0,47,0,47,0,47,0,47,0,,,47,0,47,0,40,0.175,40,0.175
666607,47,47,0,47,0,47,0,47,0,47,0,47,0,47,0,47,0,40,0.175,40,0.175
666608,47,47,0,47,0,47,0,47,0,47,0,47,0,,,47,0,,,,
666610,47,47,0,47,0,47,0,47,0,47,0,47,0,47,0,47,0,40,0.175,40,0.175
666611,47,47,0,47,0,47,0,47,0,47,0,47,0,,,,,40,0.175,40,0.175
666612,47,47,0,47,0,47,0,47,0,47,0,47,0,,,47,0,40,0.175,40,0.175
666615,47,47,0,47,0,47,0,47,0,47,0,47,0,47,0,47,0,40,0.175,40,0.175
666617,,,,,,,,,,,,,,,,,,,,,
666618,,,,,,,,,,,,,,,,,,,,,
666633,55.9,55.9,0,55.9,0,55.9,0,59.4,-0.0589,59.4,-0.0589,59.4,-0.0589,59.4,-0.0589,64.5,-0.133,51,0.0961,43.4,0.288
666635,,,,,,,,,,,,,,,,,,,,,
666644,,,,,,,,,,,,,,,,,,,,,
666646,15,15,0,15,0,15,0,15,0,15,0,15,0,15,0,15,0,9,0.667,9,0.667
666654,127,127,0,127,0,127,0,127,0,76.2,0.667,127,0,127,0,,,,,,
666660,,,,,,,,,,,,,,,,,,,,,
666666,113,113,0,113,0,113,0,113,0,113,0,113,0,113,0,113,0,87,0.299,84,0.345
666667,,,,,,,,,,,,,,,,,,,,,
666671,,,,,,,,,,,,,,,,,,,,,
666689,,,,,,,,,,,,,,,,,,,,,
666690,42,42,0,42,0,42,0,42,0,42,0,42,0,42,0,42,0,36.6,0.148,,
666691,25,25,0,25,0,25,0,25,0,25,0,25,0,,,,,,,,
666692,83.4,83.4,0,83.4,0,83.4,0,87.5,-0.0469,87.5,-0.0469,87.5,-0.0469,,,98.3,-0.152,76.5,0.0902,70.1,0.19
666693,,,,,,,,,,,,,,,,,,,,,
666694,,,,,,,,,,,,,,,,,,,,,
666695,,,,,,,,,,,,,,,,,,,,,
666696,,,,,,,,,,,,,,,,,,,,,
666697,268,268,0,268,0,268,0,268,0,268,0,268,0,268,0,283,-0.0526,224,0.196,219,0.225
666735,17.5,17.5,0,17.5,0,17.5,0,17.5,0,17.5,0,17.5,0,17.5,0,17.5,0,13.5,0.296,13.5,0.296
666743,,,,,,,,,,,,,,,,,,,,,
666761,,,,,,,,,,,,,,,,,,,,,
666772,83.4,83.4,0,83.4,0,83.4,0,87.5,-0.0469,87.5,-0.0469,87.5,-0.0469,,,98.3,-0.152,76.5,0.0902,70.1,0.19
666773,83.4,83.4,0,83.4,0,83.4,0,87.5,-0.0469,87.5,-0.0469,,,,,98.3,-0.152,76.5,0.0902,70.1,0.19
666774,,,,,,,,,,,,,,,,,,,,,
666775,,,,,,,,,,,,,,,,,,,,,
666787,55.6,55.6,0,55.6,0,55.6,0,55.6,0,55.6,0,55.6,0,53,0.0491,57.5,-0.033,42.5,0.308,44,0.264
666799,37.1,37.1,0,37.1,0,37.1,0,37.1,0,37.1,0,37.1,0,37.1,0,40,-0.0725,31.9,0.163,31.9,0.163
666800,,,,,,,,,,,,,,,,,,,,,
666812,47,47,0,47,0,47,0,47,0,47,0,62.5,-0.248,62.5,-0.248,62.5,-0.248,40.9,0.149,36.4,0.291
666813,126,126,0,126,0,126,0,126,0,126,0,126,0,126,0,126,0,81.8,0.542,71.4,0.766
666818,21,21,0,21,0,21,0,21,0,20.9,0.00478,16,0.312,20.9,0.00478,20.9,0.00478,20.2,0.0396,17.2,0.221
666825,,,,,,,,,,,,,,,,,,,,,
666828,,,,,,,,,,,,,,,,,,,,,
666839,,,,,,,,,,,,,,,,,,,,,
666840,39,39,0,39,0,39,0,39,0,39,0,39,0,39,0,39,0,33.7,0.157,,
666841,39,39,0,39,0,39,0,39,0,39,0,39,0,39,0,39,0,33.7,0.157,32,0.219
666842,39,39,0,39,0,39,0,39,0,39,0,39,0,39,0,39,0,,,32,0.219
666852,8,8,0,8,0,8,0,9,-0.111,9,-0.111,9,-0.111,9,-0.111,10.8,-0.259,7.8,0.0256,7.8,0.0256
666866,8,8,0,8,0,8,0,9,-0.111,9,-0.111,9,-0.111,9,-0.111,10.5,-0.238,7.8,0.0256,7.8,0.0256
666867,8,8,0,8,0,8,0,9,-0.111,9,-0.111,9,-0.111,9,-0.111,10.5,-0.238,7.8,0.0256,7.8,0.0256
666868,,,,,,,,,,,,,,,,,,,,,
666873,,,,,,,,,,,,,,,,,,,,,
666879,90,90,0,90,0,90,0,120,-0.25,120,-0.25,149,-0.394,149,-0.394,91,-0.011,91,-0.011,91,-0.011
666882,,,,,,,,,,,,,,,,,,,,,
666903,163,163,0,163,0,163,0,163,0,163,0,163,0,163,0,100,0.633,100,0.633,100,0.633
666909,,,,,,,,,,,,,,,,,,,,,
666910,,,,,,,,,,,,,,,,,,,,,
666911,,,,,,,,,,,,,,,,,,,,,
666913,,,,,,,,,,,,,,,,,,,,,
666919,,,,,,,,,,,,,,,,,,,,,
666925,,,,,,,,,,,,,,,,,,,,,
666948,59.4,59.4,0,59.4,0,59.4,0,59.4,0,59.4,0,58.6,0.0137,58.6,0.0137,83.7,-0.29,56.1,0.0588,49.3,0.205
666953,31.9,31.9,0,31.9,0,31.9,0,31.9,0,39.9,-0.201,39.9,-0.201,39.9,-0.201,38,-0.161,26,0.227,23.5,0.357
666961,,,,,,,,,,,,,,,,,,,,,
666967,,,,,,,,,,,,,,,,,,,,,
666969,,,,,,,,,,,,,,,,,,,,,
667002,,,,,,,,,,,,,,,,,,,,,
667101,19.3,19.3,0,19.3,0,19.3,0,19.3,0,19.3,0,19.3,0,19.3,0,23.5,-0.179,16.4,0.177,16.4,0.177
667110,36.5,36.5,0,36.5,0,36.5,0,36.5,0,36,0.0139,38.7,-0.0568,43,-0.151,43,-0.151,34.9,0.0458,,
667111,36.5,36.5,0,36.5,0,36.5,0,36.5,0,36,0.0139,38.7,-0.0568,43,-0.151,43,-0.151,34.9,0.0458,,
667112,77,77,0,77,0,77,0,79,-0.0253,79,-0.0253,79,-0.0253,79,-0.0253,79,-0.0253,,,55.5,0.387
667113,77,77,0,77,0,77,0,,,79,-0.0253,79,-0.0253,79,-0.0253,79,-0.0253,64,0.203,55.5,0.387
667117,23.9,23.9,0,23.9,0,23.9,0,23.9,0,31,-0.229,31,-0.229,31,-0.229,29.5,-0.19,21,0.138,,
667129,12,12,0,12,0,12,0,12,0,12,0,12,0,12,0,12,0,,,,
667133,,,,,,,,,,,,,,,,,,,,,
667142,20,20,0,20,0,20,0,20,0,20,0,20,0,20,0,20,0,14,0.429,14,0.429
667143,,,,,,,,,,,,,,,,,,,,,
667161,16.5,16.5,0,16.5,0,16.5,0,16.5,0,16.5,0,16.5,0,16.5,0,16.5,0,13,0.269,13,0.269
667165,,,,,,,,,,,,,,,,,,,,,
667166,128,128,0,128,0,128,0,128,0,89.6,0.429,128,0,128,0,128,0,116,0.103,108,0.185
667167,128,128,0,128,0,128,0,128,0,89.6,0.429,215,-0.405,215,-0.405,215,-0.405,116,0.103,108,0.185
667172,128,128,0,128,0,128,0,128,0,128,0,215,-0.405,215,-0.405,215,-0.405,116,0.103,108,0.185
667174,128,128,0,128,0,128,0,128,0,89.6,0.429,128,0,128,0,128,0,116,0.103,108,0.185
667196,40.9,40.9,0,40.9,0,40.9,0,40.9,0,40.9,0,40.9,0,40.9,0,40.9,0,40.9,0,40.9,0
667197,79.9,79.9,0,79.9,0,79.9,0,79.9,0,79.9,0,79.9,0,79.9,0,86.1,-0.072,67,0.193,,
667198,,,,,,,,,,,,,,,,,,,,,
667210,,,,,,,,,,,,,,,,,,,,,
667213,,,,,,,,,,,,,,,,,,,,,
667215,19.8,19.8,0,19.8,0,19.8,0,19.8,0,23.3,-0.15,23.3,-0.15,23.3,-0.15,28.2,-0.298,22,-0.1,19.5,0.0154
667216,12,12,0,12,0,12,0,12,0,12,0,12,0,12,0,14.4,-0.167,12,0,12,0
667217,55.9,55.9,0,55.9,0,55.9,0,59.4,-0.0589,59.4,-0.0589,59.4,-0.0589,59.4,-0.0589,64.5,-0.133,51,0.0961,43.4,0.288
667219,,,,,,,,,,,,,,,,,,,,,
667220,,,,,,,,,,,,,,,,,,,,,
667224,38,38,0,38,0,38,0,38,0,38,0,38,0,38,0,38,0,33,0.152,31,0.226
667225,42,42,0,,,42,0,42,0,42,0,42,0,42,0,42,0,36.6,0.148,,
667226,25,25,0,25,0,25,0,25,0,,,25,0,,,,,,,,
667245,,,,,,,,,,,,,,,,,,,,,
667247,11.3,11.3,0,11.3,0,11.3,0,11.3,0,11.3,0,,,11.5,-0.0174,11.3,0,8.5,0.329,8.5,0.329
667248,11.3,11.3,0,11.3,0,11.3,0,11.3,0,11.3,0,11.3,0,11.5,-0.0174,11.3,0,,,8.5,0.329
667249,11.3,11.3,0,11.3,0,11.3,0,11.3,0,11.3,0,11.3,0,11.5,-0.0174,11.3,0,,,8.5,0.329
667250,,,,,,,,,,,,,,,,,,,,,
667251,,,,,,,,,,,,,,,,,,,,,
667253,63.7,63.7,0,63.7,0,63.7,0,63.7,0,63.7,0,63.7,0,63.7,0,63.7,0,42.5,0.499,40,0.593
667261,76.3,76.3,0,76.3,0,76.3,0,76.3,0,76.3,0,76.3,0,76.3,0,55.4,0.377,48,0.59,,
667267,76.3,76.3,0,76.3,0,76.3,0,76.3,0,76.3,0,76.3,0,,,55.4,0.377,48,0.59,,
667268,76.3,76.3,0,76.3,0,76.3,0,76.3,0,76.3,0,,,,,55.4,0.377,48,0.59,45.5,0.677
667270,76.3,76.3,0,76.3,0,76.3,0,76.3,0,76.3,0,76.3,0,76.3,0,55.4,0.377,48,0.59,45.5,0.677
667271,,,,,,,,,,,,,,,,,,,,,
667272,,,,,,,,,,,,,,,,,,,,,
667274,76.3,76.3,0,76.3,0,76.3,0,76.3,0,76.3,0,76.3,0,,,55.4,0.377,48,0.59,45.5,0.677
667277,,,,,,,,,,,,,,,,,,,,,
667296,,,,,,,,,,,,,,,,,,,,,
667304,18,18,0,18,0,18,0,18,0,16,0.125,16,0.125,16,0.125,16,0.125,14.2,0.268,10.9,0.651
667325,67.7,67.7,0,67.7,0,67.7,0,67.7,0,67.7,0,67.7,0,67.7,0,68.9,-0.0174,44.6,0.518,39.5,0.714
667332,,,,,,,,,,,,,,,,,,,,,
667338,10,10,0,10,0,10,0,10,0,10,0,10,0,10,0,5,1,4,1.5,4,1.5
667340,23,23,0,23,0,23,0,23,0,29.9,-0.231,29.9,-0.231,45.9,-0.499,32.1,-0.283,37.9,-0.393,28.9,-0.204
667341,,,,,,,,,,,,,,,,,,,,,
667345,,,,,,,,,,,,,,,,,,,,,
667346,94,94,0,94,0,94,0,94,0,94,0,94,0,94,0,94,0,80,0.175,73,0.288
667349,,,,,,,,,,,,,,,,,,,,,
667370,,,,,,,,,,,,,,,,,,,,,
667371,22.5,22.5,0,22.5,0,22.5,0,,,,,22.5,0,22.5,0,,,,,,
667372,16,16,0,16,0,16,0,,,16,0,16,0,16,0,,,,,,
667373,12,12,0,12,0,12,0,,,12,0,12,0,12,0,,,,,,
667374,,,,,,,,,,,,,,,,,,,,,
667381,,,,,,,,,,,,,,,,,,,,,
667382,15.5,15.5,0,15.5,0,15.5,0,15.5,0,15.5,0,15.5,0,15.5,0,16.8,-0.0774,13,0.192,12.1,0.281
667384,45.5,45.5,0,45.5,0,45.5,0,45.5,0,45.5,0,45.5,0,45.5,0,,,,,,
667385,45.5,45.5,0,45.5,0,45.5,0,45.5,0,45.5,0,45.5,0,,,,,,,,
667386,45.5,45.5,0,,,45.5,0,45.5,0,45.5,0,45.5,0,45.5,0,45.5,0,,,,
667387,45.5,45.5,0,45.5,0,45.5,0,45.5,0,45.5,0,45.5,0,45.5,0,45.5,0,39,0.167,,
667388,38,38,0,,,38,0,38,0,38,0,38,0,38,0,38,0,33,0.152,,
667394,86,86,0,86,0,86,0,86,0,86,0,86,0,86,0,86,0,86,0,74.4,0.156
667396,25,25,0,,,25,0,25,0,,,25,0,,,,,,,,
667397,25,25,0,,,25,0,25,0,25,0,25,0,25,0,25,0,,,,
667398,25,25,0,,,25,0,25,0,25,0,25,0,25,0,25,0,,,,
667399,25,25,0,,,,,,,,,25,0,,,,,,,,
667400,25,25,0,25,0,25,0,25,0,25,0,25,0,,,25,0,,,,
667455,15.9,15.9,0,15.9,0,15.9,0,15.9,0,15.9,0,15.9,0,15.9,0,15.9,0,15.9,0,15.9,0
667460,17,17,0,17,0,17,0,17,0,17,0,17,0,17,0,17,0,14.8,0.149,,
667468,,,,,,,,,,,,,,,,,,,,,
667469,,,,,,,,,,,,,,,,,,,,,
667471,,,,,,,,,,,,,,,,,,,,,
667479,28.7,28.7,0,28.7,0,,,,,28.7,0,28.7,0,,,26.3,0.0913,21.8,0.317,21.8,0.317
667491,,,,,,,,,,,,,,,,,,,,,
667492,15,15,0,15,0,15,0,15,0,15,0,15,0,,,15,0,13.5,0.111,13.5,0.111
667493,14.5,14.5,0,14.5,0,14.5,0,14.5,0,14.5,0,14.5,0,,,14.5,0,13.9,0.0432,13.5,0.0741
667494,,,,,,,,,,,,,,,,,,,,,
667495,10.5,10.5,0,10.5,0,10.5,0,10.5,0,10.5,0,10.5,0,10.5,0,10.5,0,8.5,0.235,8.5,0.235
667502,7.6,7.6,0,7.6,0,7.6,0,7.6,0,7.6,0,7.6,0,7.6,0,7.6,0,7.5,0.0133,5,0.52
667503,16.5,16.5,0,16.5,0,16.5,0,16.5,0,16.5,0,16.5,0,16.5,0,17,-0.0294,13,0.269,11,0.5
667504,22.9,22.9,0,22.9,0,22.9,0,22.9,0,22.9,0,22.9,0,22.9,0,22.9,0,18.5,0.238,14,0.636
667505,,,,,,,,,,,,,,,,,,,,,
667506,,,,,,,,,,,,,,,,,,,,,
667508,,,,,,,,,,,,,,,,,,,,,
667512,,,,,,,,,,,,,,,,,,,,,
667513,,,,,,,,,,,,,,,,,,,,,
667519,,,,,,,,,,,,,,,,,,,,,
667520,55.2,55.2,0,55.2,0,55.2,0,55.2,0,55.2,0,55.2,0,61.8,-0.107,61.8,-0.107,42.9,0.287,40.3,0.37
667529,43.3,43.3,0,43.3,0,43.3,0,43.3,0,43.3,0,43.3,0,43.3,0,46.5,-0.0688,36.5,0.186,33.4,0.296
667531,153,153,0,153,0,153,0,153,0,153,0,153,0,169,-0.0923,169,-0.0923,125,0.223,105,0.465
667532,153,153,0,153,0,153,0,153,0,153,0,153,0,169,-0.0923,169,-0.0923,125,0.223,105,0.465
667533,153,153,0,153,0,153,0,153,0,153,0,153,0,,,169,-0.0923,125,0.223,105,0.465
667540,,,,,,,,,,,,,,,,,,,,,
667541,98.1,98.1,0,98.1,0,98.1,0,98.1,0,98.1,0,98.1,0,104,-0.0567,104,-0.0567,68.9,0.424,57.2,0.715
667544,,,,,,,,,,,,,,,,,,,,,
667547,39.7,39.7,0,39.7,0,39.7,0,39.7,0,39.7,0,39.7,0,39.7,0,39.7,0,33,0.203,24.6,0.614
667548,,,,,,,,,,,,,,,,,,,,,
667549,18,18,0,18,0,18,0,18,0,18,0,,,,,,,,,18,0
667550,,,,,,,,,,,,,,,,,,,,,
667551,,,,,,,,,,,,,,,,,,,,,
667552,,,,,,,,,,,,,,,,,,,,,
667553,,,,,,,,,,,,,,,,,,,,,
667554,,,,,,,,,,,,,,,,,,,,,
667555,,,,,,,,,,,,,,,,,,,,,
667556,,,,,,,,,,,,,,,,,,,,,
667566,154,154,0,154,0,154,0,154,0,154,0,154,0,154,0,145,0.0614,92,0.673,92,0.673
667567,19.9,19.9,0,19.9,0,19.9,0,19.9,0,19.9,0,19.9,0,19.9,0,19,0.0474,17,0.171,17,0.171
667568,19,19,0,19,0,19,0,19,0,19,0,19,0,19,0,19,0,16.5,0.152,16.5,0.152
667570,23.5,23.5,0,23.5,0,23.5,0,23.5,0,23.5,0,23.5,0,23.5,0,22.5,0.0444,22.5,0.0444,19,0.237
667571,19.9,19.9,0,19.9,0,19.9,0,19.9,0,19.9,0,22.5,-0.116,22.5,-0.116,21.5,-0.0744,20,-0.005,18,0.106
667572,23.5,23.5,0,23.5,0,23.5,0,23.5,0,23.5,0,23.5,0,23.5,0,22.5,0.0444,22.5,0.0444,20.5,0.146
667573,19.9,19.9,0,19.9,0,19.9,0,19.9,0,19.9,0,,,,,,,,,,
667574,17.5,17.5,0,17.5,0,17.5,0,17.5,0,17.5,0,18.5,-0.0541,18.5,-0.0541,17.8,-0.0169,16.5,0.0606,15.9,0.101
667575,22.9,22.9,0,22.9,0,22.9,0,22.9,0,22.9,0,19.9,0.151,22.5,0.0178,22.3,0.0269,23.7,-0.0338,23.7,-0.0338
667578,8,8,0,8,0,8,0,,,,,8,0,8,0,,,,,,
667583,30,30,0,30,0,30,0,30,0,30,0,,,,,,,,,,
667584,30,30,0,30,0,30,0,30,0,30,0,,,,,,,,,16.9,0.775
667586,73,73,0,73,0,73,0,73,0,73,0,73,0,73,0,73,0,61,0.197,50.9,0.434
667587,31,31,0,31,0,31,0,31,0,31,0,31,0,31,0,31,0,27,0.148,26,0.192
667592,,,,,,,,,,,,,,,,,,,,,
667602,66,66,0,66,0,66,0,66,0,66,0,66,0,66,0,66,0,58,0.138,58,0.138
667616,,,,,,,,,,,,,,,,,,,,,
667617,19.9,19.9,0,19.9,0,19.9,0,19.9,0,19.9,0,19.9,0,19.9,0,19.9,0,14.9,0.336,14,0.421
667618,98,98,0,,,,,98,0,98,0,98,0,98,0,98,0,79.9,0.227,,
667620,10.9,10.9,0,10.9,0,10.9,0,10.9,0,10.9,0,13.5,-0.193,13.5,-0.193,13.5,-0.193,11.4,-0.0439,11.5,-0.0522
667631,27,27,0,27,0,27,0,27,0,27,0,,,27,0,27,0,22.5,0.2,18.9,0.429
667632,29,29,0,29,0,29,0,29,0,29,0,29,0,29,0,29,0,27,0.0741,26.5,0.0943
667639,,,,,,,,,,,,,,,,,,,,,
667640,,,,,,,,,,,,,,,,,,,,,
667648,67.6,67.6,0,67.6,0,67.6,0,67.6,0,67.6,0,67.6,0,78,-0.133,78,-0.133,52,0.3,45.4,0.489
667651,46.2,46.2,0,46.2,0,46.2,0,46.2,0,46.2,0,46.2,0,46.2,0,46.2,0,26.5,0.743,26.5,0.743
667652,20,20,0,20,0,20,0,20,0,20,0,20,0,20,0,20,0,11.5,0.739,11.5,0.739
667662,46.8,46.8,0,46.8,0,46.8,0,46.8,0,46.8,0,46.8,0,43.6,0.0744,43.1,0.0858,41.6,0.125,40.8,0.146
667663,85,85,0,85,0,85,0,85,0,98.2,-0.135,130,-0.346,130,-0.346,130,-0.346,114,-0.254,102,-0.167
667665,,,,,,,,,,,,,,,,,,,,,
667672,,,,,,,,,,,,,,,,,,,,,
667674,75.9,75.9,0,75.9,0,75.9,0,75.9,0,,,,,,,,,,,,
667675,38.8,38.8,0,38.8,0,38.8,0,38.8,0,38.8,0,38.8,0,38.8,0,38.8,0,34.7,0.118,34.7,0.118
667684,,,,,,,,,,,,,,,,,,,,,
667692,134,134,0,134,0,134,0,149,-0.0999,,,149,-0.0999,,,149,-0.0999,117,0.148,109,0.228
667693,,,,,,,,,,,,,,,,,,,,,
667704,,,,,,,,,,,,,,,,,,,,,
667720,90,90,0,90,0,90,0,90,0,90,0,261,-0.655,261,-0.655,165,-0.455,165,-0.455,165,-0.455
667722,87.3,87.3,0,87.3,0,87.3,0,87.3,0,87.3,0,87.3,0,87.3,0,48,0.819,49,0.782,51,0.712
667723,,,,,,,,,,,,,,,,,,,,,
667724,14,14,0,14,0,14,0,14,0,14,0,14,0,14,0,14,0,12.5,0.12,11.5,0.217
667725,266,266,0,266,0,266,0,,,199,0.337,266,0,266,0,266,0,233,0.142,215,0.237
667740,76.8,76.8,0,76.8,0,76.8,0,76.8,0,76.8,0,76.8,0,76.8,0,76.8,0,66,0.164,66,0.164
667741,76.8,76.8,0,76.8,0,76.8,0,76.8,0,76.8,0,76.8,0,76.8,0,76.8,0,66,0.164,66,0.164
667742,76.8,76.8,0,76.8,0,76.8,0,76.8,0,76.8,0,76.8,0,76.8,0,76.8,0,66,0.164,66,0.164
667744,,,,,,,,,,,,,,,,,,,,,
667745,43,43,0,43,0,43,0,43,0,43,0,43,0,43,0,43,0,36,0.194,33,0.303
667746,,,,,,,,,,,,,,,,,,,,,
667747,43,43,0,43,0,43,0,43,0,43,0,43,0,43,0,43,0,36,0.194,33,0.303
667748,66,66,0,66,0,66,0,66,0,66,0,66,0,66,0,66,0,55,0.2,52,0.269
667749,66,66,0,66,0,66,0,66,0,66,0,66,0,66,0,66,0,55,0.2,50,0.32
667750,66,66,0,66,0,66,0,66,0,66,0,66,0,66,0,66,0,55,0.2,52,0.269
667751,61,61,0,61,0,61,0,61,0,61,0,61,0,61,0,61,0,51,0.196,46.5,0.312
667752,85,85,0,85,0,85,0,85,0,85,0,85,0,85,0,85,0,71,0.197,66,0.288
667753,,,,,,,,,,,,,,,,,,,,,
667755,85,85,0,85,0,85,0,85,0,85,0,85,0,,,85,0,71,0.197,66,0.288
667756,61,61,0,61,0,61,0,61,0,61,0,61,0,61,0,61,0,51,0.196,46.5,0.312
667757,85,85,0,85,0,85,0,85,0,85,0,,,85,0,85,0,71,0.197,66,0.288
667758,40.5,40.5,0,40.5,0,40.5,0,40.5,0,53.9,-0.249,53.9,-0.249,,,53.9,-0.249,,,,
667759,15,15,0,15,0,15,0,15,0,15,0,15,0,15,0,15,0,12.5,0.2,12.5,0.2
667760,25.2,25.2,0,25.2,0,25.2,0,25.2,0,25.2,0,25.2,0,25.2,0,,,21.5,0.172,21.5,0.172
667761,,,,,,,,,,,,,,,,,,,,,
667768,,,,,,,,,,,,,,,,,,,,,
667769,14.4,14.4,0,14.4,0,14.4,0,14.4,0,14.4,0,14.4,0,14.4,0,13.1,0.0992,12.5,0.152,12.5,0.152
667771,,,,,,,,,,,,,,,,,,,,,
667772,1,1,0,1,0,1,0,1,0,,,,,,,,,,,,
667774,15,15,0,15,0,15,0,15,0,15,0,15,0,15,0,15,0,12.5,0.2,12.5,0.2
667775,25.2,25.2,0,25.2,0,25.2,0,25.2,0,25.2,0,25.2,0,25.2,0,25.2,0,21.5,0.172,21,0.2
667776,,,,,,,,,,,,,,,,,,,,,
667780,29,29,0,29,0,,,29,0,29,0,29,0,29,0,29,0,27.5,0.0545,27.5,0.0545
667782,86.3,86.3,0,86.3,0,86.3,0,86.3,0,86.3,0,86.3,0,,,,,,,65.9,0.31
667783,,,,,,,,,,,,,,,,,,,,,
667784,74.5,74.5,0,74.5,0,74.5,0,74.5,0,74.5,0,74.5,0,74.5,0,74.5,0,74.5,0,67.1,0.11
667788,13.5,13.5,0,13.5,0,13.5,0,13.5,0,13.5,0,13.5,0,13.5,0,13.5,0,11.9,0.134,11.5,0.174
667789,,,,,,,,,,,,,,,,,,,,,
667790,,,,,,,,,,,,,,,,,,,,,
667791,,,,,,,,,,,,,,,,,,,,,
667792,32,32,0,32,0,32,0,32,0,32,0,32,0,32,0,32,0,32,0,32,0
667793,,,,,,,,,,,,,,,,,,,,,
667794,120,120,0,120,0,120,0,120,0,120,0,120,0,120,0,120,0,96,0.251,,
667795,27.5,27.5,0,27.5,0,27.5,0,27.5,0,27.5,0,27.5,0,27.5,0,29.6,-0.0709,23,0.196,20.6,0.335
667796,42.8,42.8,0,42.8,0,42.8,0,42.8,0,42.8,0,42.8,0,42.8,0,45.9,-0.0675,36,0.189,32.1,0.333
667797,,,,,,,,,,,,,,,,,,,,,
667798,,,,,,,,,,,,,,,,,,,,,
667802,,,,,,,,,,,,,,,,,,,,,
667803,,,,,,,,,,,,,,,,,,,,,
667804,186,186,0,186,0,186,0,186,0,186,0,186,0,186,0,186,0,146,0.275,132,0.408
667805,,,,,,,,,,,,,,,,,,,,,
667806,153,153,0,153,0,153,0,159,-0.0383,159,-0.0383,159,-0.0383,159,-0.0383,180,-0.149,140,0.0936,128,0.191
667807,,,,,,,,,,,,,,,,,,,,,
667808,153,153,0,153,0,153,0,159,-0.0383,127,0.202,159,-0.0383,159,-0.0383,180,-0.149,140,0.0936,119,0.289
667809,140,140,0,140,0,140,0,153,-0.0862,138,0.0152,153,-0.0862,153,-0.0862,172,-0.185,134,0.044,122,0.143
667810,141,141,0,141,0,141,0,153,-0.0797,138,0.0225,153,-0.0797,153,-0.0797,172,-0.179,134,0.0515,,
667811,80.5,80.5,0,80.5,0,80.5,0,87.5,-0.08,87.5,-0.08,87.5,-0.08,87.5,-0.08,100,-0.195,79,0.019,71.3,0.129
667812,,,,,,,,,,,,,,,,,,,,,
667814,,,,,,,,,,,,,,,,,,,,,
667817,141,141,0,141,0,141,0,153,-0.0797,138,0.0225,153,-0.0797,153,-0.0797,172,-0.179,134,0.0515,122,0.151
667825,,,,,,,,,,,,,,,,,,,,,
667829,55,55,0,55,0,55,0,55,0,52.5,0.0476,52.5,0.0476,52.5,0.0476,61.8,-0.11,42.8,0.285,39.5,0.392
667839,,,,,,,,,,,,,,,,,,,,,
667840,,,,,,,,,,,,,,,,,,,,,
667846,,,,,,,,,,,,,,,,,,,,,
667847,23,23,0,23,0,23,0,23,0,23,0,23,0,23,0,,,22,0.0455,22,0.0455
667848,22.5,22.5,0,22.5,0,22.5,0,22.5,0,22.5,0,22.5,0,22.5,0,22.5,0,20.5,0.0976,20.5,0.0976
667874,,,,,,,,,,,,,,,,,,,,,
667879,72.9,72.9,0,72.9,0,72.9,0,72.9,0,72.9,0,,,,,72.9,0,69.9,0.0429,69.9,0.0429
667880,,,,,,,,,,,,,,,,,,,,,
667881,72.9,72.9,0,72.9,0,,,,,,,72.9,0,72.9,0,72.9,0,69.9,0.0429,69.9,0.0429
667882,,,,,,,,,,,,,,,,,,,,,
667885,59.9,59.9,0,59.9,0,59.9,0,59.9,0,59.9,0,,,60,-0.00167,60,-0.00167,49.9,0.2,49.9,0.2
667890,,,,,,,,,,,,,,,,,,,,,
667892,153,153,0,153,0,153,0,,,127,0.202,159,-0.0383,159,-0.0383,180,-0.149,140,0.0936,128,0.191
667893,153,153,0,153,0,153,0,159,-0.0383,159,-0.0383,159,-0.0383,159,-0.0383,180,-0.149,140,0.0936,128,0.191
667894,141,141,0,141,0,141,0,153,-0.0797,138,0.0225,153,-0.0797,153,-0.0797,172,-0.179,134,0.0515,122,0.151
667895,45,45,0,45,0,45,0,45,0,45,0,45,0,,,52,-0.135,44,0.0227,35,0.286
667897,,,,,,,,,,,,,,,,,,,,,
667898,,,,,,,,,,,,,,,,,,,,,
667899,14.1,14.1,0,14.1,0,14.1,0,14.1,0,14.1,0,14.1,0,14.1,0,15,-0.06,8.6,0.64,7.5,0.88
667900,56,56,0,56,0,56,0,60.5,-0.0744,60.5,-0.0744,60.5,-0.0744,,,65.8,-0.149,49.5,0.131,43.4,0.29
667904,60,60,0,60,0,60,0,60,0,60,0,60,0,60,0,60,0,45,0.333,40,0.5
667905,,,,,,,,,,,,,,,,,,,,,
667907,44,44,0,44,0,44,0,44,0,44,0,43.9,0.00228,43.9,0.00228,43.9,0.00228,37.5,0.173,37.5,0.173
667908,39,39,0,,,39,0,39,0,39,0,39,0,39,0,39,0,33.7,0.157,,
667909,17,17,0,17,0,17,0,17,0,17,0,17,0,,,17,0,,,,
667910,,,,,,,,,,,,,,,,,,,,,
667911,25,25,0,,,,,25,0,25,0,25,0,,,25,0,,,,
667912,25,25,0,,,,,25,0,25,0,25,0,25,0,25,0,,,,
667913,,,,,,,,,,,,,,,,,,,,,
667914,,,,,,,,,,,,,,,,,,,,,
667915,38,38,0,38,0,38,0,38,0,38,0,38,0,38,0,,,33,0.152,31,0.226
667916,78,78,0,78,0,78,0,78,0,,,78,0,,,83.9,-0.0703,65.9,0.184,55.9,0.395
667917,72,72,0,72,0,72,0,72,0,72,0,72,0,,,75.4,-0.0451,59,0.22,53,0.358
667944,188,188,0,188,0,188,0,188,0,188,0,216,-0.129,216,-0.129,269,-0.304,179,0.0504,166,0.133
667945,62.4,62.4,0,62.4,0,62.4,0,62.4,0,62.4,0,62.4,0,69.6,-0.103,69.6,-0.103,49.9,0.251,44.2,0.412
667946,,,,,,,,,,,,,,,,,,,,,
667951,,,,,,,,,,,,,,,,,,,,,
667952,,,,,,,,,,,,,,,,,,,,,
667954,405,405,0,405,0,405,0,405,0,405,0,327,0.239,327,0.239,327,0.239,320,0.266,320,0.266
667969,51.7,51.7,0,51.7,0,51.7,0,51.7,0,51.7,0,44,0.175,50,0.034,50,0.034,36.9,0.401,36.9,0.401
667970,51.7,51.7,0,51.7,0,51.7,0,51.7,0,51.7,0,44,0.175,50,0.034,50,0.034,36.9,0.401,36.9,0.401
667971,44.1,44.1,0,44.1,0,44.1,0,53.1,-0.169,53.1,-0.169,57.4,-0.232,57.5,-0.233,55,-0.198,42,0.05,40.3,0.0943
667986,,,,,,,,,,,,,,,,,,,,,
667987,308,308,0,308,0,308,0,308,0,308,0,308,0,308,0,308,0,246,0.253,218,0.414
667988,308,308,0,308,0,308,0,308,0,308,0,308,0,308,0,308,0,,,218,0.414
667992,,,,,,,,,,,,,,,,,,,,,
667995,,,,,,,,,,,,,,,,,,,,,
667996,,,,,,,,,,,,,,,,,,,,,
667998,11.9,11.9,0,11.9,0,11.9,0,11.9,0,11.9,0,,,,,11.9,0,9.4,0.266,8.8,0.352
667999,11.9,11.9,0,11.9,0,11.9,0,11.9,0,11.9,0,,,,,11.9,0,9.4,0.266,,
668003,11.9,11.9,0,11.9,0,11.9,0,11.9,0,,,11.9,0,11.9,0,11.9,0,9.4,0.266,8.8,0.352
668004,11.9,11.9,0,11.9,0,11.9,0,11.9,0,11.9,0,11.9,0,11.9,0,11.9,0,9.4,0.266,8.8,0.352
668005,,,,,,,,,,,,,,,,,,,,,
668008,,,,,,,,,,,,,,,,,,,,,
668009,11.9,11.9,0,11.9,0,11.9,0,11.9,0,11.9,0,11.9,0,11.9,0,11.9,0,9.4,0.266,8.8,0.352
668010,,,,,,,,,,,,,,,,,,,,,
668011,,,,,,,,,,,,,,,,,,,,,
668012,11.9,11.9,0,11.9,0,11.9,0,11.9,0,11.9,0,11.9,0,11.9,0,11.9,0,9.4,0.266,8.8,0.352
668013,11.9,11.9,0,11.9,0,11.9,0,11.9,0,11.9,0,11.9,0,11.9,0,11.9,0,9.4,0.266,8.8,0.352
668014,11.9,11.9,0,11.9,0,11.9,0,11.9,0,11.9,0,11.9,0,11.9,0,11.9,0,9.4,0.266,8.8,0.352
668015,,,,,,,,,,,,,,,,,,,,,
668016,11.9,11.9,0,11.9,0,11.9,0,11.9,0,11.9,0,11.9,0,11.9,0,11.9,0,9.4,0.266,8.8,0.352
668018,,,,,,,,,,,,,,,,,,,,,
668019,,,,,,,,,,,,,,,,,,,,,
668020,11.9,11.9,0,,,,,11.9,0,11.9,0,11.9,0,11.9,0,11.9,0,9.4,0.266,8.8,0.352
668021,,,,,,,,,,,,,,,,,,,,,
668022,11.9,11.9,0,11.9,0,11.9,0,11.9,0,11.9,0,11.9,0,11.9,0,,,,,8.8,0.352
668024,11.9,11.9,0,11.9,0,11.9,0,11.9,0,11.9,0,11.9,0,11.9,0,11.9,0,9.4,0.266,8.8,0.352
668026,11.9,11.9,0,11.9,0,11.9,0,11.9,0,11.9,0,,,,,,,9.4,0.266,8.8,0.352
668027,11.9,11.9,0,11.9,0,11.9,0,11.9,0,11.9,0,11.9,0,,,,,9.4,0.266,8.8,0.352
668031,11.9,11.9,0,11.9,0,11.9,0,11.9,0,11.9,0,,,11.9,0,11.9,0,9.4,0.266,,
668032,11.9,11.9,0,11.9,0,11.9,0,11.9,0,11.9,0,11.9,0,11.9,0,11.9,0,9.4,0.266,8.8,0.352
668033,11.9,11.9,0,11.9,0,11.9,0,11.9,0,11.9,0,11.9,0,11.9,0,11.9,0,9.4,0.266,8.8,0.352
668034,11.9,11.9,0,11.9,0,11.9,0,11.9,0,11.9,0,11.9,0,11.9,0,11.9,0,9.4,0.266,8.8,0.352
668035,11.9,11.9,0,11.9,0,11.9,0,11.9,0,11.9,0,11.9,0,11.9,0,11.9,0,9.4,0.266,8.8,0.352
668036,,,,,,,,,,,,,,,,,,,,,
668037,11.9,11.9,0,11.9,0,11.9,0,11.9,0,11.9,0,11.9,0,11.9,0,11.9,0,9.4,0.266,8.8,0.352
668038,,,,,,,,,,,,,,,,,,,,,
668039,11.9,11.9,0,,,,,11.9,0,11.9,0,,,11.9,0,11.9,0,9.4,0.266,8.8,0.352
668040,11.9,11.9,0,11.9,0,11.9,0,11.9,0,11.9,0,11.9,0,11.9,0,11.9,0,9.4,0.266,8.8,0.352
668041,11.9,11.9,0,11.9,0,11.9,0,11.9,0,11.9,0,,,,,11.9,0,9.4,0.266,8.8,0.352
668042,,,,,,,,,,,,,,,,,,,,,
668044,,,,,,,,,,,,,,,,,,,,,
668045,11.9,11.9,0,11.9,0,11.9,0,11.9,0,11.9,0,11.9,0,11.9,0,11.9,0,9.4,0.266,8.8,0.352
668046,11.9,11.9,0,11.9,0,11.9,0,11.9,0,11.9,0,11.9,0,11.9,0,11.9,0,9.4,0.266,8.8,0.352
668047,11.9,11.9,0,11.9,0,11.9,0,11.9,0,11.9,0,,,,,11.9,0,9.4,0.266,8.8,0.352
668049,,,,,,,,,,,,,,,,,,,,,
668050,11.9,11.9,0,11.9,0,11.9,0,11.9,0,11.9,0,,,,,11.9,0,9.4,0.266,8.8,0.352
668051,11.9,11.9,0,11.9,0,11.9,0,11.9,0,,,11.9,0,,,11.9,0,9.4,0.266,8.8,0.352
668052,11.9,11.9,0,11.9,0,11.9,0,11.9,0,11.9,0,,,,,11.9,0,9.4,0.266,,
668053,11.9,11.9,0,11.9,0,11.9,0,11.9,0,11.9,0,,,,,,,9.4,0.266,,
668055,11.9,11.9,0,11.9,0,11.9,0,11.9,0,11.9,0,11.9,0,11.9,0,11.9,0,9.4,0.266,8.8,0.352
668056,31.9,31.9,0,31.9,0,31.9,0,31.9,0,31.9,0,,,,,,,27.5,0.16,,
668057,31.9,31.9,0,31.9,0,31.9,0,31.9,0,31.9,0,,,,,,,27.5,0.16,25,0.276
668058,31.9,31.9,0,31.9,0,31.9,0,31.9,0,31.9,0,31.9,0,,,31.9,0,27.5,0.16,25,0.276
668059,31.9,31.9,0,31.9,0,31.9,0,31.9,0,31.9,0,31.9,0,,,,,27.5,0.16,25,0.276
668060,,,,,,,,,,,,,,,,,,,,,
668065,68.4,68.4,0,68.4,0,68.4,0,71.3,-0.0407,71.3,-0.0407,71.3,-0.0407,,,77.5,-0.117,60.8,0.125,54.1,0.264
668066,15.5,15.5,0,15.5,0,15.5,0,15.5,0,15.5,0,15.5,0,15.5,0,15.5,0,11,0.409,11,0.409
668073,141,141,0,141,0,141,0,153,-0.0797,138,0.0225,153,-0.0797,153,-0.0797,,,134,0.0515,122,0.151
668076,,,,,,,,,,,,,,,,,,,,,
668077,48.7,48.7,0,48.7,0,48.7,0,48.7,0,48.7,0,48.7,0,48.7,0,,,,,,
668079,,,,,,,,,,,,,,,,,,,,,
668081,46.6,46.6,0,46.6,0,46.6,0,46.6,0,46.6,0,46.6,0,45,0.0356,45,0.0356,33,0.412,33,0.412
668082,46.6,46.6,0,46.6,0,46.6,0,46.6,0,46.6,0,46.6,0,45,0.0356,45,0.0356,33,0.412,33,0.412
668091,60.8,60.8,0,60.8,0,60.8,0,60.8,0,60.8,0,60.8,0,60.8,0,65.1,-0.0661,51,0.192,46.3,0.313
668092,62,62,0,62,0,62,0,62,0,62,0,62,0,62,0,66.5,-0.0677,52.6,0.179,47.3,0.311
668094,34.8,34.8,0,34.8,0,34.8,0,34.8,0,34.8,0,34.8,0,33.7,0.0326,33.4,0.0419,,,,
668095,,,,,,,,,,,,,,,,,,,,,
668096,46.8,46.8,0,46.8,0,46.8,0,46.8,0,46.8,0,46.8,0,43.6,0.0734,43.1,0.0858,41.6,0.125,40.8,0.146
668099,,,,,,,,,,,,,,,,,,,,,
668100,38.3,38.3,0,38.3,0,38.3,0,38.3,0,38.3,0,19,1.02,38.3,0,38.3,0,31.3,0.224,31.3,0.224
668101,38.3,38.3,0,38.3,0,38.3,0,38.3,0,38.3,0,19,1.02,38.3,0,38.3,0,31.3,0.224,31.3,0.224
668105,,,,,,,,,,,,,,,,,,,,,
668114,,,,,,,,,,,,,,,,,,,,,
668115,,,,,,,,,,,,,,,,,,,,,
668116,,,,,,,,,,,,,,,,,,,,,
668117,,,,,,,,,,,,,,,,,,,,,
668118,,,,,,,,,,,,,,,,,,,,,
668120,74.5,74.5,0,74.5,0,74.5,0,74.5,0,74.5,0,74.5,0,84.5,-0.118,91.5,-0.186,65.6,0.136,54,0.38
668121,,,,,,,,,,,,,,,,,,,,,
668124,99,99,0,99,0,99,0,99,0,99,0,,,,,99,0,,,74,0.338
668125,22.9,22.9,0,22.9,0,22.9,0,22.9,0,22.9,0,20,0.145,22.9,0,25,-0.084,22,0.0409,18.7,0.225
668130,33,33,0,33,0,33,0,,,,,33,0,33,0,33,0,29,0.138,29,0.138
668131,,,,,,,,,,,,,,,,,,,,,
668132,,,,,,,,,,,,,,,,,,,,,
668164,38.4,38.4,0,38.4,0,38.4,0,38.4,0,38.4,0,38.4,0,38.4,0,38.4,0,33,0.164,33,0.164
668166,39.5,39.5,0,39.5,0,39.5,0,39.5,0,39.5,0,39.5,0,,,40.9,-0.0342,30.6,0.291,26.9,0.468
668167,26.5,26.5,0,26.5,0,26.5,0,26.5,0,26.5,0,26.5,0,26.5,0,29,-0.0862,26.5,0,26.5,0
668168,40,40,0,40,0,40,0,40,0,40,0,40,0,40,0,44.6,-0.103,40.5,-0.0123,40.5,-0.0123
668169,53.5,53.5,0,53.5,0,53.5,0,53.5,0,53.5,0,53.5,0,53.5,0,58.7,-0.0886,53.5,0,53.5,0
668173,68.9,68.9,0,,,,,,,,,,,,,,,,,,
668174,51.2,51.2,0,51.2,0,51.2,0,51.2,0,51.2,0,51.2,0,51.2,0,,,,,,
668175,63.7,63.7,0,,,,,63.7,0,63.7,0,63.7,0,63.7,0,,,48.7,0.308,,
668176,30,30,0,30,0,30,0,30,0,30,0,30,0,30,0,30,0,24,0.25,18.5,0.622
668179,76.5,76.5,0,76.5,0,76.5,0,76.5,0,76.5,0,76.5,0,76.5,0,76.5,0,60,0.275,56.3,0.359
668181,18.5,18.5,0,18.5,0,18.5,0,,,18.5,0,18.5,0,18.5,0,18.5,0,15,0.233,13.8,0.341
668182,18.5,18.5,0,18.5,0,18.5,0,18.5,0,18.5,0,,,,,,,15,0.233,13.8,0.341
668183,18.5,18.5,0,18.5,0,18.5,0,18.5,0,18.5,0,18.5,0,18.5,0,18.5,0,15,0.233,13.8,0.341
668184,18.5,18.5,0,18.5,0,18.5,0,18.5,0,18.5,0,18.5,0,18.5,0,18.5,0,15,0.233,13.8,0.341
668185,,,,,,,,,,,,,,,,,,,,,
668186,13.4,13.4,0,,,,,13.4,0,13.4,0,,,13.4,0,13.4,0,10.2,0.314,9.4,0.426
668187,13.4,13.4,0,,,,,13.4,0,13.4,0,13.4,0,13.4,0,13.4,0,,,,
668188,8.9,8.9,0,,,8.9,0,8.9,0,,,8.9,0,8.9,0,8.9,0,6.8,0.309,6.3,0.413
668189,99.9,99.9,0,99.9,0,99.9,0,99.9,0,79.9,0.25,99.9,0,99.9,0,99.9,0,89.9,0.111,89.9,0.111
668193,,,,,,,,,,,,,,,,,,,,,
668197,,,,,,,,,,,,,,,,,,,,,
668198,,,,,,,,,,,,,,,,,,,,,
668237,31,31,0,31,0,31,0,31,0,31,0,31,0,31,0,31,0,30.5,0.0164,27,0.148
668238,34,34,0,34,0,34,0,34,0,34,0,34,0,34,0,34,0,20,0.7,19,0.789
668239,45,45,0,45,0,45,0,45,0,45,0,45,0,45,0,45,0,30,0.5,29,0.552
668241,12,12,0,12,0,12,0,12,0,12,0,12,0,12,0,12,0,11.5,0.0435,9.5,0.263
668242,30,30,0,30,0,30,0,30,0,30,0,30,0,30,0,30,0,24.3,0.235,23.9,0.255
668243,21.7,21.7,0,21.7,0,21.7,0,22.9,-0.0524,22.9,-0.0524,22.9,-0.0524,22.9,-0.0524,25,-0.132,22,-0.0136,18.7,0.16
668244,,,,,,,,,,,,,,,,,,,,,
668249,,,,,,,,,,,,,,,,,,,,,
668250,,,,,,,,,,,,,,,,,,,,,
668251,138,138,0,138,0,138,0,138,0,69,1,138,0,138,0,138,0,138,0,138,0
668252,,,,,,,,,,,,,,,,,,,,,
668253,140,140,0,140,0,140,0,140,0,112,0.25,140,0,140,0,140,0,133,0.0526,123,0.138
668254,140,140,0,140,0,140,0,140,0,112,0.25,140,0,140,0,140,0,133,0.0526,123,0.138
668255,140,140,0,140,0,140,0,140,0,112,0.25,140,0,140,0,140,0,133,0.0526,123,0.138
668256,,,,,,,,,,,,,,,,,,,,,
668257,140,140,0,140,0,140,0,140,0,112,0.25,140,0,140,0,140,0,133,0.0526,123,0.138
668264,68.9,68.9,0,68.9,0,68.9,0,68.9,0,68.9,0,68.9,0,68.9,0,68.9,0,68.9,0,61.4,0.122
668265,,,,,,,,,,,,,,,,,,,,,
668266,59.3,59.3,0,59.3,0,59.3,0,59.3,0,59.3,0,59.3,0,,,63.8,-0.0705,50,0.186,44.5,0.333
668267,,,,,,,,,,,,,,,,,,,,,
668268,57.1,57.1,0,57.1,0,57.1,0,61,-0.0639,61,-0.0639,61,-0.0639,61,-0.0639,66.5,-0.141,52,0.0981,45.3,0.26
668270,57.1,57.1,0,57.1,0,57.1,0,61,-0.0639,61,-0.0639,61,-0.0639,,,66.5,-0.141,52,0.0981,45.3,0.26
668271,,,,,,,,,,,,,,,,,,,,,
668272,57.1,57.1,0,57.1,0,57.1,0,61,-0.0639,61,-0.0639,61,-0.0639,,,66.5,-0.141,52,0.0981,45.3,0.26
668273,,,,,,,,,,,,,,,,,,,,,
668274,57.1,57.1,0,57.1,0,57.1,0,61,-0.0639,61,-0.0639,61,-0.0639,,,66.5,-0.141,52,0.0981,45.3,0.26
668275,57.1,57.1,0,57.1,0,57.1,0,61,-0.0639,61,-0.0639,61,-0.0639,,,66.5,-0.141,52,0.0981,45.3,0.26
668276,57.1,57.1,0,57.1,0,57.1,0,,,61,-0.0639,61,-0.0639,,,66.5,-0.141,52,0.0981,45.3,0.26
668277,57.1,57.1,0,57.1,0,57.1,0,61,-0.0639,61,-0.0639,61,-0.0639,,,66.5,-0.141,52,0.0981,45.3,0.26
668278,22.9,22.9,0,22.9,0,22.9,0,22.9,0,22.9,0,20,0.145,22.9,0,25,-0.084,22,0.0409,22,0.0409
668279,22.9,22.9,0,22.9,0,22.9,0,22.9,0,22.9,0,22.9,0,22.9,0,25,-0.084,22,0.0409,22,0.0409
668280,,,,,,,,,,,,,,,,,,,,,
668281,33,33,0,33,0,33,0,33,0,33,0,33,0,33,0,33,0,26.5,0.245,26.5,0.245
668283,26.3,26.3,0,26.3,0,26.3,0,26.3,0,26.3,0,26.3,0,26.3,0,,,,,,
668300,49.7,49.7,0,,,49.7,0,49.7,0,49.7,0,49.7,0,49.7,0,49.7,0,41.3,0.203,,
668345,,,,,,,,,,,,,,,,,,,,,
668355,,,,,,,,,,,,,,,,,,,,,
668356,,,,,,,,,,,,,,,,,,,,,
668357,,,,,,,,,,,,,,,,,,,,,
668358,,,,,,,,,,,,,,,,,,,,,
668359,,,,,,,,,,,,,,,,,,,,,
668360,,,,,,,,,,,,,,,,,,,,,
668361,31.8,31.8,0,31.8,0,31.8,0,31.8,0,31.8,0,31.8,0,31.8,0,31.8,0,24.2,0.314,22.9,0.389
668396,50,50,0,50,0,50,0,50,0,50,0,50,0,,,,,44,0.136,44,0.136
668403,26.5,26.5,0,26.5,0,26.5,0,28.3,-0.0636,28.3,-0.0636,28.3,-0.0636,,,28.3,-0.0636,27,-0.0185,27,-0.0185
668440,,,,,,,,,,,,,,,,,,,,,
668486,34.6,34.6,0,34.6,0,34.6,0,34.6,0,34.6,0,30,0.153,,,34.6,0,22,0.573,22,0.573
668488,35.5,35.5,0,35.5,0,35.5,0,35.5,0,,,,,,,35.5,0,26,0.365,26,0.365
668501,31.4,31.4,0,31.4,0,31.4,0,31.4,0,31.4,0,31.4,0,31.4,0,36.3,-0.135,27,0.163,30.8,0.0195
668503,27,27,0,27,0,27,0,27,0,27,0,24,0.125,32.4,-0.167,32.4,-0.167,25,0.08,25,0.08
668504,27,27,0,27,0,27,0,27,0,27,0,24,0.125,32.4,-0.167,32.4,-0.167,25.5,0.0588,25.5,0.0588
668505,93.9,93.9,0,93.9,0,93.9,0,93.9,0,93.9,0,,,93.9,0,93.9,0,66.4,0.414,58.8,0.597
668506,,,,,,,,,,,,,,,,,,,,,
668508,39.5,39.5,0,39.5,0,39.5,0,39.5,0,39.5,0,39.5,0,39.5,0,42.5,-0.0706,33.3,0.186,28.5,0.386
668509,72.5,72.5,0,72.5,0,72.5,0,72.5,0,72.5,0,72.5,0,72.5,0,77.9,-0.0693,61,0.189,52.5,0.381
668512,,,,,,,,,,,,,,,,,,,,,
668513,,,,,,,,,,,,,,,,,,,,,
668514,,,,,,,,,,,,,,,,,,,,,
668516,56,56,0,56,0,56,0,56,0,56,0,56,0,56,0,56,0,41.7,0.343,33,0.697
668517,48,48,0,48,0,48,0,48,0,48,0,47.8,0.00418,47.8,0.00418,49,-0.0204,29,0.655,29,0.655
668524,140,140,0,140,0,140,0,140,0,112,0.25,140,0,140,0,140,0,133,0.0526,123,0.138
668526,,,,,,,,,,,,,,,,,,,,,
668527,142,142,0,142,0,142,0,142,0,,,,,,,,,,,130,0.0923
668531,18,18,0,18,0,18,0,18,0,18,0,18,0,18,0,18,0,16.9,0.0651,,
668532,18,18,0,18,0,18,0,18,0,18,0,18,0,18,0,18,0,16.9,0.0651,,
668533,77.5,77.5,0,77.5,0,77.5,0,77.5,0,77.5,0,77.5,0,,,77.5,0,61,0.27,55,0.409
668534,,,,,,,,,,,,,,,,,,,,,
668535,45.5,45.5,0,,,,,45.5,0,45.5,0,45.5,0,45.5,0,45.5,0,39,0.167,37,0.23
668536,45.5,45.5,0,45.5,0,45.5,0,45.5,0,45.5,0,45.5,0,45.5,0,45.5,0,39,0.167,37,0.23
668537,45.5,45.5,0,,,45.5,0,45.5,0,45.5,0,45.5,0,45.5,0,45.5,0,39,0.167,37,0.23
668538,45.5,45.5,0,,,45.5,0,45.5,0,45.5,0,45.5,0,45.5,0,45.5,0,39,0.167,37,0.23
668539,45.5,45.5,0,45.5,0,45.5,0,45.5,0,45.5,0,45.5,0,45.5,0,45.5,0,39,0.167,37.5,0.215
668540,45.5,45.5,0,,,45.5,0,45.5,0,45.5,0,45.5,0,45.5,0,45.5,0,39,0.167,,
668541,45.5,45.5,0,45.5,0,45.5,0,45.5,0,45.5,0,45.5,0,45.5,0,45.5,0,39,0.167,37,0.23
668543,,,,,,,,,,,,,,,,,,,,,
668546,35,35,0,35,0,35,0,35,0,35,0,35,0,35,0,36.3,-0.0358,27,0.296,30.8,0.136
668547,13.7,13.7,0,13.7,0,13.7,0,13.7,0,13.7,0,13.7,0,13.7,0,13.7,0,13.7,0,13.7,0
668548,13.7,13.7,0,13.7,0,13.7,0,13.7,0,13.7,0,,,13.7,0,13.7,0,13.7,0,13.7,0
668549,17,17,0,17,0,17,0,17,0,17,0,,,17,0,17,0,17,0,,
668550,9.8,9.8,0,9.8,0,9.8,0,9.8,0,9.8,0,9.8,0,9.8,0,9.8,0,9.8,0,9.8,0
668551,4.2,4.2,0,4.2,0,4.2,0,4.2,0,4.2,0,4.2,0,4.2,0,4.2,0,3,0.4,3,0.4
668552,24.7,24.7,0,24.7,0,24.7,0,24.7,0,24.7,0,24.7,0,24.7,0,24.7,0,24.7,0,24.7,0
668554,31.2,31.2,0,31.2,0,31.2,0,31.2,0,31.2,0,31.2,0,31.2,0,31.2,0,31.2,0,31.2,0
668555,12,12,0,12,0,12,0,12,0,15.6,-0.231,13,-0.0769,18,-0.333,18,-0.333,10.9,0.101,10.8,0.111
668556,25,25,0,25,0,25,0,25,0,31,-0.194,25,0,36,-0.306,36,-0.306,21.6,0.157,21.6,0.157
668557,60,60,0,60,0,60,0,60,0,60,0,60,0,60,0,60,0,38.4,0.562,38,0.579
668558,,,,,,,,,,,,,,,,,,,,,
668559,9.9,9.9,0,9.9,0,9.9,0,9.9,0,9.9,0,9.9,0,9.9,0,9.9,0,6,0.65,6,0.65
668560,,,,,,,,,,,,,,,,,,,,,
668561,,,,,,,,,,,,,,,,,,,,,
668563,,,,,,,,,,,,,,,,,,,,,
668566,109,109,0,109,0,109,0,109,0,109,0,109,0,109,0,109,0,51.6,1.11,50,1.18
668567,18.7,18.7,0,18.7,0,18.7,0,18.7,0,18.7,0,18.7,0,18.7,0,,,,,15,0.247
668568,18.7,18.7,0,18.7,0,18.7,0,18.7,0,18.7,0,18.7,0,18.7,0,18.7,0,15,0.247,15,0.247
668570,,,,,,,,,,,,,,,,,,,,,
668575,,,,,,,,,,,,,,,,,,,,,
668576,17.2,17.2,0,17.2,0,17.2,0,17.2,0,17.2,0,17.2,0,17.2,0,,,12,0.433,10.5,0.638
668577,138,138,0,138,0,138,0,138,0,104,0.333,,,138,0,138,0,121,0.14,110,0.255
668583,75.7,75.7,0,75.7,0,75.7,0,75.7,0,75.7,0,50,0.514,72.5,0.0441,78,-0.0295,55.9,0.354,51.5,0.47
668618,96,96,0,96,0,96,0,96,0,127,-0.246,111,-0.132,127,-0.246,118,-0.186,84.5,0.136,71.6,0.341
668619,,,,,,,,,,,,,,,,,,,,,
668622,7.7,7.7,0,7.7,0,7.7,0,7.7,0,10,-0.23,10,-0.23,10,-0.23,,,,,,
668624,,,,,,,,,,,,,,,,,,,,,
668628,,,,,,,,,,,,,,,,,,,,,
668629,,,,,,,,,,,,,,,,,,,,,
668630,36.9,36.9,0,36.9,0,36.9,0,36.9,0,46.9,-0.213,46.9,-0.213,46.9,-0.213,43,-0.142,30,0.23,28,0.318
668631,,,,,,,,,,,,,,,,,,,,,
668632,44.9,44.9,0,44.9,0,44.9,0,44.9,0,51.9,-0.135,51.9,-0.135,51.9,-0.135,46,-0.0239,35.5,0.265,33,0.361
668633,49.9,49.9,0,49.9,0,49.9,0,49.9,0,54.5,-0.0844,54.5,-0.0844,54.5,-0.0844,48,0.0396,39.5,0.263,37,0.349
668634,29.7,29.7,0,29.7,0,29.7,0,29.7,0,29.7,0,29.7,0,29.7,0,29.7,0,,,25,0.188
668635,18,18,0,,,18,0,18,0,18,0,18,0,18,0,,,,,18,0
668636,21.3,21.3,0,21.3,0,21.3,0,21.3,0,21.3,0,21.3,0,21.3,0,21,0.0143,16.5,0.291,16.5,0.291
668637,21.3,21.3,0,21.3,0,21.3,0,21.3,0,21.3,0,21.3,0,21.3,0,,,16.5,0.291,16.5,0.291
668638,21,21,0,21,0,21,0,21,0,21,0,21,0,21,0,21,0,16.5,0.273,16.5,0.273
668639,21.3,21.3,0,21.3,0,21.3,0,21.3,0,21.3,0,21.3,0,21.3,0,21,0.0143,16.5,0.291,16.5,0.291
668644,66.3,66.3,0,66.3,0,66.3,0,66.3,0,66.3,0,66.3,0,66.3,0,66.3,0,55,0.205,,
668645,60,60,0,60,0,60,0,60,0,65.5,-0.084,76.4,-0.215,76.4,-0.215,91,-0.341,52,0.154,42,0.429
668670,17.2,17.2,0,17.2,0,17.2,0,17.2,0,17.2,0,17.2,0,17.2,0,17.2,0,14.5,0.186,14.5,0.186
668675,39,39,0,39,0,39,0,39,0,39,0,39,0,39,0,31.7,0.23,23.7,0.646,21.7,0.797
668676,,,,,,,,,,,,,,,,,,,,,
668677,45.5,45.5,0,45.5,0,45.5,0,45.5,0,45.5,0,45.5,0,45.5,0,45.5,0,39,0.167,37,0.23
668678,45.5,45.5,0,45.5,0,45.5,0,45.5,0,45.5,0,45.5,0,45.5,0,45.5,0,39,0.167,37,0.23
668679,45.5,45.5,0,45.5,0,45.5,0,45.5,0,45.5,0,45.5,0,,,45.5,0,39,0.167,37,0.23
668680,45.5,45.5,0,45.5,0,45.5,0,45.5,0,45.5,0,45.5,0,,,45.5,0,39,0.167,37,0.23
668681,45.5,45.5,0,45.5,0,45.5,0,45.5,0,45.5,0,45.5,0,45.5,0,45.5,0,39,0.167,37,0.23
668682,45.5,45.5,0,,,,,45.5,0,45.5,0,45.5,0,45.5,0,45.5,0,39,0.167,37,0.23
668683,45.5,45.5,0,45.5,0,45.5,0,45.5,0,45.5,0,45.5,0,45.5,0,45.5,0,39,0.167,37,0.23
668684,45.5,45.5,0,45.5,0,45.5,0,45.5,0,45.5,0,45.5,0,45.5,0,45.5,0,39,0.167,37,0.23
668685,54,54,0,54,0,54,0,54,0,54,0,54,0,54,0,,,,,,
668686,45.5,45.5,0,45.5,0,45.5,0,45.5,0,45.5,0,45.5,0,45.5,0,45.5,0,39,0.167,37,0.23
668687,,,,,,,,,,,,,,,,,,,,,
668688,,,,,,,,,,,,,,,,,,,,,
668690,64.6,64.6,0,64.6,0,64.6,0,64.6,0,64.6,0,64.6,0,53.4,0.21,64,0.00937,49.8,0.297,45,0.436
668691,,,,,,,,,,,,,,,,,,,,,
668693,10.8,10.8,0,10.8,0,10.8,0,10.8,0,16.3,-0.337,14.5,-0.255,16.3,-0.337,19.9,-0.457,13.9,-0.223,13.9,-0.223
668694,,,,,,,,,,,,,,,,,,,,,
668695,59.7,59.7,0,59.7,0,59.7,0,59.7,0,59.7,0,,,59.7,0,59.7,0,,,59.7,0
668696,,,,,,,,,,,,,,,,,,,,,
668697,36.5,36.5,0,36.5,0,36.5,0,36.5,0,36.5,0,,,,,36.5,0,36.5,0,,
668698,,,,,,,,,,,,,,,,,,,,,
668699,,,,,,,,,,,,,,,,,,,,,
668700,,,,,,,,,,,,,,,,,,,,,
668710,,,,,,,,,,,,,,,,,,,,,
668711,30,,,30,0,30,0,,,,,,,,,,,,,,
668713,,,,,,,,,,,,,,,,,,,,,
668714,,,,,,,,,,,,,,,,,,,,,
668715,38.9,38.9,0,38.9,0,38.9,0,38.9,0,38.9,0,38.9,0,,,41.9,-0.0716,32.5,0.197,30.1,0.292
668716,55.5,55.5,0,55.5,0,55.5,0,,,55.5,0,55.5,0,55.5,0,59.9,-0.0735,47,0.181,43.8,0.267
668717,56,56,0,56,0,56,0,60.5,-0.0744,60.5,-0.0744,60.5,-0.0744,60.5,-0.0744,65.8,-0.149,51.6,0.0853,43.4,0.29
668718,43.3,43.3,0,43.3,0,43.3,0,43.3,0,43.3,0,43.3,0,,,46.5,-0.0688,36.5,0.186,33.4,0.296
668719,83.4,83.4,0,83.4,0,83.4,0,87.5,-0.0469,87.5,-0.0469,87.5,-0.0469,87.5,-0.0469,98.3,-0.152,76.5,0.0902,70.1,0.19
668720,56,56,0,56,0,56,0,60.5,-0.0744,60.5,-0.0744,60.5,-0.0744,60.5,-0.0744,65.8,-0.149,51.6,0.0853,43.4,0.29
668721,83.4,83.4,0,83.4,0,83.4,0,87.5,-0.0469,87.5,-0.0469,87.5,-0.0469,87.5,-0.0469,98.3,-0.152,76.5,0.0902,70.1,0.19
668722,47,47,0,47,0,47,0,47,0,47,0,47,0,47,0,50.5,-0.0693,39.5,0.19,35.3,0.331
668723,47,47,0,47,0,47,0,47,0,47,0,47,0,47,0,50.5,-0.0693,39.5,0.19,35.3,0.331
668724,43.8,43.8,0,43.8,0,43.8,0,43.8,0,43.8,0,,,,,47.8,-0.0837,36.9,0.187,34.6,0.266
668725,81.1,81.1,0,81.1,0,81.1,0,85.1,-0.047,85.1,-0.047,85.1,-0.047,,,92.6,-0.124,72,0.126,64.5,0.257
668726,81.1,81.1,0,81.1,0,81.1,0,85.1,-0.047,85.1,-0.047,85.1,-0.047,85.1,-0.047,92.6,-0.124,72,0.126,64.5,0.257
668731,26.7,26.7,0,26.7,0,26.7,0,26.7,0,26.7,0,26.7,0,26.7,0,26.7,0,26.7,0,,
668733,79,79,0,79,0,79,0,79,0,79,0,79,0,,,,,,,,
668737,81,81,0,81,0,81,0,81,0,81,0,81,0,81,0,81,0,70.5,0.149,62,0.306
668739,12,12,0,12,0,12,0,12,0,,,,,,,,,,,,
668741,35.7,35.7,0,35.7,0,35.7,0,35.7,0,35.7,0,35.7,0,35.7,0,35.7,0,30,0.19,27.5,0.298
668742,31.9,31.9,0,31.9,0,31.9,0,31.9,0,31.9,0,31.9,0,31.9,0,31.9,0,26.3,0.213,25,0.276
668743,48.5,48.5,0,48.5,0,48.5,0,48.5,0,48.5,0,48.5,0,48.5,0,48.5,0,40,0.212,35.6,0.362
668744,26.8,26.8,0,26.8,0,26.8,0,26.8,0,26.8,0,26.8,0,26.8,0,26.8,0,22.2,0.207,20,0.34
668745,,,,,,,,,,,,,,,,,,,,,
668746,,,,,,,,,,,,,,,,,,,,,
668748,44,44,0,44,0,44,0,44,0,44,0,,,41.6,0.0577,39.6,0.111,,,36.1,0.218
668753,,,,,,,,,,,,,,,,,,,,,
668754,40,40,0,40,0,40,0,40,0,53,-0.245,53,-0.245,53,-0.245,,,,,35,0.143
668764,59,59,0,59,0,59,0,59,0,59,0,59,0,59,0,59,0,50,0.18,46,0.283
668765,,,,,,,,,,,,,,,,,,,,,
668766,81,81,0,81,0,81,0,81,0,81,0,81,0,81,0,81,0,70.5,0.149,62,0.306
668771,158,158,0,158,0,158,0,158,0,158,0,158,0,158,0,169,-0.068,107,0.474,119,0.324
668772,66.5,66.5,0,66.5,0,66.5,0,66.5,0,66.5,0,66.5,0,66.5,0,76.8,-0.134,56.9,0.169,52,0.279
668773,66.5,66.5,0,66.5,0,66.5,0,66.5,0,66.5,0,66.5,0,66.5,0,76.8,-0.134,56.9,0.169,52,0.279
668774,66.5,66.5,0,66.5,0,66.5,0,66.5,0,66.5,0,66.5,0,66.5,0,76.8,-0.134,56.9,0.169,52,0.279
668775,22.6,22.6,0,22.6,0,22.6,0,20.8,0.0865,20.8,0.0865,20.8,0.0865,20.8,0.0865,19.1,0.183,17.5,0.291,17.5,0.291
668776,22.6,22.6,0,22.6,0,22.6,0,20.8,0.0865,20.8,0.0865,20.8,0.0865,20.8,0.0865,19.1,0.183,17.5,0.291,17.5,0.291
668777,22.6,22.6,0,22.6,0,22.6,0,20.8,0.0865,20.8,0.0865,20.8,0.0865,,,,,17.5,0.291,17.5,0.291
668778,13.5,13.5,0,13.5,0,13.5,0,13.5,0,13.5,0,13.5,0,13.5,0,12.5,0.08,11.3,0.195,11.3,0.195
668779,13.5,13.5,0,13.5,0,13.5,0,13.5,0,13.5,0,13.5,0,13.5,0,12.5,0.08,11.3,0.195,11.3,0.195
668780,13.5,13.5,0,13.5,0,13.5,0,13.5,0,13.5,0,13.5,0,13.5,0,12.5,0.08,11.3,0.195,11.3,0.195
668781,13.5,13.5,0,13.5,0,13.5,0,13.5,0,13.5,0,13.5,0,13.5,0,12.5,0.08,11.3,0.195,11.3,0.195
668782,22.6,22.6,0,22.6,0,22.6,0,20.8,0.0865,20.8,0.0865,20.8,0.0865,,,19.1,0.183,17.5,0.291,17.5,0.291
668783,25,25,0,25,0,25,0,25,0,25,0,,,,,,,,,,
668784,,,,,,,,,,,,,,,,,,,,,
668785,4,4,0,4,0,4,0,4,0,4,0,4,0,4,0,4,0,3.4,0.176,3.2,0.25
668786,,,,,,,,,,,,,,,,,,,,,
668788,,,,,,,,,,,,,,,,,,,,,
668789,,,,,,,,,,,,,,,,,,,,,
668794,,,,,,,,,,,,,,,,,,,,,
668801,31.1,31.1,0,31.1,0,31.1,0,31.1,0,28.1,0.107,,,,,,,,,23,0.352
668802,,,,,,,,,,,,,,,,,,,,,
668804,47,47,0,47,0,47,0,47,0,46.9,0.00213,45.5,0.033,44.9,0.0468,78,-0.397,36.1,0.302,23.5,1
668805,47,47,0,47,0,47,0,47,0,46.9,0.00213,45.5,0.033,44.9,0.0468,78,-0.397,29.5,0.593,23.5,1
668807,23.6,23.6,0,23.6,0,23.6,0,23.6,0,46.9,-0.497,46.9,-0.497,50.9,-0.536,50.9,-0.536,36.1,-0.346,26.1,-0.0958
668808,23.6,23.6,0,23.6,0,,,23.6,0,46.9,-0.497,46.9,-0.497,50.9,-0.536,50.9,-0.536,,,26.1,-0.0958
668819,,,,,,,,,,,,,,,,,,,,,
668820,,,,,,,,,,,,,,,,,,,,,
668821,,,,,,,,,,,,,,,,,,,,,
668822,11.9,11.9,0,11.9,0,11.9,0,11.9,0,11.9,0,,,11.9,0,11.9,0,,,8.8,0.352
668823,,,,,,,,,,,,,,,,,,,,,
668824,,,,,,,,,,,,,,,,,,,,,
668825,230,230,0,230,0,230,0,230,0,230,0,207,0.111,224,0.0263,224,0.0263,150,0.533,138,0.672
668826,,,,,,,,,,,,,,,,,,,,,
668827,,,,,,,,,,,,,,,,,,,,,
668828,58.3,58.3,0,58.3,0,58.3,0,58.3,0,,,58.3,0,58.3,0,62.5,-0.0672,49.6,0.175,44.4,0.313
668829,170,170,0,170,0,170,0,170,0,170,0,170,0,170,0,170,0,170,0,170,0
668830,148,148,0,148,0,148,0,148,0,148,0,148,0,148,0,135,0.0934,100,0.475,100,0.475
668832,150,150,0,150,0,150,0,150,0,150,0,150,0,150,0,150,0,150,0,150,0
668833,72.5,72.5,0,72.5,0,72.5,0,72.5,0,72.5,0,72.5,0,72.5,0,69.9,0.0372,59.9,0.21,60,0.208
668834,,,,,,,,,,,,,,,,,,,,,
668835,89,89,0,89,0,89,0,89,0,89,0,89,0,89,0,,,,,,
668838,61.3,61.3,0,61.3,0,61.3,0,61.3,0,61.3,0,61.3,0,61.3,0,,,,,,
668839,,,,,,,,,,,,,,,,,,,,,
668840,97,97,0,97,0,97,0,97,0,97,0,97,0,97,0,,,,,,
668841,73,73,0,73,0,73,0,73,0,73,0,73,0,73,0,,,,,,
668846,17.6,17.6,0,17.6,0,17.6,0,17.6,0,17.6,0,24,-0.267,24,-0.267,24,-0.267,18,-0.0222,11.5,0.53
668847,,,,,,,,,,,,,,,,,,,,,
668872,,,,,,,,,,,,,,,,,,,,,
668883,,,,,,,,,,,,,,,,,,,,,
668884,,,,,,,,,,,,,,,,,,,,,
668885,,,,,,,,,,,,,,,,,,,,,
668886,36.2,36.2,0,36.2,0,36.2,0,36.2,0,36.2,0,36.2,0,36.2,0,36.2,0,24.8,0.46,22,0.645
668887,,,,,,,,,,,,,,,,,,,,,
668888,,,,,,,,,,,,,,,,,,,,,
668897,140,140,0,140,0,140,0,140,0,105,0.333,140,0,140,0,140,0,121,0.157,112,0.25
668898,245,245,0,245,0,245,0,245,0,184,0.333,245,0,245,0,245,0,212,0.153,195,0.256
668900,138,138,0,138,0,138,0,138,0,104,0.333,138,0,138,0,138,0,121,0.14,108,0.278
668912,39,39,0,39,0,39,0,39,0,,,,,,,,,,,23,0.696
668913,,,,,,,,,,,,,,,,,,,,,
668914,,,,,,,,,,,,,,,,,,,,,
668915,,,,,,,,,,,,,,,,,,,,,
668919,,,,,,,,,,,,,,,,,,,,,
668922,15,15,0,15,0,15,0,15,0,15,0,15,0,15,0,15,0,15,0,15,0
668924,17.5,17.5,0,17.5,0,17.5,0,17.5,0,17.5,0,17.5,0,17.5,0,17.5,0,17.5,0,17.5,0
668925,12.9,12.9,0,12.9,0,12.9,0,12.9,0,12.9,0,,,,,15.5,-0.168,10.9,0.183,,
668926,12.5,12.5,0,12.5,0,12.5,0,12.5,0,12.5,0,12.5,0,12.5,0,11.9,0.0504,11.9,0.0504,11.9,0.0504
668927,16.5,16.5,0,16.5,0,16.5,0,16.5,0,16.5,0,16.5,0,16.5,0,16.5,0,16.5,0,,
668928,19.5,19.5,0,19.5,0,19.5,0,19.5,0,19.5,0,19.5,0,19.5,0,19.5,0,19.5,0,19.5,0
668929,245,245,0,245,0,245,0,245,0,230,0.0621,230,0.0621,260,-0.0588,256,-0.0441,208,0.176,157,0.559
668931,21,21,0,21,0,21,0,21,0,21,0,21,0,21,0,21,0,21,0,21,0
668932,250,250,0,250,0,250,0,250,0,250,0,250,0,260,-0.0388,256,-0.0238,208,0.201,157,0.592
668933,230,230,0,230,0,230,0,230,0,230,0,230,0,260,-0.116,256,-0.102,208,0.105,157,0.464
668934,33,33,0,33,0,33,0,33,0,43.9,-0.248,43.9,-0.248,53.9,-0.388,53.9,-0.388,53.9,-0.388,45.8,-0.279
668935,83.4,83.4,0,83.4,0,83.4,0,87.5,-0.0469,87.5,-0.0469,87.5,-0.0469,87.5,-0.0469,98.3,-0.152,76,0.0974,70.1,0.19
668936,83.4,83.4,0,83.4,0,83.4,0,87.5,-0.0469,87.5,-0.0469,87.5,-0.0469,87.5,-0.0469,98.3,-0.152,64.6,0.291,,
668937,83.4,83.4,0,83.4,0,83.4,0,87.5,-0.0469,87.5,-0.0469,87.5,-0.0469,87.5,-0.0469,98.3,-0.152,76,0.0974,70.1,0.19
668938,55.9,55.9,0,55.9,0,55.9,0,59.4,-0.0589,59.4,-0.0589,59.4,-0.0589,59.4,-0.0589,64.5,-0.133,51,0.0961,43.4,0.288
668939,83.4,83.4,0,83.4,0,83.4,0,87.5,-0.0469,87.5,-0.0469,87.5,-0.0469,87.5,-0.0469,98.3,-0.152,76,0.0974,70.1,0.19
668940,,,,,,,,,,,,,,,,,,,,,
668941,,,,,,,,,,,,,,,,,,,,,
668942,28.5,,,,,28.5,0,28.5,0,,,,,,,,,,,29.5,-0.0339
668987,25.5,25.5,0,25.5,0,25.5,0,25.5,0,20,0.275,25.5,0,25.5,0,25.5,0,20,0.275,20,0.275
668990,43.3,43.3,0,43.3,0,43.3,0,43.3,0,43.3,0,43.4,-0.0023,43.4,-0.0023,38.3,0.131,35,0.237,,
668995,27.1,27.1,0,27.1,0,27.1,0,27.1,0,27.1,0,27.1,0,27.1,0,28,-0.0321,18.1,0.497,19.5,0.39
668996,,,,,,,,,,,,,,,,,,,,,
668997,40.8,40.8,0,40.8,0,40.8,0,40.8,0,40.8,0,40.8,0,40.8,0,38.3,0.0653,31.3,0.304,28.1,0.452
668999,12.7,12.7,0,12.7,0,12.7,0,12.7,0,12.7,0,12.8,-0.00781,12.9,-0.0155,11.5,0.104,9.4,0.351,7.7,0.649
669000,52,52,0,52,0,52,0,52,0,52,0,,,,,,,,,,
669001,38,38,0,38,0,38,0,38,0,38,0,38,0,,,,,,,,
669002,60,60,0,60,0,60,0,60,0,60,0,,,,,,,,,,
669003,55,55,0,55,0,55,0,55,0,55,0,55,0,55,0,55,0,49,0.122,49,0.122
669004,55,55,0,55,0,55,0,55,0,55,0,55,0,55,0,55,0,49,0.122,49,0.122
669005,62,62,0,62,0,62,0,62,0,62,0,62,0,62,0,62,0,51.5,0.204,47,0.319
669006,,,,,,,,,,,,,,,,,,,,,
669008,,,,,,,,,,,,,,,,,,,,,
669030,,,,,,,,,,,,,,,,,,,,,
669031,,,,,,,,,,,,,,,,,,,,,
669033,90.3,90.3,0,90.3,0,90.3,0,90.3,0,90.3,0,90.3,0,,,,,,,64.2,0.407
669034,81.5,81.5,0,81.5,0,81.5,0,81.5,0,81.5,0,81.5,0,81.5,0,72.5,0.124,69.5,0.173,59.5,0.37
669035,36,36,0,36,0,36,0,36,0,36,0,36,0,36,0,36,0,30,0.2,25.5,0.412
669036,,,,,,,,,,,,,,,,,,,,,
669037,21,21,0,21,0,21,0,21,0,21,0,21,0,21,0,17.5,0.2,17.5,0.2,15.5,0.355
669038,36,36,0,36,0,36,0,36,0,36,0,36,0,36,0,36,0,30,0.2,25.5,0.412
669039,21,21,0,21,0,21,0,21,0,21,0,21,0,21,0,17.5,0.2,17.5,0.2,15.5,0.355
669040,81.5,81.5,0,81.5,0,81.5,0,81.5,0,81.5,0,,,81.5,0,72.5,0.124,69.5,0.173,,
669041,36,36,0,36,0,36,0,36,0,36,0,36,0,36,0,36,0,30,0.2,25.5,0.412
669042,38.7,38.7,0,38.7,0,38.7,0,38.7,0,38.7,0,38.7,0,38.7,0,,,31,0.248,29.5,0.312
669044,25,25,0,,,25,0,25,0,25,0,25,0,25,0,25,0,21.5,0.163,,
669045,38.7,38.7,0,38.7,0,38.7,0,38.7,0,38.7,0,38.7,0,38.7,0,35.8,0.081,31,0.248,,
669046,38.7,38.7,0,38.7,0,38.7,0,38.7,0,38.7,0,38.7,0,38.7,0,35.8,0.081,31,0.248,29.5,0.312
669047,38.7,38.7,0,38.7,0,38.7,0,38.7,0,38.7,0,38.7,0,38.7,0,35.8,0.081,31,0.248,29.5,0.312
669048,,,,,,,,,,,,,,,,,,,,,
669049,,,,,,,,,,,,,,,,,,,,,
669054,,,,,,,,,,,,,,,,,,,,,
669056,,,,,,,,,,,,,,,,,,,,,
669058,,,,,,,,,,,,,,,,,,,,,
669065,225,225,0,225,0,225,0,225,0,219,0.0274,239,-0.0586,250,-0.1,285,-0.211,186,0.208,176,0.278
669067,70,70,0,70,0,70,0,70,0,70,0,70,0,70,0,70,0,58,0.207,55,0.273
669068,,,,,,,,,,,,,,,,,,,,,
669069,,,,,,,,,,,,,,,,,,,,,
669070,48.5,48.5,0,48.5,0,48.5,0,48.5,0,48.5,0,,,,,48.5,0,,,37.5,0.293
669071,31.9,31.9,0,31.9,0,31.9,0,31.9,0,31.9,0,26,0.227,31.8,0.00314,31.8,0.00314,,,,
669089,83.4,83.4,0,83.4,0,83.4,0,87.5,-0.0469,87.5,-0.0469,87.5,-0.0469,87.5,-0.0469,98.3,-0.152,64.6,0.291,68,0.226
669092,46,46,0,46,0,46,0,46,0,63.9,-0.28,63.9,-0.28,68.9,-0.332,68.9,-0.332,56.3,-0.183,53.4,-0.139
669093,228,228,0,228,0,228,0,228,0,229,-0.00262,,,,,,,,,,
669094,,,,,,,,,,,,,,,,,,,,,
669095,14,14,0,14,0,14,0,,,,,14,0,14,0,14,0,,,,
669096,19,19,0,19,0,19,0,19,0,19,0,19,0,19,0,19,0,,,19,0
669097,43.8,43.8,0,43.8,0,43.8,0,43.8,0,43.8,0,43.8,0,43.8,0,47.3,-0.074,36.9,0.187,34,0.288
669098,,,,,,,,,,,,,,,,,,,,,
669099,56.8,56.8,0,56.8,0,56.8,0,,,56.8,0,56.8,0,56.8,0,61.1,-0.0704,,,,
669100,56.8,56.8,0,56.8,0,56.8,0,56.8,0,56.8,0,56.8,0,,,61.1,-0.0704,,,,
669101,47,47,0,47,0,47,0,47,0,47,0,47,0,47,0,50.5,-0.0693,39.5,0.19,34.5,0.362
669102,42.5,42.5,0,42.5,0,42.5,0,42.5,0,42.5,0,42.5,0,42.5,0,45.4,-0.0639,36.5,0.164,31,0.371
669103,333,333,0,333,0,333,0,333,0,333,0,333,0,333,0,,,191,0.745,191,0.745
669104,333,333,0,333,0,333,0,333,0,333,0,333,0,333,0,,,191,0.745,191,0.745
669105,104,104,0,104,0,104,0,104,0,104,0,104,0,104,0,,,62,0.674,62,0.674
669106,90.6,90.6,0,90.6,0,90.6,0,90.6,0,90.6,0,90.6,0,90.6,0,57,0.589,57,0.589,57,0.589
669107,142,142,0,142,0,142,0,142,0,142,0,142,0,142,0,89,0.594,89,0.594,89,0.594
669108,104,104,0,104,0,104,0,104,0,104,0,104,0,104,0,62,0.674,62,0.674,62,0.674
669109,333,333,0,333,0,333,0,333,0,333,0,333,0,333,0,191,0.745,191,0.745,191,0.745
669110,193,193,0,193,0,193,0,193,0,193,0,193,0,193,0,,,113,0.706,113,0.706
669111,193,193,0,193,0,193,0,193,0,193,0,193,0,193,0,,,113,0.706,113,0.706
669112,,,,,,,,,,,,,,,,,,,,,
669113,193,193,0,193,0,193,0,193,0,193,0,193,0,193,0,113,0.706,113,0.706,113,0.706
669114,,,,,,,,,,,,,,,,,,,,,
669115,100,100,0,100,0,100,0,200,-0.5,200,-0.5,489,-0.795,489,-0.795,,,298,-0.664,298,-0.664
669116,,,,,,,,,,,,,,,,,,,,,
669117,,,,,,,,,,,,,,,,,,,,,
669118,179,179,0,179,0,179,0,179,0,179,0,179,0,179,0,118,0.517,118,0.517,118,0.517
669119,172,172,0,172,0,172,0,172,0,172,0,172,0,172,0,172,0,172,0,172,0
669120,,,,,,,,,,,,,,,,,,,,,
669121,150,150,0,150,0,150,0,150,0,150,0,178,-0.157,178,-0.157,178,-0.157,178,-0.157,178,-0.157
669122,298,298,0,298,0,298,0,298,0,298,0,298,0,298,0,298,0,298,0,298,0
669123,,,,,,,,,,,,,,,,,,,,,
669126,83.4,83.4,0,83.4,0,83.4,0,87.5,-0.0469,87.5,-0.0469,87.5,-0.0469,87.5,-0.0469,98.3,-0.152,76,0.0974,,
669128,166,166,0,166,0,166,0,166,0,166,0,193,-0.14,193,-0.14,,,162,0.0266,,
669129,,,,,,,,,,,,,,,,,,,,,
669130,,,,,,,,,,,,,,,,,,,,,
669131,,,,,,,,,,,,,,,,,,,,,
669132,16,16,0,16,0,16,0,16,0,16,0,18,-0.111,18,-0.111,18,-0.111,15,0.0667,,
669133,39.9,39.9,0,39.9,0,39.9,0,39.9,0,39.9,0,40.5,-0.0148,45,-0.113,45,-0.113,38,0.05,,
669134,93.9,93.9,0,93.9,0,93.9,0,93.9,0,93.9,0,93.9,0,99,-0.0515,99,-0.0515,82,0.145,,
669135,16,16,0,16,0,16,0,16,0,16,0,18,-0.111,18,-0.111,18,-0.111,15,0.0667,,
669136,,,,,,,,,,,,,,,,,,,,,
669139,55.8,55.8,0,55.8,0,55.8,0,55.8,0,55.8,0,55.8,0,,,53.5,0.043,36.5,0.529,,
669140,11,11,0,,,,,11,0,11,0,11,0,11,0,11,0,9.6,0.146,,
669141,17.2,17.2,0,,,17.2,0,17.2,0,17.2,0,17.2,0,17.2,0,17.2,0,15,0.147,,
669142,46.8,46.8,0,46.8,0,46.8,0,46.8,0,46.8,0,46.8,0,46.8,0,50.3,-0.0696,39,0.2,,
669143,56,56,0,56,0,56,0,60.5,-0.0744,60.5,-0.0744,60.5,-0.0744,,,,,51,0.098,,
669144,,,,,,,,,,,,,,,,,,,,,
669145,17.9,17.9,0,17.9,0,17.9,0,20.3,-0.118,20.3,-0.118,20.3,-0.118,20.3,-0.118,20.3,-0.118,16,0.119,,
669146,17.9,17.9,0,17.9,0,17.9,0,20.3,-0.118,20.3,-0.118,20.3,-0.118,20.3,-0.118,20.3,-0.118,16,0.119,,
669147,16,16,0,16,0,16,0,16,0,16,0,18,-0.111,18,-0.111,18,-0.111,15,0.0667,,
669148,39.9,39.9,0,39.9,0,39.9,0,39.9,0,39.9,0,45,-0.113,45,-0.113,45,-0.113,38,0.05,,
669149,31.9,31.9,0,31.9,0,31.9,0,31.9,0,33.9,-0.059,39.5,-0.192,39.5,-0.192,36,-0.114,26,0.227,,
669150,15,15,0,15,0,15,0,15,0,18.5,-0.189,17,-0.118,18.5,-0.189,13.8,0.087,13,0.154,,
669151,15,15,0,15,0,15,0,15,0,18.5,-0.189,17,-0.118,18.5,-0.189,13.8,0.087,,,,
669152,15,15,0,15,0,15,0,15,0,18.5,-0.189,17,-0.118,18.5,-0.189,13.8,0.087,13,0.154,,
669156,27,27,0,27,0,27,0,27,0,27,0,27,0,31.9,-0.154,29,-0.069,22,0.227,,
669159,48.9,48.9,0,48.9,0,48.9,0,48.9,0,48.9,0,48.9,0,54.7,-0.106,60,-0.185,43,0.137,,
669160,169,169,0,169,0,169,0,169,0,179,-0.0559,187,-0.0963,190,-0.111,215,-0.214,,,,
669161,51,51,0,51,0,51,0,51,0,51,0,51,0,51,0,,,,,,
669162,51,51,0,51,0,51,0,,,51,0,,,,,,,,,,
669163,51,51,0,51,0,51,0,51,0,51,0,51,0,51,0,,,,,,
669164,56.2,56.2,0,56.2,0,56.2,0,56.2,0,56.2,0,49,0.147,,,57,-0.014,42,0.338,,
669165,,,,,,,,,,,,,,,,,,,,,
669166,166,166,0,166,0,166,0,,,166,0,,,166,0,166,0,144,0.15,,
669211,,,,,,,,,,,,,,,,,,,,,
669212,72,72,0,72,0,72,0,72,0,72,0,72,0,72,0,,,62,0.161,,
669236,42.5,42.5,0,42.5,0,42.5,0,42.5,0,42.5,0,42.5,0,,,,,36.5,0.164,,
669237,24.6,24.6,0,24.6,0,24.6,0,24.6,0,24.6,0,24.6,0,,,24.6,0,,,,
669238,8,8,0,8,0,8,0,8,0,8,0,8,0,8,0,8,0,,,,
669275,12,12,0,12,0,12,0,12,0,12,0,12,0,12,0,12,0,,,,
669276,,,,,,,,,,,,,,,,,,,,,
669277,,,,,,,,,,,,,,,,,,,,,
669278,,,,,,,,,,,,,,,,,,,,,
669294,31,31,0,31,0,31,0,31,0,31,0,31,0,31,0,31,0,,,,
669295,96.9,96.9,0,96.9,0,96.9,0,96.9,0,96.9,0,96.9,0,96.9,0,96.9,0,,,,
669296,,,,,,,,,,,,,,,,,,,,,
669297,,,,,,,,,,,,,,,,,,,,,
669298,,,,,,,,,,,,,,,,,,,,,
669299,25,25,0,,,,,25,0,25,0,25,0,25,0,25,0,,,,
669300,38,38,0,38,0,38,0,38,0,38,0,38,0,38,0,,,,,,
669314,36,36,0,,,36,0,36,0,36,0,36,0,36,0,36,0,,,,
669315,36,36,0,36,0,36,0,36,0,36,0,36,0,36,0,,,,,,
669316,,,,,,,,,,,,,,,,,,,,,
669317,,,,,,,,,,,,,,,,,,,,,
669318,,,,,,,,,,,,,,,,,,,,,
669319,,,,,,,,,,,,,,,,,,,,,
669320,,,,,,,,,,,,,,,,,,,,,
669321,111,111,0,111,0,111,0,111,0,111,0,,,,,,,,,,
669322,,,,,,,,,,,,,,,,,,,,,
669327,13.5,13.5,0,13.5,0,13.5,0,13.5,0,13.5,0,13.5,0,13.5,0,13.5,0,,,,
669328,25.2,25.2,0,25.2,0,25.2,0,25.2,0,25.2,0,25,0.008,25,0.008,25,0.008,,,,
669329,57.6,57.6,0,57.6,0,57.6,0,57.6,0,57.6,0,57.6,0,57.6,0,57.6,0,,,,
669331,74.5,74.5,0,74.5,0,,,,,,,74.5,0,,,74.5,0,,,,
669332,,,,,,,,,,,,,,,,,,,,,
669333,,,,,,,,,,,,,,,,,,,,,
669334,,,,,,,,,,,,,,,,,,,,,
669335,,,,,,,,,,,,,,,,,,,,,
669336,21.5,21.5,0,21.5,0,21.5,0,21.5,0,21.5,0,21.5,0,21.5,0,,,,,,
669337,21.5,21.5,0,21.5,0,21.5,0,21.5,0,21.5,0,21.5,0,,,,,,,,
669338,13.5,13.5,0,13.5,0,13.5,0,13.5,0,13.5,0,13.5,0,13.5,0,11.3,0.195,,,,
669341,13.5,13.5,0,13.5,0,13.5,0,13.5,0,13.5,0,13.5,0,13.5,0,11.3,0.195,,,,
669343,13,13,0,13,0,13,0,13,0,13,0,13,0,13,0,10.6,0.226,,,,
669344,21,21,0,21,0,21,0,21,0,21,0,21,0,21,0,21,0,,,,
669345,13.5,13.5,0,13.5,0,13.5,0,13.5,0,13.5,0,13.5,0,13.5,0,11.3,0.195,,,,
669346,11,11,0,11,0,11,0,11,0,11,0,11,0,11,0,8.2,0.341,,,,
669347,30,30,0,30,0,30,0,30,0,30,0,30,0,30,0,30,0,,,,
669348,74.4,74.4,0,74.4,0,74.4,0,74.4,0,74.4,0,74.4,0,,,,,,,,
669350,,,,,,,,,,,,,,,,,,,,,
669351,180,180,0,,,,,180,0,180,0,180,0,180,0,,,,,,
669352,180,180,0,,,,,180,0,180,0,180,0,180,0,,,,,,
669356,72,72,0,72,0,72,0,72,0,72,0,72,0,72,0,77.5,-0.071,,,,
669358,,,,,,,,,,,,,,,,,,,,,
669359,65.8,65.8,0,65.8,0,65.8,0,65.8,0,65.8,0,65.8,0,65.8,0,70,-0.06,,,,
669360,97.4,97.4,0,97.4,0,97.4,0,97.4,0,97.4,0,97.4,0,97.4,0,,,,,,
669361,35,35,0,35,0,35,0,35,0,35,0,35,0,35,0,37.6,-0.0691,,,,
669362,62,,,,,,,,,62,0,62,0,,,,,,,,
669363,50,50,0,50,0,50,0,50,0,50,0,50,0,41.5,0.205,,,,,,
669364,130,130,0,130,0,130,0,130,0,130,0,120,0.0833,145,-0.103,,,,,,
669365,130,130,0,130,0,130,0,130,0,130,0,120,0.0833,145,-0.103,145,-0.103,,,,
669366,65,65,0,65,0,65,0,65,0,65,0,58,0.121,,,,,,,,
669367,23.3,23.3,0,23.3,0,23.3,0,23.3,0,23.3,0,,,,,,,,,,
669368,23.3,23.3,0,23.3,0,23.3,0,23.3,0,23.3,0,,,,,,,,,,
669369,28.6,28.6,0,28.6,0,28.6,0,28.6,0,28.6,0,28.6,0,28.6,0,,,,,,
669370,,,,,,,,,,,,,,,,,,,,,
669371,,,,,,,,,,,,,,,,,,,,,
669372,110,110,0,110,0,110,0,110,0,119,-0.0756,129,-0.147,129,-0.147,,,,,,
669373,110,110,0,110,0,110,0,110,0,119,-0.0756,129,-0.147,129,-0.147,,,,,,
669374,,,,,,,,,,,,,,,,,,,,,
669375,46,46,0,46,0,46,0,53,-0.132,53,-0.132,45,0.0222,52,-0.115,,,,,,
669377,21,21,0,21,0,21,0,21,0,21,0,17,0.235,21,0,,,,,,
669378,21,21,0,21,0,21,0,21,0,21,0,21,0,21,0,,,,,,
669379,264,264,0,264,0,264,0,264,0,264,0,264,0,264,0,,,,,,
669382,179,179,0,179,0,179,0,179,0,179,0,179,0,,,,,,,,
669384,97,97,0,97,0,97,0,97,0,97,0,97,0,97,0,,,,,,
669387,28.5,28.5,0,28.5,0,28.5,0,28.5,0,28.5,0,26.9,0.0595,31.4,-0.0924,,,,,,
669388,25,25,0,25,0,25,0,25,0,25,0,28,-0.107,28,-0.107,,,,,,
669389,25.5,25.5,0,25.5,0,25.5,0,25.5,0,28.5,-0.105,28.5,-0.105,28.5,-0.105,,,,,,
669390,24.9,24.9,0,24.9,0,28.5,-0.126,28.5,-0.126,28.5,-0.126,26.9,-0.0743,31.5,-0.21,,,,,,
669391,25,25,0,25,0,25,0,25,0,25,0,28,-0.107,28,-0.107,,,,,,
669392,23,23,0,23,0,23,0,23,0,23,0,24,-0.0417,24,-0.0417,,,,,,
669393,19,19,0,19,0,19,0,19,0,19,0,20,-0.05,20,-0.05,,,,,,
669394,,,,,,,,,,,,,,,,,,,,,
669395,38.9,38.9,0,38.9,0,38.9,0,38.9,0,38.9,0,,,,,,,,,,
669396,43.3,43.3,0,43.3,0,43.3,0,43.3,0,43.3,0,,,,,,,,,,
669398,,,,,,,,,,,,,,,,,,,,,
669399,80.9,80.9,0,80.9,0,80.9,0,104,-0.218,80.9,0,,,,,,,,,,
669400,80.9,80.9,0,80.9,0,80.9,0,,,,,,,99.9,-0.19,,,,,,
669500,340,340,0,340,0,340,0,340,0,340,0,,,,,,,,,,
669505,340,340,0,340,0,340,0,340,0,340,0,,,,,,,,,,
669506,390,390,0,390,0,390,0,390,0,390,0,,,,,,,,,,
669507,17.5,17.5,0,17.5,0,17.5,0,21.5,-0.186,21.5,-0.186,21.5,-0.186,21.5,-0.186,,,,,,
669508,89.6,89.6,0,89.6,0,89.6,0,89.6,0,89.6,0,,,89.6,0,,,,,,
669509,46,46,0,46,0,46,0,53,-0.132,53,-0.132,53,-0.132,53,-0.132,,,,,,
669510,17.5,17.5,0,17.5,0,17.5,0,21.5,-0.186,21.5,-0.186,21.5,-0.186,21.5,-0.186,,,,,,
669511,225,225,0,225,0,225,0,281,-0.199,225,0,,,,,,,,,,
669512,225,225,0,225,0,225,0,281,-0.199,225,0,281,-0.199,281,-0.199,,,,,,
669513,225,225,0,225,0,225,0,281,-0.199,225,0,281,-0.199,281,-0.199,,,,,,
669576,36,36,0,,,36,0,36,0,36,0,36,0,36,0,,,,,,
669577,,,,,,,,,,,,,,,,,,,,,
669578,26,26,0,26,0,26,0,30,-0.133,30,-0.133,26,0,26,0,,,,,,
669579,60,60,0,60,0,60,0,60,0,60,0,60,0,60,0,,,,,,
669580,60,60,0,60,0,60,0,60,0,60,0,60,0,60,0,,,,,,
669581,,,,,,,,,,,,,,,,,,,,,
669597,9,9,0,9,0,9,0,9,0,19.9,-0.548,19.9,-0.548,,,,,,,,
669599,31.9,31.9,0,31.9,0,31.9,0,31.9,0,39.9,-0.201,39.9,-0.201,39.9,-0.201,,,,,,
669600,31.9,31.9,0,31.9,0,31.9,0,31.9,0,39.9,-0.201,39.9,-0.201,39.9,-0.201,,,,,,
669601,44.9,44.9,0,44.9,0,44.9,0,44.9,0,51.9,-0.135,51.9,-0.135,,,,,,,,
669602,,,,,,,,,,,,,,,,,,,,,
669603,10.5,10.5,0,10.5,0,10.5,0,10.5,0,16,-0.344,16,-0.344,16,-0.344,,,,,,
669625,24,24,0,24,0,24,0,24,0,24,0,24,0,,,,,,,,
669626,24,24,0,24,0,24,0,24,0,24,0,24,0,,,,,,,,
669627,26,26,0,26,0,26,0,26,0,26,0,26,0,,,,,,,,
669628,,,,,,,,,,,,,,,,,,,,,
669630,42.9,42.9,0,42.9,0,42.9,0,42.9,0,42.9,0,42.9,0,42.9,0,,,,,,
669631,21.9,21.9,0,21.9,0,25,-0.124,25,-0.124,25,-0.124,22.5,-0.0267,,,,,,,,
669632,225,225,0,225,0,225,0,281,-0.199,225,0,270,-0.166,,,,,,,,
669633,7.5,7.5,0,7.5,0,7.5,0,7.5,0,7.2,0.0417,7.5,0,,,,,,,,
669670,216,216,0,216,0,216,0,216,0,216,0,,,,,,,,,,
669671,216,216,0,216,0,216,0,216,0,216,0,,,,,,,,,,
669672,120,120,0,120,0,120,0,120,0,120,0,,,,,,,,,,
669708,27.7,27.7,0,27.7,0,27.7,0,,,,,,,,,,,,,,
669712,70,70,0,70,0,70,0,70,0,,,,,,,,,,,,
669713,12.5,12.5,0,12.5,0,12.5,0,12.5,0,12.5,0,12.5,0,,,,,,,,
669714,25,25,0,25,0,25,0,25,0,25,0,25,0,,,,,,,,
669715,18.9,18.9,0,18.9,0,18.9,0,18.9,0,18.9,0,18.9,0,,,,,,,,
669717,15,15,0,15,0,15,0,15,0,15,0,15,0,,,,,,,,
669718,21,21,0,21,0,21,0,21,0,21,0,,,,,,,,,,
669719,,,,,,,,,,,,,,,,,,,,,
669720,,,,,,,,,,,,,,,,,,,,,
669721,19,19,0,19,0,19,0,19,0,19,0,19,0,,,,,,,,
669722,21,21,0,21,0,21,0,21,0,21,0,23,-0.087,,,,,,,,
669723,23,23,0,23,0,23,0,23,0,23,0,26,-0.115,,,,,,,,
669724,16,16,0,16,0,16,0,16,0,16,0,18,-0.111,,,,,,,,
669725,55.9,55.9,0,55.9,0,55.9,0,55.9,0,55.9,0,,,,,,,,,,
669726,55.9,55.9,0,55.9,0,55.9,0,55.9,0,55.9,0,,,,,,,,,,
669738,,,,,,,,,,,,,,,,,,,,,
669739,23.5,23.5,0,,,23.5,0,23.5,0,23.5,0,,,,,,,,,,
669740,23.5,23.5,0,23.5,0,23.5,0,23.5,0,23.5,0,,,,,,,,,,
669747,47.5,,,,,,,,,,,,,,,,,,,,
669748,28.5,28.5,0,28.5,0,,,28.5,0,,,,,,,,,,,,
669751,72,72,0,72,0,72,0,,,,,,,,,,,,,,
669752,72,72,0,72,0,72,0,,,,,,,,,,,,,,
669759,24,24,0,24,0,24,0,,,,,,,,,,,,,,
669760,14,14,0,14,0,14,0,,,,,,,,,,,,,,
669901,45.9,45.9,0,45.9,0,45.9,0,45.9,0,45.9,0,45.9,0,45.9,0,45.9,0,39.9,0.15,39.9,0.15
669902,45.9,45.9,0,45.9,0,45.9,0,45.9,0,45.9,0,45.9,0,45.9,0,45.9,0,39.9,0.15,39.9,0.15
669903,45.9,45.9,0,45.9,0,45.9,0,,,45.9,0,45.9,0,45.9,0,45.9,0,39.9,0.15,,
669904,35,35,0,35,0,35,0,35,0,35,0,35,0,35,0,35,0,29,0.207,29,0.207
669905,35,35,0,35,0,35,0,35,0,35,0,35,0,35,0,35,0,29,0.207,29,0.207
669906,28.5,28.5,0,28.5,0,28.5,0,28.5,0,28.5,0,28.5,0,28.5,0,28.5,0,21.9,0.301,,
669907,,,,,,,,,,,,,,,,,,,,,
669908,28.5,,,,,28.5,0,28.5,0,28.5,0,28.5,0,28.5,0,28.5,0,21.9,0.301,21.9,0.301
669909,,,,,,,,,,,,,,,,,,,,,
669912,,,,,,,,,,,,,,,,,,,,,
669913,27.5,27.5,0,27.5,0,27.5,0,27.5,0,27.5,0,27.5,0,27.5,0,27.5,0,,,,
669915,,,,,,,,,,,,,,,,,,,,,
669924,12.7,12.7,0,12.7,0,12.7,0,12.7,0,12.7,0,12.8,-0.00781,12.9,-0.0155,11.5,0.104,9.4,0.351,7.7,0.649
669925,12.7,12.7,0,12.7,0,12.7,0,12.7,0,12.7,0,12.8,-0.00781,12.9,-0.0155,11.5,0.104,9.4,0.351,7.7,0.649
669991,39,39,0,39,0,39,0,39,0,39,0,39,0,39,0,39,0,,,29.9,0.304
669992,,,,,,,,,,,,,,,,,,,,,
670002,19,19,0,19,0,19,0,19,0,19,0,19,0,19,0,19,0,16.7,0.138,14.5,0.31
670003,,,,,,,,,,,,,,,,,,,,,
670004,26.5,26.5,0,26.5,0,26.5,0,26.5,0,26.5,0,26.5,0,26.5,0,26.5,0,16.7,0.587,14.5,0.828
670005,,,,,,,,,,,,,,,,,,,,,
670006,25.5,25.5,0,25.5,0,25.5,0,25.5,0,25.5,0,25.5,0,25.5,0,25.5,0,16.7,0.527,14.5,0.759
670007,19,19,0,19,0,19,0,19,0,19,0,19,0,19,0,19,0,16.7,0.138,14.5,0.31
670013,27,27,0,27,0,27,0,27,0,27,0,27,0,27,0,27,0,23.5,0.149,23.5,0.149
670016,,,,,,,,,,,,,,,,,,,,,
670018,,,,,,,,,,,,,,,,,,,,,
670020,,,,,,,,,,,,,,,,,,,,,
670026,,,,,,,,,,,,,,,,,,,,,
670045,10,10,0,10,0,10,0,10,0,10,0,8.5,0.176,10,0,10,0,8,0.25,8,0.25
670046,10,10,0,10,0,10,0,10,0,10,0,8.5,0.176,10,0,10,0,8,0.25,,
670047,,,,,,,,,,,,,,,,,,,,,
670048,95.4,95.4,0,95.4,0,95.4,0,95.4,0,95.4,0,95.4,0,95.4,0,95.4,0,72.5,0.316,63,0.514
670050,,,,,,,,,,,,,,,,,,,,,
670054,,,,,,,,,,,,,,,,,,,,,
670055,26.9,26.9,0,26.9,0,,,26.9,0,26.9,0,30,-0.103,30,-0.103,31,-0.132,31,-0.132,28.5,-0.0561
670056,26.9,26.9,0,26.9,0,,,,,26.9,0,30,-0.103,30,-0.103,,,30,-0.103,27.5,-0.0218
670057,40,40,0,40,0,,,,,40,0,,,40,0,,,37.5,0.0667,35,0.143
670059,69.9,69.9,0,69.9,0,,,,,69.9,0,77.5,-0.0981,77.5,-0.0981,,,,,,
670061,,,,,,,,,,,,,,,,,,,,,
670062,105,105,0,105,0,105,0,105,0,105,0,111,-0.0566,116,-0.0972,115,-0.087,82.5,0.273,68.8,0.526
670063,23.8,23.8,0,23.8,0,23.8,0,23.8,0,23.8,0,25,-0.048,26.3,-0.0951,,,20,0.19,16.3,0.46
670068,50.3,50.3,0,50.3,0,50.3,0,50.3,0,50.3,0,50.3,0,47,0.0702,45.3,0.11,39,0.29,36,0.397
670071,69.2,69.2,0,,,69.2,0,,,69.2,0,65.5,0.0565,61,0.134,60,0.153,57.7,0.199,,
670072,94.5,94.5,0,94.5,0,94.5,0,79.4,0.19,79.4,0.19,79.4,0.19,79.4,0.19,78.2,0.208,73.5,0.286,73.5,0.286
670073,102,102,0,102,0,102,0,85.5,0.193,81.9,0.245,81.9,0.245,73,0.397,73,0.397,66.9,0.525,,
670074,39.9,39.9,0,39.9,0,39.9,0,39.9,0,39.9,0,39.9,0,39.9,0,39.9,0,39.9,0,,
670087,86,86,0,,,86,0,86,0,86,0,86,0,86,0,86,0,61,0.41,61,0.41
670111,106,106,0,106,0,106,0,106,0,106,0,106,0,98.8,0.0709,92.4,0.145,,,,
670116,94.7,,,,,94.7,0,,,94.7,0,,,,,82.8,0.144,71.5,0.324,,
670131,23,23,0,23,0,23,0,23,0,23,0,23,0,22,0.0455,22,0.0455,20.8,0.106,,
670188,13.5,13.5,0,13.5,0,13.5,0,13.5,0,13.5,0,15,-0.1,15,-0.1,14.5,-0.069,14.5,-0.069,10.9,0.239
670203,17.3,17.3,0,17.3,0,17.3,0,17.3,0,17.3,0,16.9,0.0237,15.9,0.0881,15.6,0.109,14.9,0.161,14.6,0.185
670206,,,,,,,,,,,,,,,,,,,,,
670209,7.2,7.2,0,7.2,0,7.2,0,7.2,0,7.2,0,7.2,0,7.2,0,7.2,0,6.8,0.0588,6.8,0.0588
670210,7.2,7.2,0,7.2,0,7.2,0,7.2,0,7.2,0,7.2,0,7.2,0,7.2,0,6.8,0.0588,6.8,0.0588
670212,133,,,,,133,0,133,0,133,0,129,0.0294,119,0.119,117,0.141,109,0.22,105,0.264
670213,152,152,0,152,0,152,0,152,0,152,0,152,0,152,0,152,0,152,0,152,0
670220,21.3,21.3,0,21.3,0,21.3,0,21.3,0,21.3,0,21.3,0,21.3,0,21.3,0,18.5,0.151,18.5,0.151
670221,17.5,17.5,0,17.5,0,17.5,0,17.5,0,17.5,0,17.5,0,17.5,0,17.5,0,15,0.167,15,0.167
670222,15,15,0,15,0,15,0,15,0,15,0,15,0,15,0,15,0,12.5,0.2,12.5,0.2
670227,,,,,,,,,,,,,,,,,,,,,
670233,63,63,0,63,0,63,0,63,0,63,0,63,0,63,0,62.5,0.008,62.5,0.008,62.5,0.008
670234,,,,,,,,,,,,,,,,,,,,,
670270,55.3,55.3,0,55.3,0,,,55.3,0,55.3,0,55.3,0,51.2,0.0801,49.3,0.122,44.9,0.232,42.4,0.304
670276,9.5,9.5,0,9.5,0,9.5,0,9.5,0,9.5,0,,,,,10.8,-0.12,10.8,-0.12,,
670291,32.8,32.8,0,32.8,0,32.8,0,32.8,0,32.8,0,32.8,0,32.8,0,32.8,0,27.5,0.193,24.5,0.339
670307,,,,,,,,,,,,,,,,,,,,,
670308,,,,,,,,,,,,,,,,,,,,,
670309,,,,,,,,,,,,,,,,,,,,,
670313,,,,,,,,,,,,,,,,,,,,,
670314,,,,,,,,,,,,,,,,,,,,,
670316,20,20,0,20,0,20,0,20,0,20,0,20,0,20,0,,,,,17,0.176
670317,22.5,22.5,0,22.5,0,22.5,0,22.5,0,22.5,0,22.5,0,22.5,0,,,,,20,0.125
670318,,,,,,,,,,,,,,,,,,,,,
670353,,,,,,,,,,,,,,,,,,,,,
670355,25,25,0,25,0,25,0,25,0,25,0,25,0,,,,,,,25,0
670385,,,,,,,,,,,,,,,,,,,,,
670397,78,78,0,78,0,78,0,78,0,78,0,,,,,,,,,54,0.444
670404,,,,,,,,,,,,,,,,,,,,,
670407,78,78,0,78,0,78,0,78,0,78,0,,,,,,,,,54,0.444
670419,21,21,0,21,0,21,0,21,0,21,0,21,0,21,0,20,0.05,18.5,0.135,17,0.235
670467,,,,,,,,,,,,,,,,,,,,,
670468,19.5,19.5,0,19.5,0,19.5,0,19.5,0,19.5,0,19.5,0,19.5,0,18.5,0.0541,16,0.219,16,0.219
670469,36,36,0,36,0,36,0,36,0,36,0,36,0,36,0,35,0.0286,28,0.286,28,0.286
670476,43.8,43.8,0,43.8,0,43.8,0,43.8,0,,,,,,,,,,,,
670483,,,,,,,,,,,,,,,,,,,,,
670484,,,,,,,,,,,,,,,,,,,,,
670485,,,,,,,,,,,,,,,,,,,,,
670488,,,,,,,,,,,,,,,,,,,,,
670515,,,,,,,,,,,,,,,,,,,,,
670516,,,,,,,,,,,,,,,,,,,,,
670522,,,,,,,,,,,,,,,,,,,,,
670560,,,,,,,,,,,,,,,,,,,,,
670561,,,,,,,,,,,,,,,,,,,,,
670581,10.9,10.9,0,10.9,0,10.9,0,10.9,0,10.9,0,10.9,0,,,11.5,-0.0522,9.7,0.124,9.7,0.124
670593,,,,,,,,,,,,,,,,,,,,,
670594,16.5,16.5,0,16.5,0,16.5,0,33.8,-0.512,,,,,,,15,0.1,,,,
670599,,,,,,,,,,,,,,,,,,,,,
670604,,,,,,,,,,,,,,,,,,,,,
670611,15,15,0,15,0,15,0,15,0,15,0,15,0,15,0,15,0,12.5,0.2,12.5,0.2
670613,5.5,5.5,0,5.5,0,5.5,0,5.5,0,5.5,0,5.5,0,5.5,0,5.5,0,5,0.1,5,0.1
670625,,,,,,,,,,,,,,,,,,,,,
670641,37.5,37.5,0,37.5,0,37.5,0,37.5,0,37.5,0,37.5,0,37.5,0,37.5,0,,,35,0.0714
670642,38,38,0,38,0,38,0,38,0,,,,,38,0,38,0,35.9,0.0585,35,0.0857
670643,,,,,,,,,,,,,,,,,,,,,
670647,,,,,,,,,,,,,,,,,,,,,
670653,,,,,,,,,,,,,,,,,,,,,
670654,,,,,,,,,,,,,,,,,,,,,
670657,,,,,,,,,,,,,,,,,,,,,
670665,13.5,13.5,0,13.5,0,13.5,0,13.5,0,,,13.5,0,13.5,0,13.5,0,10.5,0.286,10.5,0.286
670666,,,,,,,,,,,,,,,,,,,,,
670715,,,,,,,,,,,,,,,,,,,,,
670717,,,,,,,,,,,,,,,,,,,,,
670719,,,,,,,,,,,,,,,,,,,,,
670720,,,,,,,,,,,,,,,,,,,,,
670721,37.5,37.5,0,37.5,0,37.5,0,37.5,0,37.5,0,37.5,0,37.5,0,,,25.9,0.448,22.5,0.667
670723,,,,,,,,,,,,,,,,,,,,,
670810,,,,,,,,,,,,,,,,,,,,,
670811,,,,,,,,,,,,,,,,,,,,,
670812,,,,,,,,,,,,,,,,,,,,,
670813,,,,,,,,,,,,,,,,,,,,,
670814,,,,,,,,,,,,,,,,,,,,,
670815,,,,,,,,,,,,,,,,,,,,,
670816,,,,,,,,,,,,,,,,,,,,,
670828,23.8,23.8,0,23.8,0,23.8,0,23.8,0,23.8,0,23.8,0,23.8,0,23.8,0,21,0.133,21,0.133
670830,17.5,17.5,0,17.5,0,17.5,0,17.5,0,17.5,0,17.5,0,17.5,0,17.5,0,15,0.167,15,0.167
670832,33.7,33.7,0,33.7,0,33.7,0,33.7,0,33.7,0,32.9,0.0243,31.4,0.0732,30.6,0.101,30,0.123,29.3,0.15
670833,9.4,9.4,0,9.4,0,9.4,0,9.4,0,9.4,0,9.4,0,9.4,0,8,0.175,8.1,0.16,6.6,0.424
670834,7.8,7.8,0,7.8,0,7.8,0,7.8,0,9.4,-0.17,9.4,-0.17,9.4,-0.17,8,-0.025,8,-0.025,6.6,0.182
670835,,,,,,,,,,,,,,,,,,,,,
670836,,,,,,,,,,,,,,,,,,,,,
670886,,,,,,,,,,,,,,,,,,,,,
670889,,,,,,,,,,,,,,,,,,,,,
670895,,,,,,,,,,,,,,,,,,,,,
670896,,,,,,,,,,,,,,,,,,,,,
670897,94,,,,,94,0,,,,,94,0,94,0,94,0,94,0,94,0
670901,,,,,,,,,,,,,,,,,,,,,
670909,43.5,43.5,0,43.5,0,43.5,0,43.5,0,43.5,0,43.5,0,37.9,0.148,37.9,0.148,35.8,0.215,35.4,0.229
670915,8,8,0,8,0,8,0,8,0,8,0,9,-0.111,9,-0.111,8.7,-0.0805,8,0,8,0
670918,56.3,56.3,0,56.3,0,56.3,0,56.3,0,56.3,0,56.3,0,56.3,0,,,52,0.0827,52,0.0827
670939,37,37,0,37,0,37,0,37,0,37,0,37,0,37,0,,,29.5,0.254,29.5,0.254
670944,,,,,,,,,,,,,,,,,,,,,
670953,,,,,,,,,,,,,,,,,,,,,
670956,22,22,0,22,0,22,0,24.5,-0.102,20.8,0.0577,24.5,-0.102,24.5,-0.102,23.6,-0.0678,21.3,0.0329,17.5,0.257
670960,,,,,,,,,,,,,,,,,,,,,
670968,,,,,,,,,,,,,,,,,,,,,
670976,29.9,29.9,0,29.9,0,,,29.9,0,29.9,0,29.9,0,29.9,0,28,0.0679,23.8,0.256,23.8,0.256
670977,29.9,29.9,0,29.9,0,29.9,0,29.9,0,29.9,0,29.9,0,29.9,0,28,0.0679,23.8,0.256,23.8,0.256
670978,17.5,17.5,0,17.5,0,17.5,0,17.5,0,17.5,0,17.5,0,17.5,0,17.2,0.0174,15.6,0.122,15.6,0.122
670979,17.5,17.5,0,17.5,0,17.5,0,17.5,0,17.5,0,17.5,0,17.5,0,17.2,0.0174,,,,
670980,22.5,22.5,0,22.5,0,22.5,0,22.5,0,22.5,0,22.5,0,22.5,0,18.8,0.197,16,0.406,,
670981,,,,,,,,,,,,,,,,,,,,,
670982,56.3,56.3,0,56.3,0,56.3,0,56.3,0,56.3,0,81,-0.305,81,-0.305,79.3,-0.29,,,,
670985,31.5,31.5,0,31.5,0,31.5,0,31.5,0,31.5,0,31.5,0,28.5,0.105,27.5,0.145,25.9,0.216,25.9,0.216
670986,,,,,,,,,,,,,,,,,,,,,
670987,,,,,,,,,,,,,,,,,,,,,
670993,1.5,1.5,0,1.5,0,1.5,0,1.5,0,1.5,0,1.3,0.154,1.5,0,,,,,,
671007,47.8,47.8,0,47.8,0,47.8,0,47.8,0,47.8,0,,,,,,,,,,
671010,,,,,,,,,,,,,,,,,,,,,
671012,81.9,81.9,0,81.9,0,81.9,0,81.9,0,81.9,0,81.9,0,81.9,0,81.9,0,67.5,0.213,67.5,0.213
671034,50,50,0,50,0,50,0,50,0,50,0,50,0,50,0,50,0,47.5,0.0526,47.5,0.0526
671035,11.3,11.3,0,11.3,0,11.3,0,11.3,0,11.3,0,11.3,0,11.3,0,11.3,0,11.3,0,11.3,0
671037,,,,,,,,,,,,,,,,,,,,,
671039,,,,,,,,,,,,,,,,,,,,,
671040,107,107,0,107,0,107,0,107,0,107,0,116,-0.08,116,-0.08,115,-0.0696,82.5,0.297,,
671054,26,26,0,26,0,30.5,-0.148,27,-0.037,29,-0.103,29,-0.103,29,-0.103,29,-0.103,26.8,-0.0299,23,0.13
671058,,,,,,,,,,,,,,,,,,,,,
671059,70.2,70.2,0,70.2,0,70.2,0,70.2,0,,,66.5,0.0556,62,0.132,,,57.5,0.221,,
671060,,,,,,,,,,,,,,,,,,,,,
671061,31.5,31.5,0,31.5,0,31.5,0,31.5,0,31.5,0,31.5,0,31.5,0,29,0.0862,28,0.125,28,0.125
671063,,,,,,,,,,,,,,,,,,,,,
671076,23,,,23,0,23,0,23,0,23,0,21.8,0.055,21.8,0.055,,,18.8,0.223,18.8,0.223
671077,31.3,,,,,31.3,0,31.3,0,31.3,0,,,,,29.8,0.0503,,,26.3,0.19
671079,,,,,,,,,,,,,,,,,,,,,
671080,17.5,17.5,0,17.5,0,17.5,0,17.5,0,17.5,0,15.4,0.136,15.4,0.136,,,14.8,0.182,14.8,0.182
671081,17.5,17.5,0,17.5,0,17.5,0,17.5,0,17.5,0,15.4,0.136,15.4,0.136,,,14.8,0.182,14.8,0.182
671082,17.5,,,,,,,17.5,0,17.5,0,16.9,0.0355,16.9,0.0355,,,14.8,0.182,14.8,0.182
671083,,,,,,,,,,,,,,,,,,,,,
671084,,,,,,,,,,,,,,,,,,,,,
671087,46,46,0,46,0,46,0,46,0,46,0,46,0,44.3,0.0384,42.8,0.0748,42.8,0.0748,40.3,0.141
671088,2.5,2.5,0,2.5,0,2.5,0,2.5,0,2.5,0,2.5,0,,,2,0.25,,,2,0.25
671089,2.5,2.5,0,2.5,0,,,,,2.5,0,2.5,0,2.5,0,2,0.25,2,0.25,2,0.25
671093,43.8,43.8,0,43.8,0,43.8,0,43.8,0,43.8,0,37,0.184,37,0.184,43.8,0,43.8,0,43.8,0
671094,,,,,,,,,,,,,,,,,,,,,
671098,,,,,,,,,,,,,,,,,,,,,
671100,,,,,,,,,,,,,,,,,,,,,
671101,,,,,,,,,,,,,,,,,,,,,
671108,,,,,,,,,,,,,,,,,,,,,
671112,,,,,,,,,,,,,,,,,,,,,
671117,20,20,0,20,0,20,0,20,0,20,0,20,0,,,20,0,20,0,20,0
671119,,,,,,,,,,,,,,,,,,,,,
671121,20,20,0,20,0,20,0,20,0,20,0,,,,,20,0,20,0,20,0
671122,,,,,,,,,,,,,,,,,,,,,
671123,88.9,88.9,0,88.9,0,88.9,0,88.9,0,88.9,0,88.9,0,88.9,0,88.9,0,,,85.5,0.0398
671126,,,,,,,,,,,,,,,,,,,,,
671127,,,,,,,,,,,,,,,,,,,,,
671129,,,,,,,,,,,,,,,,,,,,,
671130,100,100,0,100,0,100,0,100,0,100,0,100,0,100,0,93.6,0.0684,93.6,0.0684,86,0.163
671131,,,,,,,,,,,,,,,,,,,,,
671132,86.2,86.2,0,86.2,0,86.2,0,86.2,0,86.2,0,86.2,0,86.2,0,86.2,0,86.2,0,69,0.249
671135,,,,,,,,,,,,,,,,,,,,,
671145,3.5,3.5,0,3.5,0,3.5,0,,,3.5,0,3.5,0,3.5,0,3,0.167,3,0.167,3,0.167
671163,,,,,,,,,,,,,,,,,,,,,
671179,,,,,,,,,,,,,,,,,,,,,
671196,4.5,4.5,0,4.5,0,4.5,0,4.5,0,4.5,0,4.5,0,4.5,0,4,0.125,,,4,0.125
671208,19.4,19.4,0,19.4,0,19.4,0,19.4,0,19.4,0,17.5,0.109,17.5,0.109,17.5,0.109,15.6,0.244,15.6,0.244
671226,26,26,0,,,26,0,24,0.0833,28,-0.0714,28,-0.0714,25.5,0.0196,23.5,0.106,21,0.238,23,0.13
671227,28,28,0,,,28,0,26,0.0769,29.5,-0.0508,,,27,0.037,,,22.5,0.244,,
671228,,,,,,,,,,,,,,,,,,,,,
671230,,,,,,,,,,,,,,,,,,,,,
671231,,,,,,,,,,,,,,,,,,,,,
671232,,,,,,,,,,,,,,,,,,,,,
671233,55,55,0,55,0,55,0,,,,,,,,,,,,,,
671234,,,,,,,,,,,,,,,,,,,,,
671235,,,,,,,,,,,,,,,,,,,,,
671236,41,41,0,,,,,41,0,,,40,0.025,37.5,0.0933,37.5,0.0933,,,,
671237,,,,,,,,,,,,,,,,,,,,,
671239,,,,,,,,,,,,,,,,,,,,,
671240,,,,,,,,,,,,,,,,,,,,,
671243,,,,,,,,,,,,,,,,,,,,,
671244,,,,,,,,,,,,,,,,,,,,,
671245,52.5,52.5,0,52.5,0,52.5,0,52.5,0,52.5,0,51.3,0.0234,50,0.05,,,,,,
671246,58.8,58.8,0,58.8,0,58.8,0,,,,,,,52.5,0.12,,,52.5,0.12,,
671247,58.8,58.8,0,58.8,0,58.8,0,,,,,55,0.0691,52.5,0.12,,,52.5,0.12,50,0.176
671248,61.3,61.3,0,61.3,0,61.3,0,,,,,57.5,0.0661,55,0.115,,,,,,
671281,,,,,,,,,,,,,,,,,,,,,
671282,49.5,49.5,0,49.5,0,49.5,0,49.5,0,49.5,0,49.5,0,,,,,,,,
671285,238,238,0,238,0,238,0,238,0,200,0.188,200,0.188,200,0.188,,,200,0.188,,
671292,,,,,,,,,,,,,,,,,,,,,
671309,,,,,,,,,,,,,,,,,,,,,
671315,32.5,32.5,0,32.5,0,32.5,0,29.4,0.105,32.2,0.00932,32.8,-0.00915,32.8,-0.00915,32.8,-0.00915,30,0.0833,29,0.121
671321,20,20,0,20,0,20,0,20,0,20,0,20,0,20,0,20,0,17.5,0.143,17.5,0.143
671322,,,,,,,,,,,,,,,,,,,,,
671323,,,,,,,,,,,,,,,,,,,,,
671324,12.5,12.5,0,12.5,0,12.5,0,12.5,0,12.5,0,12.5,0,12.5,0,12.5,0,,,,
671340,9.3,9.3,0,9.3,0,9.3,0,9.3,0,9.3,0,9.3,0,9.3,0,7.4,0.257,6.4,0.453,6.4,0.453
671341,9.3,9.3,0,9.3,0,9.3,0,9.3,0,9.3,0,9.3,0,9.3,0,7.4,0.257,6.4,0.453,6.4,0.453
671342,9.3,9.3,0,9.3,0,9.3,0,9.3,0,9.3,0,9.3,0,9.3,0,7.4,0.257,6.4,0.453,6.4,0.453
671359,,,,,,,,,,,,,,,,,,,,,
671363,35.9,35.9,0,35.9,0,35.9,0,35.9,0,35.9,0,35.2,0.0199,33.7,0.0653,,,31.6,0.136,30.1,0.193
671378,,,,,,,,,,,,,,,,,,,,,
671396,85.5,85.5,0,85.5,0,85.5,0,85.5,0,85.5,0,85.5,0,73.5,0.163,71.5,0.196,65,0.315,58,0.474
671402,9.4,9.4,0,9.4,0,9.4,0,9.4,0,8,0.175,9.4,0,9.4,0,8,0.175,8,0.175,6.6,0.424
671404,,,,,,,,,,,,,,,,,,,,,
671407,131,131,0,131,0,131,0,131,0,131,0,131,0,122,0.0695,114,0.144,99.8,0.311,,
671408,132,132,0,132,0,132,0,132,0,132,0,132,0,123,0.0706,115,0.145,,,,
671412,12.5,12.5,0,12.5,0,12.5,0,12.5,0,12.5,0,12.5,0,12.5,0,,,10.5,0.19,,
671413,12.5,12.5,0,12.5,0,12.5,0,12.5,0,,,12.5,0,12.5,0,,,10.5,0.19,,
671414,10.5,10.5,0,10.5,0,10.5,0,10.5,0,10.5,0,10.5,0,10.5,0,,,10,0.05,,
671415,,,,,,,,,,,,,,,,,,,,,
671416,10.5,10.5,0,10.5,0,10.5,0,10.5,0,10.5,0,10.5,0,10.5,0,,,10,0.05,10,0.05
671427,15.2,15.2,0,,,15.2,0,15.2,0,15.2,0,15.2,0,15.2,0,15.2,0,,,13.2,0.152
671428,15.2,15.2,0,15.2,0,15.2,0,15.2,0,15.2,0,15.2,0,15.2,0,15.2,0,13.2,0.152,13.2,0.152
671429,15.2,15.2,0,,,15.2,0,15.2,0,15.2,0,15.2,0,,,15.2,0,13.2,0.152,13.2,0.152
671430,15.2,15.2,0,15.2,0,15.2,0,15.2,0,15.2,0,15.2,0,15.2,0,15.2,0,13.2,0.152,13.2,0.152
671434,33.8,33.8,0,,,,,,,,,,,,,,,,,,
671449,,,,,,,,,,,,,,,,,,,,,
671450,67.8,67.8,0,67.8,0,67.8,0,67.8,0,67.8,0,67.8,0,64.6,0.0495,64.6,0.0495,57.2,0.185,50.5,0.343
671451,60.8,60.8,0,60.8,0,60.8,0,60.8,0,60.8,0,60.8,0,58,0.0483,58,0.0483,52.7,0.154,50.8,0.197
671452,38.2,38.2,0,38.2,0,38.2,0,38.2,0,38.2,0,38.2,0,36.4,0.0495,36.4,0.0495,33.5,0.14,31.9,0.197
671472,99.8,99.8,0,,,99.8,0,99.8,0,99.8,0,99.8,0,99.8,0,104,-0.0404,72,0.386,,
671473,49.8,49.8,0,,,49.8,0,49.8,0,49.8,0,49.8,0,49.8,0,51.3,-0.0292,38,0.311,,
671479,18.3,18.3,0,18.3,0,18.3,0,18.3,0,18.3,0,18.3,0,18.3,0,18.3,0,,,18.3,0
671480,,,,,,,,,,,,,,,,,,,,,
671487,,,,,,,,,,,,,,,,,,,,,
671489,,,,,,,,,,,,,,,,,,,,,
671490,,,,,,,,,,,,,,,,,,,,,
671495,,,,,,,,,,,,,,,,,,,,,
671496,,,,,,,,,,,,,,,,,,,,,
671497,,,,,,,,,,,,,,,,,,,,,
671498,,,,,,,,,,,,,,,,,,,,,
671520,,,,,,,,,,,,,,,,,,,,,
671532,,,,,,,,,,,,,,,,,,,,,
671537,31,31,0,31,0,31,0,31,0,31,0,31,0,31,0,,,25,0.24,,
671538,28.8,28.8,0,28.8,0,28.8,0,28.8,0,28.8,0,28.8,0,28.8,0,26,0.108,25,0.152,25,0.152
671539,,,,,,,,,,,,,,,,,,,,,
671540,28.8,28.8,0,28.8,0,28.8,0,28.8,0,,,28.8,0,28.8,0,,,25,0.152,25,0.152
671548,62.5,62.5,0,62.5,0,62.5,0,62.5,0,62.5,0,62.5,0,,,,,,,,
671570,43.5,43.5,0,43.5,0,43.5,0,43.5,0,,,43.5,0,43.5,0,,,,,38,0.145
671577,238,238,0,238,0,238,0,238,0,200,0.188,200,0.188,200,0.188,200,0.188,200,0.188,169,0.407
671578,,,,,,,,,,,,,,,,,,,,,
671579,238,,,,,,,,,200,0.188,200,0.188,200,0.188,200,0.188,200,0.188,169,0.407
671581,,,,,,,,,,,,,,,,,,,,,
671583,,,,,,,,,,,,,,,,,,,,,
671584,,,,,,,,,,,,,,,,,,,,,
671595,,,,,,,,,,,,,,,,,,,,,
671668,,,,,,,,,,,,,,,,,,,,,
671675,9.7,9.7,0,9.7,0,9.7,0,9.7,0,9.7,0,9.7,0,,,9.7,0,,,7.9,0.228
671676,13.3,13.3,0,13.3,0,13.3,0,13.3,0,13.3,0,13.3,0,13.3,0,13.3,0,11.5,0.157,11,0.209
671680,,,,,,,,,,,,,,,,,,,,,
671683,,,,,,,,,,,,,,,,,,,,,
671691,48.9,48.9,0,48.9,0,48.9,0,,,48.9,0,44,0.111,44,0.111,,,,,33.5,0.46
671699,34.5,34.5,0,34.5,0,34.5,0,34.5,0,34.5,0,34,0.0147,34,0.0147,34,0.0147,,,,
671702,58.6,58.6,0,58.6,0,58.6,0,58.6,0,,,58.6,0,58.6,0,58.6,0,46.2,0.268,,
671704,75.6,75.6,0,,,,,75.6,0,75.6,0,,,,,,,64,0.181,59.8,0.264
671705,47.5,47.5,0,47.5,0,47.5,0,47.5,0,47.5,0,47.5,0,43.8,0.0845,43.8,0.0845,43,0.105,42,0.131
671714,267,267,0,267,0,267,0,267,0,267,0,210,0.271,392,-0.319,382,-0.301,275,-0.0291,232,0.151
671718,9.4,9.4,0,9.4,0,9.4,0,9.4,0,9.4,0,9.4,0,9.4,0,8,0.175,8.1,0.16,6.6,0.424
671724,,,,,,,,,,,,,,,,,,,,,
671725,,,,,,,,,,,,,,,,,,,,,
671726,,,,,,,,,,,,,,,,,,,,,
671727,,,,,,,,,,,,,,,,,,,,,
671728,,,,,,,,,,,,,,,,,,,,,
671732,21.2,21.2,0,21.2,0,21.2,0,21.2,0,21.2,0,21.2,0,21.2,0,21.2,0,18.8,0.128,18.8,0.128
671760,,,,,,,,,,,,,,,,,,,,,
671762,99.9,99.9,0,99.9,0,99.9,0,99.9,0,99.9,0,99.9,0,99.9,0,99.9,0,77.6,0.287,77.6,0.287
671775,,,,,,,,,,,,,,,,,,,,,
671776,,,,,,,,,,,,,,,,,,,,,
671777,,,,,,,,,,,,,,,,,,,,,
671791,,,,,,,,,,,,,,,,,,,,,
671792,,,,,,,,,,,,,,,,,,,,,
671793,,,,,,,,,,,,,,,,,,,,,
671794,,,,,,,,,,,,,,,,,,,,,
671796,,,,,,,,,,,,,,,,,,,,,
671797,,,,,,,,,,,,,,,,,,,,,
671798,,,,,,,,,,,,,,,,,,,,,
671799,,,,,,,,,,,,,,,,,,,,,
671800,,,,,,,,,,,,,,,,,,,,,
671801,,,,,,,,,,,,,,,,,,,,,
671812,,,,,,,,,,,,,,,,,,,,,
671818,,,,,,,,,,,,,,,,,,,,,
671822,,,,,,,,,,,,,,,,,,,,,
671828,103,103,0,103,0,103,0,103,0,103,0,103,0,103,0,106,-0.0237,,,71.5,0.441
671853,,,,,,,,,,,,,,,,,,,,,
671854,,,,,,,,,,,,,,,,,,,,,
671855,,,,,,,,,,,,,,,,,,,,,
671856,,,,,,,,,,,,,,,,,,,,,
671857,31,31,0,31,0,31,0,31,0,31,0,31,0,31,0,27.5,0.127,,,,
671858,,,,,,,,,,,,,,,,,,,,,
671861,,,,,,,,,,,,,,,,,,,,,
671865,2.3,2.3,0,2.3,0,2.3,0,2.3,0,2.3,0,2.3,0,2.3,0,2.3,0,1.9,0.211,1.9,0.211
671869,,,,,,,,,,,,,,,,,,,,,
671896,37.5,37.5,0,37.5,0,37.5,0,37.5,0,37.5,0,,,38.8,-0.0335,33.8,0.109,30,0.25,,
671897,40,40,0,40,0,40,0,40,0,40,0,40.6,-0.0148,38.8,0.0309,,,,,,
671898,21.5,23.5,-0.0851,23.5,-0.0851,23.5,-0.0851,23.5,-0.0851,26,-0.173,,,23.3,-0.0773,23.3,-0.0773,20.5,0.0488,,
671899,111,111,0,111,0,111,0,111,0,111,0,111,0,111,0,111,0,111,0,111,0
671900,55,55,0,55,0,55,0,55,0,55,0,55,0,55,0,55,0,55,0,55,0
671920,,,,,,,,,,,,,,,,,,,,,
671930,,,,,,,,,,,,,,,,,,,,,
671937,11.3,11.3,0,11.3,0,11.3,0,,,11.3,0,11.3,0,,,11.3,0,11.3,0,11.3,0
671939,26.3,26.3,0,26.3,0,26.3,0,26.3,0,26.3,0,26.3,0,26.3,0,26.3,0,23.5,0.119,23.5,0.119
671940,,,,,,,,,,,,,,,,,,,,,
671941,,,,,,,,,,,,,,,,,,,,,
671947,24,24,0,24,0,24,0,24,0,24,0,24,0,,,22.2,0.0811,20.5,0.171,18,0.333
671949,29,29,0,29,0,29,0,29,0,29,0,29,0,28.2,0.0284,28.2,0.0284,,,,
671950,20,20,0,20,0,20,0,20,0,20,0,18.8,0.0638,18.8,0.0638,18.2,0.0989,14.4,0.389,,
671951,,,,,,,,,,,,,,,,,,,,,
671952,19.9,19.9,0,,,,,19.9,0,19.9,0,19.9,0,19.9,0,19.9,0,,,,
671953,,,,,,,,,,,,,,,,,,,,,
671954,,,,,,,,,,,,,,,,,,,,,
671956,20.6,20.6,0,20.6,0,20.6,0,20.6,0,20.6,0,,,20.6,0,,,18,0.144,,
671960,34.6,34.6,0,34.6,0,34.6,0,34.6,0,19.8,0.747,19.8,0.747,19.8,0.747,26,0.331,26,0.331,26,0.331
671976,11.4,11.4,0,11.4,0,11.4,0,12.5,-0.088,10.5,0.0857,12.5,-0.088,12.5,-0.088,10,0.14,9,0.267,9,0.267
671979,40.8,40.8,0,40.8,0,40.8,0,40.8,0,40.8,0,40.8,0,37.7,0.0822,37.7,0.0822,,,29.6,0.378
671985,42.5,42.5,0,42.5,0,42.5,0,42.5,0,42.5,0,45.6,-0.068,47.5,-0.105,,,35,0.214,,
671992,25,25,0,25,0,25,0,25,0,25,0,25,0,,,,,,,25,0
671993,25,25,0,25,0,25,0,25,0,25,0,,,,,,,,,25,0
671994,9.3,9.3,0,9.3,0,6.5,0.431,6.5,0.431,6.9,0.348,13,-0.285,8.5,0.0941,6,0.55,8,0.163,6,0.55
672000,25,25,0,25,0,25,0,25,0,25,0,25,0,,,,,,,25,0
672009,,,,,,,,,,,,,,,,,,,,,
672011,18.8,18.8,0,18.8,0,18.8,0,18.8,0,18.8,0,18.8,0,18.8,0,18.8,0,18.8,0,,
672013,12.6,12.6,0,12.6,0,12.6,0,12.6,0,12.6,0,11.9,0.0588,11.9,0.0588,11.9,0.0588,9.8,0.286,8.8,0.432
672015,8.2,8.2,0,8.2,0,8.2,0,8.2,0,10.2,-0.196,10.2,-0.196,10.2,-0.196,9,-0.0889,9,-0.0889,,
672039,15.2,15.2,0,,,15.2,0,15.2,0,15.2,0,,,,,,,,,,
672040,15.2,15.2,0,,,,,15.2,0,15.2,0,,,,,,,,,,
672043,,,,,,,,,,,,,,,,,,,,,
672057,,,,,,,,,,,,,,,,,,,,,
672065,15.2,15.2,0,,,15.2,0,15.2,0,15.2,0,15.2,0,15.2,0,15.2,0,12.2,0.246,12.2,0.246
672066,15.2,15.2,0,,,15.2,0,15.2,0,,,15.2,0,15.2,0,15.2,0,12.2,0.246,12.2,0.246
672067,15.2,15.2,0,15.2,0,15.2,0,15.2,0,15.2,0,15.2,0,15.2,0,,,12.2,0.246,12.2,0.246
672068,13.2,13.2,0,,,13.2,0,,,,,,,,,13.2,0,10.9,0.211,,
672069,13.2,13.2,0,,,13.2,0,13.2,0,,,,,,,,,10.9,0.211,,
672070,14,14,0,14,0,14,0,14,0,14,0,14,0,14,0,14,0,11.9,0.176,11.9,0.176
672072,10.6,10.6,0,10.6,0,10.6,0,10.6,0,10.6,0,10.6,0,10.6,0,,,8.5,0.247,,
672073,,,,,,,,,,,,,,,,,,,,,
672074,,,,,,,,,,,,,,,,,,,,,
672114,,,,,,,,,,,,,,,,,,,,,
672115,23,23,0,23,0,23,0,,,23,0,23,0,23,0,23,0,23,0,,
672117,23.5,23.5,0,23.5,0,20.5,0.146,33,-0.288,38,-0.382,47.3,-0.503,47.8,-0.508,46,-0.489,27.5,-0.145,27,-0.13
672121,,,,,,,,,,,,,,,,,,,,,
672140,,,,,,,,,,,,,,,,,,,,,
672155,46.5,46.5,0,46.5,0,46.5,0,,,,,46.5,0,46.5,0,46.5,0,40.5,0.148,40.5,0.148
672156,28.4,28.4,0,28.4,0,28.4,0,28.4,0,28.4,0,28.4,0,27,0.0519,27,0.0519,24.4,0.164,23.1,0.229
672160,,,,,,,,,,,,,,,,,,,,,
672162,,,,,,,,,,,,,,,,,,,,,
672171,,,,,,,,,,,,,,,,,,,,,
672185,15,15,0,15,0,15,0,15,0,15,0,15,0,15,0,15,0,14,0.0714,14,0.0714
672202,20.8,20.8,0,20.8,0,20.8,0,20.8,0,17.6,0.182,20.8,0,20.8,0,19,0.0947,17,0.224,17,0.224
672211,,,,,,,,,,,,,,,,,,,,,
672212,,,,,,,,,,,,,,,,,,,,,
672213,,,,,,,,,,,,,,,,,,,,,
672217,,,,,,,,,,,,,,,,,,,,,
672218,11.5,11.5,0,,,11.5,0,11.5,0,,,11.5,0,11.5,0,,,9.7,0.186,,
672219,12.5,12.5,0,12.5,0,12.5,0,12.5,0,12.5,0,12.5,0,12.5,0,12,0.0417,11.2,0.116,11.2,0.116
672220,13,13,0,13,0,13,0,13,0,13,0,13,0,13.5,-0.037,13,0,12.5,0.04,12.5,0.04
672221,13.5,13.5,0,13.5,0,13.5,0,13.5,0,13.5,0,13.5,0,13.7,-0.0146,13.7,-0.0146,13.7,-0.0146,13.7,-0.0146
672227,46.3,46.3,0,46.3,0,46.3,0,46.3,0,46.3,0,46.3,0,46.3,0,,,33.9,0.366,,
672228,111,111,0,,,,,,,,,111,0,111,0,99,0.124,,,,
672229,96.3,96.3,0,96.3,0,96.3,0,96.3,0,96.3,0,96.3,0,96.3,0,87.5,0.101,76.2,0.264,62.5,0.541
672230,67.5,67.5,0,67.5,0,67.5,0,67.5,0,67.5,0,67.5,0,70,-0.0357,68.8,-0.0189,61.9,0.0905,,
672251,,,,,,,,,,,,,,,,,,,,,
672252,,,,,,,,,,,,,,,,,,,,,
672272,117,117,0,117,0,117,0,85,0.376,85,0.376,,,76.4,0.531,76.4,0.531,76.4,0.531,,
672273,,,,,,,,,,,,,,,,,,,,,
672274,,,,,,,,,,,,,,,,,,,,,
672275,,,,,,,,,,,,,,,,,,,,,
672289,12,12,0,12,0,12,0,12,0,12,0,12,0,12,0,12,0,10.8,0.111,10.8,0.111
672290,117,117,0,117,0,117,0,117,0,117,0,117,0,117,0,117,0,83.2,0.401,81,0.44
672291,,,,,,,,,,,,,,,,,,,,,
672292,22.5,22.5,0,22.5,0,22.5,0,22.5,0,22.5,0,22.5,0,22.5,0,20,0.125,18.8,0.197,16,0.406
672293,,,,,,,,,,,,,,,,,,,,,
672294,27.5,27.5,0,27.5,0,27.5,0,27.5,0,27.5,0,27.5,0,27.5,0,20,0.375,18.8,0.463,16,0.719
672295,,,,,,,,,,,,,,,,,,,,,
672298,18.2,18.2,0,18.2,0,18.2,0,18.2,0,18.2,0,,,18.2,0,,,15,0.213,15,0.213
672299,16.3,16.3,0,16.3,0,16.3,0,16.3,0,16.3,0,16.3,0,16.3,0,15.8,0.0316,14.2,0.148,14.2,0.148
672300,17,17,0,17,0,17,0,17,0,17,0,17,0,17,0,17,0,14.2,0.197,14.2,0.197
672301,15.7,15.7,0,15.7,0,15.7,0,15.7,0,15.7,0,15.7,0,15.7,0,14.5,0.0828,12.9,0.217,12.9,0.217
672302,17.5,17.5,0,17.5,0,17.5,0,17.5,0,17.5,0,17.5,0,17.5,0,,,14.2,0.232,14.2,0.232
672303,,,,,,,,,,,,,,,,,,,,,
672304,9,9,0,9,0,9,0,9,0,9,0,9,0,,,,,9,0,9,0
672307,4,4,0,4,0,4,0,,,4,0,4,0,4,0,3.5,0.143,3.5,0.143,3.5,0.143
672308,30,30,0,30,0,30,0,30,0,30,0,30,0,30,0,,,30,0,,
672309,30.5,30.5,0,30.5,0,30.5,0,30.5,0,30.5,0,30.5,0,30.5,0,,,,,,
672310,,,,,,,,,,,,,,,,,,,,,
672311,30.5,30.5,0,30.5,0,30.5,0,30.5,0,30.5,0,30.5,0,30.5,0,30.5,0,,,,
672312,30.5,30.5,0,30.5,0,30.5,0,30.5,0,30.5,0,30.5,0,30.5,0,30.5,0,30.5,0,,
672313,18.8,18.8,0,18.8,0,18.8,0,18.8,0,18.8,0,18.8,0,18.8,0,18.8,0,18.8,0,18.8,0
672314,,,,,,,,,,,,,,,,,,,,,
672315,33.1,33.1,0,33.1,0,33.1,0,33.1,0,33.1,0,33.1,0,33.1,0,33.1,0,33.1,0,33.1,0
672316,,,,,,,,,,,,,,,,,,,,,
672318,66,66,0,66,0,66,0,66,0,,,,,,,,,,,,
672319,66,66,0,66,0,66,0,66,0,,,,,,,,,,,,
672320,15,15,0,15,0,15,0,15,0,15,0,15,0,15,0,15,0,12.5,0.2,12.5,0.2
672321,15,15,0,15,0,15,0,15,0,15,0,15,0,15,0,15,0,12.5,0.2,12.5,0.2
672341,13.5,13.5,0,13.5,0,13.5,0,13.5,0,13.5,0,13.5,0,,,,,11.5,0.174,11.5,0.174
672342,13.5,13.5,0,13.5,0,13.5,0,,,,,,,13.5,0,13,0.0385,11.5,0.174,11.5,0.174
672343,27,27,0,27,0,27,0,27,0,27,0,27,0,27,0,26,0.0385,23.5,0.149,23.5,0.149
672344,27,27,0,27,0,27,0,27,0,27,0,27,0,27,0,26,0.0385,23.5,0.149,23.5,0.149
672345,47,,,47,0,47,0,47,0,47,0,47,0,47,0,,,39.5,0.19,39.5,0.19
672346,47,47,0,47,0,47,0,47,0,47,0,47,0,47,0,43,0.093,39.5,0.19,39.5,0.19
672348,42,42,0,42,0,42,0,42,0,,,,,,,,,,,38,0.105
672349,42,42,0,42,0,42,0,,,,,,,,,,,,,38,0.105
672350,16.9,16.9,0,16.9,0,16.9,0,16.9,0,16.9,0,16.9,0,16.9,0,,,15,0.127,15,0.127
672351,9.5,,,,,,,9.5,0,9.5,0,9.5,0,9.5,0,,,8.2,0.159,8.2,0.159
672352,9.5,9.5,0,9.5,0,9.5,0,9.5,0,9.5,0,9.5,0,9.5,0,8.5,0.118,8,0.188,8,0.188
672355,,,,,,,,,,,,,,,,,,,,,
672363,67.3,67.3,0,67.3,0,67.3,0,67.3,0,67.3,0,67.3,0,64,0.0516,64,0.0516,62.3,0.0803,57.7,0.166
672364,,,,,,,,,,,,,,,,,,,,,
672368,,,,,,,,,,,,,,,,,,,,,
672371,,,,,,,,,,,,,,,,,,,,,
672381,23.8,23.8,0,23.8,0,23.8,0,23.8,0,23.8,0,,,,,,,20,0.19,16,0.488
672382,118,118,0,118,0,118,0,118,0,118,0,118,0,118,0,118,0,118,0,118,0
672383,25.6,25.6,0,25.6,0,25.6,0,25.6,0,25.6,0,25.6,0,,,,,25.6,0,,
672394,24,24,0,24,0,24,0,24,0,24,0,,,,,,,,,,
672395,,,,,,,,,,,,,,,,,,,,,
672396,,,,,,,,,,,,,,,,,,,,,
672397,95.5,,,95.5,0,95.5,0,95.5,0,,,95.5,0,95.5,0,99.5,-0.0402,69.5,0.374,61,0.566
672405,19.9,19.9,0,19.9,0,19.9,0,19.9,0,19.9,0,19.9,0,19.9,0,19.9,0,15.5,0.284,14.9,0.336
672419,3.8,3.8,0,3.8,0,3.8,0,3.8,0,3.8,0,3.2,0.187,,,,,,,,
672420,,,,,,,,,,,,,,,,,,,,,
672422,,,,,,,,,,,,,,,,,,,,,
672429,20.6,20.6,0,20.6,0,20.6,0,20.6,0,20.6,0,,,,,,,,,,
672434,16.5,16.5,0,16.5,0,16.5,0,16.5,0,16.5,0,15,0.1,15,0.1,,,11.9,0.387,9.9,0.667
672435,16.5,16.5,0,16.5,0,16.5,0,16.5,0,16.5,0,15,0.1,15,0.1,13.4,0.231,,,9.9,0.667
672439,,,,,,,,,,,,,,,,,,,,,
672440,10,10,0,10,0,10,0,10,0,,,10,0,10,0,9.4,0.0638,8.8,0.136,8.8,0.136
672442,67.7,67.7,0,67.7,0,67.7,0,67.7,0,67.7,0,67.7,0,63.9,0.0595,63.9,0.0595,59.6,0.136,56.5,0.198
672445,,,,,,,,,,,,,,,,,,,,,
672456,,,,,,,,,,,,,,,,,,,,,
672458,,,,,,,,,,,,,,,,,,,,,
672459,,,,,,,,,,,,,,,,,,,,,
672460,,,,,,,,,,,,,,,,,,,,,
672461,,,,,,,,,,,,,,,,,,,,,
672464,,,,,,,,,,,,,,,,,,,,,
672465,,,,,,,,,,,,,,,,,,,,,
672467,,,,,,,,,,,,,,,,,,,,,
672468,,,,,,,,,,,,,,,,,,,,,
672469,,,,,,,,,,,,,,,,,,,,,
672471,,,,,,,,,,,,,,,,,,,,,
672506,31.3,,,,,,,,,,,,,,,,,,,,
672507,16,,,,,,,,,,,,,16,0,14.4,0.111,10.6,0.509,10.6,0.509
672508,,,,,,,,,,,,,,,,,,,,,
672509,52.5,52.5,0,52.5,0,52.5,0,52.5,0,52.5,0,,,,,,,,,,
672510,47.5,47.5,0,47.5,0,47.5,0,47.5,0,47.5,0,48,-0.0104,,,,,,,,
672511,,,,,,,,,,,,,,,,,,,,,
672513,38.8,,,,,38.8,0,38.8,0,,,,,,,,,,,,
672514,37.5,37.5,0,37.5,0,37.5,0,37.5,0,,,,,,,,,31.9,0.176,,
672515,25,25,0,25,0,25,0,25,0,27,-0.0741,,,25.3,-0.0119,,,22,0.136,,
672516,,,,,,,,,,,,,,,,,,,,,
672517,25,,,25,0,25,0,,,27,-0.0741,,,,,,,22,0.136,,
672518,25,25,0,25,0,25,0,25,0,,,,,,,,,22,0.136,,
672520,31.9,31.9,0,31.9,0,31.9,0,31.9,0,31.9,0,31.9,0,31.9,0,44,-0.275,28.5,0.119,28.5,0.119
672521,32.9,32.9,0,32.9,0,32.9,0,32.9,0,32.9,0,32.9,0,32.9,0,45,-0.269,29.5,0.115,28.5,0.154
672522,31.9,31.9,0,31.9,0,31.9,0,31.9,0,31.9,0,31.9,0,31.9,0,44,-0.275,28.5,0.119,28.5,0.119
672523,32.9,32.9,0,32.9,0,32.9,0,32.9,0,32.9,0,32.9,0,32.9,0,,,29.5,0.115,,
672524,32.9,32.9,0,32.9,0,32.9,0,32.9,0,32.9,0,32.9,0,32.9,0,45,-0.269,29.5,0.115,,
672525,30.5,30.5,0,30.5,0,30.5,0,30.5,0,30.5,0,30.5,0,30.5,0,42,-0.274,27.2,0.121,24.5,0.245
672545,28,28,0,28,0,28,0,28,0,,,28,0,28,0,28,0,28,0,28,0
672546,28,28,0,28,0,28,0,28,0,28,0,28,0,28,0,28,0,28,0,28,0
672547,28,28,0,28,0,28,0,28,0,28,0,28,0,28,0,28,0,28,0,28,0
672548,28,28,0,28,0,28,0,28,0,28,0,28,0,28,0,28,0,28,0,28,0
672549,28,28,0,28,0,28,0,28,0,28,0,28,0,28,0,28,0,28,0,28,0
672550,19,19,0,19,0,19,0,19,0,19,0,19,0,19,0,19,0,19,0,19,0
672551,19,19,0,19,0,19,0,19,0,19,0,19,0,19,0,19,0,19,0,,
672552,26.8,26.8,0,26.8,0,26.8,0,26.8,0,26.8,0,26.8,0,24.9,0.0763,24.9,0.0763,24.6,0.0894,24,0.117
672554,,,,,,,,,,,,,,,,,,,,,
672560,31.9,31.9,0,31.9,0,31.9,0,31.9,0,31.9,0,,,,,30.6,0.0425,29.5,0.0814,29.5,0.0814
672561,,,,,,,,,,,,,,,,,,,,,
672565,12.5,12.5,0,12.5,0,,,12.5,0,12.5,0,12.5,0,12.5,0,,,,,,
672566,12.5,12.5,0,12.5,0,,,12.5,0,12.5,0,12.5,0,,,,,12.5,0,11,0.136
672568,12.5,12.5,0,12.5,0,12.5,0,12.5,0,12.5,0,12.5,0,12.5,0,12.5,0,12.5,0,12.5,0
672569,12.5,12.5,0,12.5,0,12.5,0,12.5,0,12.5,0,12.5,0,12.5,0,12.5,0,12.5,0,12.5,0
672570,,,,,,,,,,,,,,,,,,,,,
672571,12.5,12.5,0,12.5,0,12.5,0,12.5,0,12.5,0,12.5,0,12.5,0,12.5,0,12.5,0,12.5,0
672572,137,137,0,137,0,137,0,137,0,137,0,137,0,137,0,137,0,112,0.222,99,0.388
672573,136,136,0,136,0,136,0,136,0,,,240,-0.432,270,-0.494,270,-0.494,157,-0.132,157,-0.132
672574,137,137,0,137,0,137,0,137,0,137,0,150,-0.0834,150,-0.0834,134,0.0223,122,0.128,107,0.287
672575,137,137,0,137,0,137,0,137,0,137,0,137,0,137,0,137,0,112,0.222,99,0.388
672576,99.9,99.9,0,99.9,0,99.9,0,99.9,0,137,-0.273,137,-0.273,,,137,-0.273,,,,
672597,,,,,,,,,,,,,,,,,,,,,
672599,,,,,,,,,,,,,,,,,,,,,
672604,,,,,,,,,,,,,,,,,,,,,
672635,56.3,56.3,0,56.3,0,56.3,0,56.3,0,56.3,0,56.3,0,56.3,0,56.3,0,56.3,0,56.3,0
672643,,,,,,,,,,,,,,,,,,,,,
672644,,,,,,,,,,,,,,,,,,,,,
672645,,,,,,,,,,,,,,,,,,,,,
672653,38.4,38.4,0,38.4,0,38.4,0,37.5,0.024,,,,,40.9,-0.0611,,,34.1,0.126,,
672654,40,40,0,40,0,40,0,39.3,0.0178,,,42.9,-0.0676,42.9,-0.0676,,,35.7,0.12,39.5,0.0127
672660,2.5,2.5,0,2.5,0,2.5,0,2.5,0,2.5,0,2.5,0,2.5,0,2,0.25,2,0.25,2,0.25
672671,,,,,,,,,,,,,,,,,,,,,
672672,,,,,,,,,,,,,,,,,,,,,
672676,,,,,,,,,,,,,,,,,,,,,
672682,16.1,16.1,0,16.1,0,16.1,0,16.1,0,16.1,0,16.1,0,15.3,0.0523,,,14.4,0.118,13.8,0.167
672686,,,,,,,,,,,,,,,,,,,,,
672689,,,,,,,,,,,,,,,,,,,,,
672690,,,,,,,,,,,,,,,,,,,,,
672691,,,,,,,,,,,,,,,,,,,,,
672692,,,,,,,,,,,,,,,,,,,,,
672694,,,,,,,,,,,,,,,,,,,,,
672695,,,,,,,,,,,,,,,,,,,,,
672699,25.5,25.5,0,25.5,0,25.5,0,25.5,0,25.5,0,24.6,0.0366,24.6,0.0366,24,0.0625,19,0.342,,
672700,,,,,,,,,,,,,,,,,,,,,
672701,25.5,25.5,0,25.5,0,25.5,0,25.5,0,25.5,0,24.6,0.0366,24.6,0.0366,24,0.0625,19,0.342,,
672702,25.5,25.5,0,25.5,0,,,25.5,0,25.5,0,24.6,0.0366,24.6,0.0366,24,0.0625,19,0.342,,
672703,25.5,,,25.5,0,,,25.5,0,25.5,0,24.6,0.0366,24.6,0.0366,,,19,0.342,,
672704,25.9,25.9,0,25.9,0,,,25.9,0,25.9,0,25.9,0,25.9,0,25.3,0.0237,19,0.363,,
672705,25.9,25.9,0,25.9,0,,,25.9,0,25.9,0,,,25.9,0,,,,,,
672706,25.9,,,,,,,,,,,25.9,0,25.9,0,,,,,,
672711,28.2,28.2,0,28.2,0,28.2,0,28.2,0,28.2,0,28.2,0,,,,,,,,
672715,34.1,34.1,0,34.3,-0.00583,34.3,-0.00583,33.5,0.0179,36.8,-0.0734,32,0.0656,32.3,0.0557,28.5,0.196,28,0.218,27.6,0.236
672719,10,10,0,10,0,10,0,10,0,10,0,10,0,,,,,8.5,0.176,8.5,0.176
672720,,,,,,,,,,,,,,,,,,,,,
672721,55.3,55.3,0,55.3,0,55.3,0,55.3,0,55.3,0,53.4,0.0356,52.2,0.0594,,,47,0.177,45.4,0.218
672722,,,,,,,,,,,,,,,,,,,,,
672731,,,,,,,,,,,,,,,,,,,,,
672732,,,,,,,,,,,,,,,,,,,,,
672737,68.8,68.8,0,68.8,0,68.8,0,68.8,0,68.8,0,68.8,0,68.8,0,,,59,0.166,,
672739,68.8,68.8,0,68.8,0,68.8,0,68.8,0,,,68.8,0,68.8,0,59,0.166,59,0.166,,
672741,73.8,73.8,0,73.8,0,73.8,0,73.8,0,73.8,0,73.8,0,73.8,0,69,0.0696,69,0.0696,,
672744,93.8,93.8,0,93.8,0,93.8,0,93.8,0,93.8,0,93.8,0,93.8,0,88,0.0659,,,,
672753,18.8,18.8,0,18.8,0,18.8,0,18.8,0,18.8,0,18.8,0,18.8,0,18.8,0,18.8,0,18.8,0
672754,18.8,18.8,0,18.8,0,18.8,0,18.8,0,18.8,0,18.8,0,18.8,0,18.8,0,18.8,0,18.8,0
672755,18.8,18.8,0,18.8,0,18.8,0,18.8,0,18.8,0,18.8,0,18.8,0,18.8,0,18.8,0,,
672790,,,,,,,,,,,,,,,,,,,,,
672793,32.5,32.5,0,32.5,0,32.5,0,32.5,0,32.5,0,32.5,0,32.5,0,32.5,0,,,,
672794,8,8,0,8,0,8,0,8,0,8,0,8,0,8,0,,,7.4,0.0811,7.2,0.111
672795,29,29,0,29,0,29,0,29,0,29,0,29,0,28.2,0.0284,28.2,0.0284,22,0.318,,
672800,19.9,19.9,0,19.9,0,19.9,0,19.9,0,19.9,0,19.9,0,19.9,0,19.9,0,15.5,0.284,,
672801,14.4,14.4,0,,,,,,,14.4,0,,,14.4,0,14.4,0,,,13,0.108
672813,68,68,0,68,0,68,0,56.8,0.197,56.8,0.197,56.8,0.197,56.8,0.197,,,,,53.3,0.276
672824,37.5,37.5,0,,,37.5,0,37.5,0,,,37.5,0,37.5,0,,,29.5,0.271,28,0.339
672826,95.5,95.5,0,95.5,0,95.5,0,95.5,0,95.5,0,95.5,0,95.5,0,99.5,-0.0402,69.5,0.374,61,0.566
672828,24.5,24.5,0,24.5,0,24.5,0,24.5,0,24.5,0,24.5,0,24.5,0,24.5,0,22.3,0.0987,21,0.167
672857,,,,,,,,,,,,,,,,,,,,,
672858,,,,,,,,,,,,,,,,,,,,,
672876,,,,,,,,,,,,,,,,,,,,,
672879,90,90,0,90,0,90,0,90,0,90,0,,,,,,,,,,
672881,48,48,0,48,0,48,0,48,0,48,0,48,0,,,,,,,,
672882,48,48,0,48,0,48,0,48,0,48,0,48,0,,,,,,,,
672883,,,,,,,,,,,,,,,,,,,,,
672884,,,,,,,,,,,,,,,,,,,,,
672903,,,,,,,,,,,,,,,,,,,,,
672904,20,,,,,20,0,20,0,20,0,15.3,0.307,15.3,0.307,,,15.3,0.307,15,0.333
672905,,,,,,,,,,,,,,,,,,,,,
672909,27.7,27.7,0,27.7,0,27.7,0,27.7,0,27.7,0,27.7,0,27.7,0,27.7,0,27,0.0259,25.9,0.0695
672925,20,20,0,20,0,20,0,20,0,20,0,20,0,20,0,20,0,18.2,0.0989,16.2,0.235
672926,20,20,0,20,0,20,0,20,0,20,0,20,0,20,0,,,18.2,0.0989,16.2,0.235
672927,20,20,0,20,0,20,0,20,0,20,0,,,20,0,20,0,18.2,0.0989,16.2,0.235
672931,18.8,18.8,0,18.8,0,18.8,0,18.8,0,18.8,0,18.8,0,,,,,,,,
672956,,,,,,,,,,,,,,,,,,,,,
672963,20,20,0,20,0,20,0,20,0,23.5,-0.149,23.5,-0.149,23.5,-0.149,23.5,-0.149,20.2,-0.0099,18.2,0.0989
672964,60,60,0,60,0,60,0,60,0,60,0,66,-0.0909,66,-0.0909,,,59.9,0.00167,44.9,0.336
672965,,,,,,,,,,,,,,,,,,,,,
672969,,,,,,,,,,,,,,,,,,,,,
672970,16,16,0,16,0,16,0,16,0,16,0,16,0,16,0,15,0.0667,15,0.0667,,
672971,14,14,0,14,0,14,0,14,0,14,0,14,0,14,0,13.5,0.037,12.5,0.12,12.5,0.12
672975,,,,,,,,,,,,,,,,,,,,,
672977,,,,,,,,,,,,,,,,,,,,,
672983,,,,,,,,,,,,,,,,,,,,,
672988,15.2,15.2,0,,,,,15.2,0,15.2,0,15.2,0,15.2,0,15.2,0,15.2,0,,
672989,28.2,28.2,0,28.2,0,28.2,0,28.2,0,28.2,0,28.2,0,,,,,28.2,0,,
673001,,,,,,,,,,,,,,,,,,,,,
673012,16.5,16.5,0,16.5,0,16.5,0,16.5,0,16.5,0,16.5,0,16.5,0,,,,,,
673013,17.7,17.7,0,17.7,0,17.7,0,17.7,0,17.7,0,17.7,0,17.7,0,17.7,0,15.5,0.142,,
673014,,,,,,,,,,,,,,,,,,,,,
673015,,,,,,,,,,,,,,,,,,,,,
673016,16.8,,,,,16.8,0,16.8,0,16.8,0,16.8,0,16.8,0,14.5,0.159,,,,
673018,18.6,18.6,0,18.6,0,18.6,0,18.6,0,18.6,0,18.6,0,18.6,0,18.6,0,15,0.24,,
673025,60,60,0,60,0,60,0,60,0,57.5,0.0435,57.5,0.0435,57.5,0.0435,57.5,0.0435,57.5,0.0435,54.9,0.0929
673026,41,41,0,41,0,41,0,41,0,37.5,0.0933,37.5,0.0933,,,37.5,0.0933,37.5,0.0933,33.9,0.209
673027,,,,,,,,,,,,,,,,,,,,,
673029,,,,,,,,,,,,,,,,,,,,,
673031,,,,,,,,,,,,,,,,,,,,,
673033,,,,,,,,,,,,,,,,,,,,,
673037,,,,,,,,,,,,,,,,,,,,,
673040,,,,,,,,,,,,,,,,,,,,,
673042,83,83,0,83,0,83,0,83,0,83,0,96.9,-0.143,104,-0.202,104,-0.202,,,61.7,0.345
673043,58.6,58.6,0,58.6,0,58.6,0,58.6,0,,,58.6,0,58.6,0,58.6,0,46.5,0.26,46.5,0.26
673050,,,,,,,,,,,,,,,,,,,,,
673051,29,29,0,29,0,29,0,29,0,29,0,29,0,36.6,-0.208,36.6,-0.208,25,0.16,20,0.45
673052,34.5,34.5,0,34.5,0,34.5,0,34.5,0,34.5,0,34.5,0,44.9,-0.232,44.9,-0.232,30.5,0.131,24.5,0.408
673053,21,21,0,21,0,21,0,21,0,21,0,21,0,32.4,-0.352,32.4,-0.352,17.9,0.173,17.9,0.173
673055,,,,,,,,,,,,,,,,,,,,,
673079,13.5,13.5,0,13.5,0,13.5,0,13.5,0,13.5,0,13.5,0,13.5,0,12.5,0.08,10.5,0.286,10.5,0.286
673080,21.5,21.5,0,21.5,0,21.5,0,21.5,0,21.5,0,21.5,0,21.5,0,16.9,0.272,16.9,0.272,16.9,0.272
673095,,,,,,,,,,,,,,,,,,,,,
673096,,,,,,,,,,,,,,,,,,,,,
673097,,,,,,,,,,,,,,,,,,,,,
673112,45,45,0,45,0,45,0,45,0,45,0,45,0,45,0,38.5,0.169,33.5,0.343,33.5,0.343
673113,45,45,0,45,0,45,0,45,0,45,0,45,0,45,0,38.5,0.169,33.5,0.343,,
673114,,,,,,,,,,,,,,,,,,,,,
673118,,,,,,,,,,,,,,,,,,,,,
673120,,,,,,,,,,,,,,,,,,,,,
673121,,,,,,,,,,,,,,,,,,,,,
673122,,,,,,,,,,,,,,,,,,,,,
673123,,,,,,,,,,,,,,,,,,,,,
673124,125,125,0,125,0,125,0,125,0,125,0,125,0,125,0,125,0,,,,
673126,,,,,,,,,,,,,,,,,,,,,
673133,,,,,,,,,,,,,,,,,,,,,
673134,,,,,,,,,,,,,,,,,,,,,
673135,20,20,0,20,0,20,0,20,0,20,0,20,0,20,0,,,20,0,20,0
673136,12.5,12.5,0,12.5,0,12.5,0,12.5,0,12.5,0,12.5,0,12.5,0,,,11.3,0.106,,
673137,12.5,12.5,0,12.5,0,12.5,0,12.5,0,12.5,0,12.5,0,12.5,0,,,11.8,0.0593,11.8,0.0593
673138,13,13,0,13,0,13,0,13,0,13,0,13,0,13,0,,,11.8,0.102,11.8,0.102
673139,15.6,15.6,0,15.6,0,15.6,0,15.6,0,15.6,0,15.6,0,15.6,0,15.6,0,13.1,0.191,13.1,0.191
673140,16.9,16.9,0,16.9,0,16.9,0,16.9,0,16.9,0,16.9,0,16.9,0,16.9,0,13.8,0.225,13.8,0.225
673145,,,,,,,,,,,,,,,,,,,,,
673146,,,,,,,,,,,,,,,,,,,,,
673149,,,,,,,,,,,,,,,,,,,,,
673150,,,,,,,,,,,,,,,,,,,,,
673154,50.6,50.6,0,50.6,0,,,50.6,0,50.6,0,50.6,0,,,,,41.9,0.208,41.9,0.208
673158,,,,,,,,,,,,,,,,,,,,,
673163,17,17,0,17,0,17,0,17,0,17,0,17,0,17,0,17,0,,,14.5,0.172
673164,15.8,15.8,0,15.8,0,15.8,0,15.8,0,15.8,0,15.8,0,15.8,0,15.8,0,,,13.5,0.17
673168,27.5,27.5,0,27.5,0,27.5,0,27.5,0,,,,,,,,,,,,
673182,,,,,,,,,,,,,,,,,,,,,
673183,,,,,,,,,,,,,,,,,,,,,
673184,,,,,,,,,,,,,,,,,,,,,
673186,65.5,65.5,0,65.5,0,65.5,0,54.5,0.202,49.8,0.315,49.8,0.315,49.8,0.315,49.8,0.315,49.8,0.315,,
673187,27.5,27.5,0,27.5,0,27.5,0,27.5,0,27.5,0,27.5,0,27.5,0,36,-0.236,20.4,0.348,,
673188,27.5,27.5,0,27.5,0,27.5,0,27.5,0,27.5,0,27.5,0,27.5,0,27.5,0,20.4,0.348,20.4,0.348
673189,27.5,,,,,27.5,0,27.5,0,27.5,0,27.5,0,27.5,0,27.5,0,,,20.4,0.348
673190,27.5,27.5,0,27.5,0,27.5,0,27.5,0,27.5,0,27.5,0,27.5,0,,,20.4,0.348,20.4,0.348
673191,27.5,27.5,0,27.5,0,27.5,0,27.5,0,27.5,0,27.5,0,27.5,0,27.5,0,20.4,0.348,20.4,0.348
673192,27.5,,,,,27.5,0,27.5,0,27.5,0,27.5,0,27.5,0,27.5,0,20.4,0.348,20.4,0.348
673193,7.9,7.9,0,7.9,0,7.9,0,7.9,0,7.9,0,7.9,0,7.9,0,,,5.5,0.436,,
673194,7.9,7.9,0,7.9,0,7.9,0,7.9,0,7.9,0,7.9,0,7.9,0,7.9,0,5.5,0.436,,
673195,7.9,7.9,0,7.9,0,7.9,0,7.9,0,7.9,0,7.9,0,7.9,0,7.9,0,5.5,0.436,,
673196,7.9,7.9,0,7.9,0,7.9,0,7.9,0,7.9,0,7.9,0,7.9,0,7.9,0,5.5,0.436,5.5,0.436
673197,7.9,7.9,0,7.9,0,7.9,0,7.9,0,7.9,0,7.9,0,7.9,0,7.9,0,5.5,0.436,,
673198,7.9,7.9,0,7.9,0,7.9,0,7.9,0,7.9,0,7.9,0,7.9,0,7.9,0,5.5,0.436,5.5,0.436
673214,,,,,,,,,,,,,,,,,,,,,
673218,,,,,,,,,,,,,,,,,,,,,
673221,34,34,0,34,0,34,0,34,0,34,0,34,0,34,0,34,0,30,0.133,30,0.133
673222,,,,,,,,,,,,,,,,,,,,,
673224,18,18,0,18,0,18,0,18,0,19,-0.0526,20.5,-0.122,23.6,-0.237,23.6,-0.237,20.5,-0.122,18.8,-0.0426
673229,11,11,0,11,0,11,0,11,0,11,0,11,0,11,0,,,9.5,0.158,9.5,0.158
673230,10,10,0,10,0,10,0,10,0,10,0,10,0,10,0,10,0,7.7,0.299,7.7,0.299
673231,,,,,,,,,,,,,,,,,,,,,
673232,14,14,0,14,0,14,0,14,0,14,0,14,0,14,0,13.7,0.0219,12.9,0.0853,12.9,0.0853
673233,11,11,0,11,0,11,0,11,0,11,0,11,0,11.9,-0.0756,10.6,0.0377,8.8,0.25,8.8,0.25
673241,16,16,0,16,0,16,0,16,0,12.5,0.28,12.5,0.28,12.5,0.28,16,0,14.4,0.111,13.5,0.185
673246,5,5,0,5,0,5,0,5,0,5,0,5,0,5,0,5,0,4.4,0.136,4,0.25
673247,,,,,,,,,,,,,,,,,,,,,
673248,5,5,0,5,0,5,0,5,0,5,0,5,0,,,5,0,4.4,0.136,4,0.25
673280,,,,,,,,,,,,,,,,,,,,,
673281,43.8,43.8,0,43.8,0,43.8,0,43.8,0,43.8,0,43.8,0,43.8,0,43.8,0,43.8,0,43.8,0
673290,9.9,9.9,0,9.9,0,9.9,0,9.9,0,8.9,0.112,9.9,0,9.9,0,9.2,0.0761,8,0.238,7.2,0.375
673298,,,,,,,,,,,,,,,,,,,,,
673329,51.5,51.5,0,51.5,0,51.5,0,51.5,0,51.5,0,51.5,0,51.5,0,,,,,31.5,0.635
673330,51.5,51.5,0,51.5,0,51.5,0,51.5,0,51.5,0,51.5,0,51.5,0,,,31.5,0.635,31.5,0.635
673331,54.5,54.5,0,54.5,0,54.5,0,54.5,0,54.5,0,54.5,0,54.5,0,49,0.112,34.5,0.58,34.5,0.58
673333,,,,,,,,,,,,,,,,,,,,,
673334,62.5,62.5,0,62.5,0,62.5,0,62.5,0,62.5,0,62.5,0,62.5,0,,,,,,
673335,54.5,54.5,0,54.5,0,54.5,0,54.5,0,54.5,0,54.5,0,54.5,0,49,0.112,34.5,0.58,34.5,0.58
673336,54.5,54.5,0,54.5,0,54.5,0,54.5,0,54.5,0,54.5,0,54.5,0,49,0.112,34.5,0.58,34.5,0.58
673337,54.5,54.5,0,54.5,0,54.5,0,54.5,0,54.5,0,54.5,0,54.5,0,,,,,,
673338,,,,,,,,,,,,,,,,,,,,,
673352,11.9,11.9,0,11.9,0,11.9,0,11.9,0,,,,,15,-0.207,,,,,,
673353,,,,,,,,,,,,,,,,,,,,,
673381,,,,,,,,,,,,,,,,,,,,,
673384,,,,,,,,,,,,,,,,,,,,,
673385,,,,,,,,,,,,,,,,,,,,,
673387,,,,,,,,,,,,,,,,,,,,,
673388,47.5,47.5,0,47.5,0,47.5,0,47.5,0,47.5,0,,,,,,,38.5,0.234,38.5,0.234
673405,11.6,11.6,0,11.6,0,11.6,0,11.6,0,11.6,0,11.6,0,11.6,0,11.6,0,10.1,0.149,9.5,0.221
673406,6.6,6.6,0,6.6,0,6.6,0,6.6,0,6.6,0,6.6,0,6.6,0,6.6,0,5.3,0.245,4.9,0.347
673407,11.6,11.6,0,11.6,0,11.6,0,11.6,0,11.6,0,11.6,0,11.6,0,11.6,0,10.1,0.149,9.5,0.221
673408,6.6,6.6,0,6.6,0,6.6,0,6.6,0,6.6,0,6.6,0,6.6,0,6.6,0,5.3,0.245,4.9,0.347
673409,22.8,22.8,0,22.8,0,22.8,0,22.8,0,22.8,0,22.8,0,22.8,0,22.8,0,19.4,0.175,18.8,0.213
673410,11.6,11.6,0,11.6,0,11.6,0,11.6,0,11.6,0,11.6,0,11.6,0,11.6,0,10.1,0.149,9.5,0.221
673417,,,,,,,,,,,,,,,,,,,,,
673419,,,,,,,,,,,,,,,,,,,,,
673421,18,18,0,18,0,18,0,18,0,18,0,17,0.0588,17,0.0588,,,15,0.2,,
673422,33.5,,,,,,,33.5,0,33.5,0,28,0.196,,,,,26.5,0.264,26,0.288
673424,,,,,,,,,,,,,,,,,,,,,
673428,33.5,33.5,0,33.5,0,33.5,0,33.5,0,33.5,0,33.5,0,33.5,0,33.5,0,30,0.117,,
673429,,,,,,,,,,,,,,,,,,,,,
673432,10,10,0,10,0,10,0,10,0,10,0,10,0,10,0,,,,,,
673433,10,10,0,10,0,10,0,10,0,10,0,10,0,10,0,,,,,,
673434,,,,,,,,,,,,,,,,,,,,,
673436,,,,,,,,,,,,,,,,,,,,,
673438,37.5,37.5,0,37.5,0,37.5,0,37.5,0,37.5,0,,,,,,,,,32,0.172
673439,35,35,0,35,0,35,0,35,0,35,0,,,,,,,,,30,0.167
673440,40,40,0,40,0,40,0,40,0,40,0,,,,,,,,,,
673442,,,,,,,,,,,,,,,,,,,,,
673443,35,35,0,35,0,35,0,35,0,35,0,,,,,,,,,29,0.207
673445,,,,,,,,,,,,,,,,,,,,,
673450,,,,,,,,,,,,,,,,,,,,,
673451,,,,,,,,,,,,,,,,,,,,,
673452,31,31,0,31,0,31,0,31,0,31,0,31,0,31,0,31,0,31,0,24.8,0.25
673453,31,31,0,31,0,31,0,31,0,31,0,31,0,31,0,31,0,31,0,24.8,0.25
673457,36.9,36.9,0,36.9,0,36.9,0,36.9,0,,,,,,,,,,,30,0.23
673459,,,,,,,,,,,,,,,,,,,,,
673465,,,,,,,,,,,,,,,,,,,,,
673466,,,,,,,,,,,,,,,,,,,,,
673467,,,,,,,,,,,,,,,,,,,,,
673477,,,,,,,,,,,,,,,,,,,,,
673478,,,,,,,,,,,,,,,,,,,,,
673479,,,,,,,,,,,,,,,,,,,,,
673488,39.9,39.9,0,39.9,0,39.9,0,39.9,0,39.9,0,39.9,0,39.9,0,,,31.3,0.275,,
673489,7.4,7.4,0,7.4,0,7.4,0,7.4,0,7.4,0,7.4,0,7.4,0,7.4,0,5.6,0.321,,
673490,,,,,,,,,,,,,,,,,,,,,
673491,,,,,,,,,,,,,,,,,,,,,
673492,7.7,7.7,0,7.7,0,7.7,0,7.7,0,7.7,0,7.7,0,7.7,0,,,,,5.6,0.375
673494,21.5,21.5,0,21.5,0,21.5,0,21.5,0,21.5,0,21.5,0,21.5,0,21.5,0,19.1,0.126,17.6,0.222
673495,21.5,21.5,0,21.5,0,21.5,0,21.5,0,21.5,0,21.5,0,,,21.5,0,,,,
673498,,,,,,,,,,,,,,,,,,,,,
673503,,,,,,,,,,,,,,,,,,,,,
673513,,,,,,,,,,,,,,,,,,,,,
673514,,,,,,,,,,,,,,,,,,,,,
673515,,,,,,,,,,,,,,,,,,,,,
673518,,,,,,,,,,,,,,,,,,,,,
673520,57.5,57.5,0,57.5,0,,,,,,,,,,,,,,,48.8,0.178
673521,61,61,0,61,0,61,0,61,0,,,,,,,,,,,51,0.196
673526,1.5,1.5,0,1.5,0,1.5,0,1.5,0,1.5,0,1.5,0,1.5,0,1,0.5,1,0.5,1,0.5
673527,1.5,1.5,0,1.5,0,1.5,0,1.5,0,1.5,0,1.5,0,1.5,0,1,0.5,1,0.5,1,0.5
673528,1.5,1.5,0,1.5,0,,,1.5,0,1.5,0,1.5,0,1.5,0,,,1,0.5,1,0.5
673532,9.5,9.5,0,9.5,0,9.5,0,9.5,0,9.5,0,,,,,10.8,-0.12,10.8,-0.12,,
673534,,,,,,,,,,,,,,,,,,,,,
673535,,,,,,,,,,,,,,,,,,,,,
673538,,,,,,,,,,,,,,,,,,,,,
673539,,,,,,,,,,,,,,,,,,,,,
673541,,,,,,,,,,,,,,,,,,,,,
673543,,,,,,,,,,,,,,,,,,,,,
673544,,,,,,,,,,,,,,,,,,,,,
673545,,,,,,,,,,,,,,,,,,,,,
673546,,,,,,,,,,,,,,,,,,,,,
673547,,,,,,,,,,,,,,,,,,,,,
673549,34.3,34.3,0,34.3,0,34.3,0,34.3,0,34.3,0,34.3,0,34.3,0,34.3,0,27,0.27,27,0.27
673551,23.2,,,,,23.2,0,23.2,0,23.2,0,23.2,0,23.2,0,23.2,0,16.3,0.423,,
673552,67.6,67.6,0,67.6,0,67.6,0,67.6,0,67.6,0,67.6,0,66.4,0.0181,66.4,0.0181,63.3,0.0679,61.4,0.101
673554,,,,,,,,,,,,,,,,,,,,,
673555,11.3,11.3,0,11.3,0,11.3,0,11.3,0,11.3,0,10,0.13,10,0.13,10,0.13,10,0.13,10,0.13
673556,,,,,,,,,,,,,,,,,,,,,
673557,16.3,,,,,16.3,0,16.3,0,16.3,0,15,0.0867,15,0.0867,,,11.9,0.37,9.8,0.663
673560,,,,,,,,,,,,,,,,,,,,,
673567,,,,,,,,,,,,,,,,,,,,,
673572,,,,,,,,,,,,,,,,,,,,,
673573,,,,,,,,,,,,,,,,,,,,,
673577,,,,,,,,,,,,,,,,,,,,,
673591,69,69,0,69,0,69,0,,,69,0,69,0,69,0,,,60,0.15,,
673592,69,69,0,69,0,69,0,69,0,69,0,69,0,69,0,,,60,0.15,60,0.15
673593,,,,,,,,,,,,,,,,,,,,,
673594,69,69,0,69,0,69,0,69,0,69,0,69,0,69,0,,,60,0.15,,
673603,,,,,,,,,,,,,,,,,,,,,
673604,11.5,11.5,0,11.5,0,11.5,0,11.5,0,11.5,0,11.5,0,11.5,0,11.5,0,10.8,0.0648,10,0.15
673605,11.5,11.5,0,11.5,0,11.5,0,11.5,0,11.5,0,11.5,0,11.5,0,11.5,0,10.8,0.0648,10,0.15
673610,,,,,,,,,,,,,,,,,,,,,
673611,,,,,,,,,,,,,,,,,,,,,
673612,,,,,,,,,,,,,,,,,,,,,
673617,,,,,,,,,,,,,,,,,,,,,
673619,16.9,16.9,0,16.9,0,16.9,0,16.9,0,,,16.9,0,16.9,0,15,0.127,13.8,0.225,11,0.536
673620,17.5,17.5,0,17.5,0,17.5,0,17.5,0,17.5,0,,,17.5,0,17.5,0,,,,
673621,,,,,,,,,,,,,,,,,,,,,
673622,,,,,,,,,,,,,,,,,,,,,
673623,17.5,17.5,0,17.5,0,17.5,0,17.5,0,17.5,0,17.5,0,17.5,0,17.5,0,,,,
673624,17.5,17.5,0,17.5,0,17.5,0,17.5,0,17.5,0,17.5,0,17.5,0,17.5,0,,,,
673625,17.5,17.5,0,17.5,0,17.5,0,17.5,0,17.5,0,17.5,0,17.5,0,17.5,0,,,,
673628,,,,,,,,,,,,,,,,,,,,,
673629,82.5,82.5,0,82.5,0,82.5,0,82.5,0,100,-0.175,100,-0.175,100,-0.175,100,-0.175,56,0.473,,
673630,,,,,,,,,,,,,,,,,,,,,
673631,,,,,,,,,,,,,,,,,,,,,
673633,,,,,,,,,,,,,,,,,,,,,
673634,,,,,,,,,,,,,,,,,,,,,
673635,38.8,38.8,0,38.8,0,38.8,0,38.8,0,,,,,,,,,,,31,0.252
673637,238,238,0,238,0,238,0,,,,,238,0,238,0,,,125,0.9,,
673638,95,95,0,95,0,95,0,95,0,125,-0.24,,,125,-0.24,125,-0.24,81,0.173,81,0.173
673640,,,,,,,,,,,,,,,,,,,,,
673642,212,212,0,212,0,212,0,212,0,262,-0.19,262,-0.19,262,-0.19,262,-0.19,174,0.223,174,0.223
673643,138,138,0,138,0,138,0,138,0,150,-0.0833,150,-0.0833,150,-0.0833,150,-0.0833,,,129,0.0659
673644,23,23,0,23,0,23,0,23,0,23,0,23,0,23,0,23,0,23,0,17.5,0.314
673645,29.4,29.4,0,29.4,0,29.4,0,29.4,0,29.4,0,29.4,0,,,29.4,0,29.4,0,16.5,0.782
673646,24.3,24.3,0,24.3,0,24.3,0,24.3,0,24.3,0,24.3,0,24.3,0,24.3,0,24.3,0,21.9,0.11
673649,,,,,,,,,,,,,,,,,,,,,
673650,13.5,13.5,0,13.5,0,13.5,0,13.5,0,13.5,0,13.5,0,13.5,0,13.5,0,12.5,0.08,12,0.125
673654,72.5,72.5,0,72.5,0,72.5,0,72.5,0,72.5,0,76.9,-0.0572,76.9,-0.0572,76.9,-0.0572,65,0.115,65,0.115
673656,12.4,,,,,,,12.4,0,,,12.4,0,12.4,0,12.4,0,11.7,0.0598,11.7,0.0598
673657,12.4,12.4,0,12.4,0,,,12.4,0,,,12.4,0,12.4,0,12.4,0,11.7,0.0598,11.7,0.0598
673658,15.3,15.3,0,15.3,0,,,15.3,0,15.3,0,15.3,0,15.3,0,15.3,0,15,0.02,15,0.02
673659,,,,,,,,,,,,,,,,,,,,,
673660,,,,,,,,,,,,,,,,,,,,,
673661,,,,,,,,,,,,,,,,,,,,,
673662,,,,,,,,,,,,,,,,,,,,,
673663,,,,,,,,,,,,,,,,,,,,,
673664,10.6,10.6,0,10.6,0,10.6,0,10.6,0,,,,,10.6,0,10.6,0,9.9,0.0707,,
673665,,,,,,,,,,,,,,,,,,,,,
673669,20,20,0,20,0,20,0,20,0,20,0,20,0,20,0,,,18.5,0.0811,18.5,0.0811
673670,14.2,14.2,0,14.2,0,14.2,0,14.2,0,14.2,0,14.2,0,14.2,0,14.2,0,12.4,0.145,12.4,0.145
673671,15.3,15.3,0,15.3,0,,,15.3,0,15.3,0,15.3,0,15.3,0,15.3,0,15,0.02,,
673672,20.5,20.5,0,20.5,0,20.5,0,20.5,0,20.5,0,20.5,0,20.5,0,20.5,0,20,0.025,,
673673,,,,,,,,,,,,,,,,,,,,,
673674,,,,,,,,,,,,,,,,,,,,,
673675,18.8,18.8,0,18.8,0,18.8,0,18.8,0,18.8,0,18.8,0,18.8,0,18.8,0,18.7,0.00535,18.7,0.00535
673676,,,,,,,,,,,,,,,,,,,,,
673677,18.8,18.8,0,18.8,0,18.8,0,18.8,0,18.8,0,18.8,0,18.8,0,,,18.7,0.00535,18.7,0.00535
673680,5.4,5.4,0,5.4,0,5.4,0,5.4,0,5.4,0,5.4,0,5.4,0,,,,,,
673709,,,,,,,,,,,,,,,,,,,,,
673710,,,,,,,,,,,,,,,,,,,,,
673714,83,83,0,83,0,83,0,83,0,83,0,80,0.0375,80,0.0375,,,,,70.9,0.171
673730,,,,,,,,,,,,,,,,,,,,,
673731,,,,,,,,,,,,,,,,,,,,,
673750,12.8,12.8,0,12.8,0,12.8,0,12.8,0,12.8,0,12.8,0,12.8,0,12.3,0.0407,11.3,0.133,9.9,0.293
673758,,,,,,,,,,,,,,,,,,,,,
673762,,,,,,,,,,,,,,,,,,,,,
673786,,,,,,,,,,,,,,,,,,,,,
673787,,,,,,,,,,,,,,,,,,,,,
673789,,,,,,,,,,,,,,,,,,,,,
673800,30,30,0,30,0,,,30,0,30,0,30,0,30,0,28.8,0.0417,21.9,0.37,,
673801,,,,,,,,,,,,,,,,,,,,,
673802,30,30,0,30,0,30,0,30,0,30,0,30,0,30,0,28.8,0.0417,21.9,0.37,,
673803,37.5,37.5,0,37.5,0,37.5,0,37.5,0,37.5,0,37.5,0,37.5,0,36.3,0.0331,27.9,0.344,,
673804,37.5,37.5,0,37.5,0,37.5,0,37.5,0,37.5,0,37.5,0,37.5,0,36.3,0.0331,27.9,0.344,,
673805,35.5,35.5,0,35.5,0,35.5,0,35.5,0,35.5,0,35.5,0,35.5,0,,,31.5,0.127,31.5,0.127
673806,34.5,34.5,0,34.5,0,34.5,0,34.5,0,34.5,0,34.5,0,34.5,0,,,29.5,0.169,29.5,0.169
673807,33.5,33.5,0,33.5,0,33.5,0,33.5,0,33.5,0,33.5,0,33.5,0,,,28.5,0.175,28.5,0.175
673808,22.3,22.3,0,22.3,0,22.3,0,22.3,0,22.3,0,22.3,0,22.3,0,22.3,0,17.5,0.274,17.5,0.274
673809,15.3,15.3,0,15.3,0,15.3,0,15.3,0,15.3,0,15.3,0,15.3,0,,,11.8,0.297,11.8,0.297
673810,62.5,62.5,0,62.5,0,62.5,0,62.5,0,56,0.116,56,0.116,,,,,,,,
673811,31.5,31.5,0,31.5,0,31.5,0,31.5,0,31.5,0,25,0.26,25,0.26,,,25,0.26,25,0.26
673812,21,21,0,21,0,21,0,21,0,21,0,18.8,0.117,18.8,0.117,,,18.8,0.117,18.8,0.117
673813,6.5,6.5,0,6.5,0,6.5,0,6.5,0,6.5,0,,,,,6.5,0,6.5,0,6.5,0
673814,49,49,0,49,0,49,0,49,0,49,0,25,0.96,25,0.96,,,25,0.96,,
673815,,,,,,,,,,,,,,,,,,,,,
673817,,,,,,,,,,,,,,,,,,,,,
673821,99,99,0,99,0,99,0,99,0,99,0,99,0,99,0,99,0,99,0,99,0
673822,75,75,0,75,0,75,0,75,0,75,0,75,0,75,0,75,0,75,0,75,0
673825,,,,,,,,,,,,,,,,,,,,,
673826,65,65,0,65,0,65,0,65,0,65,0,65,0,65,0,65,0,47.5,0.368,47.5,0.368
673827,,,,,,,,,,,,,,,,,,,,,
673834,55,55,0,55,0,55,0,55,0,55,0,55,0,55,0,55,0,47.5,0.158,47.5,0.158
673836,50,50,0,50,0,50,0,50,0,50,0,50,0,50,0,50,0,45,0.111,45,0.111
673837,47.5,47.5,0,47.5,0,47.5,0,47.5,0,47.5,0,47.5,0,47.5,0,47.5,0,42.5,0.118,42.5,0.118
673838,57.5,57.5,0,57.5,0,57.5,0,57.5,0,57.5,0,57.5,0,57.5,0,57.5,0,50,0.15,50,0.15
673840,62.5,62.5,0,62.5,0,62.5,0,62.5,0,62.5,0,62.5,0,62.5,0,62.5,0,57.5,0.087,57.5,0.087
673841,75,75,0,75,0,75,0,75,0,75,0,75,0,75,0,75,0,69,0.087,69,0.087
673842,98,98,0,98,0,98,0,98,0,98,0,98,0,98,0,98,0,90,0.0889,90,0.0889
673843,13.8,13.8,0,13.8,0,13.8,0,13.8,0,13.8,0,13.8,0,13.8,0,,,12.5,0.104,12.5,0.104
673846,,,,,,,,,,,,,,,,,,,,,
673847,,,,,,,,,,,,,,,,,,,,,
673848,,,,,,,,,,,,,,,,,,,,,
673849,,,,,,,,,,,,,,,,,,,,,
673851,,,,,,,,,,,,,,,,,,,,,
673852,70,70,0,70,0,70,0,70,0,70,0,70,0,70,0,70,0,57.5,0.217,57.5,0.217
673854,,,,,,,,,,,,,,,,,,,,,
673855,70,70,0,70,0,70,0,70,0,70,0,70,0,70,0,,,57.5,0.217,57.5,0.217
673856,,,,,,,,,,,,,,,,,,,,,
673858,,,,,,,,,,,,,,,,,,,,,
673859,98.8,98.8,0,98.8,0,98.8,0,98.8,0,98.8,0,98.8,0,98.8,0,98.8,0,90,0.0978,90,0.0978
673866,,,,,,,,,,,,,,,,,,,,,
673868,15.5,15.5,0,15.5,0,15.5,0,15.5,0,15.5,0,15.5,0,15.5,0,,,,,,
673869,15.5,15.5,0,15.5,0,15.5,0,15.5,0,15.5,0,15.5,0,,,15.5,0,11.9,0.303,,
673870,,,,,,,,,,,,,,,,,,,,,
673873,15,15,0,15,0,15,0,15,0,15,0,15,0,15,0,15,0,12.5,0.2,,
673874,13,13,0,13,0,13,0,13,0,13,0,13,0,13,0,,,11.3,0.15,11.3,0.15
673875,12.5,12.5,0,12.5,0,12.5,0,12.5,0,12.5,0,12.5,0,12.5,0,,,11.3,0.106,,
673876,15,15,0,15,0,15,0,15,0,15,0,15,0,15,0,15,0,13,0.154,13,0.154
673879,,,,,,,,,,,,,,,,,,,,,
673880,16.3,16.3,0,16.3,0,16.3,0,16.3,0,16.3,0,16.3,0,16.3,0,16.3,0,14,0.164,14,0.164
673882,,,,,,,,,,,,,,,,,,,,,
673883,,,,,,,,,,,,,,,,,,,,,
673884,,,,,,,,,,,,,,,,,,,,,
673885,,,,,,,,,,,,,,,,,,,,,
673886,,,,,,,,,,,,,,,,,,,,,
673888,,,,,,,,,,,,,,,,,,,,,
673898,,,,,,,,,,,,,,,,,,,,,
673899,,,,,,,,,,,,,,,,,,,,,
673900,13.8,13.8,0,13.8,0,13.8,0,13.8,0,13.8,0,13.8,0,13.8,0,,,13,0.0615,13,0.0615
673901,13.8,13.8,0,13.8,0,13.8,0,13.8,0,13.8,0,13.8,0,13.8,0,13.8,0,15,-0.08,,
673902,,,,,,,,,,,,,,,,,,,,,
673906,2.2,2.2,0,2.2,0,2.2,0,,,2.2,0,2.2,0,2.2,0,,,,,2.5,-0.12
673907,,,,,,,,,,,,,,,,,,,,,
673908,,,,,,,,,,,,,,,,,,,,,
673909,,,,,,,,,,,,,,,,,,,,,
673912,,,,,,,,,,,,,,,,,,,,,
673913,,,,,,,,,,,,,,,,,,,,,
673915,,,,,,,,,,,,,,,,,,,,,
673924,,,,,,,,,,,,,,,,,,,,,
673925,,,,,,,,,,,,,,,,,,,,,
673944,2.3,2.3,0,2.3,0,2.3,0,2.3,0,2.3,0,2.3,0,2.3,0,2.3,0,1.9,0.211,1.9,0.211
673945,,,,,,,,,,,,,,,,,,,,,
673946,,,,,,,,,,,,,,,,,,,,,
673947,95.5,95.5,0,95.5,0,95.5,0,95.5,0,95.5,0,95.5,0,95.5,0,99.5,-0.0402,69.5,0.374,61,0.566
673948,14.5,14.5,0,14.5,0,14.5,0,14.5,0,14.5,0,,,,,,,,,,
673949,14.5,14.5,0,14.5,0,14.5,0,14.5,0,14.5,0,,,,,,,,,,
673951,,,,,,,,,,,,,,,,,,,,,
673953,,,,,,,,,,,,,,,,,,,,,
673954,,,,,,,,,,,,,,,,,,,,,
673959,,,,,,,,,,,,,,,,,,,,,
673960,,,,,,,,,,,,,,,,,,,,,
673961,,,,,,,,,,,,,,,,,,,,,
673962,,,,,,,,,,,,,,,,,,,,,
673963,,,,,,,,,,,,,,,,,,,,,
673964,,,,,,,,,,,,,,,,,,,,,
673965,,,,,,,,,,,,,,,,,,,,,
673967,16.9,16.9,0,16.9,0,16.9,0,16.9,0,16.9,0,16.5,0.0242,15.5,0.0903,,,14.5,0.166,14.2,0.19
673969,,,,,,,,,,,,,,,,,,,,,
673970,42.9,42.9,0,42.9,0,42.9,0,42.9,0,42.9,0,42.9,0,42.9,0,,,34.4,0.247,28.8,0.49
673971,102,102,0,102,0,102,0,102,0,102,0,102,0,102,0,,,75,0.36,65.9,0.548
673972,23.3,23.3,0,23.3,0,23.3,0,23.3,0,23.3,0,,,23.3,0,,,20.1,0.159,16.9,0.379
673973,,,,,,,,,,,,,,,,,,,,,
673974,,,,,,,,,,,,,,,,,,,,,
673975,35,35,0,35,0,35,0,35,0,35,0,35,0,,,,,,,,
673976,,,,,,,,,,,,,,,,,,,,,
674007,,,,,,,,,,,,,,,,,,,,,
674008,69,69,0,69,0,69,0,69,0,69,0,69,0,69,0,,,60,0.15,60,0.15
674009,1.5,,,,,1.5,0,,,1.5,0,1.5,0,1.5,0,1.5,0,1.5,0,1.5,0
674010,,,,,,,,,,,,,,,,,,,,,
674014,,,,,,,,,,,,,,,,,,,,,
674015,,,,,,,,,,,,,,,,,,,,,
674016,55,55,0,55,0,55,0,55,0,,,,,,,,,,,37,0.486
674017,,,,,,,,,,,,,,,,,,,,,
674029,,,,,,,,,,,,,,,,,,,,,
674030,,,,,,,,,,,,,,,,,,,,,
674035,28.8,28.8,0,28.8,0,28.8,0,28.8,0,,,,,,,,,,,,
674036,,,,,,,,,,,,,,,,,,,,,
674041,,,,,,,,,,,,,,,,,,,,,
674042,,,,,,,,,,,,,,,,,,,,,
674043,22.5,22.5,0,22.5,0,22.5,0,22.5,0,22.5,0,22.5,0,22.5,0,21.3,0.0563,18.8,0.197,,
674044,22.5,22.5,0,22.5,0,22.5,0,22.5,0,22.5,0,22.5,0,22.5,0,21.3,0.0563,18.8,0.197,18.8,0.197
674045,22.5,22.5,0,,,22.5,0,,,22.5,0,22.5,0,22.5,0,21.3,0.0563,18.8,0.197,,
674046,22.5,22.5,0,22.5,0,22.5,0,22.5,0,22.5,0,22.5,0,22.5,0,21.3,0.0563,18.8,0.197,,
674047,22.5,22.5,0,22.5,0,22.5,0,22.5,0,22.5,0,22.5,0,22.5,0,21.3,0.0563,18.8,0.197,18.8,0.197
674048,22.5,22.5,0,22.5,0,22.5,0,22.5,0,22.5,0,22.5,0,22.5,0,21.3,0.0563,18.8,0.197,,
674051,28.8,28.8,0,28.8,0,28.8,0,28.8,0,,,,,,,,,33,-0.127,33,-0.127
674054,145,,,,,,,145,0,145,0,,,123,0.179,,,108,0.339,96.5,0.498
674055,32.5,,,,,,,32.5,0,32.5,0,29.8,0.0906,29.8,0.0906,,,25.6,0.27,22,0.477
674065,,,,,,,,,,,,,,,,,,,,,
674066,,,,,,,,,,,,,,,,,,,,,
674070,30.5,30.5,0,30.5,0,30.5,0,30.5,0,30.5,0,,,30.5,0,30.5,0,,,,
674073,252,252,0,252,0,252,0,252,0,252,0,200,0.265,200,0.265,200,0.265,176,0.435,,
674074,45.4,45.4,0,45.4,0,45.4,0,45.4,0,45.4,0,45.4,0,45.4,0,45.4,0,38.2,0.188,31.2,0.455
674075,32.5,32.5,0,32.5,0,32.5,0,32.5,0,32.5,0,32.5,0,31.6,0.0285,30.4,0.0691,27.4,0.186,26.7,0.217
674076,11.9,11.9,0,11.9,0,11.9,0,11.9,0,,,11.9,0,11.9,0,,,9.5,0.253,9.5,0.253
674078,,,,,,,,,,,,,,,,,,,,,
674079,,,,,,,,,,,,,,,,,,,,,
674080,25,25,0,25,0,25,0,25,0,25,0,25,0,,,,,,,,
674083,18,18,0,18,0,18,0,18,0,18,0,18,0,18.3,-0.0164,18.5,-0.027,,,18,0
674084,,,,,,,,,,,,,,,,,,,,,
674085,,,,,,,,,,,,,,,,,,,,,
674086,3.5,3.5,0,3.5,0,3.5,0,3.5,0,3.5,0,,,3.6,-0.0278,,,3.3,0.0606,3.3,0.0606
674095,,,,,,,,,,,,,,,,,,,,,
674101,,,,,,,,,,,,,,,,,,,,,
674102,,,,,,,,,,,,,,,,,,,,,
674103,,,,,,,,,,,,,,,,,,,,,
674104,,,,,,,,,,,,,,,,,,,,,
674105,,,,,,,,,,,,,,,,,,,,,
674106,,,,,,,,,,,,,,,,,,,,,
674107,40.2,40.2,0,40.2,0,40.2,0,40.2,0,40.2,0,40.2,0,40.2,0,,,40.2,0,,
674108,,,,,,,,,,,,,,,,,,,,,
674109,,,,,,,,,,,,,,,,,,,,,
674113,21.9,21.9,0,21.9,0,21.9,0,21.9,0,21.9,0,21.9,0,21.9,0,,,,,17,0.288
674114,15,15,0,15,0,15,0,15,0,15,0,15,0,15,0,,,11.5,0.304,,
674115,11.2,11.2,0,11.2,0,11.2,0,11.2,0,11.2,0,11.2,0,,,11.2,0,,,,
674116,,,,,,,,,,,,,,,,,,,,,
674120,,,,,,,,,,,,,,,,,,,,,
674121,22.5,22.5,0,,,22.5,0,,,22.5,0,22.5,0,,,21.3,0.0563,21.5,0.0465,,
674125,,,,,,,,,,,,,,,,,,,,,
674126,,,,,,,,,,,,,,,,,,,,,
674127,,,,,,,,,,,,,,,,,,,,,
674128,,,,,,,,,,,,,,,,,,,,,
674136,20.5,20.5,0,20.5,0,20.5,0,20.5,0,20.5,0,20.5,0,20.5,0,20.5,0,12.5,0.64,,
674137,,,,,,,,,,,,,,,,,,,,,
674138,,,,,,,,,,,,,,,,,,,,,
674146,15.7,15.7,0,15.7,0,15.7,0,15.7,0,15.7,0,15.7,0,15.7,0,15.7,0,15.7,0,14.5,0.0828
674147,,,,,,,,,,,,,,,,,,,,,
674148,,,,,,,,,,,,,,,,,,,,,
674151,,,,,,,,,,,,,,,,,,,,,
674156,,,,,,,,,,,,,,,,,,,,,
674157,,,,,,,,,,,,,,,,,,,,,
674162,72.5,72.5,0,72.5,0,72.5,0,72.5,0,72.5,0,72.5,0,72.5,0,72.5,0,55.9,0.297,55.9,0.297
674165,,,,,,,,,,,,,,,,,,,,,
674166,,,,,,,,,,,,,,,,,,,,,
674167,,,,,,,,,,,,,,,,,,,,,
674168,,,,,,,,,,,,,,,,,,,,,
674169,96,96,0,96,0,96,0,96,0,96,0,116,-0.172,125,-0.231,125,-0.231,83,0.157,74.9,0.282
674173,,,,,,,,,,,,,,,,,,,,,
674180,18,18,0,18,0,18,0,18,0,19,-0.0526,18.8,-0.0426,21.7,-0.171,21.7,-0.171,19,-0.0526,16.9,0.0651
674181,,,,,,,,,,,,,,,,,,,,,
674182,,,,,,,,,,,,,,,,,,,,,
674183,,,,,,,,,,,,,,,,,,,,,
674186,,,,,,,,,,,,,,,,,,,,,
674187,,,,,,,,,,,,,,,,,,,,,
674188,,,,,,,,,,,,,,,,,,,,,
674189,,,,,,,,,,,,,,,,,,,,,
674202,,,,,,,,,,,,,,,,,,,,,
674203,,,,,,,,,,,,,,,,,,,,,
674204,,,,,,,,,,,,,,,,,,,,,
674205,,,,,,,,,,,,,,,,,,,,,
674206,2.2,,,2.2,0,2.2,0,2.2,0,2.2,0,2.2,0,2.2,0,2.2,0,2,0.1,,
674212,,,,,,,,,,,,,,,,,,,,,
674214,94.5,94.5,0,,,94.5,0,94.5,0,94.5,0,94.5,0,94.5,0,96,-0.0156,69,0.37,,
674215,99.5,99.5,0,99.5,0,99.5,0,99.5,0,99.5,0,99.5,0,99.5,0,102,-0.0245,76.5,0.301,66.5,0.496
674221,,,,,,,,,,,,,,,,,,,,,
674222,32.5,32.5,0,32.5,0,32.5,0,32.5,0,32.5,0,32.5,0,32.5,0,32.5,0,32.5,0,32.5,0
674223,10.8,10.8,0,10.8,0,10.8,0,,,,,10.8,0,10.8,0,10.8,0,10.8,0,10.8,0
674224,10.8,10.8,0,10.8,0,10.8,0,10.8,0,10.8,0,10.8,0,10.8,0,10.8,0,10.8,0,10.8,0
674243,19.9,19.9,0,19.9,0,19.9,0,19.9,0,,,,,,,,,21.8,-0.0872,21.8,-0.0872
674244,10.6,10.6,0,10.6,0,10.6,0,10.6,0,10.6,0,10.6,0,10.6,0,10.6,0,10.6,0,10.6,0
674245,11.6,11.6,0,11.6,0,11.6,0,11.6,0,11.6,0,11.6,0,11.6,0,11.6,0,11.6,0,11.6,0
674246,58,58,0,58,0,58,0,58,0,58,0,,,,,,,,,,
674247,,,,,,,,,,,,,,,,,,,,,
674248,,,,,,,,,,,,,,,,,,,,,
674251,,,,,,,,,,,,,,,,,,,,,
674252,26.3,26.3,0,26.3,0,26.3,0,26.3,0,26.3,0,,,,,26.3,0,26.3,0,25.6,0.0273
674253,37.5,37.5,0,37.5,0,37.5,0,37.5,0,,,25,0.5,25,0.5,,,25,0.5,25,0.5
674254,125,125,0,125,0,125,0,125,0,125,0,,,,,,,125,0,125,0
674255,,,,,,,,,,,,,,,,,,,,,
674260,,,,,,,,,,,,,,,,,,,,,
674261,,,,,,,,,,,,,,,,,,,,,
674262,,,,,,,,,,,,,,,,,,,,,
674263,,,,,,,,,,,,,,,,,,,,,
674264,,,,,,,,,,,,,,,,,,,,,
674265,,,,,,,,,,,,,,,,,,,,,
674267,,,,,,,,,,,,,,,,,,,,,
674268,,,,,,,,,,,,,,,,,,,,,
674269,,,,,,,,,,,,,,,,,,,,,
674270,,,,,,,,,,,,,,,,,,,,,
674271,,,,,,,,,,,,,,,,,,,,,
674272,,,,,,,,,,,,,,,,,,,,,
674274,,,,,,,,,,,,,,,,,,,,,
674275,,,,,,,,,,,,,,,,,,,,,
674281,17.3,,,,,17.3,0,17.3,0,17.3,0,17.3,0,17.3,0,13.8,0.254,13.8,0.254,,
674285,,,,,,,,,,,,,,,,,,,,,
674286,,,,,,,,,,,,,,,,,,,,,
674288,,,,,,,,,,,,,,,,,,,,,
674291,,,,,,,,,,,,,,,,,,,,,
674300,,,,,,,,,,,,,,,,,,,,,
674301,,,,,,,,,,,,,,,,,,,,,
674302,50,50,0,50,0,50,0,50,0,50,0,50,0,50,0,,,37,0.351,37,0.351
674303,,,,,,,,,,,,,,,,,,,,,
674304,,,,,,,,,,,,,,,,,,,,,
674305,,,,,,,,,,,,,,,,,,,,,
674306,,,,,,,,,,,,,,,,,,,,,
674308,,,,,,,,,,,,,,,,,,,,,
674309,52.5,52.5,0,52.5,0,52.5,0,52.5,0,52.5,0,,,,,,,,,,
674310,,,,,,,,,,,,,,,,,,,,,
674317,11.9,11.9,0,11.9,0,11.9,0,11.9,0,11.9,0,11.9,0,11.9,0,13,-0.0846,10.6,0.123,,
674318,56.5,56.5,0,56.5,0,56.5,0,56.5,0,55.5,0.018,55.5,0.018,55.5,0.018,55.5,0.018,55.5,0.018,,
674319,,,,,,,,,,,,,,,,,,,,,
674321,,,,,,,,,,,,,,,,,,,,,
674329,48,48,0,48,0,48,0,48,0,48,0,48,0,48,0,45,0.0667,26,0.846,,
674330,1.5,1.5,0,1.5,0,1.5,0,1.5,0,1.5,0,1.5,0,1.5,0,,,1,0.5,,
674331,,,,,,,,,,,,,,,,,,,,,
674336,,,,,,,,,,,,,,,,,,,,,
674349,,,,,,,,,,,,,,,,,,,,,
674350,,,,,,,,,,,,,,,,,,,,,
674351,,,,,,,,,,,,,,,,,,,,,
674354,22.5,22.5,0,22.5,0,22.5,0,,,22.5,0,22.5,0,22.5,0,,,,,,
674355,22.5,,,,,22.5,0,,,22.5,0,22.5,0,22.5,0,,,,,,
674356,22.5,22.5,0,22.5,0,22.5,0,,,22.5,0,22.5,0,22.5,0,,,,,,
674357,22.5,22.5,0,22.5,0,22.5,0,,,22.5,0,22.5,0,22.5,0,,,,,,
674358,22.5,22.5,0,22.5,0,22.5,0,22.5,0,22.5,0,22.5,0,22.5,0,,,,,,
674359,,,,,,,,,,,,,,,,,,,,,
674360,,,,,,,,,,,,,,,,,,,,,
674361,,,,,,,,,,,,,,,,,,,,,
674363,,,,,,,,,,,,,,,,,,,,,
674364,,,,,,,,,,,,,,,,,,,,,
674366,,,,,,,,,,,,,,,,,,,,,
674367,,,,,,,,,,,,,,,,,,,,,
674372,11,11,0,11,0,,,,,11,0,11,0,11,0,,,,,,
674373,11,11,0,11,0,,,11,0,11,0,11,0,,,,,,,,
674374,11,11,0,11,0,,,11,0,11,0,11,0,,,,,,,,
674375,11,11,0,11,0,,,11,0,11,0,11,0,11,0,,,,,,
674376,11,11,0,11,0,11,0,11,0,11,0,11,0,11,0,,,,,,
674377,,,,,,,,,,,,,,,,,,,,,
674383,,,,,,,,,,,,,,,,,,,,,
674384,,,,,,,,,,,,,,,,,,,,,
674385,28.8,28.8,0,28.8,0,28.8,0,28.8,0,28.8,0,28.8,0,28.8,0,,,25,0.152,,
674397,,,,,,,,,,,,,,,,,,,,,
674398,9.4,9.4,0,9.4,0,9.4,0,9.4,0,,,,,9.4,0,,,,,,
674399,5,5,0,5,0,5,0,5,0,5,0,4,0.25,4,0.25,5,0,,,,
674401,14,14,0,14,0,14,0,14,0,14,0,14,0,14,0,13.5,0.037,11.5,0.217,,
674402,14,14,0,14,0,14,0,14,0,14,0,14,0,14,0,13.5,0.037,11.5,0.217,,
674403,41.2,41.2,0,41.2,0,41.2,0,41.2,0,41.2,0,41.2,0,41.2,0,41.2,0,,,,
674404,20,20,0,20,0,20,0,20,0,20,0,20,0,20,0,20,0,,,,
674407,25,25,0,25,0,25,0,25,0,25,0,25,0,25,0,25,0,,,,
674411,,,,,,,,,,,,,,,,,,,,,
674413,15,15,0,15,0,15,0,15,0,,,15,0,15,0,15,0,,,,
674414,13.8,13.8,0,13.8,0,13.8,0,13.8,0,13.8,0,13.8,0,13.8,0,,,,,,
674415,12.5,12.5,0,12.5,0,12.5,0,12.5,0,12.5,0,12.5,0,12.5,0,12.5,0,,,,
674419,50.9,50.9,0,50.9,0,50.9,0,50.9,0,50.9,0,50.9,0,,,,,,,,
674424,,,,,,,,,,,,,,,,,,,,,
674425,,,,,,,,,,,,,,,,,,,,,
674426,,,,,,,,,,,,,,,,,,,,,
674429,,,,,,,,,,,,,,,,,,,,,
674430,32.9,32.9,0,32.9,0,32.9,0,32.9,0,32.9,0,32.9,0,32.9,0,32.9,0,,,,
674432,18.8,18.8,0,18.8,0,18.8,0,18.8,0,18.8,0,18.8,0,,,,,,,,
674464,,,,,,,,,,,,,,,,,,,,,
674467,52,52,0,52,0,52,0,52,0,52,0,52,0,45,0.156,,,,,,
674468,50,50,0,50,0,,,,,50,0,50,0,,,,,,,,
674470,,,,,,,,,,,,,,,,,,,,,
674471,,,,,,,,,,,,,,,,,,,,,
674472,22.5,22.5,0,22.5,0,,,,,22.5,0,22.5,0,22.5,0,,,,,,
674473,22.5,22.5,0,22.5,0,22.5,0,,,22.5,0,22.5,0,22.5,0,,,,,,
674474,22.5,22.5,0,22.5,0,,,,,22.5,0,22.5,0,22.5,0,,,,,,
674475,8,8,0,8,0,8,0,8,0,8,0,8.7,-0.0805,8.2,-0.0244,,,,,,
674484,,,,,,,,,,,,,,,,,,,,,
674485,93.8,93.8,0,93.8,0,93.8,0,93.8,0,93.8,0,93.8,0,93.8,0,93.8,0,,,,
674486,93.8,93.8,0,93.8,0,93.8,0,93.8,0,93.8,0,93.8,0,93.8,0,,,,,,
674487,109,109,0,109,0,109,0,109,0,109,0,109,0,109,0,109,0,,,,
674490,93.8,93.8,0,93.8,0,93.8,0,93.8,0,93.8,0,93.8,0,93.8,0,93.8,0,,,,
674492,,,,,,,,,,,,,,,,,,,,,
674504,8.2,8.2,0,8.2,0,8.2,0,8.2,0,6.5,0.262,8.2,0,,,,,,,,
674505,8.3,8.3,0,8.3,0,8.3,0,8.3,0,9,-0.0778,9,-0.0778,9,-0.0778,,,,,,
674507,48,48,0,48,0,48,0,48,0,,,,,,,,,,,,
674508,3,3,0,3,0,3,0,3,0,3,0,3,0,3,0,,,,,,
674509,11.2,11.2,0,11.2,0,11.2,0,11.2,0,,,,,,,,,,,,
674510,16.3,16.3,0,16.3,0,16.3,0,16.3,0,16.3,0,16.3,0,,,,,,,,
674511,1.5,1.5,0,1.5,0,1.5,0,1.5,0,1.5,0,,,1.5,0,,,,,,
674513,29.4,29.4,0,29.4,0,29.4,0,,,,,,,,,,,,,,
674514,15,15,0,15,0,15,0,15,0,15,0,,,15,0,,,,,,
674515,11.3,11.3,0,,,,,,,11.3,0,,,11.3,0,,,,,,
674524,1,,,1,0,1,0,1,0,1,0,1,0,,,,,,,,
674525,,,,,,,,,,,,,,,,,,,,,
674542,,,,,,,,,,,,,,,,,,,,,
674543,,,,,,,,,,,,,,,,,,,,,
674544,33.9,33.9,0,33.9,0,33.9,0,,,33.9,0,33.9,0,33.9,0,,,,,,
674547,6.5,6.5,0,6.5,0,6.7,-0.0299,6.7,-0.0299,7.7,-0.156,7.7,-0.156,7.7,-0.156,,,,,,
674551,,,,,,,,,,,,,,,,,,,,,
674552,19.4,19.4,0,19.4,0,19.4,0,19.4,0,21.3,-0.0892,,,21.3,-0.0892,,,,,,
674553,19.4,19.4,0,19.4,0,19.4,0,,,,,,,21.3,-0.0892,,,,,,
674554,79,79,0,79,0,79,0,79,0,79,0,79,0,79,0,,,,,,
674555,,,,,,,,,,,,,,,,,,,,,
674561,6.5,6.5,0,6.5,0,6.7,-0.0299,6.7,-0.0299,7.7,-0.156,7.7,-0.156,7.7,-0.156,,,,,,
674568,,,,,,,,,,,,,,,,,,,,,
674569,,,,,,,,,,,,,,,,,,,,,
674575,,,,,,,,,,,,,,,,,,,,,
674576,15,15,0,15,0,15,0,15,0,15,0,,,,,,,,,,
674577,15,15,0,15,0,15,0,,,15,0,13.8,0.087,13.8,0.087,,,,,,
674578,11.2,11.2,0,11.2,0,11.2,0,11.2,0,11.2,0,11.2,0,11.2,0,,,,,,
674579,8.8,8.8,0,8.8,0,8.8,0,8.8,0,8.8,0,,,8.8,0,,,,,,
674584,43.5,43.5,0,43.5,0,43.5,0,43.5,0,43.5,0,43.5,0,43.5,0,,,,,,
674586,1.5,1.5,0,1.5,0,1.5,0,1.5,0,1.5,0,1.5,0,,,,,,,,
674587,1.5,1.5,0,1.5,0,1.5,0,1.5,0,1.5,0,1.5,0,1.5,0,,,,,,
674588,1.5,1.5,0,1.5,0,1.5,0,1.5,0,1.5,0,1.5,0,1.5,0,,,,,,
674589,1.5,1.5,0,1.5,0,1.5,0,1.5,0,1.5,0,1.5,0,1.5,0,,,,,,
674590,1.5,1.5,0,1.5,0,1.5,0,1.5,0,1.5,0,1.5,0,1.5,0,,,,,,
674591,1.5,1.5,0,1.5,0,1.5,0,1.5,0,1.5,0,1.5,0,1.5,0,,,,,,
674592,,,,,,,,,,,,,,,,,,,,,
674593,29.5,29.5,0,29.5,0,,,29.5,0,,,,,,,,,,,,
674594,16.9,16.9,0,16.9,0,16.9,0,16.9,0,16.9,0,,,,,,,,,,
674595,,,,,,,,,,,,,,,,,,,,,
674596,,,,,,,,,,,,,,,,,,,,,
674597,,,,,,,,,,,,,,,,,,,,,
674598,41.9,41.9,0,41.9,0,41.9,0,41.9,0,43.8,-0.0434,43.8,-0.0434,,,,,,,,
674599,29,29,0,29,0,29,0,29,0,29,0,29,0,29,0,,,,,,
674600,29,29,0,29,0,29,0,29,0,29,0,29,0,29,0,,,,,,
674601,49.9,49.9,0,49.9,0,49.9,0,49.9,0,49.9,0,,,,,,,,,,
674602,,,,,,,,,,,,,,,,,,,,,
674603,,,,,,,,,,,,,,,,,,,,,
674604,11.9,11.9,0,11.9,0,11.9,0,11.9,0,11.9,0,11.9,0,,,,,,,,
674606,26.6,26.6,0,26.6,0,26.6,0,26.6,0,28.2,-0.0567,,,,,,,,,,
674609,82.5,,,,,82.5,0,82.5,0,,,,,,,,,,,,
674613,,,,,,,,,,,,,,,,,,,,,
674622,22.3,22.3,0,22.3,0,22.3,0,22.3,0,22.3,0,22.3,0,,,,,,,,
674643,,,,,,,,,,,,,,,,,,,,,
674646,,,,,,,,,,,,,,,,,,,,,
674650,20.5,20.5,0,20.5,0,20.5,0,20.5,0,20.5,0,,,,,,,,,,
674651,8.5,8.5,0,8.5,0,8.5,0,,,,,,,,,,,,,,
674663,,,,,,,,,,,,,,,,,,,,,
674664,17.5,17.5,0,17.5,0,17.5,0,17.5,0,17.5,0,,,,,,,,,,
674665,,,,,,,,,,,,,,,,,,,,,
674668,,,,,,,,,,,,,,,,,,,,,
674669,12,12,0,12,0,12,0,12,0,,,,,,,,,,,,
674670,,,,,,,,,,,,,,,,,,,,,
674671,2.8,2.8,0,2.8,0,2.8,0,2.8,0,,,,,,,,,,,,
674672,2.8,2.8,0,2.8,0,2.8,0,2.8,0,,,,,,,,,,,,
674673,,,,,,,,,,,,,,,,,,,,,
674682,,,,,,,,,,,,,,,,,,,,,
674683,,,,,,,,,,,,,,,,,,,,,
674684,,,,,,,,,,,,,,,,,,,,,
674685,,,,,,,,,,,,,,,,,,,,,
674686,,,,,,,,,,,,,,,,,,,,,
674687,28.5,28.5,0,28.5,0,,,,,,,,,,,,,,,,
674694,80.5,,,,,,,,,,,,,,,,,,,,
674695,80.5,80.5,0,80.5,0,,,,,,,,,,,,,,,,
674706,,,,,,,,,,,,,,,,,,,,,
674707,26.5,26.5,0,26.5,0,26.5,0,,,,,,,,,,,,,,
674786,,,,,,,,,,,,,,,,,,,,,
674787,,,,,,,,,,,,,,,,,,,,,
674788,,,,,,,,,,,,,,,,,,,,,
674832,,,,,,,,,,,,,,,,,,,,,
674834,,,,,,,,,,,,,,,,,,,,,
676564,18.8,18.8,0,18.8,0,18.8,0,18.8,0,18.8,0,18.8,0,18.8,0,18.8,0,18.8,0,,
676565,18.8,18.8,0,18.8,0,18.8,0,,,18.8,0,18.8,0,18.8,0,,,18.8,0,,
676592,,,,,,,,,,,,,,,,,,,,,
676609,21.2,21.2,0,21.2,0,21.2,0,21.2,0,21.2,0,21.8,-0.0275,21.8,-0.0275,23.5,-0.0979,19.5,0.0872,19.5,0.0872
676615,36,36,0,36,0,36,0,36,0,36,0,36,0,33.3,0.0811,32,0.125,28.7,0.254,26.4,0.364
676616,36,36,0,36,0,36,0,36,0,36,0,36,0,33.3,0.0811,32,0.125,28.7,0.254,,
676639,,,,,,,,,,,,,,,,,,,,,
676650,16.5,16.5,0,16.5,0,16.5,0,16.5,0,16.5,0,16.5,0,16.5,0,16.5,0,13.5,0.222,13.5,0.222
676651,16.5,16.5,0,16.5,0,16.5,0,16.5,0,16.5,0,16.5,0,16.5,0,16.5,0,13.5,0.222,13.5,0.222
676652,,,,,,,,,,,,,,,,,,,,,
676653,,,,,,,,,,,,,,,,,,,,,
676654,,,,,,,,,,,,,,,,,,,,,
676656,,,,,,,,,,,,,,,,,,,,,
676658,23.8,23.8,0,23.8,0,23.8,0,23.8,0,23.8,0,23.8,0,23.8,0,23.8,0,20,0.19,20,0.19
676661,,,,,,,,,,,,,,,,,,,,,
676662,18.8,,,,,,,,,,,,,,,,,,,,
676681,22.5,22.5,0,22.5,0,22.5,0,22.5,0,22.5,0,22.5,0,22.5,0,,,19,0.184,19,0.184
676692,,,,,,,,,,,,,,,,,,,,,
676698,,,,,,,,,,,,,,,,,,,,,
676704,89.5,89.5,0,89.5,0,89.5,0,89.5,0,89.5,0,89.5,0,85.8,0.0431,85.8,0.0431,81.4,0.0995,77.5,0.155
676755,18.8,18.8,0,18.8,0,18.8,0,18.8,0,18.8,0,18.8,0,18.8,0,18.8,0,18.8,0,18.8,0
676759,,,,,,,,,,,,,,,,,,,,,
676760,,,,,,,,,,,,,,,,,,,,,
676779,45.9,45.9,0,45.9,0,45.9,0,45.9,0,45.9,0,45.9,0,45.9,0,45.9,0,39.9,0.15,,
676781,14,14,0,14,0,14,0,14,0,14,0,13.5,0.037,13.5,0.037,13.5,0.037,11.3,0.239,11.3,0.239
676782,14.5,14.5,0,14.5,0,14.5,0,14.5,0,14.5,0,14,0.0357,14,0.0357,14,0.0357,12.7,0.142,12.7,0.142
676783,14.9,14.9,0,14.9,0,14.9,0,14.9,0,14.9,0,14.9,0,14.9,0,14.9,0,12.9,0.155,11.5,0.296
676784,14.9,14.9,0,14.9,0,14.9,0,14.9,0,14.9,0,14.9,0,14.9,0,14.9,0,12.9,0.155,11.6,0.284
676786,11.2,11.2,0,11.2,0,11.2,0,11.2,0,11.2,0,11.2,0,10.6,0.0566,10.2,0.098,9.9,0.131,9.6,0.167
676790,,,,,,,,,,,,,,,,,,,,,
676792,11.9,11.9,0,11.9,0,11.9,0,11.9,0,11.9,0,11.9,0,,,,,10.2,0.167,9,0.322
676793,10.9,10.9,0,10.9,0,10.9,0,10.9,0,10.9,0,10.9,0,10.4,0.0481,10.4,0.0481,9.6,0.135,9,0.211
676810,25.9,25.9,0,25.9,0,25.9,0,25.9,0,24.5,0.0571,27.5,-0.0582,27.5,-0.0582,28,-0.075,,,19.4,0.335
676812,,,,,,,,,,,,,,,,,,,,,
676836,25.5,25.5,0,25.5,0,25.5,0,25.5,0,25.5,0,25.5,0,24.3,0.0494,24.3,0.0494,23.6,0.0805,22.1,0.154
676839,,,,,,,,,,,,,,,,,,,,,
676840,,,,,,,,,,,,,,,,,,,,,
676841,,,,,,,,,,,,,,,,,,,,,
676842,,,,,,,,,,,,,,,,,,,,,
676843,,,,,,,,,,,,,,,,,,,,,
676844,,,,,,,,,,,,,,,,,,,,,
676897,81.5,81.5,0,81.5,0,81.5,0,81.5,0,81.5,0,81.5,0,81.5,0,81.5,0,73.5,0.109,73.5,0.109
676964,,,,,,,,,,,,,,,,,,,,,
676965,,,,,,,,,,,,,,,,,,,,,
676970,16.5,16.5,0,16.5,0,16.5,0,16.5,0,16.5,0,17.5,-0.0571,17.5,-0.0571,17.5,-0.0571,14.5,0.138,12.5,0.32
676976,22.5,22.5,0,22.5,0,22.5,0,22.5,0,22.5,0,20.9,0.0766,22.9,-0.0175,25.4,-0.114,21.5,0.0465,19.5,0.154
676978,,,,,,,,,,,,,,,,,,,,,
676980,,,,,,,,,,,,,,,,,,,,,
677070,96.5,96.5,0,,,,,125,-0.228,,,,,,,,,,,,
677083,,,,,,,,,,,,,,,,,,,,,
677138,,,,,,,,,,,,,,,,,,,,,
677142,,,,,,,,,,,,,,,,,,,,,
677143,22.9,22.9,0,22.9,0,22.9,0,22.9,0,22.9,0,22,0.0409,22,0.0409,22,0.0409,20.3,0.128,20.3,0.128
677184,81,81,0,81,0,81,0,81,0,81,0,77.4,0.0465,69.9,0.159,65.8,0.231,59.6,0.359,53.3,0.52
677214,160,160,0,160,0,160,0,160,0,160,0,157,0.0217,146,0.0929,144,0.113,136,0.176,132,0.208
677215,145,145,0,145,0,145,0,145,0,145,0,141,0.0262,131,0.104,126,0.152,121,0.198,117,0.236
677238,34.6,34.6,0,34.6,0,34.6,0,34.6,0,34.6,0,37.5,-0.0773,37.5,-0.0773,39,-0.113,31.5,0.0984,31.5,0.0984
677239,,,,,,,,,,,,,,,,,,,,,
677240,44.9,44.9,0,44.9,0,44.9,0,44.9,0,44.9,0,44.9,0,44.9,0,44.9,0,38.5,0.166,38.5,0.166
677252,,,,,,,,,,,,,,,,,,,,,
677275,43.2,43.2,0,43.2,0,43.2,0,43.2,0,43.2,0,43.2,0,40,0.08,40,0.08,33.7,0.282,,
677276,36,36,0,36,0,36,0,36,0,36,0,36,0,33.3,0.0811,33.3,0.0811,28.9,0.246,27.6,0.304
677317,,,,,,,,,,,,,,,,,,,,,
677318,,,,,,,,,,,,,,,,,,,,,
677363,18.6,18.6,0,,,18.6,0,18.6,0,18.6,0,,,18.6,0,,,16,0.163,,
677385,,,,,,,,,,,,,,,,,,,,,
677431,,,,,,,,,,,,,,,,,,,,,
677432,25.6,25.6,0,,,25.6,0,25.6,0,25.6,0,24.6,0.0407,24.6,0.0407,24.6,0.0407,20,0.28,,
677473,8.5,8.5,0,8.5,0,8.5,0,8.5,0,8.5,0,8.5,0,8.5,0,7.5,0.133,7.5,0.133,7.9,0.0759
677530,,,,,,,,,,,,,,,,,,,,,
677563,40.5,40.5,0,40.5,0,40.5,0,40.5,0,40.5,0,40.5,0,40.5,0,35,0.157,35,0.157,35,0.157
677566,3,3,0,3,0,3,0,3,0,3,0,3.5,-0.143,3.5,-0.143,3.5,-0.143,3.2,-0.0625,3.2,-0.0625
677567,3,3,0,3,0,3,0,3,0,3,0,3.5,-0.143,3.5,-0.143,3.5,-0.143,3.2,-0.0625,3.2,-0.0625
677568,3,3,0,3,0,3,0,3,0,3,0,3.5,-0.143,3.5,-0.143,3.5,-0.143,3.2,-0.0625,,
677569,33.5,33.5,0,33.5,0,33.5,0,33.5,0,33.5,0,33.5,0,33.5,0,33.5,0,31,0.0806,26,0.288
677598,20.5,20.5,0,20.5,0,20.5,0,20.5,0,20.5,0,20.5,0,20.5,0,18,0.139,20.5,0,20.5,0
677601,189,189,0,189,0,189,0,189,0,189,0,180,0.0506,205,-0.078,205,-0.078,229,-0.175,229,-0.175
677603,269,269,0,269,0,269,0,269,0,269,0,269,0,269,0,269,0,264,0.0189,279,-0.0358
677604,465,465,0,465,0,465,0,465,0,465,0,465,0,465,0,465,0,455,0.022,500,-0.0698
677662,57.5,57.5,0,57.5,0,57.5,0,57.5,0,57.5,0,57.5,0,57.5,0,,,49,0.173,49,0.173
677663,55.7,55.7,0,55.7,0,55.7,0,55.7,0,55.7,0,55.7,0,55.7,0,,,47.6,0.17,47.6,0.17
677671,85.9,85.9,0,85.9,0,85.9,0,85.9,0,85.9,0,85.9,0,85.9,0,85.9,0,73.8,0.164,61.7,0.392
677673,43.6,43.6,0,43.6,0,43.6,0,43.6,0,43.6,0,43.6,0,40.4,0.0792,40.4,0.0792,35.7,0.221,32.4,0.346
677700,29,29,0,29,0,29,0,29,0,29,0,29,0,37.9,-0.235,36.6,-0.208,25,0.16,20,0.45
677708,21,21,0,21,0,21,0,21,0,21,0,21,0,21,0,21,0,20,0.05,16.5,0.273
677718,60.9,60.9,0,60.9,0,60.9,0,60.9,0,60.9,0,60.9,0,59.2,0.0287,58.3,0.0446,49,0.243,42.7,0.426
677740,,,,,,,,,,,,,,,,,,,,,
677742,,,,,,,,,,,,,,,,,,,,,
677753,,,,,,,,,,,,,,,,,,,,,
677756,,,,,,,,,,,,,,,,,,,,,
677758,,,,,,,,,,,,,,,,,,,,,
677768,19.4,19.4,0,19.4,0,19.4,0,19.4,0,19.4,0,15.5,0.252,15.5,0.252,,,15.5,0.252,15.5,0.252
677771,,,,,,,,,,,,,,,,,,,,,
677825,,,,,,,,,,,,,,,,,,,,,
677859,24.8,24.8,0,24.8,0,24.8,0,24.8,0,24.8,0,24.8,0,24.8,0,24.4,0.0164,23,0.0783,23,0.0783
677860,17.5,17.5,0,17.5,0,17.5,0,17.5,0,17.5,0,17.5,0,,,,,16.2,0.0802,16.2,0.0802
677861,16.3,16.3,0,16.3,0,16.3,0,16.3,0,16.3,0,16.3,0,16.3,0,16.3,0,15,0.0867,15,0.0867
677863,20.6,20.6,0,20.6,0,20.6,0,20.6,0,20.6,0,20.6,0,,,,,19.5,0.0564,19.5,0.0564
677864,17.5,17.5,0,17.5,0,17.5,0,17.5,0,17.5,0,17.5,0,,,,,16.2,0.0802,16.2,0.0802
677865,17.5,17.5,0,17.5,0,,,17.5,0,17.5,0,17.5,0,17.5,0,17.5,0,16.2,0.0802,16.2,0.0802
677868,,,,,,,,,,,,,,,,,,,,,
677869,7.3,7.3,0,7.3,0,7.3,0,7.3,0,7.3,0,7.3,0,7.3,0,6.9,0.058,6.5,0.123,6.2,0.177
677870,,,,,,,,,,,,,,,,,,,,,
677871,,,,,,,,,,,,,,,,,,,,,
677883,160,160,0,160,0,160,0,160,0,160,0,157,0.0236,149,0.0758,,,,,133,0.206
677900,20,20,0,20,0,20,0,20,0,20,0,20,0,20,0,18.8,0.0638,18,0.111,17.5,0.143
677902,6.5,6.5,0,6.5,0,6.7,-0.0299,6.7,-0.0299,7.7,-0.156,7.7,-0.156,8,-0.188,7.5,-0.133,,,,
677903,,,,,,,,,,,,,,,,,,,,,
677904,,,,,,,,,,,,,,,,,,,,,
677905,,,,,,,,,,,,,,,,,,,,,
677907,,,,,,,,,,,,,,,,,,,,,
677908,,,,,,,,,,,,,,,,,,,,,
677909,,,,,,,,,,,,,,,,,,,,,
677911,,,,,,,,,,,,,,,,,,,,,
677912,,,,,,,,,,,,,,,,,,,,,
677914,,,,,,,,,,,,,,,,,,,,,
677918,,,,,,,,,,,,,,,,,,,,,
677921,45,45,0,45,0,45,0,45,0,45,0,,,,,,,,,,
677922,,,,,,,,,,,,,,,,,,,,,
677925,,,,,,,,,,,,,,,,,,,,,
677927,43.5,43.5,0,43.5,0,43.5,0,43.5,0,43.5,0,43.5,0,43.5,0,,,,,,
677928,,,,,,,,,,,,,,,,,,,,,
677929,56.5,56.5,0,56.5,0,56.5,0,56.5,0,56.5,0,,,,,,,,,,
677930,,,,,,,,,,,,,,,,,,,,,
677934,57,57,0,57,0,57,0,57,0,57,0,,,,,,,,,,
677935,,,,,,,,,,,,,,,,,,,,,
677936,68,68,0,68,0,68,0,68,0,68,0,,,,,,,,,,
677938,13.5,13.5,0,13.5,0,13.5,0,13.5,0,13.5,0,13.5,0,13.5,0,13.5,0,13.5,0,13.5,0
677939,7.5,7.5,0,7.5,0,7.5,0,7.5,0,7.5,0,7.5,0,7.5,0,7.5,0,,,,
677945,30.5,30.5,0,30.5,0,30.5,0,30.5,0,,,,,,,30.5,0,,,,
677947,,,,,,,,,,,,,,,,,,,,,
677953,,,,,,,,,,,,,,,,,,,,,
677954,82,82,0,82,0,82,0,82,0,,,,,,,77.4,0.0594,,,,
677996,37.4,37.4,0,37.4,0,37.4,0,37.4,0,37.4,0,37.4,0,37.4,0,37.4,0,34.5,0.0841,34.5,0.0841
677997,32.4,32.4,0,32.4,0,32.4,0,32.4,0,32.4,0,32.4,0,32.4,0,32.4,0,28.8,0.125,28.8,0.125
677998,32.4,32.4,0,32.4,0,32.4,0,32.4,0,32.4,0,32.4,0,32.4,0,32.4,0,28.8,0.125,28.8,0.125
677999,41.9,41.9,0,41.9,0,41.9,0,41.9,0,41.9,0,41.9,0,41.9,0,41.9,0,35,0.197,35,0.197
678000,37.4,37.4,0,37.4,0,37.4,0,37.4,0,37.4,0,,,37.4,0,37.4,0,34,0.1,34,0.1
678001,28.6,28.6,0,28.6,0,28.6,0,28.6,0,28.6,0,28.6,0,28.6,0,28.6,0,26,0.1,26,0.1
678082,7,7,0,7,0,7,0,7,0,7,0,7,0,7,0,7,0,6.5,0.0769,6.5,0.0769
678096,13.5,13.5,0,13.5,0,13.5,0,13.5,0,13.5,0,13.5,0,13.5,0,,,,,,
678097,,,,,,,,,,,,,,,,,,,,,
678108,12.9,12.9,0,12.9,0,12.9,0,12.9,0,12.9,0,,,,,,,,,,
678109,22,22,0,22,0,22,0,22,0,22,0,22,0,22,0,,,18,0.222,,
678110,,,,,,,,,,,,,,,,,,,,,
678111,8,8,0,8,0,8,0,8,0,8,0,8,0,8,0,8,0,7,0.143,7,0.143
678112,9.5,9.5,0,9.5,0,9.5,0,9.5,0,9.5,0,9.5,0,9.5,0,,,7.5,0.267,7.5,0.267
678167,11.2,11.2,0,11.2,0,11.2,0,11.2,0,11.2,0,11.2,0,11.2,0,11.2,0,11.2,0,11.2,0
678168,,,,,,,,,,,,,,,,,,,,,
678169,,,,,,,,,,,,,,,,,,,,,
678175,110,110,0,110,0,110,0,110,0,110,0,110,0,110,0,98,0.121,62.9,0.747,46.9,1.34
678176,28.5,28.5,0,28.5,0,28.5,0,28.5,0,28.5,0,28.5,0,28.5,0,26,0.0962,17.9,0.592,17,0.676
678219,27,27,0,27,0,27,0,27,0,27,0,29.5,-0.0847,29.5,-0.0847,29,-0.069,29,-0.069,,
678220,30,30,0,30,0,30,0,30,0,30,0,30,0,30,0,30,0,30,0,25.5,0.176
678224,,,,,,,,,,,,,,,,,,,,,
678225,,,,,,,,,,,,,,,,,,,,,
678235,29.2,29.2,0,29.2,0,29.2,0,,,29.2,0,29.2,0,29.2,0,,,,,24.4,0.197
678236,29.5,29.5,0,29.5,0,29.5,0,29.5,0,29.5,0,29.5,0,29.5,0,,,,,,
678240,38,38,0,38,0,38,0,38,0,38,0,38,0,38,0,38,0,35.9,0.0585,35,0.0857
678241,8,8,0,8,0,8,0,8,0,8,0,8.7,-0.0805,8.7,-0.0805,8.7,-0.0805,7.5,0.0667,7.5,0.0667
678242,8.7,8.7,0,8.7,0,8.7,0,8.7,0,8.7,0,8.7,0,8.7,0,8.7,0,7.5,0.16,7.5,0.16
678243,8.7,8.7,0,8.7,0,8.7,0,8.7,0,8.7,0,8.7,0,8.7,0,8.7,0,7.5,0.16,7.5,0.16
678244,8.7,8.7,0,8.7,0,8.7,0,8.7,0,8.7,0,8.7,0,8.7,0,8.7,0,7.5,0.16,7.5,0.16
678245,,,,,,,,,,,,,,,,,,,,,
678246,8.7,8.7,0,8.7,0,8.7,0,8.7,0,8.7,0,8.7,0,,,8.7,0,7.5,0.16,7.5,0.16
678247,13.9,13.9,0,13.9,0,13.9,0,13.9,0,13.9,0,15,-0.0733,15,-0.0733,,,13.5,0.0296,,
678248,13.9,,,,,13.9,0,13.9,0,13.9,0,15,-0.0733,15,-0.0733,,,13.5,0.0296,12.5,0.112
678263,,,,,,,,,,,,,,,,,,,,,
678264,,,,,,,,,,,,,,,,,,,,,
678265,22.4,22.4,0,22.4,0,22.4,0,22.4,0,22.4,0,22.4,0,22.4,0,22.4,0,14.5,0.545,10.5,1.13
678266,16,16,0,16,0,16,0,16,0,16,0,16,0,20.4,-0.216,20.4,-0.216,13.5,0.185,10,0.6
678268,,,,,,,,,,,,,,,,,,,,,
678342,33.9,33.9,0,33.9,0,33.9,0,33.9,0,33.9,0,33.9,0,33.9,0,36.3,-0.0661,25.8,0.314,25.8,0.314
678348,25.4,25.4,0,25.4,0,25.4,0,25.4,0,25.4,0,25.4,0,25.4,0,27.3,-0.0696,18.2,0.396,19.1,0.33
678353,,,,,,,,,,,,,,,,,,,,,
678355,2.2,2.2,0,2.2,0,2.2,0,2.2,0,2.2,0,2.2,0,2.2,0,2.2,0,1.5,0.467,1.5,0.467
678361,124,124,0,124,0,124,0,104,0.197,89.5,0.391,89.5,0.391,80.7,0.543,80.5,0.547,80.5,0.547,64.4,0.933
678368,,,,,,,,,,,,,,,,,,,,,
678370,,,,,,,,,,,,,,,,,,,,,
678398,23.9,23.9,0,23.9,0,23.9,0,23.9,0,23.9,0,23.9,0,,,,,17.8,0.343,,
678401,,,,,,,,,,,,,,,,,,,,,
678429,12,12,0,12,0,12,0,12,0,12,0,12,0,,,11.8,0.0169,10.4,0.154,,
678444,,,,,,,,,,,,,,,,,,,,,
678450,89,89,0,,,89,0,89,0,78.8,0.129,78.8,0.129,78.8,0.129,78.8,0.129,75,0.187,70,0.271
678459,16.8,16.8,0,,,,,16.8,0,16.8,0,16.8,0,16.8,0,16.8,0,15.5,0.0839,15,0.12
678465,,,,,,,,,,,,,,,,,,,,,
678472,,,,,,,,,,,,,,,,,,,,,
678521,17.9,17.9,0,17.9,0,17.9,0,17.9,0,17.9,0,17.4,0.0287,,,15.9,0.126,15.6,0.147,15.1,0.185
678522,29.6,29.6,0,29.6,0,29.6,0,29.6,0,29.6,0,28.7,0.0314,27.5,0.0764,25.6,0.156,25,0.184,24.1,0.228
678644,,,,,,,,,,,,,,,,,,,,,
678646,59.4,,,,,,,59.4,0,59.4,0,,,57.5,0.033,,,50,0.188,,
678652,7.5,7.5,0,7.5,0,7.5,0,7.5,0,7.5,0,7.5,0,7.5,0,7.5,0,6.5,0.154,6.5,0.154
678653,20,20,0,20,0,20,0,20,0,20,0,20,0,20,0,20,0,19,0.0526,19,0.0526
678659,18.8,18.8,0,18.8,0,18.8,0,18.8,0,18.8,0,18.8,0,18.8,0,18.8,0,18.8,0,,
678671,7.3,7.3,0,7.3,0,7.3,0,7.3,0,7.3,0,7.3,0,,,6.9,0.058,,,6.2,0.177
678672,114,114,0,114,0,114,0,114,0,114,0,114,0,113,0.0115,113,0.0115,110,0.04,107,0.0712
678673,169,169,0,169,0,169,0,169,0,169,0,162,0.0432,154,0.096,,,148,0.144,144,0.174
678683,13,13,0,13,0,13,0,13,0,13,0,13,0,,,13,0,11.9,0.0924,10.6,0.226
678684,13,13,0,13,0,13,0,13,0,13,0,13,0,,,13,0,11.9,0.0924,10.6,0.226
678685,,,,,,,,,,,,,,,,,,,,,
678709,,,,,,,,,,,,,,,,,,,,,
678710,,,,,,,,,,,,,,,,,,,,,
678711,11.5,11.5,0,11.5,0,,,,,,,11.5,0,11.5,0,11.5,0,9.7,0.186,9.7,0.186
678712,10.5,10.5,0,10.5,0,10.5,0,10.5,0,10.5,0,10.5,0,10.5,0,10.5,0,9.3,0.129,9.3,0.129
678718,,,,,,,,,,,,,,,,,,,,,
678719,,,,,,,,,,,,,,,,,,,,,
678722,29.5,29.5,0,29.5,0,,,29.5,0,,,29.5,0,29.5,0,27.5,0.0727,25,0.18,,
678723,29.5,29.5,0,29.5,0,,,29.5,0,29.5,0,29.5,0,,,27.5,0.0727,25,0.18,,
678732,20.9,20.9,0,20.9,0,20.9,0,20.9,0,23.9,-0.126,23.9,-0.126,23.9,-0.126,23.9,-0.126,20.9,0,21,-0.00476
678748,3.7,3.7,0,3.7,0,3.7,0,3.7,0,3.7,0,3.7,0,3.7,0,3.5,0.0571,3.5,0.0571,3.5,0.0571
678753,13,13,0,,,13,0,13,0,13,0,13,0,13,0,13.5,-0.037,13.5,-0.037,13.5,-0.037
678755,13,13,0,13,0,13,0,13,0,13,0,13,0,13,0,13.5,-0.037,13.5,-0.037,13.5,-0.037
678786,16,16,0,16,0,16,0,16,0,16,0,16,0,16,0,14,0.143,11.5,0.391,,
678787,16,16,0,16,0,16,0,16,0,16,0,16,0,16,0,14,0.143,11.5,0.391,,
678788,,,,,,,,,,,,,,,,,,,,,
678789,16,16,0,16,0,16,0,16,0,,,16,0,,,,,11.5,0.391,,
678790,,,,,,,,,,,,,,,,,,,,,
678791,,,,,,,,,,,,,,,,,,,,,
678794,16,16,0,16,0,16,0,16,0,16,0,16,0,16,0,,,11.5,0.391,11.5,0.391
678795,,,,,,,,,,,,,,,,,,,,,
678803,18.5,18.5,0,18.5,0,18.5,0,18.5,0,18.5,0,18.5,0,18.5,0,17.5,0.0571,17.5,0.0571,15,0.233
678804,18.5,18.5,0,18.5,0,18.5,0,18.5,0,18.5,0,18.5,0,18.5,0,17.5,0.0571,17.5,0.0571,15,0.233
678805,22.5,22.5,0,22.5,0,22.5,0,22.5,0,22.5,0,22.5,0,22.5,0,17.5,0.286,17.5,0.286,15,0.5
678811,,,,,,,,,,,,,,,,,,,,,
678812,,,,,,,,,,,,,,,,,,,,,
678814,80,80,0,80,0,80,0,80,0,80,0,80,0,80,0,80,0,72,0.111,72,0.111
678815,,,,,,,,,,,,,,,,,,,,,
678816,27,27,0,27,0,27,0,27,0,27,0,27,0,27,0,27,0,24.5,0.102,24.5,0.102
678817,27,27,0,27,0,27,0,27,0,27,0,27,0,27,0,27,0,24.5,0.102,24.5,0.102
678818,27,27,0,27,0,27,0,27,0,27,0,27,0,27,0,27,0,24.5,0.102,24.5,0.102
678819,36,36,0,36,0,36,0,36,0,36,0,36,0,36,0,36,0,32.5,0.108,32.5,0.108
678821,35.5,35.5,0,35.5,0,35.5,0,35.5,0,35.5,0,35.5,0,35.5,0,35.5,0,32,0.109,32,0.109
678822,27,27,0,27,0,27,0,27,0,27,0,27,0,27,0,27,0,24.5,0.102,24.5,0.102
678823,,,,,,,,,,,,,,,,,,,,,
678824,27,27,0,27,0,27,0,27,0,27,0,27,0,27,0,27,0,24.5,0.102,24.5,0.102
678825,,,,,,,,,,,,,,,,,,,,,
678826,35.5,35.5,0,35.5,0,35.5,0,35.5,0,35.5,0,35.5,0,35.5,0,35.5,0,32,0.109,32,0.109
678828,27,27,0,27,0,27,0,27,0,27,0,27,0,27,0,27,0,24.5,0.102,24.5,0.102
678829,35.5,35.5,0,35.5,0,35.5,0,35.5,0,35.5,0,35.5,0,35.5,0,35.5,0,32,0.109,32,0.109
678830,20,20,0,20,0,20,0,20,0,20,0,20,0,20,0,20,0,18.5,0.0811,18.5,0.0811
678840,19.5,19.5,0,19.5,0,19.5,0,19.5,0,19.5,0,23.5,-0.17,23.5,-0.17,23.5,-0.17,18.5,0.0541,14.5,0.345
678842,,,,,,,,,,,,,,,,,,,,,
678843,,,,,,,,,,,,,,,,,,,,,
678847,23.5,23.5,0,23.5,0,23.5,0,23.5,0,23.5,0,23.5,0,23.5,0,26.9,-0.126,18,0.306,16.5,0.424
678848,,,,,,,,,,,,,,,,,,,,,
678849,19.5,19.5,0,19.5,0,19.5,0,19.5,0,19.5,0,23.5,-0.17,23.5,-0.17,23.5,-0.17,18.5,0.0541,14.5,0.345
678850,40,40,0,40,0,40,0,40,0,40,0,40,0,40,0,40,0,33.5,0.194,26,0.538
678851,39,39,0,39,0,39,0,39,0,39,0,39,0,39,0,39,0,35,0.114,33.5,0.164
678858,27.5,27.5,0,27.5,0,27.5,0,27.5,0,27.5,0,27.5,0,27.5,0,27.5,0,25,0.1,21.5,0.279
678919,44.9,44.9,0,44.9,0,44.9,0,44.9,0,52,-0.137,52,-0.137,52,-0.137,52,-0.137,39.5,0.137,32.5,0.382
678931,,,,,,,,,,,,,,,,,,,,,
678941,,,,,,,,,,,,,,,,,,,,,
678943,,,,,,,,,,,,,,,,,,,,,
678961,107,107,0,107,0,107,0,107,0,107,0,107,0,107,0,107,0,,,,
678976,136,136,0,136,0,136,0,136,0,136,0,136,0,136,0,,,,,,
678984,1.5,1.5,0,1.5,0,1.5,0,1.5,0,1.9,-0.211,,,,,1.9,-0.211,1.5,0,1.2,0.25
678987,,,,,,,,,,,,,,,,,,,,,
678994,,,,,,,,,,,,,,,,,,,,,
678995,16.7,16.7,0,16.7,0,16.7,0,16.7,0,16.7,0,16.7,0,16,0.0437,16,0.0437,15.9,0.0503,15.2,0.0987
678996,14,14,0,,,14,0,14,0,14,0,14,0,13.2,0.0606,13.2,0.0606,12.6,0.111,12,0.167
678997,20.3,20.3,0,20.3,0,20.3,0,20.3,0,20.3,0,20.3,0,20,0.015,20,0.015,19.3,0.0518,18.5,0.0973
678998,21.8,21.8,0,21.8,0,21.8,0,21.8,0,21.8,0,21.8,0,21.5,0.014,21.5,0.014,21,0.0381,20.2,0.0792
678999,25.5,25.5,0,25.5,0,25.5,0,25.5,0,25.5,0,24.8,0.0282,23.9,0.0669,,,22.2,0.149,22.2,0.149
679000,49.5,49.5,0,49.5,0,49.5,0,49.5,0,49.5,0,48.3,0.0248,46.4,0.0668,,,42.7,0.159,41.2,0.201
679001,24.8,24.8,0,24.8,0,24.8,0,24.8,0,24.8,0,24,0.0333,23.2,0.069,,,21.4,0.159,20.6,0.204
679024,,,,,,,,,,,,,,,,,,,,,
679025,,,,,,,,,,,,,,,,,,,,,
679026,,,,,,,,,,,,,,,,,,,,,
679121,,,,,,,,,,,,,,,,,,,,,
679122,,,,,,,,,,,,,,,,,,,,,
679123,,,,,,,,,,,,,,,,,,,,,
679124,,,,,,,,,,,,,,,,,,,,,
679125,,,,,,,,,,,,,,,,,,,,,
679129,21.6,21.6,0,21.6,0,21.6,0,21.6,0,21.6,0,21.6,0,21.6,0,21.6,0,19.1,0.131,19.1,0.131
679130,47.5,47.5,0,47.5,0,47.5,0,47.5,0,,,40,0.188,40,0.188,40,0.188,40,0.188,,
679131,11.5,11.5,0,11.5,0,11.5,0,11.5,0,11.5,0,11.5,0,11.5,0,,,10.5,0.0952,10.5,0.0952
679132,22.5,22.5,0,22.5,0,22.5,0,22.5,0,22.5,0,22.5,0,22.5,0,20,0.125,20,0.125,20,0.125
679133,62.5,62.5,0,62.5,0,62.5,0,62.5,0,,,,,,,,,50,0.25,50,0.25
679134,125,125,0,125,0,125,0,125,0,125,0,125,0,,,,,,,,
679153,6.5,6.5,0,6.5,0,6.5,0,6.5,0,6.5,0,6.5,0,6.5,0,6.5,0,5.5,0.182,5,0.3
679165,19,19,0,,,19,0,19,0,19,0,19,0,19,0,17.5,0.0857,17.5,0.0857,17.5,0.0857
679172,,,,,,,,,,,,,,,,,,,,,
679174,47.5,47.5,0,47.5,0,47.5,0,47.5,0,47.5,0,47.5,0,47.5,0,47.5,0,40,0.188,35,0.357
679175,47.5,47.5,0,47.5,0,47.5,0,47.5,0,47.5,0,47.5,0,47.5,0,47.5,0,40,0.188,35,0.357
679176,37.5,37.5,0,37.5,0,37.5,0,37.5,0,37.5,0,37.5,0,37.5,0,37.5,0,33.8,0.109,30,0.25
679177,,,,,,,,,,,,,,,,,,,,,
679178,37.5,37.5,0,37.5,0,37.5,0,37.5,0,37.5,0,37.5,0,37.5,0,,,33.8,0.109,30,0.25
679179,,,,,,,,,,,,,,,,,,,,,
679182,13,13,0,13,0,13,0,13,0,13,0,13,0,13,0,13,0,11.9,0.0924,10.6,0.226
679186,,,,,,,,,,,,,,,,,,,,,
679187,9.3,9.3,0,9.3,0,9.3,0,9.3,0,9.3,0,9.3,0,9.3,0,9.3,0,7.9,0.177,7.9,0.177
679188,9.3,9.3,0,9.3,0,9.3,0,9.3,0,9.3,0,9.3,0,9.3,0,9.3,0,7.9,0.177,7.9,0.177
679189,10.8,10.8,0,,,,,10.8,0,10.8,0,10.8,0,10.8,0,10.8,0,9.3,0.161,,
679190,10.5,10.5,0,10.5,0,10.5,0,10.5,0,10.5,0,10.5,0,10.5,0,10.5,0,9,0.167,9,0.167
679191,9.5,9.5,0,9.5,0,9.5,0,9.5,0,9.5,0,9.5,0,9.5,0,9.5,0,8,0.188,8,0.188
679192,,,,,,,,,,,,,,,,,,,,,
679193,,,,,,,,,,,,,,,,,,,,,
679197,85,85,0,85,0,85,0,,,85,0,,,85.2,-0.00235,85.2,-0.00235,68.8,0.235,,
679198,67,67,0,67,0,67,0,67,0,67,0,67,0,67,0,67,0,43.9,0.526,43.9,0.526
679199,134,,,,,134,0,134,0,134,0,134,0,134,0,134,0,102,0.305,102,0.305
679200,96.4,96.4,0,96.4,0,96.4,0,96.4,0,96.4,0,96.4,0,96.4,0,96.4,0,75,0.285,75,0.285
679201,,,,,,,,,,,,,,,,,,,,,
679203,131,131,0,131,0,131,0,131,0,131,0,131,0,131,0,131,0,102,0.293,102,0.293
679205,177,177,0,177,0,177,0,177,0,177,0,177,0,177,0,177,0,135,0.305,135,0.305
679206,,,,,,,,,,,,,,,,,,,,,
679207,109,109,0,109,0,109,0,109,0,109,0,109,0,109,0,109,0,86.2,0.269,86.2,0.269
679211,143,143,0,143,0,143,0,143,0,143,0,143,0,143,0,143,0,113,0.27,113,0.27
679220,66.6,66.6,0,66.6,0,66.6,0,66.6,0,66.6,0,62.8,0.0605,59.7,0.116,59.8,0.114,55,0.211,50.7,0.314
679221,26.7,26.7,0,26.7,0,26.7,0,,,26.7,0,26.7,0,,,26.4,0.0114,25.7,0.0389,24.9,0.0723
679222,22.7,22.7,0,22.7,0,22.7,0,22.7,0,22.7,0,22.7,0,21.8,0.0413,21.8,0.0413,20.7,0.0966,20.1,0.129
679237,,,,,,,,,,,,,,,,,,,,,
679238,,,,,,,,,,,,,,,,,,,,,
679253,,,,,,,,,,,,,,,,,,,,,
679261,16.5,16.5,0,16.5,0,16.5,0,16.5,0,16.5,0,15,0.1,15,0.1,13.4,0.231,11.9,0.387,9.9,0.667
679262,16.5,16.5,0,16.5,0,16.5,0,16.5,0,16.5,0,15,0.1,15,0.1,13.4,0.231,11.9,0.387,9.9,0.667
679263,16.5,16.5,0,16.5,0,16.5,0,16.5,0,16.5,0,15,0.1,15,0.1,13.4,0.231,11.9,0.387,,
679285,56,56,0,56,0,56,0,60.5,-0.0744,60.5,-0.0744,60.5,-0.0744,60.5,-0.0744,65.8,-0.149,51.6,0.0853,43.4,0.29
679322,2,2,0,2,0,2,0,2,0,2,0,2,0,2,0,2,0,2.1,-0.0476,1.8,0.111
679366,,,,,,,,,,,,,,,,,,,,,
679372,22.8,22.8,0,22.8,0,22.8,0,22.8,0,22.8,0,22.8,0,22.7,0.00441,,,16.8,0.357,14.5,0.572
679373,10,10,0,10,0,10,0,10,0,10,0,10,0,10,0,10,0,8,0.25,8,0.25
679374,,,,,,,,,,,,,,,,,,,,,
679375,,,,,,,,,,,,,,,,,,,,,
679376,64.5,64.5,0,64.5,0,64.5,0,64.5,0,64.5,0,45,0.433,64.5,0,69.5,-0.0719,49.9,0.293,45.9,0.405
679377,24.2,24.2,0,,,,,24.2,0,24.2,0,24.2,0,24.2,0,24.2,0,17.5,0.383,15,0.613
679388,10,10,0,10,0,10,0,10,0,10,0,10,0,10,0,10,0,9.7,0.0309,9.7,0.0309
679401,96.5,96.5,0,,,,,125,-0.228,,,125,-0.228,,,,,,,125,-0.228
679435,2.5,2.5,0,2.5,0,2.5,0,2.5,0,2.5,0,2.5,0,2.5,0,2,0.25,2,0.25,2,0.25
679436,2.5,2.5,0,2.5,0,2.5,0,2.5,0,2.5,0,2.5,0,2.5,0,2,0.25,2,0.25,2,0.25
679437,,,,,,,,,,,,,,,,,,,,,
679438,4.5,4.5,0,4.5,0,4.5,0,4.5,0,4.5,0,4.5,0,4.5,0,3,0.5,3,0.5,3,0.5
679439,,,,,,,,,,,,,,,,,,,,,
679450,,,,,,,,,,,,,,,,,,,,,
679451,6.3,6.3,0,6.3,0,6.3,0,6.3,0,6.3,0,,,6.3,0,,,5,0.26,5,0.26
679454,,,,,,,,,,,,,,,,,,,,,
679455,3.5,3.5,0,3.5,0,3.5,0,3.5,0,3.5,0,3.5,0,3.5,0,3,0.167,3,0.167,3,0.167
679457,3.5,3.5,0,3.5,0,3.5,0,3.5,0,3.5,0,3.5,0,3.5,0,3,0.167,3,0.167,3,0.167
679462,,,,,,,,,,,,,,,,,,,,,
679463,49,,,,,49,0,,,49,0,48,0.0208,48,0.0208,43,0.14,39,0.256,35,0.4
679464,49,49,0,49,0,49,0,49,0,49,0,48,0.0208,48,0.0208,43,0.14,39,0.256,35,0.4
679465,49,49,0,49,0,49,0,49,0,49,0,48,0.0208,,,43,0.14,39,0.256,,
679466,49,49,0,49,0,49,0,49,0,49,0,48,0.0208,48,0.0208,43,0.14,39,0.256,35,0.4
679574,1,1,0,1,0,1,0,1,0,1,0,1,0,,,,,,,,
679576,,,,,,,,,,,,,,,,,,,,,
679583,99.9,99.9,0,99.9,0,99.9,0,99.9,0,99.9,0,99.9,0,99.9,0,,,,,,
679584,99.9,99.9,0,99.9,0,99.9,0,99.9,0,99.9,0,99.9,0,99.9,0,,,,,,
679713,,,,,,,,,,,,,,,,,,,,,
679714,64,64,0,,,64,0,64,0,64,0,64,0,64,0,64,0,52,0.231,,
679716,13,13,0,13,0,13,0,13,0,13,0,13,0,,,13,0,11.9,0.0924,10.6,0.226
679720,9.8,9.8,0,9.8,0,9.8,0,9.8,0,9.8,0,9.8,0,9.8,0,,,,,,
679766,45,45,0,45,0,45,0,45,0,45,0,45,0,45,0,30.5,0.475,22.5,1,18.9,1.38
679789,98.8,98.8,0,98.8,0,98.8,0,98.8,0,98.8,0,98.8,0,97.5,0.0133,97.5,0.0133,94.5,0.0455,93.2,0.0601
679790,,,,,,,,,,,,,,,,,,,,,
679791,,,,,,,,,,,,,,,,,,,,,
679792,,,,,,,,,,,,,,,,,,,,,
679793,,,,,,,,,,,,,,,,,,,,,
679842,,,,,,,,,,,,,,,,,,,,,
679868,56,56,0,56,0,56,0,56,0,56,0,,,,,,,,,,
679878,14,14,0,14,0,14,0,14,0,,,,,,,,,11,0.273,,
679898,,,,,,,,,,,,,,,,,,,,,
679919,50.6,50.6,0,50.6,0,50.6,0,50.6,0,50.6,0,50.6,0,,,,,,,,
679927,,,,,,,,,,,,,,,,,,,,,
679929,,,,,,,,,,,,,,,,,,,,,
679944,,,,,,,,,,,,,,,,,,,,,
679945,25.9,25.9,0,25.9,0,25.9,0,25.9,0,25.9,0,25.9,0,25.7,0.00778,25.7,0.00778,24.9,0.0402,24.1,0.0747
679957,,,,,,,,,,,,,,,,,,,,,
679980,25,25,0,25,0,25,0,25,0,25,0,25,0,25,0,22.5,0.111,20.6,0.214,20.6,0.214
679981,25,25,0,25,0,,,25,0,25,0,25,0,25,0,22.5,0.111,20.6,0.214,20.6,0.214
679985,,,,,,,,,,,,,,,,,,,,,
679986,,,,,,,,,,,,,,,,,,,,,
679994,,,,,,,,,,,,,,,,,,,,,
681000,45,45,0,45,0,45,0,45,0,45,0,45,0,45,0,45,0,29.5,0.525,,
681001,47,47,0,47,0,47,0,47,0,47,0,47,0,47,0,47,0,30.6,0.536,,
681002,47,47,0,47,0,47,0,47,0,47,0,47,0,47,0,47,0,30.6,0.536,,
681003,,,,,,,,,,,,,,,,,,,,,
681004,38.5,38.5,0,38.5,0,38.5,0,38.5,0,38.5,0,38.5,0,38.5,0,,,34,0.132,,
681005,89,89,0,89,0,,,,,,,,,,,,,,,,
681006,,,,,,,,,,,,,,,,,,,,,
681007,,,,,,,,,,,,,,,,,,,,,
681008,,,,,,,,,,,,,,,,,,,,,
681010,,,,,,,,,,,,,,,,,,,,,
685452,,,,,,,,,,,,,,,,,,,,,
686968,5,5,0,5,0,5,0,5,0,5,0,5,0,5,0,5,0,5,0,5,0
686980,29.9,29.9,0,29.9,0,29.9,0,29.9,0,29.9,0,24.9,0.201,30,-0.00333,30,-0.00333,20,0.495,18.5,0.616
687017,7.3,7.3,0,7.3,0,7.3,0,7.3,0,7.7,-0.0519,11.5,-0.365,6,0.217,8.5,-0.141,8,-0.0875,7.2,0.0139
687068,39.4,39.4,0,39.4,0,41.2,-0.0437,41.2,-0.0437,42.1,-0.0641,42.1,-0.0641,42.9,-0.0816,71,-0.445,63.5,-0.38,48,-0.179
687696,8.9,8.9,0,5.4,0.648,5.4,0.648,5.4,0.648,5.4,0.648,8.6,0.0349,4.6,0.935,7.5,0.187,16,-0.444,9.9,-0.101
687700,15,15,0,14.5,0.0345,14.5,0.0345,15.3,-0.0196,18.6,-0.194,14.1,0.0638,14.3,0.049,21,-0.286,18,-0.167,9.8,0.531
687718,6,6,0,6,0,6,0,6,0,10.8,-0.444,6,0,9,-0.333,8,-0.25,8,-0.25,8,-0.25
687777,4.7,4.7,0,4.7,0,4.7,0,4.9,-0.0408,6.3,-0.254,4,0.175,4.5,0.0444,6.9,-0.319,7,-0.329,4.2,0.119
687785,14.3,14.3,0,14.3,0,14.3,0,14.3,0,12.8,0.117,11.6,0.233,11.6,0.233,13,0.1,9,0.589,14,0.0214
687793,9,9,0,9,0,9,0,9,0,10,-0.1,9.1,-0.011,9.2,-0.0217,16,-0.438,12,-0.25,4.9,0.837
687823,12.9,12.9,0,12.9,0,8.4,0.536,8.8,0.466,10,0.29,11,0.173,9,0.433,14.9,-0.134,10.5,0.229,4.5,1.87
687858,15.5,15.5,0,16.8,-0.0774,16.8,-0.0774,16.8,-0.0774,16.8,-0.0774,18.9,-0.18,19.8,-0.217,24.5,-0.367,8.8,0.761,10,0.55
687920,17.4,17.4,0,17.4,0,17.4,0,17.4,0,17.4,0,17.9,-0.0279,20.7,-0.159,14.5,0.2,12.5,0.392,17,0.0235
687971,9.5,9.5,0,7.3,0.301,7.3,0.301,7.8,0.218,7.8,0.218,8.4,0.131,6.6,0.439,11,-0.136,7.5,0.267,11,-0.136
688013,23.4,23.4,0,23.4,0,23.4,0,23.4,0,23.4,0,28.7,-0.185,24.4,-0.041,26,-0.1,49.5,-0.527,53,-0.558
688269,12.5,12.5,0,9,0.389,9,0.389,9.3,0.344,9.3,0.344,11,0.136,9.3,0.344,12,0.0417,10,0.25,10,0.25
688277,10.4,10.4,0,10.4,0,7.6,0.368,8.5,0.224,8.5,0.224,10,0.04,7.9,0.316,11.5,-0.0957,9,0.156,9.1,0.143
688285,10,10,0,10,0,10,0,10,0,10,0,10,0,10,0,10,0,15.5,-0.355,15.5,-0.355
688315,4.2,4.2,0,4.2,0,4.2,0,4.2,0,3.8,0.105,3.9,0.0769,12,-0.65,8.5,-0.506,3.5,0.2,4.8,-0.125
688366,6.2,6.2,0,6.2,0,6.9,-0.101,6.9,-0.101,7.9,-0.215,10.9,-0.431,14.7,-0.578,11.5,-0.461,6,0.0333,5.5,0.127
688404,9.2,9.2,0,9.2,0,9.2,0,9.2,0,12.2,-0.246,10.1,-0.0891,10.1,-0.0891,9.9,-0.0707,8,0.15,8.5,0.0824
688412,8.6,8.6,0,12.5,-0.312,12.5,-0.312,7.1,0.211,5.6,0.536,4,1.15,5.7,0.509,21,-0.59,9,-0.0444,8.7,-0.0115
688420,28.4,28.4,0,28.4,0,28.4,0,28.4,0,49.3,-0.424,42.8,-0.336,52.8,-0.462,40,-0.29,23,0.235,27.8,0.0216
688439,4.6,4.6,0,4.6,0,4.6,0,4.6,0,4.6,0,5.2,-0.115,5.2,-0.115,8.5,-0.459,8,-0.425,5.5,-0.164
688463,13.5,13.5,0,14,-0.0357,10.6,0.274,11.1,0.216,12,0.125,14.5,-0.069,9.1,0.484,6.5,1.08,11.5,0.174,6,1.25
688480,14.9,14.9,0,13.4,0.112,13.4,0.112,13.4,0.112,13.6,0.0956,16.2,-0.0802,10.8,0.38,7,1.13,8,0.863,8.5,0.753
688498,8.8,8.8,0,8.8,0,8.8,0,11,-0.2,8,0.1,11.8,-0.254,8.4,0.0476,5.5,0.6,4,1.2,5.5,0.6
688552,6.3,6.3,0,6.5,-0.0308,6.5,-0.0308,7,-0.1,6,0.05,5.9,0.0678,7.8,-0.192,8,-0.213,4.5,0.4,6,0.05
688625,7.5,7.5,0,7.5,0,7.5,0,5.2,0.442,6.6,0.136,12.2,-0.385,13.9,-0.46,10,-0.25,11.9,-0.37,6,0.25
689991,17.9,17.9,0,,,17.9,0,17.9,0,17.9,0,17.9,0,17.9,0,17.9,0,16.5,0.0848,,
690488,46.5,46.5,0,46.5,0,46.5,0,46.5,0,46.5,0,46.5,0,46.5,0,37.5,0.24,30,0.55,30,0.55
690495,46.5,46.5,0,46.5,0,46.5,0,46.5,0,46.5,0,46.5,0,46.5,0,37.5,0.24,,,30,0.55
690496,46.5,46.5,0,46.5,0,46.5,0,46.5,0,46.5,0,46.5,0,46.5,0,,,,,,
690497,,,,,,,,,,,,,,,,,,,,,
690498,46.5,46.5,0,46.5,0,46.5,0,46.5,0,46.5,0,46.5,0,46.5,0,,,,,30,0.55
690504,,,,,,,,,,,,,,,,,,,,,
690519,,,,,,,,,,,,,,,,,,,,,
690539,,,,,,,,,,,,,,,,,,,,,
690544,,,,,,,,,,,,,,,,,,,,,
690559,,,,,,,,,,,,,,,,,,,,,
690564,,,,,,,,,,,,,,,,,,,,,
690584,,,,,,,,,,,,,,,,,,,,,
690608,56.1,56.1,0,56.1,0,56.1,0,56.1,0,56.1,0,56.1,0,56.1,0,47.5,0.181,,,47.5,0.181
690762,95.5,95.5,0,95.5,0,95.5,0,95.5,0,,,,,,,,,73,0.308,58,0.647
690956,105,105,0,105,0,105,0,105,0,105,0,105,0,105,0,98,0.0714,60,0.75,58,0.81
691010,,,,,,,,,,,,,,,,,,,,,
691011,,,,,,,,,,,,,,,,,,,,,
691014,,,,,,,,,,,,,,,,,,,,,
691015,,,,,,,,,,,,,,,,,,,,,
691018,,,,,,,,,,,,,,,,,,,,,
691019,,,,,,,,,,,,,,,,,,,,,
691022,,,,,,,,,,,,,,,,,,,,,
691023,,,,,,,,,,,,,,,,,,,,,
691024,,,,,,,,,,,,,,,,,,,,,
691026,,,,,,,,,,,,,,,,,,,,,
691028,,,,,,,,,,,,,,,,,,,,,
691029,,,,,,,,,,,,,,,,,,,,,
691030,,,,,,,,,,,,,,,,,,,,,
691285,19.9,19.9,0,19.9,0,19.9,0,19.9,0,24.5,-0.188,19.9,0,24.5,-0.188,24.5,-0.188,15,0.327,15,0.327
691871,,,,,,,,,,,,,,,,,,,,,
692125,,,,,,,,,,,,,,,,,,,,,
692128,12.2,12.2,0,12.2,0,12.2,0,12.2,0,12.2,0,,,14.5,-0.159,17,-0.282,10.4,0.173,10.4,0.173
692135,6.3,6.3,0,6.3,0,6.3,0,6.3,0,6.3,0,7.5,-0.16,7.5,-0.16,8.5,-0.259,7.5,-0.16,7.5,-0.16
692138,13,13,0,13,0,13,0,13,0,13,0,15.9,-0.182,15.9,-0.182,,,15,-0.133,15,-0.133
692145,,,,,,,,,,,,,,,,,,,,,
692155,,,,,,,,,,,,,,,,,,,,,
692158,14.6,,,14.6,0,14.6,0,14.6,0,14.6,0,,,17.5,-0.166,20.5,-0.288,17,-0.141,17,-0.141
692165,,,,,,,,,,,,,,,,,,,,,
692222,29.4,29.4,0,29.4,0,29.4,0,29.4,0,29.4,0,35.3,-0.167,35.3,-0.167,38.5,-0.236,30,-0.02,30,-0.02
692323,20,20,0,20,0,20,0,20,0,20,0,23.5,-0.149,23.5,-0.149,25.5,-0.216,20,0,20,0
692532,,,,,,,,,,,,,,,,,,,,,
693013,31.5,31.5,0,31.5,0,31.5,0,31.5,0,30.5,0.0328,27.9,0.129,30.9,0.0194,,,21.9,0.438,21.9,0.438
693043,,,,,,,,,,,,,,,,,,,,,
693058,78.9,78.9,0,78.9,0,78.9,0,78.9,0,76.9,0.026,69.9,0.129,76.9,0.026,69.9,0.129,53.9,0.464,,
693083,335,335,0,335,0,335,0,335,0,335,0,320,0.0469,,,,,,,,
693150,30,30,0,30,0,30,0,30,0,30,0,30,0,30,0,30,0,26,0.154,26,0.154
693538,138,138,0,138,0,138,0,138,0,138,0,,,,,,,,,97,0.418
694868,13.5,13.5,0,13.5,0,13.5,0,13.5,0,13.5,0,13.5,0,15,-0.1,17.9,-0.246,11.5,0.174,10.5,0.286
695574,4.7,4.7,0,4.7,0,4.7,0,4.7,0,4.7,0,4.7,0,4.7,0,4.5,0.0444,3.6,0.306,4.2,0.119
695589,4.7,4.7,0,4.7,0,4.7,0,4.7,0,4.7,0,4.7,0,4.7,0,4.5,0.0444,4,0.175,4.2,0.119
695594,43.5,43.5,0,43.5,0,43.5,0,43.5,0,43.5,0,43.5,0,43.5,0,43.5,0,33,0.318,32,0.359
695603,1.5,1.5,0,1.5,0,1.5,0,1.5,0,1.5,0,1.5,0,1.5,0,1.5,0,1.3,0.154,1,0.5
695618,1.5,1.5,0,1.5,0,1.5,0,1.5,0,1.5,0,1.5,0,1.5,0,1.4,0.0714,1.3,0.154,1,0.5
695638,1.5,1.5,0,1.5,0,1.5,0,1.5,0,1.5,0,2.5,-0.4,1.5,0,1.4,0.0714,1.3,0.154,1,0.5
695643,1.5,1.5,0,1.5,0,1.5,0,1.5,0,1.5,0,1.5,0,1.5,0,1.4,0.0714,1.3,0.154,1,0.5
695658,1.5,1.5,0,1.5,0,1.5,0,1.5,0,1.5,0,1.5,0,1.5,0,1.5,0,1.3,0.154,1,0.5
695663,57,57,0,57,0,57,0,57,0,57,0,57,0,57,0,,,44.5,0.281,43.5,0.31
695677,,,,,,,,,,,,,,,,,,,,,
695680,,,,,,,,,,,,,,,,,,,,,
695738,63.3,63.3,0,63.3,0,,,63.3,0,63.3,0,,,,,55.6,0.138,57.8,0.0952,51.7,0.224
695739,63.3,63.3,0,63.3,0,63.3,0,63.3,0,63.3,0,,,,,55.6,0.138,57.8,0.0952,51.7,0.224
695740,,,,,,,,,,,,,,,,,,,,,
695741,,,,,,,,,,,,,,,,,,,,,
695743,,,,,,,,,,,,,,,,,,,,,
695754,63.2,63.2,0,63.2,0,63.2,0,63.2,0,63.2,0,,,56.2,0.125,55.6,0.137,53.8,0.175,51.7,0.222
695819,45.6,45.6,0,45.6,0,45.6,0,45.6,0,45.6,0,38.8,0.175,45,0.0133,41.3,0.104,,,33.7,0.353
695822,,,,,,,,,,,,,,,,,,,,,
695823,178,178,0,178,0,178,0,178,0,178,0,178,0,178,0,178,0,,,,
695824,156,156,0,156,0,156,0,156,0,156,0,156,0,156,0,,,,,,
695825,,,,,,,,,,,,,,,,,,,,,
695856,21,21,0,21,0,21,0,21,0,21,0,21,0,21,0,21,0,18.5,0.135,15.5,0.355
695905,21,21,0,21,0,21,0,21,0,21,0,21,0,21,0,21,0,18.5,0.135,15.5,0.355
696078,,,,,,,,,,,,,,,,,,,,,
696537,30,30,0,30,0,30,0,30,0,30,0,30,0,30,0,28.5,0.0526,28.5,0.0526,27.5,0.0909
696597,,,,,,,,,,,,,,,,,,,,,
696602,56,56,0,56,0,56,0,60.5,-0.0744,60.5,-0.0744,,,,,,,51.6,0.0853,43.4,0.29
696626,,,,,,,,,,,,,,,,,,,,,
696646,,,,,,,,,,,,,,,,,,,,,
696686,32.5,32.5,0,32.5,0,32.5,0,32.5,0,36.5,-0.11,41,-0.207,41,-0.207,41,-0.207,30,0.0833,29.5,0.102
696691,32.5,32.5,0,32.5,0,32.5,0,32.5,0,36.5,-0.11,41,-0.207,41,-0.207,41,-0.207,30,0.0833,29.5,0.102
696700,32.5,32.5,0,32.5,0,32.5,0,32.5,0,36.5,-0.11,41,-0.207,41,-0.207,41,-0.207,30,0.0833,29.5,0.102
696715,32.5,32.5,0,32.5,0,32.5,0,32.5,0,41,-0.207,41,-0.207,41,-0.207,41,-0.207,30,0.0833,29.5,0.102
697258,7.9,7.9,0,7.9,0,7.9,0,7.9,0,7.9,0,9.4,-0.16,9.4,-0.16,9.4,-0.16,6.9,0.145,5.5,0.436
697327,11,11,0,11,0,11,0,11,0,11,0,12.5,-0.12,12.5,-0.12,12.5,-0.12,10.9,0.00917,10.8,0.0185
697456,,,,,,,,,,,,,,,,,,,,,
697783,82,82,0,82,0,82,0,82,0,82,0,82,0,82,0,81,0.0123,80,0.025,78.5,0.0446
697798,50.5,50.5,0,50.5,0,50.5,0,50.5,0,50.5,0,50.5,0,50.5,0,49.5,0.0202,50,0.01,50,0.01
697807,38,38,0,38,0,38,0,38,0,38,0,38,0,38,0,37.5,0.0133,37.5,0.0133,37.5,0.0133
697812,36.5,36.5,0,36.5,0,36.5,0,36.5,0,36.5,0,36.5,0,36.5,0,35.5,0.0282,35.5,0.0282,35.5,0.0282
698085,,,,,,,,,,,,,,,,,,,,,
699185,,,,,,,,,,,,,,,,,,,,,
699269,6.5,6.5,0,6.5,0,6.5,0,6.5,0,6.5,0,6.5,0,6.5,0,5.8,0.121,,,,
699274,3.5,3.5,0,3.5,0,3.5,0,3.5,0,3.5,0,3.5,0,3.5,0,3.5,0,3.5,0,3.5,0
699294,59.5,59.5,0,59.5,0,59.5,0,59.5,0,59.5,0,59.5,0,59.5,0,59.5,0,50,0.19,50,0.19
699303,6.2,6.2,0,6.2,0,6.2,0,,,,,6.2,0,,,6.2,0,,,,
699318,6.2,6.2,0,6.2,0,6.2,0,6.2,0,6.2,0,,,,,,,5.1,0.216,,
699338,,,,,,,,,,,,,,,,,,,,,
699501,,,,,,,,,,,,,,,,,,,,,
699521,133,133,0,133,0,133,0,133,0,133,0,133,0,133,0,133,0,95.5,0.393,79,0.684
699536,133,133,0,133,0,133,0,133,0,133,0,133,0,133,0,133,0,95.5,0.393,90,0.478
700334,,,,,,,,,,,,,,,,,,,,,
700463,32.9,32.9,0,32.9,0,32.9,0,32.9,0,41.5,-0.207,41.5,-0.207,41.5,-0.207,39,-0.156,28,0.175,25,0.316
700478,32.9,32.9,0,32.9,0,32.9,0,32.9,0,41.5,-0.207,41.5,-0.207,41.5,-0.207,39,-0.156,28,0.175,25,0.316
701139,33.5,33.5,0,33.5,0,33.5,0,33.5,0,33.5,0,32,0.0469,37.9,-0.116,37.9,-0.116,,,25,0.34
701317,,,,,,,,,,,,,,,,,,,,,
701491,57.7,57.7,0,57.7,0,57.7,0,57.7,0,57.7,0,,,,,70.9,-0.186,,,46,0.254
713614,,,,,,,,,,,,,,,,,,,,,
714715,,,,,,,,,,,,,,,,,,,,,
714732,,,,,,,,,,,,,,,,,,,,,
718718,36.5,36.5,0,36.5,0,36.5,0,36.5,0,36.5,0,,,36.5,0,36.5,0,34.5,0.058,31.5,0.159
724078,,,,,,,,,,,,,,,,,,,,,
724098,,,,,,,,,,,,,,,,,,,,,
724107,,,,,,,,,,,,,,,,,,,,,
724221,,,,,,,,,,,,,,,,,,,,,
724325,135,135,0,135,0,135,0,135,0,,,135,0,135,0,135,0,162,-0.169,162,-0.169
724350,52.5,52.5,0,52.5,0,52.5,0,52.5,0,52.5,0,52.5,0,52.5,0,52.5,0,38,0.382,38,0.382
724494,,,,,,,,,,,,,,,,,,,,,
724583,115,115,0,115,0,115,0,115,0,115,0,115,0,115,0,115,0,75,0.533,75,0.533
724890,,,,,,,,,,,,,,,,,,,,,
724969,7.8,7.8,0,7.8,0,7.8,0,7.8,0,7.8,0,7.8,0,7.8,0,7.8,0,,,,
724989,10,10,0,10,0,10,0,10,0,10,0,10,0,10,0,10,0,10,0,10,0
725011,2.1,2.1,0,2.1,0,2.1,0,2.1,0,,,2.1,0,2.1,0,2.1,0,2.1,0,2.1,0
725615,20,20,0,20,0,20,0,20,0,20,0,20,0,20,0,20,0,20,0,20,0
725680,,,,,,,,,,,,,,,,,,,,,
725759,179,179,0,179,0,179,0,179,0,179,0,179,0,179,0,224,-0.201,129,0.388,129,0.388
725833,13.5,13.5,0,13.5,0,13.5,0,13.5,0,13.5,0,13.5,0,13.5,0,12.5,0.08,12,0.125,11,0.227
725893,,,,,,,,,,,,,,,,,,,,,
726069,64.9,64.9,0,64.9,0,64.9,0,64.9,0,64.9,0,73,-0.111,73,-0.111,73,-0.111,51,0.273,51,0.273
726232,18,18,0,18,0,18,0,18,0,18,0,18,0,18,0,18,0,15,0.2,15,0.2
726247,,,,,,,,,,,,,,,,,,,,,
726410,1.5,1.5,0,1.5,0,1.5,0,1.5,0,1.5,0,1.5,0,1.5,0,1.5,0,1.5,0,1,0.5
726594,4.9,4.9,0,4.9,0,4.9,0,4.9,0,4.9,0,4.9,0,4.9,0,4.9,0,4.9,0,4.9,0
726603,4.9,4.9,0,4.9,0,4.9,0,4.9,0,4.9,0,4.9,0,4.9,0,4.9,0,4.9,0,4.9,0
726604,4.9,4.9,0,4.9,0,4.9,0,4.9,0,4.9,0,4.9,0,4.9,0,4.9,0,4.9,0,4.9,0
726605,4.9,4.9,0,4.9,0,4.9,0,4.9,0,4.9,0,4.9,0,4.9,0,4.9,0,4.9,0,4.9,0
726618,,,,,,,,,,,,,,,,,,,,,
726623,20.4,20.4,0,20.4,0,20.4,0,20.4,0,20.4,0,20.4,0,,,,,14.5,0.407,12,0.7
726638,20.4,20.4,0,20.4,0,20.4,0,20.4,0,20.4,0,20.4,0,20.4,0,20.4,0,14.5,0.407,12,0.7
726643,20.4,20.4,0,20.4,0,20.4,0,20.4,0,20.4,0,20.4,0,20.4,0,20.4,0,14.5,0.407,14,0.457
726856,24.5,24.5,0,24.5,0,24.5,0,24.5,0,24.5,0,29.5,-0.169,29.5,-0.169,29.5,-0.169,19.5,0.256,11.9,1.06
726881,19.5,19.5,0,19.5,0,19.5,0,19.5,0,19.5,0,19.5,0,19.5,0,19.5,0,17.5,0.114,17.5,0.114
727131,18.7,18.7,0,18.7,0,18.7,0,18.7,0,18.7,0,18.7,0,18.7,0,,,16.9,0.107,12.5,0.496
727146,15.5,15.5,0,15.5,0,15.5,0,15.5,0,15.5,0,15.5,0,15.5,0,14,0.107,14,0.107,10.8,0.435
727151,16,16,0,16,0,16,0,16,0,16,0,16,0,16,0,,,14.2,0.127,11.5,0.391
727166,124,124,0,124,0,124,0,124,0,124,0,124,0,124,0,124,0,124,0,,
727171,,,,,,,,,,,,,,,,,,,,,
727186,,,,,,,,,,,,,,,,,,,,,
727686,82,82,0,82,0,82,0,82,0,83,-0.012,83,-0.012,,,,,,,39.5,1.08
727691,82,82,0,82,0,82,0,82,0,82,0,82,0,82,0,,,42.3,0.939,39.5,1.08
727700,82,82,0,82,0,82,0,82,0,83,-0.012,83,-0.012,83,-0.012,61.3,0.338,,,,
727740,46.5,46.5,0,46.5,0,46.5,0,46.5,0,46.5,0,46.5,0,46.5,0,46.5,0,46.5,0,,
728654,31.9,31.9,0,31.9,0,31.9,0,31.9,0,31.9,0,31.9,0,31.9,0,31.9,0,44,-0.275,44,-0.275
728996,,,,,,,,,,,,,,,,,,,,,
729033,41.9,41.9,0,41.9,0,41.9,0,41.9,0,41.9,0,41.9,0,41.9,0,50.6,-0.172,35.5,0.18,32.5,0.289
729053,42.2,42.2,0,42.2,0,42.2,0,42.2,0,42.2,0,42.2,0,42.2,0,50.7,-0.168,35.5,0.189,32.5,0.298
729355,68,68,0,68,0,68,0,68,0,68,0,68,0,68,0,,,,,,
729404,,,,,,,,,,,,,,,,,,,,,
729419,68,68,0,68,0,68,0,68,0,68,0,68,0,68,0,50,0.36,34.8,0.954,33.1,1.05
729424,49,49,0,49,0,49,0,49,0,,,49,0,49,0,36.3,0.35,27.2,0.801,,
729439,82,82,0,82,0,82,0,82,0,83,-0.012,83,-0.012,83,-0.012,,,,,39.5,1.08
729677,60.5,60.5,0,60.5,0,60.5,0,60.5,0,60.5,0,,,,,51.6,0.172,51.6,0.172,43.4,0.394
729682,,,,,,,,,,,,,,,,,,,,,
729766,,,,,,,,,,,,,,,,,,,,,
729791,14.5,14.5,0,14.5,0,14.5,0,14.5,0,14.5,0,14.5,0,14.5,0,14.5,0,8.5,0.706,8.5,0.706
729800,14.5,14.5,0,14.5,0,14.5,0,14.5,0,14.5,0,14.5,0,14.5,0,14.5,0,8.1,0.79,8.1,0.79
729835,20,20,0,20,0,20,0,20,0,20,0,20,0,20,0,20,0,9,1.22,9,1.22
729840,19,19,0,19,0,19,0,19,0,19,0,19,0,19,0,19,0,,,15,0.267
729880,32.5,32.5,0,32.5,0,32.5,0,32.5,0,32.5,0,,,32.5,0,32.5,0,24,0.354,22.9,0.419
729895,32.5,32.5,0,32.5,0,32.5,0,32.5,0,32.5,0,32.5,0,32.5,0,32.5,0,24,0.354,22.9,0.419
729964,,,,,,,,,,,,,,,,,,,,,
729999,14,14,0,14,0,14,0,14,0,14,0,14,0,,,14,0,11.5,0.217,11.5,0.217
730003,14,14,0,14,0,14,0,14,0,14,0,14,0,,,14,0,11.5,0.217,11.5,0.217
731241,255,255,0,255,0,255,0,255,0,255,0,220,0.159,,,,,,,,
732347,16.6,16.6,0,16.6,0,16.6,0,16.6,0,17,-0.0235,18.8,-0.117,18.8,-0.117,18.8,-0.117,14.6,0.137,13,0.277
732358,16.6,16.6,0,16.6,0,16.6,0,16.6,0,17,-0.0235,18.8,-0.117,18.8,-0.117,18.8,-0.117,14.6,0.137,13,0.277
732375,,,,,,,,,,,,,,,,,,,,,
735411,255,255,0,255,0,255,0,255,0,255,0,220,0.159,,,,,,,,
736120,,,,,,,,,,,,,,,,,,,,,
736123,,,,,,,,,,,,,,,,,,,,,
736134,,,,,,,,,,,,,,,,,,,,,
736146,,,,,,,,,,,,,,,,,,,,,
736157,,,,,,,,,,,,,,,,,,,,,
736178,,,,,,,,,,,,,,,,,,,,,
736181,,,,,,,,,,,,,,,,,,,,,
736192,,,,,,,,,,,,,,,,,,,,,
740123,37.5,37.5,0,37.5,0,37.5,0,37.5,0,37.5,0,,,,,,,,,,
741001,,,,,,,,,,,,,,,,,,,,,
741231,37.5,37.5,0,,,,,,,,,,,,,,,,,,
741234,,,,,,,,,,,,,,,,,,,,,
742345,37.5,37.5,0,,,,,,,,,,,,,,,,,,
743269,,,,,,,,,,,,,,,,,,,,,
743523,44,44,0,44,0,44,0,44,0,44,0,44,0,,,40,0.1,39.5,0.114,39.5,0.114
743534,44,44,0,44,0,44,0,44,0,44,0,44,0,,,,,39.5,0.114,,
743546,44,44,0,44,0,44,0,44,0,44,0,44,0,,,40,0.1,,,,
743558,44,44,0,44,0,44,0,44,0,44,0,44,0,,,,,39.5,0.114,39.5,0.114
743652,,,,,,,,,,,,,,,,,,,,,
744567,,,,,,,,,,,,,,,,,,,,,
745783,,,,,,,,,,,,,,,,,,,,,
746870,,,,,,,,,,,,,,,,,,,,,
746982,,,,,,,,,,,,,,,,,,,,,
747447,,,,,,,,,,,,,,,,,,,,,
747822,,,,,,,,,,,,,,,,,,,,,
747827,,,,,,,,,,,,,,,,,,,,,
747830,,,,,,,,,,,,,,,,,,,,,
747891,,,,,,,,,,,,,,,,,,,,,
749125,25,25,0,25,0,25,0,25,0,25,0,25,0,25,0,,,25,0,25,0
749132,,,,,,,,,,,,,,,,,,,,,
749148,25,25,0,25,0,,,,,,,25,0,25,0,25,0,25,0,25,0
760569,,,,,,,,,,,,,,,,,,,,,
761062,71,71,0,71,0,71,0,71,0,71,0,71,0,71,0,71,0,46,0.543,46,0.543
761311,,,,,,,,,,,,,,,,,,,,,
761322,,,,,,,,,,,,,,,,,,,,,
761328,23.9,23.9,0,23.9,0,,,,,,,,,,,,,,,,
761337,,,,,,,,,,,,,,,,,,,,,
761348,,,,,,,,,,,,,,,,,,,,,
761356,,,,,,,,,,,,,,,,,,,,,
761358,24,24,0,24,0,24,0,24,0,24,0,,,,,,,,,,
761368,,,,,,,,,,,,,,,,,,,,,
761374,,,,,,,,,,,,,,,,,,,,,
761419,,,,,,,,,,,,,,,,,,,,,
761420,16.8,16.8,0,16.8,0,16.8,0,16.8,0,16.8,0,16.8,0,,,,,,,,
761422,8.2,8.2,0,,,,,8.2,0,8.2,0,8.2,0,8.2,0,8.2,0,,,,
761430,25,25,0,25,0,,,,,,,,,,,,,,,,
761431,8.2,8.2,0,8.2,0,8.2,0,8.2,0,8.2,0,8.2,0,8.2,0,,,,,,
761437,6.5,6.5,0,6.5,0,6.7,-0.0299,6.7,-0.0299,7.7,-0.156,7.7,-0.156,,,,,,,,
761457,7.5,7.5,0,7.5,0,7.5,0,7.5,0,7.5,0,,,,,,,,,,
761548,43.6,43.6,0,43.6,0,43.6,0,43.6,0,43.6,0,43.6,0,35.5,0.228,,,,,,
761587,18,18,0,18,0,18,0,,,18,0,18,0,18.3,-0.0164,,,,,,
761634,78.9,78.9,0,78.9,0,78.9,0,78.9,0,78.9,0,78.9,0,,,,,,,,
761873,,,,,,,,,,,,,,,,,,,,,
762314,156,156,0,156,0,156,0,156,0,,,156,0,156,0,,,120,0.3,120,0.3
762415,120,120,0,120,0,120,0,,,,,120,0,120,0,,,120,0,,
762417,9,9,0,9,0,9,0,9,0,9,0,9,0,,,,,7.5,0.2,,
762457,32.5,32.5,0,32.5,0,32.5,0,32.5,0,30.5,0.0656,30.5,0.0656,,,30.5,0.0656,,,,
762483,27.5,27.5,0,27.5,0,27.5,0,27.5,0,25,0.1,25,0.1,,,25,0.1,,,,
762516,156,156,0,156,0,156,0,156,0,156,0,156,0,156,0,,,120,0.3,120,0.3
762534,38.7,38.7,0,38.7,0,38.7,0,38.7,0,38.7,0,38.7,0,36.9,0.0488,35.5,0.0901,31,0.248,,
762541,,,,,,,,,,,,,,,,,,,,,
762552,,,,,,,,,,,,,,,,,,,,,
762563,,,,,,,,,,,,,,,,,,,,,
762581,22,22,0,22,0,22,0,22,0,21.9,0.00457,26,-0.154,26,-0.154,,,,,,
762636,,,,,,,,,,,,,,,,,,,,,
762714,,,,,,,,,,,,,,,,,,,,,
762813,16.3,16.3,0,16.3,0,16.3,0,16.3,0,16.3,0,,,,,,,,,,
762927,30.9,30.9,0,30.9,0,30.9,0,,,30.9,0,,,,,,,,,,
763514,7.2,7.2,0,7.2,0,7.2,0,7.2,0,7.2,0,7.2,0,7.2,0,,,,,,
763543,41,41,0,41,0,41,0,41,0,41,0,41,0,41,0,45,-0.0889,38,0.0789,38,0.0789
763648,21,21,0,21,0,21,0,21,0,21,0,21,0,21,0,23,-0.087,20,0.05,,
763716,1.3,1.3,0,1.3,0,1.3,0,1.3,0,1.3,0,1.3,0,1.3,0,1.2,0.0833,1.2,0.0833,,
763855,165,165,0,165,0,165,0,165,0,,,,,,,,,,,,
763981,39,39,0,39,0,39,0,39,0,39,0,39,0,39,0,,,,,30,0.3
764528,9.3,9.3,0,,,,,,,,,,,9.3,0,,,,,,
764783,20.6,20.6,0,20.6,0,20.6,0,20.6,0,20.6,0,,,20.6,0,,,17.5,0.177,,
765613,,,,,,,,,,,,,,,,,,,,,
765628,,,,,,,,,,,,,,,,,,,,,
765876,,,,,,,,,,,,,,,,,,,,,
765883,68,68,0,68,0,68,0,68,0,68,0,,,,,,,,,,
765885,80,80,0,80,0,80,0,80,0,80,0,80,0,80,0,80,0,61,0.311,,
765896,66.9,66.9,0,66.9,0,66.9,0,66.9,0,66.9,0,,,,,,,,,,
765983,,,,,,,,,,,,,,,,,,,,,
766141,,,,,,,,,,,,,,,,,,,,,
766210,,,,,,,,,,,,,,,,,,,,,
766225,38.3,38.3,0,38.3,0,38.3,0,38.3,0,38.3,0,38.3,0,38.3,0,38.3,0,,,29,0.321
766601,,,,,,,,,,,,,,,,,,,,,
766616,72.9,72.9,0,72.9,0,72.9,0,72.9,0,72.9,0,72.9,0,72.9,0,72.9,0,64.9,0.123,64.9,0.123
766809,19.5,19.5,0,19.5,0,19.5,0,19.5,0,19.5,0,18.9,0.0317,23,-0.152,23,-0.152,,,17,0.147
766998,,,,,,,,,,,,,,,,,,,,,
767205,27.5,27.5,0,27.5,0,27.5,0,27.5,0,27.5,0,27.5,0,27.5,0,27.5,0,18.7,0.471,12.5,1.2
768330,,,,,,,,,,,,,,,,,,,,,
768517,18,18,0,18,0,18,0,18,0,15,0.2,18,0,18.5,-0.027,18.5,-0.027,15.9,0.132,15.9,0.132
768724,75,75,0,75,0,75,0,75,0,75,0,81.3,-0.0775,81.3,-0.0775,,,50,0.5,50,0.5
768902,,,,,,,,,,,,,,,,,,,,,
768957,103,103,0,103,0,103,0,103,0,103,0,120,-0.146,130,-0.206,130,-0.206,85,0.209,76.8,0.339
768969,,,,,,,,,,,,,,,,,,,,,
769195,57,57,0,57,0,57,0,57,0,57,0,57,0,57,0,,,,,57,0
769543,,,,,,,,,,,,,,,,,,,,,
769584,,,,,,,,,,,,,,,,,,,,,
769817,10.5,10.5,0,10.5,0,10.5,0,10.5,0,10.5,0,,,10.5,0,,,,,,
769888,,,,,,,,,,,,,,,,,,,,,
769902,,,,,,,,,,,,,,,,,,,,,
770110,6.3,6.3,0,6.3,0,6.3,0,6.3,0,6.3,0,,,,,6.3,0,6.3,0,5.8,0.0862
770125,4.9,4.9,0,4.9,0,4.9,0,4.9,0,4.9,0,6.3,-0.222,6.3,-0.222,6.3,-0.222,6.3,-0.222,5.8,-0.155
770567,16.5,16.5,0,16.5,0,16.5,0,16.5,0,16.5,0,18.5,-0.108,18.5,-0.108,18.5,-0.108,18,-0.0833,13.9,0.187
770581,,,,,,,,,,,,,,,,,,,,,
770794,13.9,13.9,0,13.9,0,13.9,0,13.9,0,,,9.9,0.404,16.9,-0.178,16.9,-0.178,,,7.9,0.759
770838,30,30,0,30,0,30,0,30,0,30,0,30,0,30,0,,,,,17.5,0.714
770898,27,27,0,27,0,27,0,27,0,27,0,27,0,27,0,21,0.286,,,14.5,0.862
770907,44,44,0,44,0,44,0,44,0,44,0,93,-0.527,93,-0.527,84,-0.476,54.5,-0.193,54.5,-0.193
770912,39.9,39.9,0,39.9,0,39.9,0,,,39.9,0,39.9,0,93,-0.571,84,-0.525,54.5,-0.268,54.5,-0.268
770932,55,55,0,55,0,55,0,55,0,55,0,55,0,55,0,,,,,33,0.667
770947,28.5,28.5,0,28.5,0,28.5,0,28.5,0,28.5,0,28.5,0,28.5,0,22.5,0.267,22.5,0.267,17,0.676
770952,72,72,0,72,0,72,0,72,0,72,0,72,0,72,0,,,,,53,0.358
770967,72,72,0,72,0,72,0,72,0,72,0,72,0,72,0,,,61,0.18,50.5,0.426
770972,,,,,,,,,,,,,,,,,,,,,
770987,,,,,,,,,,,,,,,,,,,,,
771019,25,25,0,25,0,25,0,25,0,25,0,25,0,25,0,15.8,0.582,15.8,0.582,15.8,0.582
771044,90,90,0,90,0,90,0,90,0,90,0,90,0,90,0,,,,,56.5,0.593
771059,70,70,0,70,0,70,0,70,0,70,0,70,0,70,0,70,0,52,0.346,43,0.628
771064,,,,,,,,,,,,,,,,,,,,,
771099,35,35,0,35,0,35,0,35,0,35,0,35,0,35,0,35,0,31,0.129,31,0.129
772809,49.9,49.9,0,49.9,0,49.9,0,49.9,0,49.9,0,49.9,0,49.9,0,61.5,-0.189,40,0.248,38,0.313
772814,49.9,49.9,0,49.9,0,49.9,0,49.9,0,49.9,0,49.9,0,49.9,0,61.5,-0.189,40,0.248,38,0.313
772829,49.9,49.9,0,49.9,0,49.9,0,49.9,0,49.9,0,,,,,61.5,-0.189,40,0.248,38,0.313
772983,54.9,54.9,0,54.9,0,54.9,0,54.9,0,54.9,0,54.9,0,54.9,0,66,-0.168,40,0.373,38,0.445
773000,,,,,,,,,,,,,,,,,,,,,
773075,61.9,61.9,0,61.9,0,61.9,0,61.9,0,61.9,0,61.9,0,61.9,0,73,-0.152,45,0.376,38,0.629
773116,,,,,,,,,,,,,,,,,,,,,
774038,55,55,0,55,0,55,0,55,0,55,0,,,,,,,,,39.9,0.378
774672,17.5,17.5,0,17.5,0,17.5,0,17.5,0,17.5,0,17.5,0,17.5,0,17.5,0,17.5,0,15,0.167
774716,3.7,3.7,0,3.7,0,3.7,0,3.7,0,3.7,0,3.7,0,3.7,0,3.7,0,3.7,0,3.7,0
774736,15,15,0,15,0,15,0,15,0,15,0,15,0,15,0,15,0,15,0,10,0.5
774741,17.5,17.5,0,17.5,0,17.5,0,17.5,0,17.5,0,17.5,0,17.5,0,17.5,0,17.5,0,11.8,0.483
774761,39,39,0,39,0,39,0,39,0,39,0,34,0.147,34,0.147,34,0.147,34,0.147,31,0.258
774776,36.5,36.5,0,36.5,0,36.5,0,36.5,0,36.5,0,31.5,0.159,31.5,0.159,31.5,0.159,31.5,0.159,29.5,0.237
774796,36.5,36.5,0,36.5,0,36.5,0,36.5,0,36.5,0,31.5,0.159,31.5,0.159,31.5,0.159,31.5,0.159,29.5,0.237
774810,10,10,0,10,0,10,0,10,0,10,0,10,0,10,0,10,0,10,0,10,0
774845,8.5,8.5,0,8.5,0,8.5,0,8.5,0,8.5,0,8.5,0,8.5,0,8.5,0,8.5,0,8.5,0
774949,19.5,19.5,0,19.5,0,19.5,0,19.5,0,19.5,0,16.8,0.161,16.8,0.161,16.8,0.161,16.8,0.161,16.8,0.161
775180,,,,,,,,,,,,,,,,,,,,,
775261,,,,,,,,,,,,,,,,,,,,,
775962,,,,,,,,,,,,,,,,,,,,,
775977,,,,,,,,,,,,,,,,,,,,,
775980,26,26,0,26,0,26,0,26,0,26,0,26,0,26,0,30,-0.133,19.9,0.307,18,0.444
775982,292,292,0,292,0,292,0,292,0,292,0,292,0,292,0,292,0,226,0.291,,
776321,,,,,,,,,,,,,,,,,,,,,
776732,,,,,,,,,,,,,,,,,,,,,
776983,,,,,,,,,,,,,,,,,,,,,
778154,48.9,48.9,0,48.9,0,48.9,0,48.9,0,48.9,0,48.9,0,48.9,0,26.5,0.845,26.5,0.845,26.5,0.845
778312,,,,,,,,,,,,,,,,,,,,,
778467,,,,,,,,,,,,,,,,,,,,,
779033,,,,,,,,,,,,,,,,,,,,,
779182,,,,,,,,,,,,,,,,,,,,,
779427,,,,,,,,,,,,,,,,,,,,,
780132,172,,,,,172,0,172,0,172,0,,,168,0.0232,168,0.0232,,,168,0.0263
780147,,,,,,,,,,,,,,,,,,,,,
780296,,,,,,,,,,,,,,,,,,,,,
780390,9,9,0,9,0,9,0,9,0,9,0,9,0,9,0,,,,,9,0
780893,12.8,12.8,0,12.8,0,12.8,0,12.8,0,12.8,0,12.8,0,12.8,0,12,0.0667,,,10.5,0.219
780897,,,,,,,,,,,,,,,,,,,,,
780989,26.4,26.4,0,,,26.4,0,26.4,0,26.4,0,26.4,0,26.4,0,26.4,0,22.5,0.173,22.5,0.173
781066,29.5,29.5,0,29.5,0,29.5,0,29.5,0,29.5,0,29.5,0,29.5,0,29.5,0,21.5,0.372,21.5,0.372
781236,,,,,,,,,,,,,,,,,,,,,
781324,,,,,,,,,,,,,,,,,,,,,
781342,,,,,,,,,,,,,,,,,,,,,
781345,,,,,,,,,,,,,,,,,,,,,
781362,,,,,,,,,,,,,,,,,,,,,
781427,,,,,,,,,,,,,,,,,,,,,
781433,5,5,0,5,0,5,0,5,0,5,0,5,0,5,0,5,0,4.3,0.163,4.3,0.163
781463,,,,,,,,,,,,,,,,,,,,,
781496,,,,,,,,,,,,,,,,,,,,,
781513,15,15,0,15,0,15,0,15,0,15,0,15,0,15,0,15,0,15,0,13.5,0.111
781544,38,38,0,38,0,38,0,38,0,38,0,38,0,38,0,38,0,34,0.118,34,0.118
781560,,,,,,,,,,,,,,,,,,,,,
781601,11,11,0,11,0,11,0,11,0,11,0,11,0,11,0,10.8,0.0185,10.8,0.0185,10,0.1
781611,20,20,0,20,0,20,0,20,0,20,0,20,0,20,0,,,20,0,20,0
781622,20,20,0,20,0,20,0,20,0,20,0,20,0,20,0,,,20,0,20,0
781623,,,,,,,,,,,,,,,,,,,,,
781624,11,11,0,11,0,11,0,11,0,11,0,11,0,11,0,10.8,0.0185,10.8,0.0185,10,0.1
781657,,,,,,,,,,,,,,,,,,,,,
781730,,,,,,,,,,,,,,,,,,,,,
781749,,,,,,,,,,,,,,,,,,,,,
781789,,,,,,,,,,,,,,,,,,,,,
782001,,,,,,,,,,,,,,,,,,,,,
782013,,,,,,,,,,,,,,,,,,,,,
782142,,,,,,,,,,,,,,,,,,,,,
782153,,,,,,,,,,,,,,,,,,,,,
782171,,,,,,,,,,,,,,,,,,,,,
782175,,,,,,,,,,,,,,,,,,,,,
782186,13.5,13.5,0,13.5,0,13.5,0,13.5,0,13.5,0,13.5,0,13.5,0,12.5,0.08,11.5,0.174,11.5,0.174
782314,,,,,,,,,,,,,,,,,,,,,
782338,34.2,34.2,0,34.2,0,,,34.2,0,34.2,0,34.2,0,32.5,0.0523,31,0.103,27.2,0.257,22.5,0.52
782349,,,,,,,,,,,,,,,,,,,,,
782413,,,,,,,,,,,,,,,,,,,,,
782431,74.8,74.8,0,74.8,0,74.8,0,74.8,0,74.8,0,74.8,0,69.2,0.0809,69.2,0.0809,,,54,0.385
782433,23.7,23.7,0,23.7,0,23.7,0,23.7,0,23.7,0,23.7,0,25.5,-0.0706,21.6,0.0972,21.6,0.0972,19.7,0.203
782471,,,,,,,,,,,,,,,,,,,,,
782532,,,,,,,,,,,,,,,,,,,,,
782573,,,,,,,,,,,,,,,,,,,,,
782655,9.5,9.5,0,9.5,0,9.5,0,9.5,0,,,9.5,0,,,,,,,,
782677,17.5,17.5,0,,,,,,,17.5,0,,,,,17.5,0,13.5,0.296,13,0.346
782681,,,,,,,,,,,,,,,,,,,,,
782697,,,,,,,,,,,,,,,,,,,,,
782709,106,106,0,106,0,106,0,106,0,119,-0.108,119,-0.108,119,-0.108,,,,,110,-0.0364
782716,,,,,,,,,,,,,,,,,,,,,
782726,,,,,,,,,,,,,,,,,,,,,
782741,,,,,,,,,,,,,,,,,,,,,
782753,,,,,,,,,,,,,,,,,,,,,
782769,,,,,,,,,,,,,,,,,,,,,
782775,106,106,0,106,0,106,0,106,0,106,0,106,0,106,0,106,0,106,0,99,0.0707
782784,181,181,0,181,0,181,0,181,0,106,0.708,106,0.708,106,0.708,106,0.708,,,,
782785,,,,,,,,,,,,,,,,,,,,,
782788,63,63,0,63,0,63,0,63,0,63,0,63,0,63,0,63,0,63,0,63,0
782799,16.9,16.9,0,16.9,0,16.9,0,16.9,0,16.9,0,16.9,0,16.9,0,16.9,0,16.9,0,16.9,0
782838,45,45,0,45,0,45,0,,,45,0,45,0,45,0,45,0,35,0.286,,
782896,,,,,,,,,,,,,,,,,,,,,
782976,,,,,,,,,,,,,,,,,,,,,
783025,,,,,,,,,,,,,,,,,,,,,
783064,77.5,77.5,0,77.5,0,77.5,0,77.5,0,77.5,0,72.5,0.069,72.5,0.069,,,,,43,0.802
783108,20,20,0,20,0,20,0,20,0,22.9,-0.127,18.9,0.0582,18.9,0.0582,22.9,-0.127,19.9,0.00503,20.6,-0.0291
783196,23.8,23.8,0,23.8,0,23.8,0,23.8,0,23.8,0,23.8,0,22,0.0818,22,0.0818,18.7,0.273,17.5,0.36
783302,24,24,0,24,0,24,0,24,0,24,0,24,0,24,0,24,0,24,0,14,0.714
783323,30,30,0,,,30,0,30,0,30,0,30,0,30,0,30,0,30,0,22,0.364
783359,32,32,0,32,0,32,0,32,0,32,0,32,0,32,0,27,0.185,21.5,0.488,21.5,0.488
783426,16.8,16.8,0,16.8,0,16.8,0,16.8,0,16.8,0,16.8,0,,,,,,,,
783452,,,,,,,,,,,,,,,,,,,,,
783457,9,9,0,9,0,9,0,9,0,9,0,9,0,,,,,9,0,,
783463,20,20,0,20,0,,,,,,,,,,,,,,,,
783478,16.9,16.9,0,16.9,0,,,,,16.9,0,16.9,0,16.9,0,,,,,16.9,0
783479,,,,,,,,,,,,,,,,,,,,,
783568,,,,,,,,,,,,,,,,,,,,,
783624,20,20,0,20,0,20,0,20,0,20,0,20,0,20,0,18,0.111,16.5,0.212,16.5,0.212
783635,20,20,0,20,0,20,0,20,0,20,0,20,0,20,0,,,16.5,0.212,16.5,0.212
783647,20,20,0,20,0,20,0,20,0,20,0,20,0,20,0,,,,,16.5,0.212
783648,,,,,,,,,,,,,,,,,,,,,
783653,20,20,0,20,0,20,0,20,0,20,0,20,0,20,0,,,,,16.5,0.212
783700,56.5,56.5,0,56.5,0,56.5,0,56.5,0,56.5,0,,,,,56,0.00893,44,0.284,39.9,0.416
783716,18.5,18.5,0,18.5,0,18.5,0,18.5,0,18.5,0,18.5,0,18.5,0,16.3,0.135,15.5,0.194,15.5,0.194
783749,18.5,18.5,0,18.5,0,18.5,0,18.5,0,18.5,0,,,18.5,0,16.3,0.135,15.5,0.194,15.5,0.194
783814,,,,,,,,,,,,,,,,,,,,,
783858,9.7,9.7,0,9.7,0,9.7,0,9.7,0,9.7,0,9.7,0,9.7,0,9.7,0,8.3,0.169,7.9,0.228
784013,21.3,21.3,0,21.3,0,21.3,0,21.3,0,21.3,0,21.3,0,,,,,19.5,0.0923,19.5,0.0923
784079,21.3,21.3,0,21.3,0,21.3,0,21.3,0,21.3,0,21.3,0,21.3,0,21.3,0,19.5,0.0923,19.5,0.0923
784116,,,,,,,,,,,,,,,,,,,,,
784127,21.3,21.3,0,21.3,0,,,,,21.3,0,21.3,0,21.3,0,,,18,0.183,,
784133,41.3,41.3,0,41.3,0,41.3,0,41.3,0,41.3,0,41.3,0,,,41.3,0,35,0.18,35,0.18
784136,11.3,11.3,0,11.3,0,11.3,0,11.3,0,11.3,0,11.3,0,,,,,11.3,0,11.3,0
784147,,,,,,,,,,,,,,,,,,,,,
784148,,,,,,,,,,,,,,,,,,,,,
784152,,,,,,,,,,,,,,,,,,,,,
784158,,,,,,,,,,,,,,,,,,,,,
784163,16.5,16.5,0,16.5,0,16.5,0,16.5,0,16.5,0,,,,,,,16.5,0,16.5,0
784219,,,,,,,,,,,,,,,,,,,,,
784235,,,,,,,,,,,,,,,,,,,,,
784259,31,31,0,31,0,31,0,31,0,31,0,31,0,29.7,0.0438,28,0.107,24.7,0.255,23.9,0.297
784263,37,37,0,37,0,37,0,37,0,37,0,37,0,37,0,37,0,25,0.48,25,0.48
784314,,,,,,,,,,,,,,,,,,,,,
784385,,,,,,,,,,,,,,,,,,,,,
784516,,,,,,,,,,,,,,,,,,,,,
784518,49.9,49.9,0,49.9,0,49.9,0,49.9,0,49.9,0,42,0.188,49.9,0,49.9,0,40,0.248,38.1,0.31
784522,21.3,21.3,0,21.3,0,21.3,0,21.3,0,21.3,0,21.3,0,21.3,0,21.3,0,18,0.183,18,0.183
784529,21.3,21.3,0,21.3,0,21.3,0,21.3,0,21.3,0,21.3,0,21.3,0,21.3,0,18,0.183,18,0.183
784539,20,20,0,20,0,20,0,20,0,20,0,20,0,16.9,0.183,19.2,0.0417,12.9,0.55,10.5,0.905
784548,21.3,21.3,0,21.3,0,21.3,0,21.3,0,21.3,0,21.3,0,21.3,0,21.3,0,18,0.183,18,0.183
784574,35,35,0,35,0,35,0,35,0,35,0,35,0,28.6,0.224,33.8,0.0355,23,0.522,18.8,0.862
784608,,,,,,,,,,,,,,,,,,,,,
784613,,,,,,,,,,,,,,,,,,,,,
784627,,,,,,,,,,,,,,,,,,,,,
784679,,,,,,,,,,,,,,,,,,,,,
784684,13.5,13.5,0,13.5,0,13.5,0,13.5,0,10.5,0.286,10.5,0.286,10.5,0.286,13.5,0,7.5,0.8,,
784690,14,14,0,14,0,14,0,14,0,11,0.273,11,0.273,11,0.273,14.4,-0.0278,7.5,0.867,,
784692,,,,,,,,,,,,,,,,,,,,,
784717,25.2,25.2,0,25.2,0,25.2,0,25.2,0,25.2,0,25.2,0,25.2,0,,,16.5,0.527,,
784719,,,,,,,,,,,,,,,,,,,,,
784721,25.2,25.2,0,25.2,0,25.2,0,25.2,0,25.2,0,25.2,0,25.2,0,,,,,,
784727,,,,,,,,,,,,,,,,,,,,,
784732,25.2,25.2,0,25.2,0,25.2,0,25.2,0,25.2,0,25.2,0,25.2,0,,,16.5,0.527,,
784748,9.6,9.6,0,9.6,0,9.6,0,9.6,0,9.6,0,9.6,0,9.6,0,9.6,0,8.6,0.116,8.3,0.157
784750,,,,,,,,,,,,,,,,,,,,,
784751,,,,,,,,,,,,,,,,,,,,,
784765,25.2,25.2,0,25.2,0,25.2,0,25.2,0,25.2,0,25.2,0,25.2,0,,,16.5,0.527,,
784766,,,,,,,,,,,,,,,,,,,,,
784769,71.3,71.3,0,71.3,0,71.3,0,71.3,0,71.3,0,71.3,0,67.9,0.0501,63.5,0.123,53.5,0.333,,
784821,27,27,0,27,0,27,0,27,0,27,0,27,0,27,0,27,0,26.2,0.0305,24.9,0.0843
784823,,,,,,,,,,,,,,,,,,,,,
784829,16.2,16.2,0,16.2,0,16.2,0,16.2,0,16.2,0,16.2,0,16.2,0,,,,,,
784830,,,,,,,,,,,,,,,,,,,,,
784834,23.3,23.3,0,,,,,23.3,0,23.3,0,23.3,0,23.3,0,,,19.6,0.189,18.8,0.239
784854,16.3,16.3,0,16.3,0,,,,,16.3,0,,,15,0.0867,,,14,0.164,,
784857,,,,,,,,,,,,,,,,,,,,,
784871,,,,,,,,,,,,,,,,,,,,,
784875,,,,,,,,,,,,,,,,,,,,,
784876,36.6,36.6,0,36.6,0,36.6,0,36.6,0,36.6,0,36.6,0,36.6,0,36.6,0,25.3,0.447,,
784879,18,18,0,18,0,18,0,18,0,18,0,18,0,18.5,-0.027,18.5,-0.027,16.9,0.0651,16.9,0.0651
784885,3.5,3.5,0,3.5,0,3.5,0,3.5,0,3.5,0,3.5,0,3.6,-0.0278,3.6,-0.0278,3.5,0,3.5,0
784894,14.5,14.5,0,14.5,0,14.5,0,14.5,0,18,-0.194,,,18.5,-0.216,18.5,-0.216,17.5,-0.171,17.5,-0.171
784970,21.3,21.3,0,21.3,0,21.3,0,21.3,0,21.3,0,21.3,0,,,,,18,0.183,18,0.183
784973,41.3,41.3,0,41.3,0,41.3,0,41.3,0,41.3,0,41.3,0,41.3,0,41.3,0,35,0.18,35,0.18
785013,38,38,0,38,0,38,0,38,0,38,0,38,0,38,0,38,0,33,0.152,31,0.226
785026,87.5,87.5,0,87.5,0,87.5,0,87.5,0,87.5,0,78.8,0.11,78.8,0.11,,,,,,
785033,38,38,0,38,0,38,0,38,0,38,0,38,0,38,0,38,0,33,0.152,31,0.226
785126,,,,,,,,,,,,,,,,,,,,,
785137,41,41,0,41,0,41,0,41,0,41,0,41,0,,,,,,,,
785157,7,4,0.75,4,0.75,4,0.75,4,0.75,4,0.75,4,0.75,4,0.75,4,0.75,4,0.75,,
785162,7,4,0.75,4,0.75,4,0.75,4,0.75,4,0.75,4,0.75,4,0.75,4,0.75,4,0.75,,
785177,7,4,0.75,4,0.75,4,0.75,4,0.75,4,0.75,4,0.75,4,0.75,4,0.75,4,0.75,,
785182,,,,,,,,,,,,,,,,,,,,,
785211,30,30,0,30,0,30,0,30,0,30,0,30,0,,,,,,,,
785214,43.2,43.2,0,43.2,0,43.2,0,43.2,0,43.2,0,43.2,0,43.2,0,43.2,0,39,0.108,,
785220,,,,,,,,,,,,,,,,,,,,,
785267,22.5,22.5,0,22.5,0,22.5,0,22.5,0,22.5,0,22.5,0,22.5,0,,,20.5,0.0976,20.5,0.0976
785413,16.4,16.4,0,16.4,0,16.4,0,16.4,0,16.4,0,16.4,0,16.4,0,,,,,,
785421,,,,,,,,,,,,,,,,,,,,,
785437,31.5,31.5,0,,,31.5,0,31.5,0,31.5,0,31.5,0,28.5,0.105,27.5,0.145,25.9,0.216,25.9,0.216
785447,43.8,43.8,0,43.8,0,43.8,0,43.8,0,43.8,0,,,43.8,0,36.5,0.2,,,36.5,0.2
785457,,,,,,,,,,,,,,,,,,,,,
785473,20,20,0,20,0,20,0,20,0,20,0,20,0,20,0,,,20,0,20,0
785476,,,,,,,,,,,,,,,,,,,,,
785613,,,,,,,,,,,,,,,,,,,,,
785629,45.4,45.4,0,45.4,0,45.4,0,45.4,0,45.4,0,45.4,0,45.4,0,45.4,0,38.2,0.188,31.2,0.455
785645,33,33,0,33,0,33,0,33,0,33,0,33,0,30.6,0.0784,,,,,,
785671,186,186,0,186,0,186,0,186,0,186,0,186,0,186,0,186,0,96,0.938,96,0.938
785674,,,,,,,,,,,,,,,,,,,,,
785683,19,19,0,19,0,19,0,19,0,18.6,0.0215,17,0.118,,,,,,,,
785694,,,,,,,,,,,,,,,,,,,,,
785698,,,,,,,,,,,,,,,,,,,,,
785743,,,,,,,,,,,,,,,,,,,,,
785747,21,21,0,21,0,21,0,21,0,21,0,21,0,21,0,21,0,15,0.4,15,0.4
785775,,,,,,,,,,,,,,,,,,,,,
785793,,,,,,,,,,,,,,,,,,,,,
785796,120,120,0,120,0,120,0,120,0,120,0,,,120,0,,,117,0.0256,86,0.395
785823,48.8,48.8,0,48.8,0,48.8,0,48.8,0,48.8,0,48.8,0,48.8,0,48.8,0,41.5,0.176,41.5,0.176
785862,13.3,13.3,0,13.3,0,13.3,0,13.3,0,13.3,0,13.3,0,13.3,0,13.3,0,11.5,0.157,11,0.209
785869,,,,,,,,,,,,,,,,,,,,,
785873,37.2,,,37.2,0,37.2,0,37.2,0,37.2,0,37.2,0,37.2,0,,,28.8,0.292,25,0.488
785926,41.3,41.3,0,41.3,0,41.3,0,41.3,0,41.3,0,41.3,0,41.3,0,41.3,0,35,0.18,35,0.18
785929,41.3,41.3,0,41.3,0,41.3,0,41.3,0,41.3,0,41.3,0,41.3,0,41.3,0,35,0.18,,
785931,41.3,41.3,0,41.3,0,,,41.3,0,41.3,0,41.3,0,41.3,0,41.3,0,35,0.18,35,0.18
785948,,,,,,,,,,,,,,,,,,,,,
786024,,,,,,,,,,,,,,,,,,,,,
786217,,,,,,,,,,,,,,,,,,,,,
786236,,,,,,,,,,,,,,,,,,,,,
786240,,,,,,,,,,,,,,,,,,,,,
786244,,,,,,,,,,,,,,,,,,,,,
786331,,,,,,,,,,,,,,,,,,,,,
786357,20,20,0,20,0,20,0,20,0,20,0,20,0,20,0,,,20,0,20,0
786437,55,55,0,55,0,55,0,55,0,55,0,,,,,,,,,39.9,0.378
786475,15.6,15.6,0,15.6,0,15.6,0,15.6,0,15.6,0,15.6,0,15.6,0,,,,,,
786495,11.1,11.1,0,11.1,0,11.1,0,11.1,0,11.1,0,11.1,0,11.1,0,11.1,0,8,0.387,,
786549,,,,,,,,,,,,,,,,,,,,,
786592,,,,,,,,,,,,,,,,,,,,,
786726,44.9,44.9,0,44.9,0,44.9,0,44.9,0,44.9,0,49.8,-0.0984,,,49.9,-0.1,46.8,-0.0406,39,0.151
786728,15,15,0,,,,,15,0,15,0,15,0,15,0,15,0,12.9,0.163,12.9,0.163
786748,28,28,0,28,0,28,0,28,0,28,0,28,0,28,0,,,28,0,28,0
786795,31.5,31.5,0,31.5,0,31.5,0,31.5,0,31.5,0,31.5,0,28.5,0.105,27.5,0.145,25.9,0.216,25.9,0.216
786813,,,,,,,,,,,,,,,,,,,,,
786824,,,,,,,,,,,,,,,,,,,,,
786836,,,,,,,,,,,,,,,,,,,,,
786842,21.2,21.2,0,21.2,0,21.2,0,21.2,0,21.2,0,21.2,0,21.2,0,21.2,0,,,18.5,0.146
786847,,,,,,,,,,,,,,,,,,,,,
786855,,,,,,,,,,,,,,,,,,,,,
786871,,,,,,,,,,,,,,,,,,,,,
786889,,,,,,,,,,,,,,,,,,,,,
786936,39.5,39.5,0,39.5,0,39.5,0,39.5,0,39.5,0,39.5,0,39.5,0,38,0.0395,36.7,0.0763,34.6,0.142
786938,79,79,0,79,0,79,0,79,0,79,0,79,0,79,0,79,0,77.5,0.0194,68.5,0.153
786952,,,,,,,,,,,,,,,,,,,,,
786975,21.2,21.2,0,21.2,0,21.2,0,21.2,0,21.2,0,21.2,0,21.2,0,21.2,0,18.5,0.146,18.5,0.146
786994,,,,,,,,,,,,,,,,,,,,,
787039,,,,,,,,,,,,,,,,,,,,,
787044,37.6,37.6,0,37.6,0,37.6,0,37.6,0,37.6,0,37.6,0,40.4,-0.0693,46,-0.183,33,0.139,27,0.393
787067,102,102,0,102,0,102,0,102,0,102,0,,,,,,,,,,
787074,17.9,17.9,0,17.9,0,17.9,0,17.9,0,17.9,0,17.9,0,17.9,0,17.9,0,16.5,0.0848,15.5,0.155
787079,7,7,0,7,0,7,0,7,0,7,0,7,0,7,0,7,0,5,0.4,5,0.4
787084,7,7,0,7,0,7,0,7,0,7,0,7,0,7,0,7,0,5,0.4,5,0.4
787214,,,,,,,,,,,,,,,,,,,,,
787233,,,,,,,,,,,,,,,,,,,,,
787247,,,,,,,,,,,,,,,,,,,,,
787301,,,,,,,,,,,,,,,,,,,,,
787312,,,,,,,,,,,,,,,,,,,,,
787323,,,,,,,,,,,,,,,,,,,,,
787328,20.6,20.6,0,20.6,0,20.6,0,20.6,0,20.6,0,20.6,0,20.6,0,20.6,0,,,,
787335,,,,,,,,,,,,,,,,,,,,,
787359,20.6,20.6,0,20.6,0,,,,,20.6,0,20.6,0,20.6,0,,,17.5,0.177,,
787379,,,,,,,,,,,,,,,,,,,,,
787417,29.8,29.8,0,29.8,0,29.8,0,29.8,0,29.8,0,36.1,-0.175,36.1,-0.175,36.1,-0.175,28,0.0643,25,0.192
787428,,,,,,,,,,,,,,,,,,,,,
787458,,,,,,,,,,,,,,,,,,,,,
787459,,,,,,,,,,,,,,,,,,,,,
787460,16.5,16.5,0,16.5,0,16.5,0,16.5,0,16.5,0,,,,,,,,,,
787475,16.5,16.5,0,16.5,0,16.5,0,16.5,0,16.5,0,,,,,,,,,,
787493,,,,,,,,,,,,,,,,,,,,,
787517,94.4,94.4,0,94.4,0,94.4,0,94.4,0,94.4,0,94.4,0,91.2,0.0351,91.2,0.0351,80.5,0.173,78.2,0.207
787634,,,,,,,,,,,,,,,,,,,,,
787647,,,,,,,,,,,,,,,,,,,,,
787652,,,,,,,,,,,,,,,,,,,,,
787657,,,,,,,,,,,,,,,,,,,,,
787692,,,,,,,,,,,,,,,,,,,,,
787694,,,,,,,,,,,,,,,,,,,,,
787764,19,19,0,19,0,19,0,19,0,20,-0.05,21,-0.0952,26,-0.269,26,-0.269,,,,
787831,9.9,9.9,0,9.9,0,9.9,0,9.9,0,9.9,0,,,,,,,,,,
787846,9,9,0,9,0,9,0,9,0,9,0,,,,,,,,,,
787887,,,,,,,,,,,,,,,,,,,,,
788136,14,14,0,14,0,14,0,14,0,14,0,14,0,14,0,14,0,12.9,0.0853,12.9,0.0853
788161,,,,,,,,,,,,,,,,,,,,,
788205,72.9,72.9,0,72.9,0,72.9,0,72.9,0,72.9,0,72.9,0,72.9,0,72.9,0,64.9,0.123,64.9,0.123
788369,33.5,33.5,0,33.5,0,33.5,0,33.5,0,33.5,0,33.5,0,33.5,0,33.5,0,23,0.457,20.6,0.626
788389,36,36,0,36,0,36,0,36,0,36,0,36,0,36,0,36,0,28.9,0.246,22.9,0.572
788572,8,8,0,8,0,8,0,8,0,8,0,8,0,8,0,4.5,0.778,6,0.333,6,0.333
788592,4,4,0,4,0,4,0,4,0,4,0,4,0,4,0,4,0,3.5,0.143,,
788676,4,4,0,4,0,4,0,4,0,4,0,4,0,4,0,4,0,3.5,0.143,3,0.333
788874,18,18,0,18,0,18,0,18,0,18,0,18,0,,,,,,,,
789037,,,,,,,,,,,,,,,,,,,,,
789056,,,,,,,,,,,,,,,,,,,,,
789129,,,,,,,,,,,,,,,,,,,,,
789217,,,,,,,,,,,,,,,,,,,,,
789227,6.3,6.3,0,6.3,0,6.3,0,6.3,0,6.3,0,6.3,0,6.3,0,6.3,0,,,5,0.26
789235,,,,,,,,,,,,,,,,,,,,,
789276,,,,,,,,,,,,,,,,,,,,,
789321,,,,,,,,,,,,,,,,,,,,,
789327,27,27,0,27,0,27,0,27,0,27,0,27,0,25,0.08,25,0.08,20.6,0.311,17.5,0.543
789328,,,,,,,,,,,,,,,,,,,,,
789329,81,81,0,81,0,81,0,81,0,81,0,77,0.0519,77,0.0519,72,0.125,56.6,0.431,52.8,0.534
789334,44,44,0,44,0,44,0,44,0,,,44,0,44,0,44,0,44,0,44,0
789339,,,,,,,,,,,,,,,,,,,,,
789348,44,44,0,44,0,44,0,44,0,,,,,44,0,,,44,0,44,0
789356,,,,,,,,,,,,,,,,,,,,,
789368,49.9,49.9,0,49.9,0,49.9,0,,,49.9,0,49.9,0,49.9,0,,,49.9,0,42,0.188
789427,30.5,,,,,,,30.5,0,30.5,0,30.5,0,28.2,0.0816,28.2,0.0816,,,21.3,0.432
789432,18,18,0,18,0,18,0,18,0,18,0,17.6,0.0227,17,0.0588,,,16.3,0.104,15.7,0.146
789434,23.5,23.5,0,23.5,0,,,,,21,0.119,23.5,0,,,23.5,0,21,0.119,21,0.119
789474,65,65,0,65,0,65,0,65,0,65,0,65,0,65,0,65,0,59,0.102,55,0.182
789476,34,34,0,34,0,34,0,34,0,,,34,0,,,,,,,,
789511,14.4,14.4,0,14.4,0,,,14.4,0,14.4,0,14.4,0,14.4,0,14.4,0,,,13.5,0.0667
789576,18.5,18.5,0,18.5,0,,,18.5,0,18.5,0,18.5,0,18.5,0,,,,,18.5,0
789585,27.5,27.5,0,27.5,0,27.5,0,27.5,0,27.5,0,27.5,0,27.5,0,27.5,0,27.5,0,,
789587,22,22,0,22,0,,,,,22,0,22,0,22,0,22,0,,,22,0
789590,18.5,18.5,0,18.5,0,18.5,0,18.5,0,18.5,0,18.5,0,20.7,-0.106,,,10,0.85,10,0.85
789627,,,,,,,,,,,,,,,,,,,,,
789639,104,104,0,104,0,104,0,104,0,104,0,73,0.429,104,0.00288,,,80,0.304,73.9,0.411
789656,25,25,0,25,0,25,0,25,0,25,0,25,0,25,0,,,25,0,25,0
789673,30.8,30.8,0,30.8,0,30.8,0,,,30.8,0,30.8,0,,,30.8,0,,,26.9,0.145
789676,,,,,,,,,,,,,,,,,,,,,
789678,,,,,,,,,,,,,,,,,,,,,
789701,116,116,0,116,0,116,0,116,0,116,0,116,0,116,0,93.8,0.236,87.5,0.325,75,0.545
789709,,,,,,,,,,,,,,,,,,,,,
789715,16.9,16.9,0,16.9,0,16.9,0,16.9,0,16.9,0,16.9,0,16.9,0,16.9,0,16.9,0,16.9,0
789718,,,,,,,,,,,,,,,,,,,,,
789719,69,69,0,69,0,69,0,69,0,69,0,69,0,69,0,,,,,43.5,0.586
789725,,,,,,,,,,,,,,,,,,,,,
789741,199,199,0,199,0,199,0,199,0,199,0,199,0,158,0.259,158,0.259,105,0.895,,
789742,,,,,,,,,,,,,,,,,,,,,
789744,,,,,,,,,,,,,,,,,,,,,
789759,31,31,0,31,0,31,0,31,0,31,0,31,0,37.5,-0.173,41.3,-0.249,33,-0.0606,25,0.24
789770,,,,,,,,,,,,,,,,,,,,,
789790,,,,,,,,,,,,,,,,,,,,,
789795,,,,,,,,,,,,,,,,,,,,,
789799,,,,,,,,,,,,,,,,,,,,,
789808,,,,,,,,,,,,,,,,,,,,,
789811,,,,,,,,,,,,,,,,,,,,,
789824,11.2,11.2,0,11.2,0,11.2,0,11.2,0,11.2,0,11.2,0,11.2,0,11.2,0,11.2,0,11.2,0
789826,,,,,,,,,,,,,,,,,,,,,
789835,15.5,15.5,0,15.5,0,15.5,0,15.5,0,15.5,0,15.5,0,15.5,0,15.5,0,15.5,0,15.5,0
789846,11.2,11.2,0,11.2,0,11.2,0,11.2,0,11.2,0,11.2,0,11.2,0,11.2,0,11.2,0,11.2,0
789848,211,211,0,211,0,211,0,211,0,211,0,211,0,211,0,234,-0.0983,196,0.0765,,
789859,15.5,15.5,0,15.5,0,15.5,0,15.5,0,15.5,0,15.5,0,15.5,0,15.5,0,15.5,0,15.5,0
790961,16.5,16.5,0,16.5,0,16.5,0,16.5,0,16.5,0,16.5,0,16.5,0,14.9,0.107,13.5,0.222,11.5,0.435
790966,25,25,0,25,0,25,0,25,0,25,0,25,0,25,0,21,0.19,21,0.19,21,0.19
790976,19,19,0,19,0,19,0,19,0,19,0,19,0,19,0,18.5,0.027,18.5,0.027,16.9,0.124
790981,23,23,0,23,0,23,0,23,0,23,0,23,0,23,0,23,0,21,0.0952,18,0.278
791033,22,22,0,22,0,22,0,22,0,22,0,22,0,22,0,22,0,22,0,22,0
791048,45,45,0,45,0,45,0,45,0,45,0,45,0,45,0,34.9,0.289,34.9,0.289,19.9,1.26
791073,21,21,0,21,0,21,0,21,0,21,0,21,0,21,0,21,0,21,0,21,0
791137,59.9,59.9,0,59.9,0,59.9,0,59.9,0,59.9,0,59.9,0,59.9,0,48,0.248,48,0.248,42.5,0.409
791142,59,59,0,59,0,59,0,59,0,59,0,59,0,59,0,45,0.311,45,0.311,38,0.553
791182,26.9,26.9,0,26.9,0,26.9,0,26.9,0,26.9,0,26.9,0,26.9,0,26.9,0,24.9,0.0803,19.9,0.352
791197,28,28,0,28,0,28,0,28,0,28,0,28,0,28,0,22.9,0.223,22.9,0.223,20.5,0.366
791211,19.9,19.9,0,19.9,0,19.9,0,19.9,0,19.9,0,19.9,0,19.9,0,19.9,0,19.9,0,19.9,0
791232,19.5,19.5,0,19.5,0,19.5,0,19.5,0,19.5,0,19.5,0,19.5,0,,,,,,
791246,49.9,49.9,0,49.9,0,49.9,0,49.9,0,49.9,0,49.9,0,49.9,0,43.9,0.137,43.9,0.137,42.5,0.174
791271,59.9,59.9,0,59.9,0,59.9,0,59.9,0,59.9,0,59.9,0,59.9,0,42,0.426,42,0.426,32,0.872
791291,29.9,29.9,0,29.9,0,29.9,0,29.9,0,29.9,0,29.9,0,29.9,0,24.9,0.201,24.9,0.201,24.9,0.201
791333,29.3,29.3,0,29.3,0,29.3,0,29.3,0,29.3,0,29.3,0,29.3,0,,,,,22,0.332
791478,,,,,,,,,,,,,,,,,,,,,
791483,,,,,,,,,,,,,,,,,,,,,
791532,,,,,,,,,,,,,,,,,,,,,
791697,,,,,,,,,,,,,,,,,,,,,
791979,10.9,10.9,0,10.9,0,10.9,0,10.9,0,,,,,,,8.9,0.225,,,,
792209,16.3,16.3,0,16.3,0,16.3,0,16.3,0,16.3,0,16.3,0,16.3,0,16.3,0,15,0.0867,12.7,0.283
792214,78.5,78.5,0,78.5,0,78.5,0,78.5,0,78.5,0,78.5,0,78.5,0,78.5,0,73.9,0.0622,59.9,0.311
792318,,,,,,,,,,,,,,,,,,,,,
792323,,,,,,,,,,,,,,,,,,,,,
792338,,,,,,,,,,,,,,,,,,,,,
792343,,,,,,,,,,,,,,,,,,,,,
792383,,,,,,,,,,,,,,,,,,,,,
792398,38.5,38.5,0,38.5,0,38.5,0,38.5,0,38.5,0,38.5,0,38.5,0,38.5,0,27.8,0.385,23,0.674
792407,,,,,,,,,,,,,,,,,,,,,
792587,,,,,,,,,,,,,,,,,,,,,
792685,,,,,,,,,,,,,,,,,,,,,
792693,,,,,,,,,,,,,,,,,,,,,
792709,14.5,14.5,0,14.5,0,14.5,0,14.5,0,14.5,0,14.5,0,14.5,0,13.9,0.0432,12,0.208,,
792714,5,5,0,5,0,5,0,5,0,5,0,5,0,5,0,5,0,5,0,5,0
792898,35.5,35.5,0,35.5,0,35.5,0,35.5,0,35.5,0,35.5,0,35.5,0,35.5,0,32.5,0.0923,,
792932,275,275,0,275,0,275,0,275,0,275,0,275,0,275,0,275,0,209,0.316,148,0.859
792947,204,204,0,204,0,204,0,204,0,204,0,204,0,204,0,204,0.00245,165,0.239,167,0.225
792952,204,204,0,204,0,204,0,204,0,204,0,204,0,204,0,194,0.0541,165,0.239,152,0.345
793148,3.9e+03,3.9e+03,0,3.9e+03,0,3.9e+03,0,4.16e+03,-0.0616,4.16e+03,-0.0616,4.16e+03,-0.0616,4.16e+03,-0.0616,4.16e+03,-0.0616,2.89e+03,0.349,2.6e+03,0.5
793460,,,,,,,,,,,,,,,,,,,,,
793539,,,,,,,,,,,,,,,,,,,,,
793737,22.5,22.5,0,22.5,0,22.5,0,22.5,0,22.5,0,21.9,0.0274,27.5,-0.182,27.5,-0.182,22,0.0227,17.4,0.293
793960,39.6,39.6,0,39.6,0,39.6,0,39.6,0,39.6,0,34.8,0.138,34.8,0.138,34.8,0.138,,,29.5,0.342
794722,,,,,,,,,,,,,,,,,,,,,
794727,,,,,,,,,,,,,,,,,,,,,
794732,,,,,,,,,,,,,,,,,,,,,
794743,,,,,,,,,,,,,,,,,,,,,
794754,,,,,,,,,,,,,,,,,,,,,
795451,43.5,43.5,0,43.5,0,43.5,0,43.5,0,43.5,0,43.5,0,43.5,0,22,0.977,22,0.977,22,0.977
795580,,,,,,,,,,,,,,,,,,,,,
795621,38.5,38.5,0,38.5,0,38.5,0,38.5,0,38.5,0,38.5,0,36.6,0.0519,36.6,0.0519,35.5,0.0845,34.9,0.103
795635,,,,,,,,,,,,,,,,,,,,,
795748,22.5,22.5,0,22.5,0,22.5,0,22.5,0,22.5,0,22.5,0,22.5,0,22.5,0,20,0.125,20,0.125
795794,,,,,,,,,,,,,,,,,,,,,
795832,,,,,,,,,,,,,,,,,,,,,
795897,,,,,,,,,,,,,,,,,,,,,
796314,,,,,,,,,,,,,,,,,,,,,
796321,21.6,21.6,0,21.6,0,21.6,0,21.6,0,21.6,0,,,21.6,0,21.6,0,18.5,0.168,17.8,0.213
796428,65,65,0,65,0,65,0,65,0,65,0,,,,,,,,,,
796483,17.8,17.8,0,17.8,0,17.8,0,17.8,0,17.8,0,17.8,0,17.8,0,17.8,0,13.9,0.281,13.9,0.281
796513,24,24,0,24,0,24,0,24,0,24,0,24,0,24,0,24,0,,,17.5,0.371
796539,65,65,0,65,0,65,0,65,0,65,0,,,,,,,,,,
796581,38,38,0,38,0,38,0,38,0,38,0,38,0,38,0,38,0,34,0.118,34,0.118
796728,,,,,,,,,,,,,,,,,,,,,
796761,23.5,23.5,0,23.5,0,23.5,0,23.5,0,23.5,0,22,0.0682,22,0.0682,20,0.175,19.5,0.205,19.5,0.205
796782,,,,,,,,,,,,,,,,,,,,,
796930,,,,,,,,,,,,,,,,,,,,,
797213,80,80,0,80,0,80,0,80,0,80,0,80,0,80,0,77.5,0.0323,70.9,0.128,70.9,0.128
797223,80,80,0,80,0,80,0,80,0,80,0,80,0,80,0,77.5,0.0323,70.9,0.128,70.9,0.128
797233,80,80,0,80,0,80,0,80,0,80,0,80,0,80,0,77.5,0.0323,70.9,0.128,70.9,0.128
797243,80,80,0,80,0,80,0,80,0,80,0,80,0,80,0,77.5,0.0323,70.9,0.128,70.9,0.128
797253,80,80,0,80,0,80,0,80,0,80,0,80,0,80,0,77.5,0.0323,72.5,0.103,,
797620,,,,,,,,,,,,,,,,,,,,,
797635,,,,,,,,,,,,,,,,,,,,,
797837,,,,,,,,,,,,,,,,,,,,,
798311,72.5,72.5,0,72.5,0,72.5,0,72.5,0,72.5,0,72.5,0,72.5,0,68.8,0.0538,65.9,0.1,65.9,0.1
798321,27,27,0,27,0,27,0,27,0,27,0,27,0,27,0,,,21,0.286,21,0.286
798322,14,14,0,14,0,14,0,14,0,14,0,14,0,14,0,13,0.0769,11.5,0.217,,
798326,15.6,15.6,0,15.6,0,,,,,,,15.6,0,,,15.6,0,,,,
798338,38,38,0,38,0,38,0,38,0,38,0,38,0,38,0,38,0,38,0,38,0
798342,,,,,,,,,,,,,,,,,,,,,
798346,27,,,,,,,27,0,27,0,27,0,27,0,,,21,0.286,,
798348,,,,,,,,,,,,,,,,,,,,,
798349,,,,,,,,,,,,,,,,,,,,,
798350,27,27,0,27,0,27,0,27,0,27,0,27,0,,,,,,,,
798352,14,14,0,14,0,14,0,14,0,14,0,14,0,14,0,13,0.0769,11.5,0.217,11.5,0.217
798362,14,14,0,14,0,14,0,14,0,14,0,14,0,14,0,13,0.0769,11.5,0.217,11.5,0.217
798364,,,,,,,,,,,,,,,,,,,,,
798365,250,250,0,250,0,250,0,250,0,250,0,250,0,250,0,250,0,250,0,250,0
798368,,,,,,,,,,,,,,,,,,,,,
798372,14,14,0,14,0,14,0,14,0,14,0,14,0,14,0,13,0.0769,11.5,0.217,11.5,0.217
798412,,,,,,,,,,,,,,,,,,,,,
798452,,,,,,,,,,,,,,,,,,,,,
798459,,,,,,,,,,,,,,,,,,,,,
798472,88,88,0,88,0,88,0,88,0,88,0,88,0,88,0,,,,,,
798516,,,,,,,,,,,,,,,,,,,,,
798538,129,129,0,129,0,129,0,129,0,129,0,132,-0.0227,132,-0.0227,132,-0.0227,96,0.344,96,0.344
798542,,,,,,,,,,,,,,,,,,,,,
798563,8.5,8.5,0,8.5,0,8.5,0,8.5,0,,,8.5,0,,,,,6.7,0.269,6.7,0.269
798564,,,,,,,,,,,,,,,,,,,,,
798579,22.5,22.5,0,22.5,0,22.5,0,22.5,0,22.5,0,22.5,0,,,22.5,0,22.5,0,22.5,0
798628,17.8,17.8,0,17.8,0,17.8,0,,,17.8,0,17.8,0,,,17.8,0,17.8,0,17.8,0
798634,38,38,0,38,0,38,0,38,0,38,0,38,0,38,0,38,0,38,0,38,0
798654,,,,,,,,,,,,,,,,,,,,,
798768,71.3,71.3,0,71.3,0,71.3,0,71.3,0,71.3,0,71.3,0,67.9,0.0501,64,0.114,55.4,0.287,52.7,0.353
798823,,,,,,,,,,,,,,,,,,,,,
800028,,,,,,,,,,,,,,,,,,,,,
800122,115,115,0,115,0,115,0,115,0,115,0,115,0,115,0,109,0.055,67,0.716,65,0.769
800137,,,,,,,,,,,,,,,,,,,,,
800142,7.5,7.5,0,7.5,0,7.5,0,7.5,0,7.5,0,7,0.0714,7,0.0714,7,0.0714,,,6.5,0.154
800266,,,,,,,,,,,,,,,,,,,,,
800271,33.5,33.5,0,33.5,0,33.5,0,33.5,0,33.5,0,33.5,0,33.5,0,33.5,0,25,0.34,23,0.457
800278,,,,,,,,,,,,,,,,,,,,,
800279,12.5,12.5,0,7.5,0.667,12.5,0,12.5,0,,,,,,,,,,,,
800664,33,33,0,33,0,33,0,33,0,33,0,33,0,33,0,33,0,,,,
800665,,,,,,,,,,,,,,,,,,,,,
800669,,,,,,,,,,,,,,,,,,,,,
800772,89,89,0,89,0,89,0,69.9,0.273,89,0,149,-0.403,149,-0.403,149,-0.403,,,,
800874,33,33,0,33,0,33,0,33,0,33,0,33,0,33,0,33,0,33,0,,
801105,,,,,,,,,,,,,,,,,,,,,
801110,,,,,,,,,,,,,,,,,,,,,
801125,30.5,30.5,0,30.5,0,30.5,0,30.5,0,30.5,0,30.5,0,30.5,0,30.5,0,23,0.326,,
801234,,,,,,,,,,,,,,,,,,,,,
801338,4,4,0,4,0,4,0,4,0,4,0,4,0,4,0,4,0,3.5,0.143,3.5,0.143
802401,18.5,18.5,0,18.5,0,18.5,0,18.5,0,18.5,0,18.5,0,18.5,0,18.5,0,18.5,0,17,0.0882
802402,10,10,0,10,0,10,0,10,0,10,0,10,0,10,0,10,0,10,0,9,0.111
802403,18,18,0,18,0,18,0,18,0,18,0,18,0,18,0,18,0,18,0,17,0.0588
802404,13,13,0,13,0,13,0,13,0,13,0,13,0,13,0,13,0,13,0,12,0.0833
802561,30,30,0,30,0,30,0,30,0,30,0,30,0,30,0,30,0,26,0.154,26,0.154
802628,,,,,,,,,,,,,,,,,,,,,
802653,72,72,0,72,0,72,0,72,0,72,0,72,0,,,,,,,,
802693,44.6,44.6,0,44.6,0,44.6,0,44.6,0,44.6,0,44.6,0,44.6,0,53.9,-0.173,41.2,0.0825,37,0.205
803054,15,15,0,15,0,15,0,15,0,15,0,15,0,,,,,,,,
803190,21.5,21.5,0,21.5,0,21.5,0,21.5,0,21.5,0,21.5,0,21.5,0,21.5,0,21.5,0,21.8,-0.0138
803654,13,13,0,13,0,13,0,13,0,13,0,13,0,,,13,0,9.9,0.313,9.9,0.313
803928,,,,,,,,,,,,,,,,,,,,,
803929,285,285,0,285,0,285,0,,,,,,,,,,,,,199,0.432
803931,220,220,0,220,0,220,0,,,,,,,,,,,,,148,0.486
803933,220,220,0,220,0,220,0,,,,,,,,,,,148,0.486,148,0.486
803954,,,,,,,,,,,,,,,,,,,,,
803955,,,,,,,,,,,,,,,,,,,,,
804906,42.5,42.5,0,42.5,0,42.5,0,42.5,0,42.5,0,42.5,0,42.5,0,39.5,0.0759,36,0.181,,
805543,6,6,0,6,0,6,0,6,0,6,0,6,0,6,0,5,0.2,5,0.2,5,0.2
805692,47.5,47.5,0,47.5,0,47.5,0,47.5,0,47.5,0,47.5,0,47.5,0,47.5,0,43.5,0.092,43.5,0.092
805701,29.5,29.5,0,29.5,0,29.5,0,29.5,0,29.5,0,29.5,0,29.5,0,29.5,0,25.5,0.157,25.5,0.157
805776,4.9,4.9,0,4.9,0,4.9,0,4.9,0,4.9,0,6.3,-0.222,,,6.3,-0.222,6.3,-0.222,5.8,-0.155
805825,19.9,19.9,0,19.9,0,19.9,0,19.9,0,19.9,0,22.9,-0.131,,,,,,,,
805830,21.9,21.9,0,21.9,0,21.9,0,21.9,0,,,,,,,19.9,0.101,14.9,0.47,14.9,0.47
805845,18.9,18.9,0,18.9,0,18.9,0,18.9,0,,,,,,,,,,,14.9,0.268
806120,,,,,,,,,,,,,,,,,,,,,
806175,36.9,36.9,0,36.9,0,36.9,0,36.9,0,,,36.9,0,,,36.9,0,,,,
806195,,,,,,,,,,,,,,,,,,,,,
806247,52,52,0,52,0,52,0,52,0,52,0,52,0,,,,,,,,
806388,,,,,,,,,,,,,,,,,,,,,
806926,,,,,,,,,,,,,,,,,,,,,
807497,35,35,0,35,0,35,0,35,0,35,0,19.9,0.759,,,,,,,,
807897,16.5,16.5,0,16.5,0,16.5,0,16.5,0,,,,,,,,,,,,
808002,,,,,,,,,,,,,,,,,,,,,
808077,75,75,0,75,0,75,0,75,0,75,0,75,0,75,0,,,42.5,0.765,42.5,0.765
808126,80,80,0,80,0,80,0,80,0,80,0,80,0,80,0,75,0.0667,75,0.0667,72,0.111
808131,59,59,0,59,0,59,0,59,0,59,0,59,0,59,0,59,0,56,0.0536,56,0.0536
808146,29,29,0,29,0,29,0,29,0,29,0,29,0,29,0,29,0,25,0.16,25,0.16
808165,,,,,,,,,,,,,,,,,,,,,
808166,22.9,22.9,0,22.9,0,22.9,0,22.9,0,22.9,0,22.9,0,25.9,-0.116,29.5,-0.224,19.9,0.151,17.9,0.279
808486,96,96,0,96,0,96,0,96,0,96,0,101,-0.0495,101,-0.0495,69,0.391,69,0.391,69,0.391
808565,107,107,0,107,0,107,0,107,0,107,0,107,0,107,0,,,,,,
808591,107,107,0,107,0,107,0,107,0,107,0,107,0,107,0,,,,,,
808625,107,107,0,107,0,107,0,107,0,107,0,107,0,107,0,,,,,,
808626,262,262,0,262,0,262,0,262,0,262,0,262,0,262,0,262,0,205,0.278,195,0.344
808671,,,,,,,,,,,,,,,,,,,,,
808695,,,,,,,,,,,,,,,,,,,,,
808702,107,107,0,107,0,107,0,107,0,107,0,107,0,107,0,,,,,,
808801,22,22,0,22,0,22,0,22,0,22,0,,,,,,,,,,
809203,51.5,51.5,0,51.5,0,51.5,0,51.5,0,51.5,0,51.5,0,51.5,0,46,0.12,28.5,0.807,,
809312,,,,,,,,,,,,,,,,,,,,,
809427,119,119,0,119,0,119,0,119,0,155,-0.232,155,-0.232,155,-0.232,,,,,,
809428,119,119,0,119,0,119,0,119,0,155,-0.232,155,-0.232,155,-0.232,,,,,,
809429,119,119,0,119,0,119,0,119,0,155,-0.232,155,-0.232,155,-0.232,,,,,,
809472,,,,,,,,,,,,,,,,,,,,,
809558,,,,,,,,,,,,,,,,,,,,,
809560,,,,,,,,,,,,,,,,,,,,,
809590,186,186,0,186,0,186,0,186,0,186,0,186,0,186,0,125,0.49,119,0.566,108,0.725
809700,22,22,0,15.9,0.384,15.9,0.384,,,,,,,,,,,,,,
809709,107,107,0,107,0,107,0,107,0,,,,,,,,,,,,
809732,52,52,0,52,0,52,0,52,0,52,0,52,0,29.9,0.739,,,,,,
809814,190,190,0,190,0,190,0,190,0,190,0,,,,,,,,,,
809815,,,,,,,,,,,,,,,,,,,,,
809816,,,,,,,,,,,,,,,,,,,,,
809817,,,,,,,,,,,,,,,,,,,,,
809822,86,86,0,86,0,86,0,86,0,86,0,,,,,,,,,,
809823,86,86,0,86,0,86,0,86,0,86,0,,,,,,,,,,
809871,,,,,,,,,,,,,,,,,,,,,
809889,,,,,,,,,,,,,,,,,,,,,
810053,72,72,0,72,0,72,0,72,0,72,0,72,0,72,0,,,,,45.2,0.593
810060,86,86,0,86,0,86,0,86,0,86,0,,,86,0,78,0.103,71,0.211,54,0.593
811994,,,,,,,,,,,,,,,,,,,,,
812660,61,61,0,61,0,61,0,61,0,61,0,61,0,58.2,0.0481,54.9,0.111,48.8,0.25,47,0.298
812764,132,132,0,132,0,132,0,132,0,132,0,128,0.0273,120,0.0958,,,110,0.197,,
813158,14,14,0,14,0,14,0,14,0,15,-0.0667,15,-0.0667,15,-0.0667,,,9.5,0.474,9.5,0.474
813178,,,,,,,,,,,,,,,,,,,,,
813183,,,,,,,,,,,,,,,,,,,,,
813624,70.1,70.1,0,70.1,0,70.1,0,70.1,0,70.1,0,70.1,0,70.1,0,70.1,0,63,0.113,62,0.131
814324,21,21,0,21,0,21,0,21,0,21,0,21,0,21,0,21,0,18.5,0.135,15.5,0.355
815142,,,,,,,,,,,,,,,,,,,,,
816356,219,219,0,219,0,219,0,219,0,,,,,,,,,,,,
816363,122,122,0,122,0,122,0,122,0,,,,,,,,,,,,
816368,205,205,0,205,0,205,0,205,0,,,,,,,,,,,,
816376,117,117,0,117,0,117,0,117,0,,,,,,,,,,,,
816377,298,298,0,298,0,298,0,298,0,,,,,,,,,,,,
816379,333,333,0,333,0,333,0,333,0,,,,,,,,,,,,
816384,109,109,0,109,0,109,0,109,0,,,,,,,,,,,,
816387,236,236,0,236,0,236,0,236,0,,,,,,,,,,,,
816388,211,211,0,211,0,211,0,211,0,,,,,,,,,,,,
816419,14.8,14.8,0,14.8,0,14.8,0,14.8,0,14.8,0,14.8,0,14.8,0,14.8,0,9,0.644,9,0.644
816439,,,,,,,,,,,,,,,,,,,,,
816617,,,,,,,,,,,,,,,,,,,,,
816840,14.9,14.9,0,15,-0.00667,15,-0.00667,15,-0.00667,15,-0.00667,26.9,-0.446,26.9,-0.446,17.9,-0.168,17.9,-0.168,17.9,-0.168
816880,18.9,18.9,0,18.9,0,18.9,0,18.9,0,,,,,,,,,,,,
816904,,,,,,,,,,,,,,,,,,,,,
818428,,,,,,,,,,,,,,,,,,,,,
818468,3.1,3.1,0,3.1,0,3.1,0,3.1,0,3.1,0,3.1,0,3.1,0,3.1,0,2.9,0.069,2.9,0.069
818669,38.3,38.3,0,38.3,0,38.3,0,38.3,0,38.3,0,38.3,0,38.3,0,38.3,0,32,0.197,30,0.277
818724,44,44,0,44,0,44,0,51,-0.137,51,-0.137,55,-0.2,55,-0.2,55,-0.2,41,0.0732,38,0.158
818730,,,,,,,,,,,,,,,,,,,,,
818731,,,,,,,,,,,,,,,,,,,,,
818732,,,,,,,,,,,,,,,,,,,,,
818827,77,77,0,77,0,77,0,77,0,77,0,77,0,77,0,,,,,,
818849,39,39,0,39,0,39,0,39,0,39,0,39,0,39,0,31,0.258,25,0.56,25,0.56
818850,,,,,,,,,,,,,,,,,,,,,
818854,51,51,0,51,0,51,0,51,0,51,0,51,0,51,0,43,0.186,31,0.645,31,0.645
818860,60,60,0,60,0,60,0,60,0,60,0,60,0,60,0,47,0.277,36,0.667,36,0.667
818863,,,,,,,,,,,,,,,,,,,,,
818864,,,,,,,,,,,,,,,,,,,,,
819066,22,22,0,22,0,22,0,22,0,22,0,22,0,22,0,22,0,22,0,22,0
819068,,,,,,,,,,,,,,,,,,,,,
819069,,,,,,,,,,,,,,,,,,,,,
819079,,,,,,,,,,,,,,,,,,,,,
819083,19,19,0,19,0,19,0,19,0,19,0,19,0,19,0,19,0,19,0,19,0
819094,5,5,0,5,0,5,0,5,0,5,0,,,,,,,,,9,-0.444
819095,18,18,0,18,0,18,0,18,0,18,0,18,0,18,0,18,0,18,0,18,0
819265,118,118,0,118,0,118,0,118,0,118,0,118,0,118,0,118,0,108,0.0977,108,0.0977
819287,,,,,,,,,,,,,,,,,,,,,
819403,112,112,0,112,0,112,0,112,0,112,0,112,0,112,0,112,0,82.5,0.358,82.5,0.358
819418,138,138,0,138,0,138,0,138,0,138,0,138,0,138,0,138,0,99,0.389,99,0.389
819423,239,239,0,239,0,239,0,239,0,239,0,239,0,239,0,239,0,175,0.366,175,0.366
819563,147,147,0,147,0,147,0,150,-0.02,150,-0.02,150,-0.02,150,-0.02,150,-0.02,101,0.455,101,0.455
819564,147,147,0,147,0,147,0,150,-0.02,150,-0.02,150,-0.02,150,-0.02,150,-0.02,101,0.455,101,0.455
819636,96.5,96.5,0,96.5,0,96.5,0,96.5,0,96.5,0,96.5,0,96.5,0,96.5,0,85,0.135,85,0.135
819656,174,174,0,174,0,174,0,174,0,174,0,174,0,174,0,215,-0.191,130,0.333,130,0.333
819661,20.5,20.5,0,20.5,0,20.5,0,20.5,0,20.5,0,20.5,0,20.5,0,20.5,0,15,0.367,15,0.367
819676,10.6,10.6,0,10.6,0,10.6,0,10.6,0,10.6,0,10.6,0,10.6,0,10.6,0,10.6,0,10.6,0
819834,,,,,,,,,,,,,,,,,,,,,
819958,3,3,0,3,0,3,0,3,0,3,0,3,0,3,0,3,0,3,0,3,0
820002,12,12,0,12,0,12,0,,,12,0,12,0,12,0,12,0,12,0,12,0
820146,30.5,30.5,0,30.5,0,30.5,0,30.5,0,30.5,0,30.5,0,30.5,0,29.4,0.0374,21,0.452,23,0.326
820295,125,125,0,125,0,125,0,125,0,125,0,125,0,125,0,125,0,76,0.645,,
820319,25,25,0,25,0,25,0,25,0,25,0,25,0,25,0,25,0,,,15.8,0.582
820339,144,144,0,144,0,144,0,144,0,144,0,144,0,144,0,144,0,112,0.28,89.5,0.609
820408,210,210,0,210,0,210,0,210,0,210,0,210,0,210,0,210,0,194,0.0825,194,0.0825
820428,26.5,26.5,0,26.5,0,26.5,0,26.5,0,26.5,0,23,0.152,23,0.152,23,0.152,23,0.152,20,0.325
820453,72,72,0,72,0,72,0,72,0,72,0,72,0,72,0,72,0,60,0.2,60,0.2
820468,78.5,78.5,0,78.5,0,78.5,0,78.5,0,78.5,0,78.5,0,78.5,0,78.5,0,79,-0.00633,84,-0.0655
820597,,,,,,,,,,,,,,,,,,,,,
820611,33.9,33.9,0,33.9,0,33.9,0,33.9,0,33.9,0,33.9,0,33.9,0,33.9,0,21,0.614,16.2,1.09
821224,14,14,0,14,0,14,0,14,0,14,0,14,0,14,0,,,,,,
821225,20,20,0,20,0,20,0,20,0,20,0,20,0,20,0,10,1,10,1,10,1
821226,31,31,0,31,0,31,0,31,0,31,0,31,0,31,0,30,0.0333,30,0.0333,30,0.0333
821227,51,51,0,51,0,51,0,51,0,51,0,51,0,51,0,51,0,51,0,65,-0.215
821228,14,14,0,14,0,14,0,14,0,14,0,14,0,14,0,6,1.33,6,1.33,5,1.8
821229,71,71,0,71,0,71,0,71,0,71,0,71,0,71,0,60,0.183,60,0.183,60,0.183
821230,71,71,0,71,0,71,0,71,0,71,0,71,0,71,0,46,0.543,46,0.543,60,0.183
821367,,,,,,,,,,,,,,,,,,,,,
821372,15.9,15.9,0,15.9,0,15.9,0,15.9,0,15.9,0,15.9,0,15.9,0,17.5,-0.0914,13.5,0.178,13.5,0.178
821422,31,31,0,31,0,31,0,31,0,31,0,31,0,31,0,31,0,20,0.55,20,0.55
821445,,,,,,,,,,,,,,,,,,,,,
821451,14.5,14.5,0,14.5,0,14.5,0,14.5,0,14.5,0,14.5,0,,,,,11.3,0.283,11.3,0.283
821452,14.5,14.5,0,14.5,0,14.5,0,14.5,0,14.5,0,14.5,0,,,,,11.3,0.283,11.3,0.283
821462,16,16,0,16,0,16,0,16,0,,,16,0,17.5,-0.0857,17.5,-0.0857,13,0.231,13,0.231
821468,76,76,0,76,0,76,0,76,0,76,0,76,0,80,-0.05,80,-0.05,60,0.267,60,0.267
821472,18,18,0,18,0,18,0,18,0,18,0,18,0,19,-0.0526,19,-0.0526,14,0.286,14,0.286
821530,86.7,86.7,0,86.7,0,86.7,0,86.7,0,86.7,0,86.7,0,87,-0.00345,84,0.0321,75,0.156,75,0.156
822028,,,,,,,,,,,,,,,,,,,,,
822593,31.5,31.5,0,31.5,0,31.5,0,31.5,0,31.5,0,31.5,0,31.5,0,31.5,0,31.5,0,31.5,0
822622,23.5,23.5,0,23.5,0,23.5,0,23.5,0,23.5,0,23.5,0,23.5,0,23.5,0,23.5,0,23.5,0
822637,84,84,0,84,0,84,0,84,0,84,0,64.9,0.294,83,0.012,80.7,0.0409,,,53,0.585
822731,,,,,,,,,,,,,,,,,,,,,
822939,75,75,0,75,0,75,0,75,0,75,0,75,0,75,0,,,,,,
823185,18.5,18.5,0,18.5,0,18.5,0,18.5,0,18.5,0,18.5,0,18.5,0,18.5,0,18.5,0,18.5,0
824044,79,79,0,79,0,79,0,79,0,49,0.612,49,0.612,39.9,0.98,39.9,0.98,39.9,0.98,58.9,0.341
824222,,,,,,,,,,,,,,,,,,,,,
824326,,,,,,,,,,,,,,,,,,,,,
824331,,,,,,,,,,,,,,,,,,,,,
824826,34.9,34.9,0,34.9,0,34.9,0,34.9,0,,,,,,,,,,,,
825641,5.5,5.5,0,5.5,0,5.5,0,5.5,0,5.5,0,5.5,0,5.5,0,5.5,0,3.8,0.447,,
825661,5.5,5.5,0,5.5,0,5.5,0,5.5,0,5.5,0,5.5,0,5.5,0,5.5,0,3.8,0.447,,
825676,5.5,5.5,0,5.5,0,5.5,0,5.5,0,5.5,0,5.5,0,5.5,0,5.5,0,3.8,0.447,,
825705,12.5,12.5,0,16.5,-0.242,16.5,-0.242,16.5,-0.242,16.5,-0.242,16.5,-0.242,16.2,-0.228,16.2,-0.228,11,0.136,10,0.25
825758,,,,,,,,,,,,,,,,,,,,,
825785,,,,,,,,,,,,,,,,,,,,,
825894,115,115,0,115,0,115,0,115,0,115,0,115,0,115,0,115,0,107,0.0748,105,0.0952
825903,85,85,0,85,0,85,0,85,0,85,0,85,0,85,0,81.5,0.0429,79,0.0759,78.5,0.0828
826105,,,,,,,,,,,,,,,,,,,,,
826135,299,299,0,299,0,299,0,299,0,299,0,299,0,,,,,185,0.616,184,0.625
826138,243,243,0,243,0,243,0,243,0,243,0,243,0,,,243,0,185,0.314,149,0.631
826143,29,29,0,29,0,29,0,29,0,29,0,29,0,29,0,32,-0.0938,24,0.208,18,0.611
826145,29,29,0,29,0,29,0,29,0,29,0,29,0,29,0,32,-0.0938,24,0.208,18,0.611
826317,,,,,,,,,,,,,,,,,,,,,
826342,14.5,14.5,0,14.5,0,14.5,0,14.5,0,14.5,0,14.5,0,14.5,0,14.5,0,14.5,0,,
826426,1.99e+03,1.99e+03,0,1.99e+03,0,1.99e+03,0,1.99e+03,0,1.99e+03,0,1.99e+03,0,1.99e+03,0,1.8e+03,0.106,1.25e+03,0.593,1.2e+03,0.66
826431,120,120,0,120,0,120,0,120,0,147,-0.184,147,-0.184,147,-0.184,147,-0.184,104,0.153,93,0.289
826446,72,72,0,72,0,72,0,72,0,72,0,72,0,72,0,,,,,,
826592,,,,,,,,,,,,,,,,,,,,,
826624,16,16,0,16,0,16,0,16,0,,,,,,,16,0,13.8,0.159,,
826684,4.3e+03,4.3e+03,0,4.3e+03,0,4.3e+03,0,,,4.3e+03,0,4.3e+03,0,4.3e+03,0,3.6e+03,0.194,2.49e+03,0.727,2.4e+03,0.792
826698,220,220,0,220,0,220,0,,,,,,,,,,,,,148,0.486
826699,30.5,30.5,0,30.5,0,30.5,0,30.5,0,30.5,0,30.5,0,30.5,0,30.5,0,30.5,0,30.5,0
826706,250,250,0,250,0,250,0,250,0,250,0,250,0,250,0,299,-0.164,196,0.276,159,0.572
826708,10,10,0,10,0,10,0,10,0,10,0,10,0,10,0,10,0,10,0,10,0
826869,120,120,0,120,0,120,0,120,0,120,0,120,0,120,0,120,0,120,0,120,0
826971,57.5,57.5,0,57.5,0,57.5,0,57.5,0,57.5,0,57.5,0,57.5,0,45,0.278,,,,
827106,,,,,,,,,,,,,,,,,,,,,
827129,47,47,0,47,0,47,0,47,0,47,0,47,0,47,0,53,-0.113,,,28.5,0.649
827344,,,,,,,,,,,,,,,,,,,,,
827506,,,,,,,,,,,,,,,,,,,,,
827507,,,,,,,,,,,,,,,,,,,,,
827529,285,285,0,285,0,285,0,285,0,285,0,285,0,285,0,285,0,285,0,285,0
827687,29.5,29.5,0,29.5,0,29.5,0,29.5,0,29.5,0,29.5,0,29.5,0,,,21.5,0.372,21.5,0.372
827692,29.5,29.5,0,29.5,0,29.5,0,29.5,0,,,24.5,0.204,29.5,0,29.5,0,21.5,0.372,21.5,0.372
827701,29.5,29.5,0,29.5,0,29.5,0,29.5,0,29.5,0,29.5,0,29.5,0,29.5,0,21.5,0.372,21.5,0.372
827736,29.5,29.5,0,29.5,0,29.5,0,29.5,0,29.5,0,29.5,0,29.5,0,29.5,0,21.5,0.372,21.5,0.372
827916,16.3,16.3,0,16.3,0,16.3,0,16.3,0,16.3,0,,,,,,,,,,
828600,30,30,0,30,0,30,0,30,0,30,0,30,0,30,0,30,0,30,0,30,0
828620,,,,,,,,,,,,,,,,,,,,,
828675,,,,,,,,,,,,,,,,,,,,,
828695,,,,,,,,,,,,,,,,,,,,,
828724,36,36,0,36,0,36,0,36,0,36,0,30.9,0.165,36,0,36,0,31,0.161,25.5,0.412
828739,,,,,,,,,,,,,,,,,,,,,
829163,,,,,,,,,,,,,,,,,,,,,
829865,,,,,,,,,,,,,,,,,,,,,
829867,,,,,,,,,,,,,,,,,,,,,
829870,,,,,,,,,,,,,,,,,,,,,
829876,,,,,,,,,,,,,,,,,,,,,
829901,,,,,,,,,,,,,,,,,,,,,
830004,,,,,,,,,,,,,,,,,,,,,
830019,45,45,0,45,0,45,0,45,0,45,0,45,0,45,0,45,0,35,0.286,31,0.452
830400,4.7,4.7,0,4.7,0,4.7,0,4.7,0,4.7,0,4.7,0,4.7,0,4.5,0.0444,3.6,0.306,4.2,0.119
830415,4.7,4.7,0,4.7,0,4.7,0,4.7,0,4.7,0,4.7,0,4.7,0,4.5,0.0444,4,0.175,4.2,0.119
830420,4.7,4.7,0,4.7,0,4.7,0,4.7,0,4.7,0,4.7,0,4.7,0,4.5,0.0444,4,0.175,4.2,0.119
830435,4.7,4.7,0,4.7,0,4.7,0,4.7,0,4.7,0,4.7,0,4.7,0,4.5,0.0444,4,0.175,4.2,0.119
830440,1.5,1.5,0,1.5,0,1.5,0,1.5,0,1.5,0,1.5,0,1.5,0,1.4,0.0714,1.3,0.154,1,0.5
830455,1.5,1.5,0,1.5,0,1.5,0,1.5,0,1.5,0,1.5,0,1.5,0,1.4,0.0714,1.3,0.154,1,0.5
830460,1.5,1.5,0,1.5,0,1.5,0,1.5,0,1.5,0,1.5,0,1.5,0,1.5,0,1.3,0.154,1,0.5
830475,1.5,1.5,0,1.5,0,1.5,0,1.5,0,1.5,0,1.5,0,1.5,0,1.4,0.0714,1.3,0.154,1,0.5
830480,,,,,,,,,,,,,,,,,,,,,
830519,26,26,0,26,0,26,0,26,0,26,0,26,0,26,0,22,0.182,,,,
830524,22.5,22.5,0,22.5,0,22.5,0,22.5,0,22.5,0,22.5,0,22.5,0,18,0.25,14.5,0.552,12.5,0.8
830564,49,49,0,49,0,49,0,49,0,49,0,56,-0.125,56,-0.125,45,0.0889,36.5,0.342,32,0.531
830702,47.5,47.5,0,47.5,0,47.5,0,47.5,0,47.5,0,47.5,0,47.5,0,47.5,0,32,0.484,30.5,0.557
830806,,,,,,,,,,,,,,,,,,,,,
831285,4.7,4.7,0,4.7,0,4.7,0,4.7,0,4.7,0,4.7,0,4.7,0,4.5,0.0444,4,0.175,4.2,0.119
831345,,,,,,,,,,,,,,,,,,,,,
831480,,,,,,,,,,,,,,,,,,,,,
831509,12,12,0,12,0,12,0,12,0,12,0,12,0,12,0,12,0,12,0,12,0
831542,37,37,0,37,0,37,0,37,0,37,0,37,0,37,0,37,0,37,0,36,0.0278
831544,17.5,17.5,0,17.5,0,17.5,0,17.5,0,17.5,0,17.5,0,17.5,0,17.5,0,17.5,0,17,0.0294
831640,,,,,,,,,,,,,,,,,,,,,
831644,13.5,13.5,0,13.5,0,13.5,0,13.5,0,13.5,0,13.5,0,13.5,0,13.5,0,13.5,0,13,0.0385
831674,,,,,,,,,,,,,,,,,,,,,
831923,,,,,,,,,,,,,,,,,,,,,
831970,,,,,,,,,,,,,,,,,,,,,
832248,,,,,,,,,,,,,,,,,,,,,
832253,57.5,57.5,0,57.5,0,57.5,0,57.5,0,57.5,0,57.5,0,57.5,0,,,,,,
832361,,,,,,,,,,,,,,,,,,,,,
832377,69,69,0,69,0,69,0,,,,,,,,,,,36,0.917,36,0.917
832476,,,,,,,,,,,,,,,,,,,,,
832493,14,14,0,14,0,14,0,14,0,14,0,14,0,14,0,14,0,14,0,14,0
832498,11,11,0,11,0,11,0,11,0,11,0,11,0,11,0,11,0,11,0,11,0
832530,12,12,0,12,0,12,0,12,0,12,0,12,0,12,0,12,0,12,0,12,0
832713,5.5,5.5,0,5.5,0,5.5,0,5.5,0,5.5,0,5.5,0,5.5,0,3.5,0.571,3.5,0.571,3.5,0.571
832715,16,16,0,16,0,16,0,16,0,16,0,16,0,16,0,16,0,16,0,16,0
832716,16,16,0,16,0,16,0,16,0,16,0,16,0,16,0,16,0,16,0,16,0
832717,16,16,0,16,0,16,0,16,0,16,0,16,0,16,0,16,0,16,0,16,0
832897,10,10,0,10,0,10,0,10,0,10,0,10,0,10,0,10,0,10,0,10,0
832902,7,7,0,7,0,7,0,7,0,7,0,7,0,7,0,5,0.4,5,0.4,4.5,0.556
832906,59.9,59.9,0,59.9,0,59.9,0,59.9,0,59.9,0,59.9,0,59.9,0,51,0.175,51,0.175,51,0.175
833261,4.5,4.5,0,4.5,0,4.5,0,4.5,0,4.5,0,4.5,0,4.5,0,4.5,0,4.5,0,4.5,0
833281,,,,,,,,,,,,,,,,,,,,,
833305,,,,,,,,,,,,,,,,,,,,,
833325,4,4,0,4,0,4,0,4,0,4,0,4,0,4,0,4,0,4,0,4,0
833330,,,,,,,,,,,,,,,,,,,,,
833345,4,4,0,4,0,4,0,4,0,4,0,4,0,4,0,4,0,4,0,4,0
833414,,,,,,,,,,,,,,,,,,,,,
833716,44.9,44.9,0,44.9,0,44.9,0,44.9,0,52,-0.137,52,-0.137,52,-0.137,52,-0.137,39.5,0.137,32.5,0.382
833735,10,10,0,10,0,10,0,10,0,10,0,10,0,10,0,10,0,10,0,10,0
833737,10,10,0,10,0,10,0,10,0,10,0,10,0,10,0,10,0,10,0,10,0
834308,8,8,0,8,0,8,0,8,0,8.5,-0.0588,11,-0.273,11,-0.273,11,-0.273,8,0,6.4,0.25
834313,8,8,0,8,0,8,0,8,0,8.5,-0.0588,11,-0.273,11,-0.273,11,-0.273,8,0,6.4,0.25
834328,8,8,0,8,0,8,0,8,0,8.5,-0.0588,11,-0.273,11,-0.273,11,-0.273,8,0,6.4,0.25
834333,25,25,0,25,0,25,0,25,0,25,0,25,0,25,0,15,0.667,15,0.667,15,0.667
834368,15,15,0,15,0,15,0,15,0,15,0,15,0,15,0,15,0,15,0,15,0
834393,175,175,0,175,0,175,0,175,0,175,0,175,0,175,0,175,0,105,0.667,95,0.842
834402,,,,,,,,,,,,,,,,,,,,,
834437,,,,,,,,,,,,,,,,,,,,,
834457,22.5,22.5,0,22.5,0,22.5,0,22.5,0,22.5,0,22.5,0,22.5,0,22.5,0,18.8,0.197,18.8,0.197
834497,1.5,1.5,0,1.5,0,1.5,0,1.5,0,1.5,0,1.5,0,1.5,0,1.5,0,1.3,0.154,1,0.5
835212,,,,,,,,,,,,,,,,,,,,,
835247,88.5,88.5,0,88.5,0,88.5,0,88.5,0,88.5,0,88.5,0,81.5,0.0859,79.5,0.113,72,0.229,59,0.5
835267,67.5,67.5,0,67.5,0,67.5,0,67.5,0,67.5,0,67.5,0,60.5,0.116,66.5,0.015,49,0.378,44,0.534
835272,80.5,80.5,0,80.5,0,80.5,0,80.5,0,80.5,0,80.5,0,73.5,0.0952,71.5,0.126,64,0.258,56,0.438
835316,80.5,80.5,0,80.5,0,80.5,0,80.5,0,80.5,0,80.5,0,73.5,0.0952,71.5,0.126,65,0.238,53,0.519
835361,,,,,,,,,,,,,,,,,,,,,
835404,88.5,88.5,0,88.5,0,88.5,0,88.5,0,88.5,0,88.5,0,81.5,0.0859,79.5,0.113,75,0.18,61,0.451
835405,70,70,0,70,0,70,0,70,0,70,0,69,0.0145,50,0.4,49,0.429,44.5,0.573,38.5,0.818
835410,,,,,,,,,,,,,,,,,,,,,
835414,71.5,71.5,0,71.5,0,71.5,0,71.5,0,71.5,0,71.5,0,64.5,0.109,63.5,0.126,54,0.324,45.5,0.571
835430,61.5,61.5,0,61.5,0,61.5,0,61.5,0,61.5,0,61.5,0,54.5,0.128,53.5,0.15,50,0.23,44,0.398
835435,83.5,83.5,0,83.5,0,83.5,0,83.5,0,83.5,0,83.5,0,73.5,0.136,71.5,0.168,64,0.305,55,0.518
835439,88.5,88.5,0,88.5,0,88.5,0,88.5,0,88.5,0,88.5,0,79.5,0.113,77.5,0.142,70,0.264,59,0.5
835445,71.5,71.5,0,71.5,0,71.5,0,71.5,0,71.5,0,71.5,0,64.5,0.109,63.5,0.126,50,0.43,41,0.744
835450,74.5,74.5,0,74.5,0,74.5,0,74.5,0,74.5,0,74.5,0,67.5,0.104,66.5,0.12,53,0.406,42,0.774
835468,112,112,0,110,0.0182,110,0.0182,110,0.0182,110,0.0182,108,0.037,101,0.109,96.5,0.161,90,0.244,82,0.366
835470,64.5,64.5,0,64.5,0,64.5,0,64.5,0,64.5,0,64.5,0,57.5,0.122,56.5,0.142,49,0.316,42,0.536
835509,63,63,0,63,0,63,0,63,0,63,0,73,-0.137,69,-0.087,68,-0.0735,59,0.0678,42,0.5
835514,59,59,0,59,0,59,0,59,0,59,0,59,0,55,0.0727,54,0.0926,43,0.372,38,0.553
835534,61,61,0,61,0,61,0,61,0,61,0,61,0,57,0.0702,,,43,0.419,40,0.525
835549,64,64,0,64,0,64,0,64,0,68,-0.0588,68,-0.0588,64,0,63,0.0159,50,0.28,49,0.306
835623,65,65,0,65,0,65,0,65,0,65,0,65,0,61,0.0656,60,0.0833,55,0.182,48.5,0.34
835658,,,,,,,,,,,,,,,,,,,,,
835690,98,98,0,98,0,98,0,98,0,98,0,98,0,90,0.0889,,,,,,
835691,98,98,0,98,0,98,0,98,0,98,0,98,0,90,0.0889,,,,,,
835692,116,116,0,116,0,116,0,116,0,116,0,116,0,108,0.0744,,,,,,
835694,91,91,0,91,0,91,0,91,0,91,0,91,0,83,0.0964,,,,,,
835695,102,102,0,102,0,102,0,102,0,102,0,102,0,94,0.0851,,,,,,
835697,91,91,0,91,0,91,0,91,0,91,0,91,0,70,0.3,,,,,,
835700,95,95,0,95,0,95,0,95,0,95,0,95,0,87,0.092,,,,,,
835716,,,,,,,,,,,,,,,,,,,,,
835721,,,,,,,,,,,,,,,,,,,,,
835722,,,,,,,,,,,,,,,,,,,,,
835730,,,,,,,,,,,,,,,,,,,,,
835750,85,85,0,85,0,85,0,85,0,85,0,85,0,75,0.133,,,,,,
835751,83,83,0,83,0,83,0,83,0,83,0,83,0,75,0.107,,,,,,
835755,85,85,0,85,0,85,0,85,0,85,0,85,0,77,0.104,,,,,,
835756,80,80,0,80,0,80,0,80,0,80,0,80,0,72,0.111,,,,,,
835757,96,96,0,96,0,96,0,96,0,96,0,96,0,88,0.0909,,,,,,
835758,88,88,0,88,0,88,0,88,0,88,0,88,0,80,0.1,,,,,,
835759,97,97,0,97,0,97,0,97,0,97,0,97,0,89,0.0899,,,,,,
835763,13,13,0,13,0,13,0,13,0,19,-0.316,19,-0.316,,,,,,,11,0.182
835764,,,,,,,,,,,,,,,,,,,,,
835781,,,,,,,,,,,,,,,,,,,,,
835801,,,,,,,,,,,,,,,,,,,,,
835896,62,62,0,62,0,62,0,62,0,62,0,70,-0.114,66,-0.0606,65,-0.0462,53,0.17,49,0.265
835905,73.5,73.5,0,73.5,0,73.5,0,73.5,0,73.5,0,73.5,0,69.5,0.0576,68.5,0.073,60,0.225,46.5,0.581
835922,39,39,0,39,0,39,0,39,0,39,0,39,0,,,,,,,,
836008,,,,,,,,,,,,,,,,,,,,,
836009,,,,,,,,,,,,,,,,,,,,,
836359,115,115,0,115,0,115,0,115,0,115,0,115,0,115,0,115,0,115,0,115,0
836364,,,,,,,,,,,,,,,,,,,,,
836646,17.8,17.8,0,17.8,0,17.8,0,17.8,0,17.6,0.0114,20.8,-0.144,20.8,-0.144,19,-0.0632,17,0.0471,15.6,0.141
836651,19,19,0,19,0,19,0,19,0,19,0,19,0,19,0,19,0,16.9,0.124,15.5,0.226
836666,17.8,17.8,0,17.8,0,17.8,0,17.8,0,20.8,-0.144,20.8,-0.144,20.8,-0.144,19,-0.0632,17,0.0471,15.6,0.141
836671,19,19,0,19,0,19,0,19,0,19,0,19,0,19,0,19,0,16.9,0.124,15.5,0.226
836686,20.8,20.8,0,20.8,0,20.8,0,20.8,0,20.8,0,20.8,0,20.8,0,19,0.0947,17,0.224,17,0.224
836700,,,,,,,,,,,,,,,,,,,,,
836860,53,53,0,53,0,53,0,60,-0.117,60,-0.117,60,-0.117,60,-0.117,60,-0.117,46,0.152,47,0.128
836861,53,53,0,53,0,53,0,60,-0.117,60,-0.117,60,-0.117,60,-0.117,60,-0.117,46,0.152,44,0.205
836884,,,,,,,,,,,,,,,,,,,,,
836948,18.2,18.2,0,18.2,0,18.2,0,18.2,0,18.2,0,18.2,0,18.2,0,18.2,0,13.9,0.309,13,0.4
837149,13,13,0,13,0,13,0,13,0,,,,,13,0,13,0,10.5,0.238,10.5,0.238
837150,,,,,,,,,,,,,,,,,,,,,
837151,,,,,,,,,,,,,,,,,,,,,
837152,21,21,0,21,0,21,0,21,0,21,0,21,0,21,0,21,0,16.5,0.273,16.5,0.273
837210,41,41,0,41,0,41,0,41,0,41,0,41,0,41,0,41,0,41,0,41,0
837292,27,27,0,27,0,27,0,27,0,27,0,27,0,27,0,27,0,27,0,35,-0.229
837674,,,,,,,,,,,,,,,,,,,,,
837891,35,35,0,35,0,35,0,35,0,35,0,35,0,35,0,35,0,35,0,,
837892,32,32,0,32,0,32,0,32,0,32,0,32,0,32,0,32,0,18,0.778,18,0.778
837893,40,40,0,40,0,40,0,40,0,40,0,40,0,40,0,32,0.25,32,0.25,,
837894,40,40,0,40,0,40,0,40,0,40,0,40,0,40,0,28,0.429,,,28,0.429
837970,21,21,0,21,0,21,0,21,0,21,0,21,0,21,0,9,1.33,9,1.33,14,0.5
837971,14,14,0,14,0,14,0,14,0,14,0,14,0,14,0,14,0,8,0.75,8,0.75
837976,17,17,0,17,0,17,0,17,0,17,0,17,0,17,0,14,0.214,,,,
837977,43,43,0,43,0,43,0,43,0,43,0,43,0,43,0,43,0,25,0.72,25,0.72
837978,38,38,0,38,0,38,0,38,0,38,0,38,0,38,0,38,0,21,0.81,21,0.81
837979,33,33,0,33,0,33,0,33,0,33,0,33,0,33,0,33,0,18.5,0.784,18.5,0.784
837999,35,35,0,35,0,35,0,35,0,35,0,35,0,35,0,35,0,19,0.842,19,0.842
838080,40,40,0,40,0,40,0,40,0,40,0,40,0,40,0,40,0,28,0.429,28,0.429
838081,50,50,0,50,0,50,0,50,0,50,0,50,0,50,0,50,0,30,0.667,30,0.667
838244,50,50,0,50,0,50,0,50,0,50,0,50,0,50,0,,,,,,
838298,31,31,0,31,0,31,0,31,0,31,0,31,0,31,0,,,28,0.107,28,0.107
838299,31,31,0,31,0,31,0,31,0,31,0,31,0,31,0,20,0.55,20,0.55,28,0.107
838300,33,33,0,33,0,33,0,33,0,33,0,33,0,33,0,24,0.375,24,0.375,24,0.375
838309,19,19,0,19,0,19,0,19,0,19,0,19,0,19,0,19,0,19,0,19,0
838393,,,,,,,,,,,,,,,,,,,,,
838439,5.6,5.6,0,5.6,0,5.6,0,5.6,0,5.6,0,5.6,0,5.6,0,5.6,0,4.4,0.273,3.4,0.647
838444,8,8,0,8,0,8,0,8,0,11,-0.273,11,-0.273,11,-0.273,11,-0.273,8,0,6.4,0.25
838459,9.9,9.9,0,9.9,0,9.9,0,9.9,0,9.9,0,11.9,-0.168,11.9,-0.168,11.9,-0.168,6.9,0.435,5.5,0.8
838508,,,,,,,,,,,,,,,,,,,,,
838513,,,,,,,,,,,,,,,,,,,,,
838519,155,155,0,155,0,155,0,155,0,,,,,,,,,,,,
838528,,,,,,,,,,,,,,,,,,,,,
838533,12,12,0,12,0,12,0,12,0,12,0,12,0,12,0,12,0,12,0,12,0
838573,179,179,0,179,0,179,0,179,0,179,0,179,0,179,0,224,-0.201,129,0.388,129,0.388
838599,,,,,,,,,,,,,,,,,,,,,
838617,28,28,0,28,0,28,0,28,0,28,0,28,0,28,0,28,0,17.5,0.6,17.5,0.6
838622,28,28,0,28,0,28,0,28,0,28,0,28,0,28,0,28,0,17.5,0.6,17.5,0.6
838676,3,2,0.5,2,0.5,2,0.5,2,0.5,2,0.5,2,0.5,2,0.5,2,0.5,2,0.5,,
838763,148,148,0,148,0,148,0,148,0,,,,,,,,,,,,
838767,21,21,0,21,0,21,0,21,0,,,,,,,,,,,,
838772,32,32,0,32,0,32,0,32,0,,,,,,,,,,,,
838802,,,,,,,,,,,,,,,,,,,,,
838861,41,41,0,41,0,41,0,41,0,,,,,,,,,,,,
838894,70,70,0,70,0,70,0,70,0,,,,,,,,,,,,
838918,76,76,0,76,0,76,0,76,0,,,,,,,,,,,,
839010,,,,,,,,,,,,,,,,,,,,,
839026,,,,,,,,,,,,,,,,,,,,,
839028,,,,,,,,,,,,,,,,,,,,,
839081,10,10,0,10,0,10,0,10,0,10,0,10,0,10,0,9.5,0.0526,9.5,0.0526,9.5,0.0526
839159,,,,,,,,,,,,,,,,,,,,,
839254,14.5,14.5,0,14.5,0,14.5,0,14.5,0,14.5,0,14.5,0,14.5,0,14.5,0,8.9,0.629,9,0.611
839310,5,5,0,5,0,5,0,5,0,5,0,5,0,5,0,5,0,5,0,5,0
839313,,,,,,,,,,,,,,,,,,,,,
839317,,,,,,,,,,,,,,,,,,,,,
839338,3.4,3.4,0,3.4,0,3.4,0,3.4,0,,,,,,,3.4,0,3.4,0,3,0.133
839343,23.9,23.9,0,23.9,0,23.9,0,23.9,0,23.9,0,23.9,0,27,-0.115,26,-0.0808,26,-0.0808,20.9,0.144
839354,,,,,,,,,,,,,,,,,,,,,
839358,23.9,23.9,0,23.9,0,23.9,0,23.9,0,23.9,0,23.9,0,27,-0.115,25,-0.044,25,-0.044,19.9,0.201
839360,14,14,0,14,0,14,0,14,0,14,0,14,0,14,0,,,14,0,14,0
839371,56,56,0,56,0,56,0,56,0,56,0,56,0,56,0,56,0,41,0.366,41,0.366
839584,,,,,,,,,,,,,,,,,,,,,
839596,28,28,0,28,0,28,0,28,0,28,0,28,0,28,0,28,0,22.5,0.244,,
839635,67,67,0,67,0,67,0,76,-0.118,76,-0.118,76,-0.118,76,-0.118,76,-0.118,56,0.196,60,0.117
839737,16,16,0,16,0,16,0,16,0,16,0,16,0,16,0,16,0,16,0,16,0
839770,28,28,0,28,0,28,0,28,0,28,0,28,0,28,0,28,0,22,0.273,22,0.273
839800,147,147,0,147,0,147,0,147,0,147,0,180,-0.183,180,-0.183,180,-0.183,139,0.0576,139,0.0576
839810,49,49,0,49,0,49,0,49,0,49,0,54,-0.0926,54,-0.0926,54,-0.0926,,,22.6,1.17
839895,43,43,0,43,0,43,0,43,0,43,0,43,0,43,0,43,0,30,0.433,30,0.433
839896,43,43,0,43,0,43,0,43,0,43,0,43,0,43,0,43,0,30,0.433,,
839902,43,43,0,43,0,43,0,43,0,43,0,43,0,,,43,0,30,0.433,30,0.433
839958,,,,,,,,,,,,,,,,,,,,,
840092,,,,,,,,,,,,,,,,,,,,,
840093,,,,,,,,,,,,,,,,,,,,,
840094,,,,,,,,,,,,,,,,,,,,,
840095,,,,,,,,,,,,,,,,,,,,,
840100,18.2,18.2,0,18.2,0,18.2,0,18.2,0,18.2,0,18.2,0,18.2,0,18.2,0,15,0.213,14,0.3
840115,20.4,20.4,0,20.4,0,20.4,0,20.4,0,20.4,0,20.4,0,20.4,0,20.4,0,16.8,0.214,14,0.457
840127,,,,,,,,,,,,,,,,,,,,,
840148,,,,,,,,,,,,,,,,,,,,,
840153,,,,,,,,,,,,,,,,,,,,,
840165,,,,,,,,,,,,,,,,,,,,,
840167,,,,,,,,,,,,,,,,,,,,,
840172,48,48,0,48,0,48,0,48,0,63,-0.238,63,-0.238,,,,,,,43,0.116
840220,,,,,,,,,,,,,,,,,,,,,
840230,,,,,,,,,,,,,,,,,,,,,
840231,,,,,,,,,,,,,,,,,,,,,
840232,,,,,,,,,,,,,,,,,,,,,
840233,9,9,0,9,0,9,0,9,0,13,-0.308,13,-0.308,,,,,,,8,0.125
840234,9,9,0,9,0,9,0,9,0,13,-0.308,13,-0.308,,,,,,,8,0.125
840235,,,,,,,,,,,,,,,,,,,,,
840338,,,,,,,,,,,,,,,,,,,,,
840402,93,93,0,93,0,93,0,93,0,93,0,93,0,93,0,65.5,0.42,48,0.938,48,0.938
840615,,,,,,,,,,,,,,,,,,,,,
840620,,,,,,,,,,,,,,,,,,,,,
840635,,,,,,,,,,,,,,,,,,,,,
840640,,,,,,,,,,,,,,,,,,,,,
840655,,,,,,,,,,,,,,,,,,,,,
840656,,,,,,,,,,,,,,,,,,,,,
840675,,,,,,,,,,,,,,,,,,,,,
840689,,,,,,,,,,,,,,,,,,,,,
840828,,,,,,,,,,,,,,,,,,,,,
840988,,,,,,,,,,,,,,,,,,,,,
841080,,,,,,,,,,,,,,,,,,,,,
841123,4.9,4.9,0,4.9,0,4.9,0,4.9,0,4.9,0,4.9,0,4.9,0,4.9,0,4.9,0,4.9,0
841252,19.5,19.5,0,19.5,0,19.5,0,19.5,0,19.5,0,16.5,0.182,19.5,0,19.5,0,18,0.0833,18,0.0833
841267,19.5,19.5,0,19.5,0,19.5,0,19.5,0,19.5,0,19.5,0,19.5,0,19.5,0,14,0.393,14,0.393
841289,,,,,,,,,,,,,,,,,,,,,
841318,,,,,,,,,,,,,,,,,,,,,
841319,,,,,,,,,,,,,,,,,,,,,
841321,102,102,0,102,0,102,0,102,0,102,0,102,0,102,0,88,0.165,89,0.152,69,0.486
841322,,,,,,,,,,,,,,,,,,,,,
841323,,,,,,,,,,,,,,,,,,,,,
841324,4,4,0,4,0,4,0,4,0,6,-0.333,6,-0.333,,,,,,,,
841326,6,6,0,6,0,6,0,6,0,8,-0.25,8,-0.25,,,,,,,,
841327,8,8,0,8,0,8,0,8,0,6,0.333,6,0.333,,,,,,,,
841329,,,,,,,,,,,,,,,,,,,,,
841332,,,,,,,,,,,,,,,,,,,,,
841336,97,97,0,97,0,97,0,97,0,97,0,88,0.102,88,0.102,86,0.128,73,0.329,58,0.672
841337,5,5,0,5,0,5,0,5,0,7,-0.286,7,-0.286,,,,,,,,
841338,,,,,,,,,,,,,,,,,,,,,
841342,,,,,,,,,,,,,,,,,,,,,
841343,,,,,,,,,,,,,,,,,,,,,
841346,5,5,0,5,0,5,0,5,0,6,-0.167,6,-0.167,,,,,,,,
841347,,,,,,,,,,,,,,,,,,,,,
841349,,,,,,,,,,,,,,,,,,,,,
841350,,,,,,,,,,,,,,,,,,,,,
841352,,,,,,,,,,,,,,,,,,,,,
841354,,,,,,,,,,,,,,,,,,,,,
841355,,,,,,,,,,,,,,,,,,,,,
841357,,,,,,,,,,,,,,,,,,,,,
841382,,,,,,,,,,,,,,,,,,,,,
841411,4,4,0,4,0,4,0,4,0,5,-0.2,5,-0.2,,,,,,,,
841412,,,,,,,,,,,,,,,,,,,,,
841413,,,,,,,,,,,,,,,,,,,,,
841417,,,,,,,,,,,,,,,,,,,,,
841420,,,,,,,,,,,,,,,,,,,,,
841421,41,41,0,41,0,41,0,41,0,54,-0.241,54,-0.241,,,,,,,50,-0.18
841424,,,,,,,,,,,,,,,,,,,,,
841447,8.9,8.9,0,8.9,0,8.9,0,8.9,0,8.9,0,8.9,0,8.9,0,8.9,0,,,8.9,0
841450,,,,,,,,,,,,,,,,,,,,,
841451,,,,,,,,,,,,,,,,,,,,,
841452,,,,,,,,,,,,,,,,,,,,,
841460,,,,,,,,,,,,,,,,,,,,,
841462,,,,,,,,,,,,,,,,,,,,,
841573,,,,,,,,,,,,,,,,,,,,,
841616,102,102,0,102,0,102,0,102,0,,,102,0,102,0,102,0,78,0.308,78,0.308
841658,,,,,,,,,,,,,,,,,,,,,
841663,,,,,,,,,,,,,,,,,,,,,
841773,,,,,,,,,,,,,,,,,,,,,
841842,,,,,,,,,,,,,,,,,,,,,
841915,36,36,0,36,0,36,0,41,-0.122,41,-0.122,41,-0.122,41,-0.122,41,-0.122,33,0.0909,29,0.241
841949,9.9,9.9,0,9.9,0,9.9,0,9.9,0,9.9,0,12.9,-0.233,12.9,-0.233,12.9,-0.233,,,,
842111,29.5,29.5,0,29.5,0,29.5,0,29.5,0,29.5,0,30.5,-0.0328,30.5,-0.0328,21.5,0.372,21.5,0.372,19.5,0.513
842116,,,,,,,,,,,,,,,,,,,,,
842128,,,,,,,,,,,,,,,,,,,,,
842139,20,20,0,20,0,20,0,20,0,20,0,20,0,20,0,20,0,20,0,20,0
842225,43.9,43.9,0,43.9,0,43.9,0,43.9,0,43.9,0,48.5,-0.0948,48.5,-0.0948,43.5,0.0092,43.5,0.0092,37.9,0.158
842228,39,39,0,39,0,39,0,39,0,39,0,39,0,39,0,39,0,30,0.3,30,0.3
842229,7,7,0,7,0,7,0,7,0,7,0,7,0,8.6,-0.186,8.6,-0.186,6,0.167,5,0.4
842291,,,,,,,,,,,,,,,,,,,,,
842300,41.4,41.4,0,41.4,0,41.4,0,41.4,0,41.4,0,41.4,0,41.4,0,41.4,0,41.4,0,41.4,0
842466,183,183,0,183,0,183,0,,,,,,,,,,,,,,
842486,175,175,0,175,0,175,0,,,,,175,0,,,,,,,,
842527,55,55,0,55,0,55,0,55,0,55,0,55,0,55,0,55,0,47.2,0.165,46,0.196
843169,,,,,,,,,,,,,,,,,,,,,
843174,,,,,,,,,,,,,,,,,,,,,
843240,,,,,,,,,,,,,,,,,,,,,
843246,,,,,,,,,,,,,,,,,,,,,
843309,,,,,,,,,,,,,,,,,,,,,
843315,,,,,,,,,,,,,,,,,,,,,
843326,,,,,,,,,,,,,,,,,,,,,
843444,,,,,,,,,,,,,,,,,,,,,
843466,,,,,,,,,,,,,,,,,,,,,
843469,40,40,0,40,0,40,0,40,0,40,0,40,0,40,0,40,0,40,0,40,0
843514,,,,,,,,,,,,,,,,,,,,,
843868,,,,,,,,,,,,,,,,,,,,,
843892,,,,,,,,,,,,,,,,,,,,,
843902,,,,,,,,,,,,,,,,,,,,,
843912,,,,,,,,,,,,,,,,,,,,,
843948,,,,,,,,,,,,,,,,,,,,,
843991,,,,,,,,,,,,,,,,,,,,,
843992,69.9,69.9,0,69.9,0,69.9,0,69.9,0,69.9,0,69.9,0,69.9,0,69.9,0,69.9,0,69.9,0
843993,,,,,,,,,,,,,,,,,,,,,
844316,240,240,0,240,0,240,0,240,0,240,0,240,0,240,0,240,0,,,,
844619,,,,,,,,,,,,,,,,,,,,,
844620,170,170,0,170,0,170,0,,,,,,,,,,,125,0.36,125,0.36
844623,620,620,0,620,0,620,0,620,0,620,0,620,0,620,0,699,-0.113,440,0.409,398,0.558
844624,534,534,0,534,0,534,0,,,,,,,,,,,,,,
844625,104,104,0,104,0,104,0,104,0,104,0,104,0,104,0,104,0,104,0,104,0
844626,130,130,0,130,0,130,0,130,0,130,0,130,0,130,0,130,0,130,0,130,0
844638,,,,,,,,,,,,,,,,,,,,,
844810,40,40,0,40,0,40,0,40,0,40,0,40,0,,,,,,,,
844813,,,,,,,,,,,,,,,,,,,,,
844814,,,,,,,,,,,,,,,,,,,,,
844818,54.6,54.6,0,54.6,0,54.6,0,54.6,0,54.6,0,,,,,54.6,0,54.6,0,54.6,0
844821,,,,,,,,,,,,,,,,,,,,,
844824,,,,,,,,,,,,,,,,,,,,,
844829,13,13,0,13,0,13,0,13,0,13,0,13,0,13,0,13,0,13,0,13,0
844833,,,,,,,,,,,,,,,,,,,,,
844834,17,17,0,17,0,17,0,17,0,17,0,17,0,17,0,,,17,0,17,0
844837,257,257,0,257,0,257,0,257,0,257,0,257,0,257,0,257,0,257,0,257,0
844838,50,50,0,50,0,50,0,50,0,50,0,50,0,50,0,50,0,50,0,50,0
844845,151,151,0,151,0,151,0,151,0,151,0,151,0,151,0,151,0,,,,
844847,26,26,0,26,0,26,0,26,0,26,0,26,0,26,0,26,0,26,0,26,0
844849,,,,,,,,,,,,,,,,,,,,,
844852,29,29,0,29,0,29,0,29,0,29,0,29,0,29,0,29,0,29,0,29,0
844856,14,14,0,14,0,14,0,14,0,14,0,14,0,14,0,14,0,14,0,14,0
845216,,,,,,,,,,,,,,,,,,,,,
845234,49,49,0,49,0,49,0,49,0,47.9,0.023,47.9,0.023,47.9,0.023,47.9,0.023,47.9,0.023,47.9,0.023
845257,137,137,0,137,0,137,0,137,0,137,0,137,0,137,0,137,0,137,0,137,0
845286,,,,,,,,,,,,,,,,,,,,,
845295,103,103,0,103,0,103,0,103,0,103,0,103,0,103,0,103,0,103,0,103,0
845297,,,,,,,,,,,,,,,,,,,,,
845298,,,,,,,,,,,,,,,,,,,,,
845299,,,,,,,,,,,,,,,,,,,,,
845300,,,,,,,,,,,,,,,,,,,,,
845304,111,111,0,111,0,111,0,111,0,111,0,111,0,111,0,111,0,111,0,111,0
845316,,,,,,,,,,,,,,,,,,,,,
845319,,,,,,,,,,,,,,,,,,,,,
845487,31,31,0,31,0,31,0,31,0,31,0,31,0,31,0,31,0,25,0.24,25,0.24
845945,45,45,0,45,0,45,0,45,0,45,0,45,0,45,0,45,0,45,0,69.9,-0.356
845949,,,,,,,,,,,,,,,,,,,,,
846041,49,49,0,49,0,49,0,49,0,49,0,49,0,28,0.75,28,0.75,,,,
846043,,,,,,,,,,,,,,,,,,,,,
846057,,,,,,,,,,,,,,,,,,,,,
846059,26,26,0,26,0,26,0,26,0,26,0,26,0,14,0.857,14,0.857,,,,
846125,,,,,,,,,,,,,,,,,,,,,
846129,,,,,,,,,,,,,,,,,,,,,
846178,,,,,,,,,,,,,,,,,,,,,
846182,,,,,,,,,,,,,,,,,,,,,
846190,,,,,,,,,,,,,,,,,,,,,
846200,,,,,,,,,,,,,,,,,,,,,
846205,,,,,,,,,,,,,,,,,,,,,
846220,,,,,,,,,,,,,,,,,,,,,
846223,26,26,0,26,0,26,0,26,0,37,-0.297,37,-0.297,,,,,,,,
846224,,,,,,,,,,,,,,,,,,,,,
846225,,,,,,,,,,,,,,,,,,,,,
846226,,,,,,,,,,,,,,,,,,,,,
846229,,,,,,,,,,,,,,,,,,,,,
846231,,,,,,,,,,,,,,,,,,,,,
846232,21,21,0,21,0,21,0,21,0,30,-0.3,30,-0.3,,,,,,,19,0.105
846234,48,48,0,48,0,48,0,48,0,68,-0.294,68,-0.294,,,,,,,43,0.116
846235,48,48,0,48,0,48,0,48,0,68,-0.294,68,-0.294,,,,,,,43,0.116
846236,21,21,0,21,0,21,0,21,0,30,-0.3,30,-0.3,,,,,,,19,0.105
846238,32,32,0,32,0,32,0,32,0,45,-0.289,45,-0.289,,,,,,,29,0.103
846239,29,29,0,29,0,29,0,29,0,41,-0.293,41,-0.293,,,,,,,26,0.115
846240,51,51,0,51,0,51,0,51,0,72,-0.292,72,-0.292,,,,,,,,
846241,,,,,,,,,,,,,,,,,,,,,
846243,81,81,0,81,0,81,0,81,0,106,-0.236,106,-0.236,,,,,,,,
846245,,,,,,,,,,,,,,,,,,,,,
846246,,,,,,,,,,,,,,,,,,,,,
846248,,,,,,,,,,,,,,,,,,,,,
846250,,,,,,,,,,,,,,,,,,,,,
846251,,,,,,,,,,,,,,,,,,,,,
846252,,,,,,,,,,,,,,,,,,,,,
846258,,,,,,,,,,,,,,,,,,,,,
846259,,,,,,,,,,,,,,,,,,,,,
846260,,,,,,,,,,,,,,,,,,,,,
846263,,,,,,,,,,,,,,,,,,,,,
846264,,,,,,,,,,,,,,,,,,,,,
846267,75,75,0,75,0,75,0,75,0,106,-0.292,106,-0.292,,,,,,,67,0.119
846269,,,,,,,,,,,,,,,,,,,,,
846270,,,,,,,,,,,,,,,,,,,,,
846271,,,,,,,,,,,,,,,,,,,,,
846272,65,65,0,65,0,65,0,65,0,89,-0.27,56,0.161,,,,,,,58,0.121
846273,,,,,,,,,,,,,,,,,,,,,
846274,,,,,,,,,,,,,,,,,,,,,
846275,60,60,0,60,0,60,0,60,0,85,-0.294,52,0.154,,,,,,,54,0.111
846276,,,,,,,,,,,,,,,,,,,,,
846278,,,,,,,,,,,,,,,,,,,,,
846280,60,60,0,60,0,60,0,60,0,78,-0.231,54,0.111,,,,,,,,
846281,,,,,,,,,,,,,,,,,,,,,
846283,,,,,,,,,,,,,,,,,,,,,
846284,91,91,0,91,0,91,0,91,0,119,-0.235,79,0.152,,,,,,,,
846285,,,,,,,,,,,,,,,,,,,,,
846286,,,,,,,,,,,,,,,,,,,,,
846288,,,,,,,,,,,,,,,,,,,,,
846289,,,,,,,,,,,,,,,,,,,,,
846293,,,,,,,,,,,,,,,,,,,,,
846295,,,,,,,,,,,,,,,,,,,,,
846296,29,29,0,29,0,29,0,29,0,41,-0.293,41,-0.293,,,,,,,35,-0.171
846310,,,,,,,,,,,,,,,,,,,,,
846312,,,,,,,,,,,,,,,,,,,,,
846313,,,,,,,,,,,,,,,,,,,,,
846315,,,,,,,,,,,,,,,,,,,,,
846319,,,,,,,,,,,,,,,,,,,,,
846363,,,,,,,,,,,,,,,,,,,,,
846365,,,,,,,,,,,,,,,,,,,,,
846369,795,795,0,795,0,795,0,795,0,795,0,795,0,795,0,795,0,795,0,795,0
846374,,,,,,,,,,,,,,,,,,,,,
846376,,,,,,,,,,,,,,,,,,,,,
846377,22,22,0,22,0,22,0,22,0,28,-0.214,28,-0.214,,,,,,,26,-0.154
846378,,,,,,,,,,,,,,,,,,,,,
846380,,,,,,,,,,,,,,,,,,,,,
846393,,,,,,,,,,,,,,,,,,,,,
846394,,,,,,,,,,,,,,,,,,,,,
846395,,,,,,,,,,,,,,,,,,,,,
846396,103,103,0,103,0,103,0,103,0,125,-0.176,92,0.12,,,,,,,,
846397,,,,,,,,,,,,,,,,,,,,,
846398,123,123,0,123,0,123,0,123,0,158,-0.222,158,-0.222,,,,,,,,
846399,89,89,0,89,0,89,0,89,0,116,-0.233,116,-0.233,,,,,,,,
846401,,,,,,,,,,,,,,,,,,,,,
846402,,,,,,,,,,,,,,,,,,,,,
846403,,,,,,,,,,,,,,,,,,,,,
846404,,,,,,,,,,,,,,,,,,,,,
846405,,,,,,,,,,,,,,,,,,,,,
846406,,,,,,,,,,,,,,,,,,,,,
846407,,,,,,,,,,,,,,,,,,,,,
846410,10,10,0,10,0,10,0,10,0,13,-0.231,9,0.111,,,,,,,9,0.111
846411,,,,,,,,,,,,,,,,,,,,,
846412,,,,,,,,,,,,,,,,,,,,,
846413,,,,,,,,,,,,,,,,,,,,,
846414,,,,,,,,,,,,,,,,,,,,,
846416,10,10,0,10,0,10,0,10,0,14,-0.286,9,0.111,,,,,,,9,0.111
846417,24,24,0,24,0,24,0,24,0,33,-0.273,33,-0.273,,,,,,,29,-0.172
846421,,,,,,,,,,,,,,,,,,,,,
846422,,,,,,,,,,,,,,,,,,,,,
846423,19.9,19.9,0,19.9,0,19.9,0,19.9,0,19.9,0,19.9,0,19.9,0,19.9,0,19.9,0,19.9,0
846424,,,,,,,,,,,,,,,,,,,,,
846425,35,35,0,35,0,35,0,35,0,35,0,35,0,35,0,35,0,35,0,39.9,-0.123
846426,,,,,,,,,,,,,,,,,,,,,
846428,38,38,0,38,0,38,0,38,0,38,0,38,0,38,0,38,0,38,0,38,0
846429,20,20,0,20,0,20,0,20,0,20,0,20,0,20,0,20,0,20,0,24.9,-0.197
846432,59.9,59.9,0,59.9,0,59.9,0,59.9,0,59.9,0,59.9,0,59.9,0,59.9,0,59.9,0,59.9,0
846455,155,155,0,155,0,155,0,155,0,155,0,155,0,155,0,155,0,99,0.566,99,0.566
846460,72.5,72.5,0,72.5,0,72.5,0,72.5,0,72.5,0,72.5,0,72.5,0,72.5,0,54.5,0.33,54.5,0.33
846475,124,124,0,124,0,124,0,124,0,124,0,124,0,124,0,124,0,64.9,0.911,63,0.968
846480,73.5,73.5,0,73.5,0,73.5,0,73.5,0,73.5,0,73.5,0,73.5,0,73.5,0,39.5,0.861,35.5,1.07
846495,46.5,46.5,0,46.5,0,46.5,0,46.5,0,46.5,0,46.5,0,46.5,0,46.5,0,25,0.86,25,0.86
846520,,,,,,,,,,,,,,,,,,,,,
846534,62.9,62.9,0,62.9,0,62.9,0,62.9,0,62.9,0,62.9,0,62.9,0,62.9,0,62.9,0,62.9,0
846570,,,,,,,,,,,,,,,,,,,,,
846571,,,,,,,,,,,,,,,,,,,,,
846572,,,,,,,,,,,,,,,,,,,,,
846573,,,,,,,,,,,,,,,,,,,,,
846574,,,,,,,,,,,,,,,,,,,,,
846575,,,,,,,,,,,,,,,,,,,,,
846576,,,,,,,,,,,,,,,,,,,,,
846577,51,51,0,51,0,51,0,51,0,73,-0.301,46,0.109,,,,,,,46,0.109
846578,,,,,,,,,,,,,,,,,,,,,
846580,,,,,,,,,,,,,,,,,,,,,
846583,,,,,,,,,,,,,,,,,,,,,
846586,,,,,,,,,,,,,,,,,,,,,
846588,,,,,,,,,,,,,,,,,,,,,
846589,,,,,,,,,,,,,,,,,,,,,
846590,,,,,,,,,,,,,,,,,,,,,
846592,,,,,,,,,,,,,,,,,,,,,
846593,12,12,0,12,0,12,0,12,0,17,-0.294,17,-0.294,,,,,,,11,0.0909
846600,,,,,,,,,,,,,,,,,,,,,
846601,,,,,,,,,,,,,,,,,,,,,
846602,,,,,,,,,,,,,,,,,,,,,
846606,,,,,,,,,,,,,,,,,,,,,
846609,,,,,,,,,,,,,,,,,,,,,
846610,,,,,,,,,,,,,,,,,,,,,
846611,,,,,,,,,,,,,,,,,,,,,
846614,,,,,,,,,,,,,,,,,,,,,
846627,24.9,24.9,0,24.9,0,24.9,0,24.9,0,24.9,0,24.9,0,24.9,0,24.9,0,24.9,0,24.9,0
846631,34.9,34.9,0,34.9,0,34.9,0,34.9,0,34.9,0,34.9,0,34.9,0,34.9,0,34.9,0,34.9,0
846634,39.9,39.9,0,39.9,0,39.9,0,39.9,0,39.9,0,39.9,0,39.9,0,39.9,0,39.9,0,39.9,0
846639,,,,,,,,,,,,,,,,,,,,,
846640,,,,,,,,,,,,,,,,,,,,,
846641,,,,,,,,,,,,,,,,,,,,,
846643,43,43,0,43,0,43,0,43,0,43,0,43,0,43,0,43,0,43,0,43,0
846645,34.9,34.9,0,34.9,0,34.9,0,34.9,0,34.9,0,34.9,0,34.9,0,34.9,0,34.9,0,34.9,0
846650,26,26,0,26,0,26,0,26,0,26,0,26,0,26,0,26,0,26,0,26,0
846689,42,42,0,42,0,42,0,42,0,42,0,42,0,,,42,0,42,0,42,0
846691,52,52,0,52,0,52,0,52,0,52,0,52,0,52,0,,,,,,
846696,99.9,99.9,0,99.9,0,99.9,0,99.9,0,99.9,0,,,,,99.9,0,99.9,0,99.9,0
846698,59.9,59.9,0,59.9,0,59.9,0,59.9,0,59.9,0,59.9,0,59.9,0,59.9,0,59.9,0,59.9,0
846701,,,,,,,,,,,,,,,,,,,,,
846703,,,,,,,,,,,,,,,,,,,,,
846704,,,,,,,,,,,,,,,,,,,,,
846705,59.9,59.9,0,59.9,0,59.9,0,59.9,0,59.9,0,,,59.9,0,59.9,0,59.9,0,59.9,0
846706,,,,,,,,,,,,,,,,,,,,,
846785,37,37,0,37,0,37,0,37,0,37,0,37,0,37,0,37,0,37,0,37,0
846791,,,,,,,,,,,,,,,,,,,,,
846792,30,30,0,30,0,30,0,30,0,30,0,30,0,30,0,30,0,30,0,30,0
846794,99,99,0,99,0,99,0,99,0,99,0,99,0,99,0,99,0,99,0,99,0
846804,28,28,0,28,0,28,0,28,0,28,0,28,0,28,0,28,0,28,0,28,0
846808,17,17,0,17,0,17,0,17,0,17,0,17,0,17,0,17,0,17,0,17,0
846811,16,16,0,16,0,16,0,16,0,16,0,16,0,16,0,10.8,0.481,10.8,0.481,10.8,0.481
846817,,,,,,,,,,,,,,,,,,,,,
846853,29.9,29.9,0,29.9,0,29.9,0,29.9,0,29.9,0,29.9,0,29.9,0,29.9,0,29.9,0,29.9,0
846858,34,34,0,34,0,34,0,34,0,34,0,34,0,34,0,34,0,34,0,34,0
846860,,,,,,,,,,,,,,,,,,,,,
846861,40,40,0,40,0,40,0,40,0,40,0,,,,,,,,,40,0
846891,40,40,0,40,0,40,0,40,0,50.5,-0.208,50.5,-0.208,19.9,1.01,49.8,-0.197,31.5,0.27,,
846915,,,,,,,,,,,,,,,,,,,,,
846922,,,,,,,,,,,,,,,,,,,,,
846928,24.9,24.9,0,24.9,0,24.9,0,24.9,0,24.9,0,24.9,0,24.9,0,24.9,0,24.9,0,24.9,0
846929,,,,,,,,,,,,,,,,,,,,,
846931,9.9,9.9,0,9.9,0,9.9,0,9.9,0,9.9,0,,,,,,,,,,
846932,,,,,,,,,,,,,,,,,,,,,
846933,,,,,,,,,,,,,,,,,,,,,
846934,,,,,,,,,,,,,,,,,,,,,
846936,,,,,,,,,,,,,,,,,,,,,
846943,,,,,,,,,,,,,,,,,,,,,
846944,,,,,,,,,,,,,,,,,,,,,
846945,,,,,,,,,,,,,,,,,,,,,
846946,,,,,,,,,,,,,,,,,,,,,
846947,,,,,,,,,,,,,,,,,,,,,
846949,,,,,,,,,,,,,,,,,,,,,
846951,,,,,,,,,,,,,,,,,,,,,
846952,,,,,,,,,,,,,,,,,,,,,
846954,,,,,,,,,,,,,,,,,,,,,
846957,,,,,,,,,,,,,,,,,,,,,
846958,,,,,,,,,,,,,,,,,,,,,
846963,,,,,,,,,,,,,,,,,,,,,
846964,,,,,,,,,,,,,,,,,,,,,
846966,,,,,,,,,,,,,,,,,,,,,
846967,,,,,,,,,,,,,,,,,,,,,
846969,39.9,39.9,0,39.9,0,39.9,0,39.9,0,39.9,0,,,,,39.9,0,39.9,0,39.9,0
846971,,,,,,,,,,,,,,,,,,,,,
846972,49.9,49.9,0,49.9,0,49.9,0,49.9,0,49.9,0,49.9,0,49.9,0,49.9,0,49.9,0,49.9,0
846973,67.9,67.9,0,67.9,0,67.9,0,67.9,0,67.9,0,67.9,0,67.9,0,67.9,0,67.9,0,67.9,0
846974,45.9,45.9,0,45.9,0,45.9,0,45.9,0,45.9,0,45.9,0,45.9,0,,,45.9,0,45.9,0
846975,,,,,,,,,,,,,,,,,,,,,
846976,,,,,,,,,,,,,,,,,,,,,
846981,,,,,,,,,,,,,,,,,,,,,
846983,,,,,,,,,,,,,,,,,,,,,
846984,,,,,,,,,,,,,,,,,,,,,
846985,,,,,,,,,,,,,,,,,,,,,
847052,24,24,0,24,0,24,0,24,0,24,0,24,0,24,0,,,20.5,0.171,20.5,0.171
847057,,,,,,,,,,,,,,,,,,,,,
847058,24.5,24.5,0,24.5,0,24.5,0,24.5,0,24.5,0,24.5,0,,,24.5,0,19,0.289,19,0.289
847059,24.5,24.5,0,24.5,0,24.5,0,24.5,0,24.5,0,24.5,0,24.5,0,24.5,0,19,0.289,19,0.289
847092,26,26,0,26,0,26,0,26,0,26,0,26,0,26,0,,,9.5,1.74,9.5,1.74
847101,26,26,0,26,0,26,0,26,0,26,0,26,0,26,0,9.5,1.74,9.5,1.74,9.5,1.74
847283,36,36,0,36,0,36,0,36,0,36,0,36,0,36,0,36,0,36,0,36,0
847291,20,20,0,20,0,20,0,20,0,20,0,20,0,20,0,20,0,20,0,20,0
847334,11.5,11.5,0,11.5,0,11.5,0,11.5,0,11.5,0,11.5,0,11.5,0,9.9,0.162,10,0.15,10,0.15
847369,56,56,0,56,0,56,0,56,0,56,0,56,0,56,0,45,0.244,39.5,0.418,39.5,0.418
847397,31.9,31.9,0,31.9,0,31.9,0,31.9,0,31.9,0,31.9,0,,,,,,,,
847399,25.5,25.5,0,25.5,0,25.5,0,25.5,0,25.5,0,25.5,0,25.5,0,25.5,0,25,0.02,22.5,0.133
847446,3,3,0,3,0,3,0,3,0,3,0,3,0,3,0,3,0,3,0,3,0
847521,18,18,0,18,0,18,0,18,0,18,0,18,0,18,0,18,0,18,0,18,0
847784,,,,,,,,,,,,,,,,,,,,,
847848,11,11,0,11,0,11,0,11,0,11,0,11,0,11,0,11,0,11,0,15,-0.267
847850,25,25,0,25,0,25,0,25,0,25,0,25,0,25,0,25,0,25,0,25,0
847861,,,,,,,,,,,,,,,,,,,,,
847863,,,,,,,,,,,,,,,,,,,,,
847864,,,,,,,,,,,,,,,,,,,,,
847910,,,,,,,,,,,,,,,,,,,,,
847934,51,51,0,51,0,51,0,51,0,51,0,51,0,51,0,51,0,46,0.109,46,0.109
848001,,,,,,,,,,,,,,,,,,,,,
848026,,,,,,,,,,,,,,,,,,,,,
848237,188,188,0,188,0,188,0,188,0,,,,,,,,,,,,
848531,87,87,0,87,0,87,0,87,0,87,0,86,0.0116,86,0.0116,86,0.0116,66.8,0.302,56,0.554
848661,,,,,,,,,,,,,,,,,,,,,
848708,13.9,13.9,0,13.9,0,13.9,0,13.9,0,13.9,0,13.9,0,13.5,0.0296,13.5,0.0296,9,0.544,9,0.544
848712,82,82,0,82,0,82,0,82,0,82,0,82,0,42,0.952,42,0.952,42,0.952,42,0.952
848714,16,16,0,16,0,16,0,16,0,16,0,16,0,16,0,16,0,16,0,23,-0.304
848735,19,19,0,19,0,19,0,19,0,19,0,19,0,19,0,19,0,19,0,19,0
848737,18,18,0,18,0,18,0,18,0,18,0,18,0,18,0,18,0,18,0,18,0
848740,18,18,0,18,0,18,0,18,0,18,0,18,0,18,0,18,0,18,0,18,0
848741,20,20,0,20,0,20,0,20,0,20,0,20,0,20,0,20,0,20,0,20,0
848742,18.9,18.9,0,18.9,0,18.9,0,18.9,0,18.9,0,18.9,0,18.9,0,18.9,0,18.9,0,18.9,0
848744,,,,,,,,,,,,,,,,,,,,,
848745,25,25,0,25,0,25,0,25,0,25,0,25,0,25,0,25,0,25,0,25,0
848746,19,19,0,19,0,19,0,19,0,19,0,19,0,19,0,19,0,19,0,19,0
848747,,,,,,,,,,,,,,,,,,,,,
848749,18,18,0,18,0,18,0,,,,,,,,,18,0,18,0,18,0
848752,,,,,,,,,,,,,,,,,,,,,
848754,12,12,0,12,0,12,0,12,0,12,0,12,0,12,0,12,0,12,0,12,0
848755,19,19,0,19,0,19,0,19,0,19,0,19,0,19,0,19,0,19,0,19,0
848756,13,13,0,13,0,13,0,13,0,13,0,13,0,13,0,13,0,13,0,13,0
848757,26,26,0,26,0,26,0,26,0,26,0,26,0,26,0,26,0,26,0,26,0
848758,20,20,0,20,0,20,0,20,0,20,0,20,0,20,0,20,0,20,0,20,0
848759,14.5,14.5,0,14.5,0,14.5,0,14.5,0,14.5,0,14.5,0,14.5,0,14.5,0,14.5,0,14.5,0
848761,19,19,0,19,0,19,0,19,0,19,0,19,0,19,0,19,0,19,0,19,0
848762,14,14,0,14,0,14,0,14,0,14,0,14,0,14,0,14,0,14,0,14,0
848764,26,26,0,26,0,26,0,26,0,26,0,26,0,26,0,26,0,26,0,26,0
848765,21,21,0,21,0,21,0,21,0,21,0,21,0,21,0,21,0,21,0,21,0
848769,,,,,,,,,,,,,,,,,,,,,
848770,21.8,21.8,0,21.8,0,21.8,0,21.8,0,21.8,0,21.8,0,21.8,0,21.8,0,21.8,0,21.8,0
848772,19,19,0,19,0,19,0,19,0,19,0,19,0,19,0,19,0,19,0,19,0
848774,22,22,0,22,0,22,0,22,0,22,0,22,0,22,0,22,0,22,0,22,0
848775,20,20,0,20,0,20,0,20,0,20,0,20,0,20,0,20,0,20,0,20,0
848826,55,55,0,55,0,55,0,55,0,55,0,55,0,55,0,55,0,47.2,0.165,46,0.196
848944,33.9,33.9,0,33.9,0,33.9,0,33.9,0,33.9,0,33.9,0,33.9,0,33.9,0,31,0.0935,31,0.0935
849109,,,,,,,,,,,,,,,,,,,,,
849111,,,,,,,,,,,,,,,,,,,,,
849137,,,,,,,,,,,,,,,,,,,,,
849160,28,28,0,28,0,28,0,28,0,28,0,28,0,28,0,28,0,23,0.217,23,0.217
849171,,,,,,,,,,,,,,,,,,,,,
849184,36,36,0,36,0,36,0,36,0,36,0,36,0,36,0,36,0,36,0,36,0
849209,10,10,0,10,0,10,0,10,0,,,,,,,,,,,,
849251,,,,,,,,,,,,,,,,,,,,,
849268,,,,,,,,,,,,,,,,,,,,,
849270,,,,,,,,,,,,,,,,,,,,,
849271,,,,,,,,,,,,,,,,,,,,,
849390,22.5,22.5,0,22.5,0,22.5,0,22.5,0,22.5,0,22.5,0,22.5,0,24.4,-0.0779,,,21.5,0.0465
849414,22.5,22.5,0,22.5,0,22.5,0,22.5,0,22.5,0,22.5,0,21.2,0.0613,24.4,-0.0779,18,0.25,21.5,0.0465
849846,81.5,81.5,0,81.5,0,81.5,0,81.5,0,81.5,0,81.5,0,81.5,0,74.5,0.094,71.5,0.14,59.5,0.37
849850,24.5,24.5,0,24.5,0,24.5,0,24.5,0,24.5,0,24.5,0,24.5,0,24.5,0,24.5,0,24.5,0
849897,81.5,81.5,0,81.5,0,81.5,0,81.5,0,81.5,0,81.5,0,81.5,0,74.5,0.094,71.5,0.14,59.5,0.37
849952,,,,,,,,,,,,,,,,,,,,,
849953,115,115,0,115,0,115,0,115,0,115,0,115,0,115,0,115,0,115,0,115,0
849956,,,,,,,,,,,,,,,,,,,,,
849957,,,,,,,,,,,,,,,,,,,,,
850048,128,128,0,128,0,128,0,128,0,128,0,149,-0.142,149,-0.142,149,-0.142,105,0.218,87.5,0.462
850157,,,,,,,,,,,,,,,,,,,,,
850197,24,24,0,24,0,24,0,24,0,24,0,24,0,24,0,,,18,0.333,,
850246,,,,,,,,,,,,,,,,,,,,,
850630,,,,,,,,,,,,,,,,,,,,,
850774,,,,,,,,,,,,,,,,,,,,,
850915,,,,,,,,,,,,,,,,,,,,,
850916,,,,,,,,,,,,,,,,,,,,,
850991,,,,,,,,,,,,,,,,,,,,,
850992,24.9,24.9,0,24.9,0,24.9,0,24.9,0,24.9,0,24.9,0,24.9,0,24.9,0,24.9,0,24.9,0
850996,,,,,,,,,,,,,,,,,,,,,
850997,,,,,,,,,,,,,,,,,,,,,
850998,,,,,,,,,,,,,,,,,,,,,
851000,,,,,,,,,,,,,,,,,,,,,
851003,,,,,,,,,,,,,,,,,,,,,
851004,,,,,,,,,,,,,,,,,,,,,
851006,,,,,,,,,,,,,,,,,,,,,
851007,,,,,,,,,,,,,,,,,,,,,
851008,,,,,,,,,,,,,,,,,,,,,
851009,,,,,,,,,,,,,,,,,,,,,
851022,,,,,,,,,,,,,,,,,,,,,
851314,,,,,,,,,,,,,,,,,,,,,
851335,5.5,5.5,0,5.5,0,5.5,0,5.5,0,5.5,0,5.5,0,5.5,0,5.5,0,4,0.375,4,0.375
851337,26,26,0,26,0,26,0,26,0,26,0,26,0,26,0,26,0,,,21,0.238
851393,,,,,,,,,,,,,,,,,,,,,
851398,63,63,0,63,0,63,0,63,0,63,0,63,0,63,0,63,0,53.6,0.175,51.6,0.221
851463,87,87,0,87,0,87,0,87,0,87,0,87,0,87,0,87,0,87,0,87,0
851496,,,,,,,,,,,,,,,,,,,,,
851500,,,,,,,,,,,,,,,,,,,,,
851502,,,,,,,,,,,,,,,,,,,,,
851504,,,,,,,,,,,,,,,,,,,,,
851505,,,,,,,,,,,,,,,,,,,,,
851506,,,,,,,,,,,,,,,,,,,,,
851697,,,,,,,,,,,,,,,,,,,,,
851787,81,81,0,81,0,81,0,81,0,81,0,81,0,81,0,81,0,81,0,148,-0.453
851859,,,,,,,,,,,,,,,,,,,,,
851870,,,,,,,,,,,,,,,,,,,,,
851872,,,,,,,,,,,,,,,,,,,,,
851888,78,78,0,78,0,78,0,78,0,78,0,78,0,78,0,78,0,78,0,78,0
851922,,,,,,,,,,,,,,,,,,,,,
851923,,,,,,,,,,,,,,,,,,,,,
851939,107,107,0,107,0,107,0,107,0,107,0,107,0,107,0,107,0,107,0,107,0
851994,,,,,,,,,,,,,,,,,,,,,
852059,20.5,20.5,0,20.5,0,20.5,0,20.5,0,20.5,0,24.5,-0.163,24.5,-0.163,19,0.0789,19,0.0789,18.8,0.0904
852070,,,,,,,,,,,,,,,,,,,,,
852071,,,,,,,,,,,,,,,,,,,,,
852072,,,,,,,,,,,,,,,,,,,,,
852073,,,,,,,,,,,,,,,,,,,,,
852074,,,,,,,,,,,,,,,,,,,,,
852084,20.7,20.7,0,20.7,0,20.7,0,20.7,0,21.7,-0.0461,,,,,20.6,0.00485,18,0.15,,
852089,,,,,,,,,,,,,,,,,,,,,
852099,,,,,,,,,,,,,,,,,,,,,
852173,,,,,,,,,,,,,,,,,,,,,
852268,,,,,,,,,,,,,,,,,,,,,
852272,,,,,,,,,,,,,,,,,,,,,
852273,18.5,18.5,0,18.5,0,18.5,0,18.5,0,18.5,0,18.5,0,18.5,0,,,,,,
852364,40,40,0,40,0,40,0,40,0,40,0,40,0,40,0,40,0,40,0,83,-0.518
852377,,,,,,,,,,,,,,,,,,,,,
852388,,,,,,,,,,,,,,,,,,,,,
852428,,,,,,,,,,,,,,,,,,,,,
852431,,,,,,,,,,,,,,,,,,,,,
852432,60,60,0,60,0,60,0,60,0,60,0,60,0,60,0,60,0,60,0,60,0
852437,,,,,,,,,,,,,,,,,,,,,
852453,,,,,,,,,,,,,,,,,,,,,
852482,,,,,,,,,,,,,,,,,,,,,
852502,,,,,,,,,,,,,,,,,,,,,
852692,,,,,,,,,,,,,,,,,,,,,
852694,,,,,,,,,,,,,,,,,,,,,
852704,,,,,,,,,,,,,,,,,,,,,
852723,,,,,,,,,,,,,,,,,,,,,
852724,,,,,,,,,,,,,,,,,,,,,
852726,,,,,,,,,,,,,,,,,,,,,
852727,,,,,,,,,,,,,,,,,,,,,
852728,,,,,,,,,,,,,,,,,,,,,
852729,,,,,,,,,,,,,,,,,,,,,
852731,,,,,,,,,,,,,,,,,,,,,
852733,,,,,,,,,,,,,,,,,,,,,
852735,,,,,,,,,,,,,,,,,,,,,
852736,,,,,,,,,,,,,,,,,,,,,
852739,,,,,,,,,,,,,,,,,,,,,
852741,73,73,0,73,0,73,0,73,0,103,-0.291,103,-0.291,,,,,,,65,0.123
852744,,,,,,,,,,,,,,,,,,,,,
852770,,,,,,,,,,,,,,,,,,,,,
852771,,,,,,,,,,,,,,,,,,,,,
852772,,,,,,,,,,,,,,,,,,,,,
852773,,,,,,,,,,,,,,,,,,,,,
852774,,,,,,,,,,,,,,,,,,,,,
852775,,,,,,,,,,,,,,,,,,,,,
852776,,,,,,,,,,,,,,,,,,,,,
852778,,,,,,,,,,,,,,,,,,,,,
852779,,,,,,,,,,,,,,,,,,,,,
852780,,,,,,,,,,,,,,,,,,,,,
852781,,,,,,,,,,,,,,,,,,,,,
852783,,,,,,,,,,,,,,,,,,,,,
852788,,,,,,,,,,,,,,,,,,,,,
852795,,,,,,,,,,,,,,,,,,,,,
852796,,,,,,,,,,,,,,,,,,,,,
852798,81,81,0,81,0,81,0,81,0,114,-0.289,72,0.125,,,,,,,72,0.125
852913,99,99,0,99,0,99,0,99,0,99,0,99,0,99,0,99,0,99,0,99,0
852924,,,,,,,,,,,,,,,,,,,,,
852925,24,24,0,24,0,24,0,24,0,24,0,24,0,24,0,24,0,24,0,24,0
852928,44,44,0,44,0,44,0,44,0,44,0,44,0,44,0,44,0,44,0,44,0
852987,,,,,,,,,,,,,,,,,,,,,
852989,,,,,,,,,,,,,,,,,,,,,
853007,4,4,0,4,0,4,0,4,0,4,0,4,0,4,0,4,0,3.5,0.143,3.5,0.143
853012,,,,,,,,,,,,,,,,,,,,,
853017,122,122,0,122,0,122,0,122,0,122,0,148,-0.176,148,-0.176,148,-0.176,103,0.184,103,0.184
853032,4,4,0,4,0,4,0,4,0,4,0,4,0,4,0,4,0,3.5,0.143,3.5,0.143
853038,268,268,0,268,0,268,0,268,0,268,0,268,0,268,0,268,0,,,,
853052,,,,,,,,,,,,,,,,,,,,,
853054,,,,,,,,,,,,,,,,,,,,,
853096,394,394,0,394,0,394,0,394,0,394,0,394,0,394,0,296,0.331,296,0.331,296,0.331
853195,,,,,,,,,,,,,,,,,,,,,
853208,349,349,0,349,0,349,0,349,0,349,0,349,0,349,0,349,0,349,0,349,0
853214,,,,,,,,,,,,,,,,,,,,,
853223,,,,,,,,,,,,,,,,,,,,,
853282,22,22,0,22,0,22,0,22,0,22,0,20,0.1,20,0.1,16.9,0.302,19,0.158,18,0.222
853283,19,19,0,19,0,19,0,19,0,19,0,17,0.118,17,0.118,14.2,0.338,15,0.267,15,0.267
853284,,,,,,,,,,,,,,,,,,,,,
853286,19,19,0,19,0,19,0,19,0,19,0,17,0.118,17,0.118,14.2,0.338,15,0.267,15,0.267
853287,16,16,0,16,0,16,0,16,0,16,0,15,0.0667,15,0.0667,12.7,0.26,15,0.0667,15,0.0667
853288,22,22,0,22,0,22,0,22,0,22,0,20,0.1,20,0.1,16.9,0.302,19,0.158,18,0.222
853289,29,29,0,29,0,29,0,29,0,29,0,26,0.115,26,0.115,21.7,0.336,23,0.261,22,0.318
853296,,,,,,,,,,,,,,,,,,,,,
853299,,,,,,,,,,,,,,,,,,,,,
853309,8,8,0,8,0,8,0,8,0,8.5,-0.0588,11,-0.273,11,-0.273,11,-0.273,8,0,6.4,0.25
853314,8,8,0,8,0,8,0,8,0,8.5,-0.0588,11,-0.273,11,-0.273,11,-0.273,8,0,6.4,0.25
853328,,,,,,,,,,,,,,,,,,,,,
853329,,,,,,,,,,,,,,,,,,,,,
853330,68,68,0,68,0,68,0,68,0,96,-0.292,61,0.115,,,,,,,61,0.115
853332,,,,,,,,,,,,,,,,,,,,,
853333,,,,,,,,,,,,,,,,,,,,,
853334,28.5,28.5,0,28.5,0,28.5,0,28.5,0,28.5,0,28.5,0,28.5,0,28.5,0,21,0.357,17.5,0.629
853338,,,,,,,,,,,,,,,,,,,,,
853392,,,,,,,,,,,,,,,,,,,,,
853776,,,,,,,,,,,,,,,,,,,,,
853779,,,,,,,,,,,,,,,,,,,,,
853790,14.9,14.9,0,14.9,0,14.9,0,14.9,0,14.9,0,16.8,-0.113,16.8,-0.113,16.8,-0.113,12.3,0.211,11.5,0.296
853894,29,29,0,29,0,29,0,29,0,29,0,29,0,29,0,29,0,25,0.16,25,0.16
854000,110,110,0,110,0,110,0,110,0,110,0,,,,,,,108,0.0223,104,0.0517
854035,,,,,,,,,,,,,,,,,,,,,
854055,16.1,16.1,0,16.1,0,16.1,0,16.1,0,16.1,0,16.1,0,16.1,0,16.1,0,13.2,0.22,11.5,0.4
854060,12.3,12.3,0,12.3,0,12.3,0,12.3,0,12.3,0,12.3,0,12.3,0,12.3,0,9.7,0.268,8.5,0.447
854075,12.3,12.3,0,12.3,0,12.3,0,12.3,0,12.3,0,12.3,0,12.3,0,12.3,0,9.7,0.268,8.5,0.447
854104,16.8,16.8,0,16.8,0,16.8,0,16.8,0,,,16.8,0,16.8,0,16.1,0.0435,13.2,0.273,11.5,0.461
854144,18.9,18.9,0,18.9,0,18.9,0,18.9,0,18.9,0,18.9,0,21.4,-0.117,24.5,-0.229,16.2,0.167,14.7,0.286
854159,15.5,15.5,0,15.5,0,15.5,0,15.5,0,15.5,0,18.9,-0.18,21.4,-0.276,24.5,-0.367,16.2,-0.0432,14.5,0.069
854179,38.9,38.9,0,38.9,0,38.9,0,38.9,0,38.9,0,34.9,0.115,38.8,0.00258,38.8,0.00258,28,0.389,28,0.389
854291,,,,,,,,,,,,,,,,,,,,,
854292,,,,,,,,,,,,,,,,,,,,,
854294,,,,,,,,,,,,,,,,,,,,,
854295,,,,,,,,,,,,,,,,,,,,,
854317,18,18,0,18,0,18,0,,,18,0,18,0,21.4,-0.159,24.5,-0.265,16,0.125,12.5,0.44
854337,21.9,21.9,0,21.9,0,21.9,0,21.9,0,21.9,0,21.9,0,25.9,-0.154,31,-0.294,19.9,0.101,17.9,0.223
854342,23.5,23.5,0,23.5,0,23.5,0,23.5,0,23.5,0,23.5,0,25.9,-0.0927,31,-0.242,19.9,0.181,17.9,0.313
854357,23.5,23.5,0,23.5,0,23.5,0,23.5,0,23.5,0,23.5,0,25.9,-0.0927,31,-0.242,19.9,0.181,17.9,0.313
854382,19.9,19.9,0,19.9,0,19.9,0,19.9,0,19.9,0,19.9,0,23.5,-0.153,27,-0.263,18,0.106,16.5,0.206
854397,,,,,,,,,,,,,,,,,,,,,
854400,,,,,,,,,,,,,,,,,,,,,
854401,,,,,,,,,,,,,,,,,,,,,
854402,,,,,,,,,,,,,,,,,,,,,
854403,,,,,,,,,,,,,,,,,,,,,
854405,,,,,,,,,,,,,,,,,,,,,
854407,,,,,,,,,,,,,,,,,,,,,
854409,,,,,,,,,,,,,,,,,,,,,
854410,,,,,,,,,,,,,,,,,,,,,
854412,,,,,,,,,,,,,,,,,,,,,
854429,,,,,,,,,,,,,,,,,,,,,
854446,42,42,0,42,0,42,0,42,0,42,0,42,0,42,0,,,32,0.312,32,0.312
854559,118,118,0,118,0,118,0,118,0,,,,,,,,,,,,
854560,,,,,,,,,,,,,,,,,,,,,
854608,119,119,0,119,0,119,0,119,0,119,0,119,0,119,0,119,0,119,0,119,0
854610,,,,,,,,,,,,,,,,,,,,,
854614,,,,,,,,,,,,,,,,,,,,,
854622,185,185,0,185,0,185,0,185,0,,,,,,,,,,,,
854674,,,,,,,,,,,,,,,,,,,,,
854680,,,,,,,,,,,,,,,,,,,,,
854681,,,,,,,,,,,,,,,,,,,,,
854683,,,,,,,,,,,,,,,,,,,,,
854686,,,,,,,,,,,,,,,,,,,,,
854696,,,,,,,,,,,,,,,,,,,,,
854697,,,,,,,,,,,,,,,,,,,,,
854698,,,,,,,,,,,,,,,,,,,,,
854702,,,,,,,,,,,,,,,,,,,,,
854703,,,,,,,,,,,,,,,,,,,,,
854712,,,,,,,,,,,,,,,,,,,,,
854714,,,,,,,,,,,,,,,,,,,,,
854715,,,,,,,,,,,,,,,,,,,,,
854748,23,23,0,23,0,23,0,23,0,23,0,23,0,23,0,21.5,0.0698,16.3,0.411,16.3,0.411
854753,22.3,22.3,0,22.3,0,22.3,0,22.3,0,22.3,0,22.3,0,22.3,0,28,-0.204,16,0.394,16.3,0.368
854762,,,,,,,,,,,,,,,,,,,,,
854768,21.5,21.5,0,21.5,0,21.5,0,21.5,0,21.5,0,21.5,0,21.5,0,21.5,0,16.3,0.319,16.3,0.319
854773,31,31,0,31,0,31,0,31,0,31,0,31,0,31,0,38,-0.184,23.5,0.319,23.5,0.319
854775,,,,,,,,,,,,,,,,,,,,,
854788,33.5,33.5,0,33.5,0,33.5,0,33.5,0,33.5,0,33.5,0,33.5,0,41,-0.183,23.5,0.426,23.5,0.426
854825,,,,,,,,,,,,,,,,,,,,,
854842,43.5,43.5,0,43.5,0,43.5,0,43.5,0,43.5,0,43.5,0,43.5,0,53.5,-0.187,30.5,0.426,30.5,0.426
854857,,,,,,,,,,,,,,,,,,,,,
854864,,,,,,,,,,,,,,,,,,,,,
854877,33.9,33.9,0,33.9,0,33.9,0,33.9,0,33.9,0,33.9,0,33.9,0,41,-0.173,23.5,0.443,23.5,0.443
854898,,,,,,,,,,,,,,,,,,,,,
854904,,,,,,,,,,,,,,,,,,,,,
854905,,,,,,,,,,,,,,,,,,,,,
854907,,,,,,,,,,,,,,,,,,,,,
854908,,,,,,,,,,,,,,,,,,,,,
854928,,,,,,,,,,,,,,,,,,,,,
854952,,,,,,,,,,,,,,,,,,,,,
854953,38,38,0,38,0,38,0,38,0,38,0,38,0,38,0,38,0,38,0,60,-0.367
855004,39,39,0,39,0,39,0,39,0,39,0,39,0,39,0,65,-0.4,29,0.345,65,-0.4
855005,,,,,,,,,,,,,,,,,,,,,
855018,,,,,,,,,,,,,,,,,,,,,
855019,19,19,0,19,0,19,0,19,0,19,0,19,0,19,0,19,0,19,0,19,0
855021,27,27,0,27,0,27,0,27,0,27,0,27,0,27,0,27,0,27,0,27,0
855022,,,,,,,,,,,,,,,,,,,,,
855023,,,,,,,,,,,,,,,,,,,,,
855027,27,27,0,27,0,27,0,27,0,27,0,27,0,27,0,27,0,27,0,27,0
855032,40,40,0,40,0,40,0,40,0,40,0,40,0,40,0,40,0,40,0,63,-0.365
855051,,,,,,,,,,,,,,,,,,,,,
855052,,,,,,,,,,,,,,,,,,,,,
855053,12,12,0,12,0,12,0,12,0,12,0,12,0,12,0,12,0,12,0,12,0
855087,,,,,,,,,,,,,,,,,,,,,
855098,,,,,,,,,,,,,,,,,,,,,
855107,,,,,,,,,,,,,,,,,,,,,
855112,14.5,14.5,0,14.5,0,14.5,0,14.5,0,14.5,0,13.5,0.0741,13.5,0.0741,13.5,0.0741,12.5,0.16,12.5,0.16
855132,,,,,,,,,,,,,,,,,,,,,
855133,,,,,,,,,,,,,,,,,,,,,
855135,,,,,,,,,,,,,,,,,,,,,
855136,,,,,,,,,,,,,,,,,,,,,
855140,,,,,,,,,,,,,,,,,,,,,
855147,14.5,14.5,0,14.5,0,14.5,0,14.5,0,12.5,0.16,12.5,0.16,12.5,0.16,12.5,0.16,12.5,0.16,12.5,0.16
855150,,,,,,,,,,,,,,,,,,,,,
855151,,,,,,,,,,,,,,,,,,,,,
855156,50,50,0,50,0,50,0,50,0,50,0,50,0,50,0,50,0,50,0,50,0
855162,,,,,,,,,,,,,,,,,,,,,
855163,,,,,,,,,,,,,,,,,,,,,
855165,,,,,,,,,,,,,,,,,,,,,
855166,,,,,,,,,,,,,,,,,,,,,
855168,,,,,,,,,,,,,,,,,,,,,
855169,,,,,,,,,,,,,,,,,,,,,
855170,,,,,,,,,,,,,,,,,,,,,
855179,,,,,,,,,,,,,,,,,,,,,
855184,,,,,,,,,,,,,,,,,,,,,
855187,59.5,59.5,0,59.5,0,59.5,0,59.5,0,59.5,0,59.5,0,59.5,0,59.5,0,45.5,0.308,39.5,0.506
855189,21,21,0,21,0,21,0,21,0,21,0,21,0,21,0,21,0,21,0,34,-0.382
855190,,,,,,,,,,,,,,,,,,,,,
855194,,,,,,,,,,,,,,,,,,,,,
855196,,,,,,,,,,,,,,,,,,,,,
855201,51,51,0,51,0,51,0,51,0,51,0,51,0,51,0,51,0,42.5,0.2,42.5,0.2
855296,12.5,12.5,0,12.5,0,12.5,0,12.5,0,12.5,0,13,-0.0385,,,7.8,0.603,7.8,0.603,,
855310,339,339,0,339,0,339,0,339,0,339,0,339,0,,,339,0,269,0.26,199,0.704
855365,20.5,20.5,0,20.5,0,20.5,0,20.5,0,20.5,0,20.5,0,20.5,0,20.5,0,16.5,0.242,16.5,0.242
855370,26.5,26.5,0,26.5,0,26.5,0,26.5,0,26.5,0,26.5,0,26.5,0,26.5,0,22.5,0.178,22.5,0.178
855529,19,19,0,19,0,19,0,19,0,19,0,19,0,19,0,19,0,19,0,,
855535,,,,,,,,,,,,,,,,,,,,,
855584,54,54,0,54,0,54,0,54,0,54,0,54,0,54,0,54,0,54,0,89,-0.393
855592,,,,,,,,,,,,,,,,,,,,,
855593,,,,,,,,,,,,,,,,,,,,,
855599,,,,,,,,,,,,,,,,,,,,,
855614,,,,,,,,,,,,,,,,,,,,,
855627,215,215,0,215,0,215,0,215,0,215,0,259,-0.17,259,-0.17,259,-0.17,155,0.386,145,0.482
855629,27,27,0,27,0,27,0,27,0,27,0,27,0,27,0,,,,,,
855630,25,25,0,25,0,25,0,25,0,25,0,25,0,25,0,,,,,,
855635,35,35,0,35,0,35,0,35,0,35,0,35,0,35,0,,,,,,
855641,50,50,0,50,0,50,0,50,0,50,0,50,0,50,0,,,,,,
855651,56,56,0,56,0,56,0,56,0,56,0,56,0,56,0,56,0,56,0,,
855654,22,22,0,22,0,22,0,22,0,22,0,22,0,22,0,,,,,,
855655,78,78,0,78,0,78,0,78,0,78,0,78,0,78,0,78,0,78,0,,
855657,41,41,0,41,0,41,0,41,0,41,0,41,0,41,0,41,0,,,,
855692,,,,,,,,,,,,,,,,,,,,,
855701,,,,,,,,,,,,,,,,,,,,,
855708,,,,,,,,,,,,,,,,,,,,,
855710,,,,,,,,,,,,,,,,,,,,,
855713,39,39,0,39,0,39,0,39,0,39,0,39,0,39,0,65,-0.4,43,-0.093,65,-0.4
855714,,,,,,,,,,,,,,,,,,,,,
855716,,,,,,,,,,,,,,,,,,,,,
855730,,,,,,,,,,,,,,,,,,,,,
855737,,,,,,,,,,,,,,,,,,,,,
855738,,,,,,,,,,,,,,,,,,,,,
855752,,,,,,,,,,,,,,,,,,,,,
855776,115,115,0,115,0,115,0,115,0,,,,,,,96.9,0.187,,,,
855783,21,21,0,21,0,21,0,21,0,21,0,21,0,26,-0.192,26,-0.192,,,,
855784,,,,,,,,,,,,,,,,,,,,,
855785,95,95,0,95,0,95,0,95,0,95,0,95,0,95,0,95,0,95,0,95,0
855793,,,,,,,,,,,,,,,,,,,,,
855836,103,103,0,103,0,103,0,103,0,103,0,103,0,103,0,63,0.635,,,,
855857,128,128,0,128,0,128,0,128,0,128,0,128,0,128,0,,,,,,
855974,,,,,,,,,,,,,,,,,,,,,
856049,,,,,,,,,,,,,,,,,,,,,
856072,35,35,0,35,0,35,0,35,0,35,0,35,0,35,0,35,0,35,0,35,0
856077,160,160,0,160,0,160,0,160,0,160,0,160,0,160,0,160,0,160,0,,
856078,160,160,0,160,0,160,0,160,0,160,0,160,0,160,0,160,0,160,0,,
856084,,,,,,,,,,,,,,,,,,,,,
856115,84,84,0,84,0,84,0,84,0,84,0,84,0,84,0,84,0,84,0,84,0
856117,,,,,,,,,,,,,,,,,,,,,
856158,,,,,,,,,,,,,,,,,,,,,
856170,,,,,,,,,,,,,,,,,,,,,
856191,,,,,,,,,,,,,,,,,,,,,
856196,,,,,,,,,,,,,,,,,,,,,
856202,16,16,0,16,0,16,0,16,0,16,0,16,0,16,0,16,0,16,0,16,0
856203,20,20,0,20,0,20,0,20,0,20,0,20,0,20,0,20,0,20,0,20,0
856206,,,,,,,,,,,,,,,,,,,,,
856304,,,,,,,,,,,,,,,,,,,,,
856336,,,,,,,,,,,,,,,,,,,,,
856337,,,,,,,,,,,,,,,,,,,,,
856338,,,,,,,,,,,,,,,,,,,,,
856339,,,,,,,,,,,,,,,,,,,,,
856341,,,,,,,,,,,,,,,,,,,,,
856342,,,,,,,,,,,,,,,,,,,,,
856396,17,17,0,17,0,17,0,17,0,17,0,17,0,17,0,17,0,,,,
856399,,,,,,,,,,,,,,,,,,,,,
856400,,,,,,,,,,,,,,,,,,,,,
856401,,,,,,,,,,,,,,,,,,,,,
856403,,,,,,,,,,,,,,,,,,,,,
856405,,,,,,,,,,,,,,,,,,,,,
856408,,,,,,,,,,,,,,,,,,,,,
856418,,,,,,,,,,,,,,,,,,,,,
856419,,,,,,,,,,,,,,,,,,,,,
856420,,,,,,,,,,,,,,,,,,,,,
856518,44,44,0,44,0,44,0,44,0,44,0,51,-0.137,51,-0.137,51,-0.137,,,,
856519,44,44,0,44,0,44,0,44,0,44,0,51,-0.137,51,-0.137,51,-0.137,,,,
856520,44,44,0,44,0,44,0,44,0,44,0,51,-0.137,51,-0.137,51,-0.137,,,,
856521,44,44,0,,,,,,,,,51,-0.137,51,-0.137,51,-0.137,,,,
856522,25,25,0,25,0,25,0,25,0,25,0,30,-0.167,30,-0.167,30,-0.167,23,0.087,20,0.25
856524,25,25,0,25,0,25,0,25,0,25,0,30,-0.167,30,-0.167,30,-0.167,,,,
856526,23.5,23.5,0,23.5,0,23.5,0,23.5,0,23.5,0,23.5,0,23.5,0,23.5,0,18.8,0.25,16.7,0.407
856527,53,53,0,53,0,53,0,53,0,53,0,62,-0.145,62,-0.145,62,-0.145,,,,
856651,119,119,0,119,0,119,0,119,0,119,0,119,0,119,0,119,0,119,0,119,0
856657,18,18,0,18,0,18,0,18,0,18,0,18,0,18,0,18,0,,,,
856704,3.5,3.5,0,3.5,0,3.5,0,3.5,0,3.5,0,3.5,0,3.5,0,3.5,0,3.5,0,3,0.167
856727,355,355,0,355,0,355,0,355,0,,,,,,,,,,,,
856828,,,,,,,,,,,,,,,,,,,,,
856917,,,,,,,,,,,,,,,,,,,,,
856982,39,39,0,39,0,39,0,39,0,39,0,39,0,39,0,39,0,31.5,0.238,28,0.393
857010,,,,,,,,,,,,,,,,,,,,,
857020,,,,,,,,,,,,,,,,,,,,,
857021,25,25,0,25,0,25,0,25,0,25,0,30,-0.167,30,-0.167,30,-0.167,,,,
857024,,,,,,,,,,,,,,,,,,,,,
857025,,,,,,,,,,,,,,,,,,,,,
857026,,,,,,,,,,,,,,,,,,,,,
857027,,,,,,,,,,,,,,,,,,,,,
857028,,,,,,,,,,,,,,,,,,,,,
857030,,,,,,,,,,,,,,,,,,,,,
857031,,,,,,,,,,,,,,,,,,,,,
857033,,,,,,,,,,,,,,,,,,,,,
857035,,,,,,,,,,,,,,,,,,,,,
857036,,,,,,,,,,,,,,,,,,,,,
857037,,,,,,,,,,,,,,,,,,,,,
857038,,,,,,,,,,,,,,,,,,,,,
857039,,,,,,,,,,,,,,,,,,,,,
857040,,,,,,,,,,,,,,,,,,,,,
857042,,,,,,,,,,,,,,,,,,,,,
857043,,,,,,,,,,,,,,,,,,,,,
857044,,,,,,,,,,,,,,,,,,,,,
857045,,,,,,,,,,,,,,,,,,,,,
857046,,,,,,,,,,,,,,,,,,,,,
857047,,,,,,,,,,,,,,,,,,,,,
857048,,,,,,,,,,,,,,,,,,,,,
857050,,,,,,,,,,,,,,,,,,,,,
857051,,,,,,,,,,,,,,,,,,,,,
857052,,,,,,,,,,,,,,,,,,,,,
857053,,,,,,,,,,,,,,,,,,,,,
857054,45.9,45.9,0,45.9,0,45.9,0,45.9,0,,,,,,,,,,,,
857055,,,,,,,,,,,,,,,,,,,,,
857056,,,,,,,,,,,,,,,,,,,,,
857057,,,,,,,,,,,,,,,,,,,,,
857059,,,,,,,,,,,,,,,,,,,,,
857060,,,,,,,,,,,,,,,,,,,,,
857061,,,,,,,,,,,,,,,,,,,,,
857062,,,,,,,,,,,,,,,,,,,,,
857066,72,72,0,72,0,,,,,72,0,72,0,,,,,,,,
857070,,,,,,,,,,,,,,,,,,,,,
857075,,,,,,,,,,,,,,,,,,,,,
857076,,,,,,,,,,,,,,,,,,,,,
857078,,,,,,,,,,,,,,,,,,,,,
857079,,,,,,,,,,,,,,,,,,,,,
857080,,,,,,,,,,,,,,,,,,,,,
857081,,,,,,,,,,,,,,,,,,,,,
857082,,,,,,,,,,,,,,,,,,,,,
857083,,,,,,,,,,,,,,,,,,,,,
857084,,,,,,,,,,,,,,,,,,,,,
857085,,,,,,,,,,,,,,,,,,,,,
857086,,,,,,,,,,,,,,,,,,,,,
857087,,,,,,,,,,,,,,,,,,,,,
857088,,,,,,,,,,,,,,,,,,,,,
857090,,,,,,,,,,,,,,,,,,,,,
857091,,,,,,,,,,,,,,,,,,,,,
857092,,,,,,,,,,,,,,,,,,,,,
857093,,,,,,,,,,,,,,,,,,,,,
857095,,,,,,,,,,,,,,,,,,,,,
857097,,,,,,,,,,,,,,,,,,,,,
857098,,,,,,,,,,,,,,,,,,,,,
857099,,,,,,,,,,,,,,,,,,,,,
857100,,,,,,,,,,,,,,,,,,,,,
857101,,,,,,,,,,,,,,,,,,,,,
857102,,,,,,,,,,,,,,,,,,,,,
857104,,,,,,,,,,,,,,,,,,,,,
857105,,,,,,,,,,,,,,,,,,,,,
857106,,,,,,,,,,,,,,,,,,,,,
857116,199,199,0,199,0,199,0,199,0,199,0,199,0,199,0,,,,,,
857117,,,,,,,,,,,,,,,,,,,,,
857150,,,,,,,,,,,,,,,,,,,,,
857151,,,,,,,,,,,,,,,,,,,,,
857152,12,12,0,12,0,12,0,12,0,17,-0.294,11,0.0909,,,,,,,11,0.0909
857153,,,,,,,,,,,,,,,,,,,,,
857154,,,,,,,,,,,,,,,,,,,,,
857155,,,,,,,,,,,,,,,,,,,,,
857156,,,,,,,,,,,,,,,,,,,,,
857157,,,,,,,,,,,,,,,,,,,,,
857159,,,,,,,,,,,,,,,,,,,,,
857160,,,,,,,,,,,,,,,,,,,,,
857161,,,,,,,,,,,,,,,,,,,,,
857162,,,,,,,,,,,,,,,,,,,,,
857164,,,,,,,,,,,,,,,,,,,,,
857165,,,,,,,,,,,,,,,,,,,,,
857166,,,,,,,,,,,,,,,,,,,,,
857167,,,,,,,,,,,,,,,,,,,,,
857168,,,,,,,,,,,,,,,,,,,,,
857169,,,,,,,,,,,,,,,,,,,,,
857170,,,,,,,,,,,,,,,,,,,,,
857171,,,,,,,,,,,,,,,,,,,,,
857172,,,,,,,,,,,,,,,,,,,,,
857173,,,,,,,,,,,,,,,,,,,,,
857174,,,,,,,,,,,,,,,,,,,,,
857175,,,,,,,,,,,,,,,,,,,,,
857176,,,,,,,,,,,,,,,,,,,,,
857177,,,,,,,,,,,,,,,,,,,,,
857179,,,,,,,,,,,,,,,,,,,,,
857180,14,14,0,14,0,14,0,14,0,20,-0.3,12,0.167,,,,,,,12,0.167
857181,,,,,,,,,,,,,,,,,,,,,
857182,13,13,0,13,0,13,0,13,0,19,-0.316,,,,,,,,,12,0.0833
857184,,,,,,,,,,,,,,,,,,,,,
857185,,,,,,,,,,,,,,,,,,,,,
857186,,,,,,,,,,,,,,,,,,,,,
857187,,,,,,,,,,,,,,,,,,,,,
857188,61,61,0,61,0,61,0,61,0,87,-0.299,55,0.109,,,,,,,55,0.109
857189,,,,,,,,,,,,,,,,,,,,,
857190,,,,,,,,,,,,,,,,,,,,,
857191,,,,,,,,,,,,,,,,,,,,,
857192,,,,,,,,,,,,,,,,,,,,,
857193,,,,,,,,,,,,,,,,,,,,,
857194,,,,,,,,,,,,,,,,,,,,,
857195,171,171,0,171,0,171,0,171,0,194,-0.119,153,0.118,,,,,,,153,0.118
857196,,,,,,,,,,,,,,,,,,,,,
857197,,,,,,,,,,,,,,,,,,,,,
857198,69,69,0,69,0,69,0,69,0,69,0,69,0,,,,,,,58,0.19
857199,,,,,,,,,,,,,,,,,,,,,
857201,34,34,0,34,0,34,0,34,0,49,-0.306,42,-0.19,,,,,,,42,-0.19
857202,,,,,,,,,,,,,,,,,,,,,
857204,19,19,0,19,0,19,0,19,0,26,-0.269,17,0.118,,,,,,,17,0.118
857205,19,19,0,19,0,19,0,19,0,26,-0.269,17,0.118,,,,,,,17,0.118
857206,,,,,,,,,,,,,,,,,,,,,
857208,,,,,,,,,,,,,,,,,,,,,
857209,35,35,0,35,0,35,0,35,0,50,-0.3,43,-0.186,,,,,,,43,-0.186
857210,,,,,,,,,,,,,,,,,,,,,
857211,,,,,,,,,,,,,,,,,,,,,
857213,,,,,,,,,,,,,,,,,,,,,
857214,,,,,,,,,,,,,,,,,,,,,
857215,59,59,0,59,0,59,0,59,0,84,-0.298,53,0.113,,,,,,,53,0.113
857216,60,60,0,60,0,60,0,60,0,85,-0.294,54,0.111,,,,,,,54,0.111
857217,41,41,0,41,0,41,0,41,0,59,-0.305,37,0.108,,,,,,,37,0.108
857218,34,34,0,34,0,34,0,34,0,59,-0.424,37,-0.0811,,,,,,,37,-0.0811
857219,41,41,0,41,0,41,0,41,0,59,-0.305,37,0.108,,,,,,,37,0.108
857220,70,70,0,70,0,70,0,70,0,99,-0.293,63,0.111,,,,,,,63,0.111
857221,70,70,0,70,0,70,0,70,0,99,-0.293,63,0.111,,,,,,,63,0.111
857222,,,,,,,,,,,,,,,,,,,,,
857223,,,,,,,,,,,,,,,,,,,,,
857224,,,,,,,,,,,,,,,,,,,,,
857225,,,,,,,,,,,,,,,,,,,,,
857226,,,,,,,,,,,,,,,,,,,,,
857228,,,,,,,,,,,,,,,,,,,,,
857229,,,,,,,,,,,,,,,,,,,,,
857233,,,,,,,,,,,,,,,,,,,,,
857234,,,,,,,,,,,,,,,,,,,,,
857235,,,,,,,,,,,,,,,,,,,,,
857236,,,,,,,,,,,,,,,,,,,,,
857237,,,,,,,,,,,,,,,,,,,,,
857238,,,,,,,,,,,,,,,,,,,,,
857239,,,,,,,,,,,,,,,,,,,,,
857240,,,,,,,,,,,,,,,,,,,,,
857241,,,,,,,,,,,,,,,,,,,,,
857242,,,,,,,,,,,,,,,,,,,,,
857243,,,,,,,,,,,,,,,,,,,,,
857244,,,,,,,,,,,,,,,,,,,,,
857245,,,,,,,,,,,,,,,,,,,,,
857246,,,,,,,,,,,,,,,,,,,,,
857248,,,,,,,,,,,,,,,,,,,,,
857249,,,,,,,,,,,,,,,,,,,,,
857250,,,,,,,,,,,,,,,,,,,,,
857251,,,,,,,,,,,,,,,,,,,,,
857252,,,,,,,,,,,,,,,,,,,,,
857253,,,,,,,,,,,,,,,,,,,,,
857254,,,,,,,,,,,,,,,,,,,,,
857256,,,,,,,,,,,,,,,,,,,,,
857257,,,,,,,,,,,,,,,,,,,,,
857258,,,,,,,,,,,,,,,,,,,,,
857259,,,,,,,,,,,,,,,,,,,,,
857260,,,,,,,,,,,,,,,,,,,,,
857261,,,,,,,,,,,,,,,,,,,,,
857262,21,21,0,21,0,21,0,21,0,30,-0.3,41,-0.488,,,,,,,14,0.5
857263,21,21,0,21,0,21,0,21,0,30,-0.3,41,-0.488,,,,,,,14,0.5
857264,,,,,,,,,,,,,,,,,,,,,
857265,,,,,,,,,,,,,,,,,,,,,
857266,22,22,0,22,0,22,0,22,0,34,-0.353,46,-0.522,,,,,,,,
857268,22,22,0,22,0,22,0,22,0,34,-0.353,46,-0.522,,,,,,,,
857269,,,,,,,,,,,,,,,,,,,,,
857270,,,,,,,,,,,,,,,,,,,,,
857271,18,18,0,18,0,18,0,18,0,26,-0.308,35,-0.486,,,,,,,12,0.5
857273,18,18,0,18,0,18,0,18,0,26,-0.308,35,-0.486,,,,,,,12,0.5
857274,10,10,0,10,0,10,0,10,0,14,-0.286,14,-0.286,,,,,,,8,0.25
857276,13,13,0,13,0,13,0,13,0,19,-0.316,19,-0.316,,,,,,,11,0.182
857277,,,,,,,,,,,,,,,,,,,,,
857387,32,32,0,32,0,32,0,32,0,32,0,32,0,32,0,32,0,23,0.391,18.9,0.693
857396,,,,,,,,,,,,,,,,,,,,,
857436,,,,,,,,,,,,,,,,,,,,,
857437,,,,,,,,,,,,,,,,,,,,,
857438,,,,,,,,,,,,,,,,,,,,,
857440,,,,,,,,,,,,,,,,,,,,,
857441,60,60,0,60,0,60,0,60,0,84,-0.286,53,0.132,,,,,,,,
857442,,,,,,,,,,,,,,,,,,,,,
857443,30,30,0,30,0,30,0,30,0,42,-0.286,27,0.111,,,,,,,,
857446,,,,,,,,,,,,,,,,,,,,,
857447,,,,,,,,,,,,,,,,,,,,,
857448,24,24,0,24,0,24,0,24,0,35,-0.314,22,0.0909,,,,,,,,
857452,,,,,,,,,,,,,,,,,,,,,
857453,,,,,,,,,,,,,,,,,,,,,
857455,,,,,,,,,,,,,,,,,,,,,
857456,27,27,0,27,0,27,0,27,0,,,,,,,,,,,,
857457,,,,,,,,,,,,,,,,,,,,,
857465,,,,,,,,,,,,,,,,,,,,,
857467,83,83,0,83,0,83,0,83,0,118,-0.297,74,0.122,,,,,,,,
857471,73,73,0,73,0,73,0,73,0,104,-0.298,66,0.106,,,,,,,,
857472,26,26,0,26,0,26,0,26,0,36,-0.278,23,0.13,,,,,,,,
857475,97,97,0,97,0,97,0,97,0,137,-0.292,87,0.115,,,,,,,,
857476,,,,,,,,,,,,,,,,,,,,,
857477,53,53,0,53,0,53,0,53,0,76,-0.303,48,0.104,,,,,,,,
857478,34,34,0,34,0,34,0,34,0,48,-0.292,41,-0.171,,,,,,,,
857479,43,43,0,43,0,43,0,43,0,61,-0.295,53,-0.189,,,,,,,,
857480,43,43,0,43,0,43,0,43,0,61,-0.295,39,0.103,,,,,,,,
857484,,,,,,,,,,,,,,,,,,,,,
857487,53,53,0,53,0,53,0,53,0,76,-0.303,48,0.104,,,,,,,,
857488,,,,,,,,,,,,,,,,,,,,,
857489,,,,,,,,,,,,,,,,,,,,,
857493,29,29,0,29,0,29,0,29,0,41,-0.293,26,0.115,,,,,,,,
857494,105,105,0,105,0,105,0,105,0,149,-0.295,94,0.117,,,,,,,,
857505,,,,,,,,,,,,,,,,,,,,,
857506,17,17,0,17,0,17,0,17,0,24,-0.292,15,0.133,,,,,,,,
857511,17,17,0,17,0,17,0,17,0,24,-0.292,15,0.133,,,,,,,,
857512,,,,,,,,,,,,,,,,,,,,,
857516,9,9,0,9,0,9,0,9,0,13,-0.308,8,0.125,,,,,,,,
857517,,,,,,,,,,,,,,,,,,,,,
857518,9,9,0,9,0,9,0,9,0,13,-0.308,8,0.125,,,,,,,,
857522,27,27,0,27,0,27,0,27,0,38,-0.289,24,0.125,,,,,,,,
857523,27,27,0,27,0,27,0,27,0,38,-0.289,,,,,,,,,,
857525,,,,,,,,,,,,,,,,,,,,,
857528,13,13,0,13,0,13,0,13,0,19,-0.316,12,0.0833,,,,,,,12,0.0833
857530,,,,,,,,,,,,,,,,,,,,,
857537,,,,,,,,,,,,,,,,,,,,,
857538,,,,,,,,,,,,,,,,,,,,,
857539,,,,,,,,,,,,,,,,,,,,,
857540,,,,,,,,,,,,,,,,,,,,,
857542,55,55,0,55,0,55,0,55,0,78,-0.295,49,0.122,,,,,,,,
857543,,,,,,,,,,,,,,,,,,,,,
857544,,,,,,,,,,,,,,,,,,,,,
857545,44,44,0,44,0,44,0,44,0,62,-0.29,39,0.128,,,,,,,,
857546,,,,,,,,,,,,,,,,,,,,,
857547,46,46,0,46,0,46,0,46,0,65,-0.292,48,-0.0417,,,,,,,,
857548,,,,,,,,,,,,,,,,,,,,,
857550,49,49,0,49,0,49,0,49,0,70,-0.3,44,0.114,,,,,,,,
857552,27,27,0,27,0,27,0,27,0,38,-0.289,24,0.125,,,,,,,,
857553,,,,,,,,,,,,,,,,,,,,,
857559,40,40,0,40,0,40,0,40,0,57,-0.298,36,0.111,,,,,,,,
857560,,,,,,,,,,,,,,,,,,,,,
857562,,,,,,,,,,,,,,,,,,,,,
857565,,,,,,,,,,,,,,,,,,,,,
857567,,,,,,,,,,,,,,,,,,,,,
857568,,,,,,,,,,,,,,,,,,,,,
857570,,,,,,,,,,,,,,,,,,,,,
857571,,,,,,,,,,,,,,,,,,,,,
857572,44,44,0,44,0,44,0,44,0,62,-0.29,39,0.128,,,,,,,,
857574,13.5,13.5,0,13.5,0,13.5,0,13.5,0,12.2,0.107,12.2,0.107,12.2,0.107,12.2,0.107,12.2,0.107,12.5,0.08
857576,60,60,0,60,0,60,0,60,0,84,-0.286,53,0.132,,,,,,,,
857577,47,47,0,47,0,47,0,47,0,66,-0.288,,,,,,,,,,
857578,,,,,,,,,,,,,,,,,,,,,
857579,,,,,,,,,,,,,,,,,,,,,
857580,,,,,,,,,,,,,,,,,,,,,
857581,,,,,,,,,,,,,,,,,,,,,
857589,,,,,,,,,,,,,,,,,,,,,
857664,,,,,,,,,,,,,,,,,,,,,
857665,74,74,0,74,0,74,0,74,0,89,-0.169,66,0.121,,,,,,,,
857666,98,98,0,98,0,98,0,98,0,139,-0.295,88,0.114,,,,,,,,
857667,98,98,0,98,0,98,0,98,0,139,-0.295,88,0.114,,,,,,,,
857668,,,,,,,,,,,,,,,,,,,,,
857670,54,54,0,54,0,54,0,54,0,48,0.125,48,0.125,,,,,,,,
857671,120,120,0,120,0,120,0,120,0,157,-0.236,108,0.111,,,,,,,,
857672,120,120,0,120,0,120,0,120,0,171,-0.298,108,0.111,,,,,,,,
857694,49,49,0,49,0,49,0,49,0,70,-0.3,44,0.114,,,,,,,,
857716,99,99,0,99,0,99,0,99,0,150,-0.34,230,-0.57,,,,,,,,
857717,,,,,,,,,,,,,,,,,,,,,
857884,31,31,0,31,0,31,0,31,0,44,-0.295,28,0.107,,,,,,,,
857996,,,,,,,,,,,,,,,,,,,,,
857997,,,,,,,,,,,,,,,,,,,,,
858005,,,,,,,,,,,,,,,,,,,,,
858006,,,,,,,,,,,,,,,,,,,,,
858051,,,,,,,,,,,,,,,,,,,,,
858054,,,,,,,,,,,,,,,,,,,,,
858055,,,,,,,,,,,,,,,,,,,,,
858056,,,,,,,,,,,,,,,,,,,,,
858058,,,,,,,,,,,,,,,,,,,,,
858059,,,,,,,,,,,,,,,,,,,,,
858060,,,,,,,,,,,,,,,,,,,,,
858061,,,,,,,,,,,,,,,,,,,,,
858063,,,,,,,,,,,,,,,,,,,,,
858064,,,,,,,,,,,,,,,,,,,,,
858065,,,,,,,,,,,,,,,,,,,,,
858067,,,,,,,,,,,,,,,,,,,,,
858068,,,,,,,,,,,,,,,,,,,,,
858069,,,,,,,,,,,,,,,,,,,,,
858070,,,,,,,,,,,,,,,,,,,,,
858184,,,,,,,,,,,,,,,,,,,,,
858187,,,,,,,,,,,,,,,,,,,,,
858193,43,43,0,43,0,43,0,43,0,43,0,43,0,43,0,43,0,,,,
858194,59,59,0,59,0,59,0,59,0,59,0,59,0,59,0,59,0,59,0,72,-0.181
858196,55,55,0,55,0,55,0,55,0,55,0,,,,,49,0.122,49,0.122,60,-0.0833
858235,78,78,0,78,0,78,0,78,0,78,0,78,0,78,0,78,0,65,0.2,65,0.2
858262,,,,,,,,,,,,,,,,,,,,,
858297,,,,,,,,,,,,,,,,,,,,,
858298,,,,,,,,,,,,,,,,,,,,,
858308,,,,,,,,,,,,,,,,,,,,,
858309,,,,,,,,,,,,,,,,,,,,,
858310,,,,,,,,,,,,,,,,,,,,,
858312,,,,,,,,,,,,,,,,,,,,,
858313,,,,,,,,,,,,,,,,,,,,,
858319,8.2,8.2,0,8.2,0,8.2,0,8.2,0,8.2,0,8.2,0,8.2,0,8.2,0,7,0.171,7,0.171
858324,19.8,19.8,0,19.8,0,19.8,0,19.8,0,19.8,0,19.8,0,19.8,0,,,,,,
858364,88,88,0,88,0,88,0,88,0,88,0,88,0,88,0,88,0,67.5,0.304,62,0.419
858379,88,88,0,88,0,88,0,88,0,88,0,88,0,88,0,83,0.0602,67.5,0.304,62,0.419
858388,,,,,,,,,,,,,,,,,,,,,
858390,,,,,,,,,,,,,,,,,,,,,
858454,,,,,,,,,,,,,,,,,,,,,
858455,29,29,0,29,0,29,0,29,0,29,0,29,0,,,,,,,,
858458,60,60,0,60,0,60,0,60,0,60,0,60,0,,,,,,,,
858459,59.9,59.9,0,59.9,0,59.9,0,120,-0.501,,,,,,,,,,,,
858540,,,,,,,,,,,,,,,,,,,,,
858566,169,169,0,169,0,169,0,169,0,169,0,169,0,,,,,,,,
858567,,,,,,,,,,,,,,,,,,,,,
858659,56,56,0,56,0,56,0,56,0,56,0,,,,,,,,,,
858660,44,44,0,44,0,44,0,44,0,26,0.692,26,0.692,26,0.692,26,0.692,26,0.692,19.9,1.21
858661,,,,,,,,,,,,,,,,,,,,,
858668,187,187,0,187,0,187,0,187,0,187,0,187,0,187,0,187,0,,,,
858669,170,170,0,170,0,170,0,170,0,122,0.393,122,0.393,122,0.393,122,0.393,,,,
858676,213,213,0,213,0,213,0,213,0,213,0,213,0,213,0,213,0,,,,
858713,,,,,,,,,,,,,,,,,,,,,
858715,12,12,0,12,0,12,0,12,0,12,0,12,0,12,0,12,0,,,,
858727,104,104,0,104,0,104,0,104,0,104,0,104,0,104,0,104,0,,,,
858760,18.5,18.5,0,18.5,0,18.5,0,18.5,0,18.5,0,18.5,0,18.5,0,18.5,0,17,0.0882,17,0.0882
858772,34,34,0,34,0,34,0,34,0,34,0,34,0,34,0,34,0,,,,
858847,,,,,,,,,,,,,,,,,,,,,
858882,,,,,,,,,,,,,,,,,,,,,
859071,,,,,,,,,,,,,,,,,,,,,
859088,61,61,0,61,0,61,0,61,0,61,0,54.9,0.111,54.9,0.111,54.9,0.111,,,54.9,0.111
859129,13,13,0,13,0,13,0,13,0,13,0,13,0,13,0,,,,,10.4,0.25
859134,11.5,11.5,0,11.5,0,11.5,0,11.5,0,11.5,0,11.5,0,11.5,0,,,,,,
859149,11.5,11.5,0,11.5,0,11.5,0,11.5,0,11.5,0,11.5,0,11.5,0,,,,,,
859154,30,30,0,30,0,30,0,30,0,30,0,30,0,30,0,30,0,27.5,0.0909,27.5,0.0909
859207,,,,,,,,,,,,,,,,,,,,,
859211,51,51,0,51,0,51,0,51,0,51,0,51,0,51,0,51,0,40,0.275,37.5,0.36
859213,51,51,0,51,0,51,0,51,0,51,0,51,0,51,0,51,0,40,0.275,37.5,0.36
859264,21,21,0,21,0,21,0,21,0,21,0,21,0,21,0,21,0,21,0,12.5,0.68
859273,,,,,,,,,,,,,,,,,,,,,
859577,,,,,,,,,,,,,,,,,,,,,
859586,19,19,0,19,0,19,0,19,0,19,0,19,0,19,0,19,0,,,,
859721,,,,,,,,,,,,,,,,,,,,,
859738,,,,,,,,,,,,,,,,,,,,,
859764,259,259,0,259,0,259,0,259,0,259,0,259,0,259,0,219,0.183,276,-0.0616,276,-0.0616
860001,19,19,0,19,0,19,0,19,0,19,0,19,0,19,0,19,0,16,0.188,16,0.188
860233,69,69,0,69,0,69,0,69,0,75,-0.08,75,-0.08,75,-0.08,65,0.0615,49.9,0.383,45.9,0.503
860256,,,,,,,,,,,,,,,,,,,,,
860296,77.8,77.8,0,77.8,0,77.8,0,77.8,0,77.8,0,77.8,0,77.8,0,77.8,0,,,,
860297,77.8,77.8,0,77.8,0,77.8,0,77.8,0,77.8,0,77.8,0,77.8,0,77.8,0,,,,
860384,,,,,,,,,,,,,,,,,,,,,
860795,19,19,0,19,0,19,0,19,0,19,0,19,0,19,0,15,0.267,15,0.267,15,0.267
860797,,,,,,,,,,,,,,,,,,,,,
860990,72,72,0,72,0,72,0,72,0,,,,,,,,,,,,
861058,229,229,0,229,0,229,0,229,0,229,0,229,0,229,0,,,,,,
861152,,,,,,,,,,,,,,,,,,,,,
861206,,,,,,,,,,,,,,,,,,,,,
861264,77,77,0,77,0,77,0,94,-0.181,94,-0.181,,,,,,,,,,
861266,77,77,0,77,0,77,0,94,-0.181,94,-0.181,,,,,,,,,,
861340,178,178,0,178,0,178,0,178,0,,,,,,,,,,,,
861364,106,106,0,106,0,106,0,106,0,,,,,,,,,,,,
861369,69,69,0,69,0,69,0,69,0,,,,,,,,,,,,
861381,80,80,0,80,0,80,0,80,0,,,,,,,,,,,,
861384,64,64,0,64,0,64,0,64,0,,,,,,,,,,,,
861389,82,82,0,82,0,82,0,82,0,,,,,,,,,,,,
861446,8,8,0,8,0,8,0,8,0,8,0,,,,,,,,,,
861598,,,,,,,,,,,,,,,,,,,,,
861614,12,12,0,12,0,12,0,12,0,12,0,,,,,,,,,,
861615,15,15,0,15,0,15,0,15,0,15,0,,,,,,,,,,
861616,15,15,0,15,0,15,0,15,0,15,0,,,,,,,,,,
861617,14,14,0,14,0,14,0,14,0,14,0,,,,,,,,,,
861651,,,,,,,,,,,,,,,,,,,,,
861655,,,,,,,,,,,,,,,,,,,,,
861657,12,12,0,12,0,12,0,12,0,12,0,,,,,,,,,,
861680,14,14,0,14,0,14,0,14,0,14,0,,,,,,,,,,
861681,14,14,0,14,0,14,0,14,0,14,0,,,,,,,,,,
861915,,,,,,,,,,,,,,,,,,,,,
861916,,,,,,,,,,,,,,,,,,,,,
861918,,,,,,,,,,,,,,,,,,,,,
861919,,,,,,,,,,,,,,,,,,,,,
861922,,,,,,,,,,,,,,,,,,,,,
862026,46.5,46.5,0,46.5,0,46.5,0,46.5,0,46.5,0,46.5,0,46.5,0,,,,,,
862437,39.5,39.5,0,39.5,0,39.5,0,39.5,0,39.5,0,39.5,0,39.5,0,32.5,0.215,24,0.646,,
862442,39.5,39.5,0,39.5,0,39.5,0,39.5,0,39.5,0,39.5,0,39.5,0,,,24,0.646,22,0.795
862856,,,,,,,,,,,,,,,,,,,,,
862857,,,,,,,,,,,,,,,,,,,,,
862858,,,,,,,,,,,,,,,,,,,,,
862859,,,,,,,,,,,,,,,,,,,,,
862860,,,,,,,,,,,,,,,,,,,,,
862861,,,,,,,,,,,,,,,,,,,,,
862957,134,134,0,134,0,134,0,134,0,134,0,134,0,134,0,134,0,134,0,134,0
862962,134,134,0,134,0,134,0,134,0,134,0,134,0,134,0,134,0,134,0,134,0
862977,125,125,0,125,0,125,0,125,0,125,0,125,0,125,0,125,0,76,0.645,76,0.645
863029,208,208,0,208,0,208,0,208,0,208,0,208,0,208,0,,,,,,
863093,3.5,3.5,0,3.5,0,3.5,0,3.5,0,3.5,0,3.5,0,3.5,0,,,,,,
863142,79,79,0,79,0,79,0,79,0,79,0,79,0,79,0,,,,,,
863322,12,12,0,12,0,12,0,12,0,12,0,12,0,12,0,12,0,12,0,12,0
863323,25,25,0,25,0,25,0,25,0,25,0,,,,,,,,,,
863324,10,10,0,10,0,10,0,10,0,10,0,,,,,,,,,10,0
863325,15,15,0,15,0,15,0,15,0,15,0,,,,,,,,,,
863326,25,25,0,25,0,25,0,25,0,25,0,,,,,,,,,,
863327,25,25,0,25,0,25,0,25,0,25,0,25,0,25,0,25,0,25,0,25,0
863328,25,25,0,25,0,25,0,25,0,25,0,,,,,,,,,,
863430,20,20,0,20,0,20,0,20,0,20,0,20,0,20,0,20,0,20,0,20,0
863445,20,20,0,20,0,20,0,20,0,20,0,20,0,20,0,20,0,,,20,0
863450,20,20,0,20,0,20,0,20,0,20,0,20,0,20,0,20,0,20,0,20,0
863613,105,105,0,105,0,105,0,105,0,105,0,105,0,105,0,105,0,,,,
863820,170,170,0,170,0,170,0,170,0,170,0,170,0,170,0,170,0,170,0,170,0
864439,,,,,,,,,,,,,,,,,,,,,
864475,147,147,0,147,0,147,0,147,0,147,0,147,0,147,0,147,0,,,,
864487,181,181,0,181,0,181,0,181,0,181,0,181,0,181,0,181,0,,,,
864502,26.7,26.7,0,26.7,0,26.7,0,26.7,0,26.7,0,26.7,0,26.7,0,,,,,,
864510,240,240,0,240,0,240,0,240,0,240,0,240,0,240,0,240,0,,,,
864600,,,,,,,,,,,,,,,,,,,,,
864613,,,,,,,,,,,,,,,,,,,,,
864614,20,20,0,20,0,20,0,20,0,20,0,20,0,20,0,,,,,,
864700,245,245,0,245,0,245,0,245,0,122,1,245,0,245,0,245,0,213,0.15,195,0.256
864819,83,83,0,83,0,83,0,83,0,83,0,83,0,83,0,83,0,69,0.203,67,0.239
864988,24,24,0,24,0,24,0,24,0,36.4,-0.341,36.4,-0.341,36.4,-0.341,36.4,-0.341,26.5,-0.0943,,
865263,,,,,,,,,,,,,,,,,,,,,
865510,,,,,,,,,,,,,,,,,,,,,
865812,13.5,13.5,0,13.5,0,13.5,0,13.5,0,13.5,0,13.5,0,13.5,0,,,12.5,0.08,,
865827,13.5,13.5,0,13.5,0,13.5,0,13.5,0,13.5,0,13.5,0,13.5,0,,,,,,
866231,,,,,,,,,,,,,,,,,,,,,
866246,20,20,0,20,0,20,0,20,0,20,0,20,0,20,0,20,0,17.5,0.143,17.5,0.143
866553,,,,,,,,,,,,,,,,,,,,,
866632,2.45e+03,2.45e+03,0,2.45e+03,0,2.45e+03,0,,,,,,,,,,,,,,
866633,2.99e+03,2.99e+03,0,2.99e+03,0,2.99e+03,0,,,,,,,,,,,,,,
866657,6.3,6.3,0,6.3,0,6.3,0,6.3,0,6.3,0,6.3,0,6.3,0,6.3,0,6.3,0,,
866731,17,17,0,17,0,17,0,17,0,17,0,17,0,17,0,17,0,14,0.214,14,0.214
866860,120,120,0,120,0,120,0,120,0,138,-0.131,138,-0.131,,,,,,,96,0.249
867056,18.4,18.4,0,18.4,0,18.4,0,18.4,0,18.4,0,18.4,0,18.4,0,18.4,0,14.5,0.269,13.3,0.383
867358,17.6,17.6,0,17.6,0,17.6,0,17.6,0,18,-0.0222,20,-0.12,20,-0.12,22.6,-0.221,27.5,-0.36,27.5,-0.36
867363,17.6,17.6,0,17.6,0,17.6,0,17.6,0,18,-0.0222,20,-0.12,20,-0.12,22.6,-0.221,27.5,-0.36,27.5,-0.36
867378,,,,,,,,,,,,,,,,,,,,,
867987,32,32,0,32,0,32,0,32,0,32,0,42,-0.238,45,-0.289,45,-0.289,31.5,0.0159,28.5,0.123
868190,39,39,0,39,0,39,0,39,0,,,,,,,,,,,,
868191,21,21,0,21,0,21,0,21,0,,,,,,,,,,,,
868192,69,69,0,69,0,69,0,69,0,,,,,,,,,,,,
868269,,,,,,,,,,,,,,,,,,,,,
868270,,,,,,,,,,,,,,,,,,,,,
868271,,,,,,,,,,,,,,,,,,,,,
868272,,,,,,,,,,,,,,,,,,,,,
868273,,,,,,,,,,,,,,,,,,,,,
868274,,,,,,,,,,,,,,,,,,,,,
868277,164,164,0,164,0,164,0,164,0,,,,,,,,,,,,
868283,,,,,,,,,,,,,,,,,,,,,
868284,,,,,,,,,,,,,,,,,,,,,
868285,,,,,,,,,,,,,,,,,,,,,
868286,,,,,,,,,,,,,,,,,,,,,
868287,,,,,,,,,,,,,,,,,,,,,
868288,,,,,,,,,,,,,,,,,,,,,
868293,,,,,,,,,,,,,,,,,,,,,
868296,,,,,,,,,,,,,,,,,,,,,
868297,,,,,,,,,,,,,,,,,,,,,
868299,,,,,,,,,,,,,,,,,,,,,
868300,6.5,6.5,0,,,6.5,0,6.5,0,6.5,0,6.5,0,,,,,,,,
868324,123,123,0,123,0,123,0,123,0,,,,,,,,,,,,
868413,,,,,,,,,,,,,,,,,,,,,
868449,39,39,0,39,0,39,0,39,0,39,0,39,0,,,,,,,,
868450,,,,,,,,,,,,,,,,,,,,,
868451,41,41,0,41,0,41,0,41,0,41,0,41,0,,,,,,,,
868454,108,108,0,108,0,108,0,108,0,108,0,108,0,,,,,,,,
868455,235,235,0,235,0,235,0,235,0,235,0,235,0,,,,,,,,
868456,102,102,0,102,0,102,0,102,0,102,0,102,0,,,,,,,,
868457,86,86,0,86,0,86,0,86,0,86,0,86,0,,,,,,,,
868459,299,299,0,299,0,299,0,299,0,299,0,299,0,,,,,,,,
868461,179,179,0,179,0,179,0,179,0,179,0,179,0,,,,,,,,
868469,31,31,0,31,0,31,0,31,0,,,,,,,,,,,,
868483,41,41,0,41,0,41,0,41,0,,,,,,,,,,,,
868502,15,15,0,15,0,15,0,15,0,,,,,,,,,,,,
868516,30,30,0,30,0,30,0,30,0,,,,,,,,,,,,
868517,,,,,,,,,,,,,,,,,,,,,
868523,,,,,,,,,,,,,,,,,,,,,
868525,14.9,14.9,0,14.9,0,14.9,0,14.9,0,14.9,0,14.9,0,14.9,0,12.9,0.155,,,,
868526,12.9,12.9,0,12.9,0,12.9,0,12.9,0,12.9,0,12.9,0,12.9,0,12.9,0,,,,
868527,12.9,12.9,0,12.9,0,12.9,0,12.9,0,12.9,0,12.9,0,12.9,0,12.9,0,,,,
868528,12.9,12.9,0,12.9,0,12.9,0,12.9,0,12.9,0,12.9,0,12.9,0,12.9,0,,,,
868529,12.9,12.9,0,12.9,0,12.9,0,12.9,0,12.9,0,12.9,0,12.9,0,12.9,0,,,,
868530,12.9,12.9,0,12.9,0,12.9,0,12.9,0,12.9,0,12.9,0,12.9,0,12.9,0,,,,
868531,12.9,12.9,0,12.9,0,12.9,0,12.9,0,12.9,0,12.9,0,12.9,0,12.9,0,,,,
868533,,,,,,,,,,,,,,,,,,,,,
868534,,,,,,,,,,,,,,,,,,,,,
868664,215,215,0,215,0,215,0,,,,,,,,,215,0,,,125,0.72
868686,,,,,,,,,,,,,,,,,,,,,
868687,,,,,,,,,,,,,,,,,,,,,
868690,,,,,,,,,,,,,,,,,,,,,
868744,,,,,,,,,,,,,,,,,,,,,
868865,13,13,0,13,0,13,0,13,0,13,0,13,0,13,0,13,0,8.5,0.529,8.5,0.529
868924,,,,,,,,,,,,,,,,,,,,,
869009,74,74,0,74,0,74,0,74,0,99,-0.253,99,-0.253,99,-0.253,99,-0.253,,,,
869154,,,,,,,,,,,,,,,,,,,,,
869191,,,,,,,,,,,,,,,,,,,,,
869222,,,,,,,,,,,,,,,,,,,,,
869305,,,,,,,,,,,,,,,,,,,,,
869308,,,,,,,,,,,,,,,,,,,,,
869311,18,18,0,18,0,18,0,18,0,18,0,18,0,,,,,,,,
869312,,,,,,,,,,,,,,,,,,,,,
869313,,,,,,,,,,,,,,,,,,,,,
869605,10,10,0,10,0,10,0,10,0,10,0,10,0,10,0,18,-0.444,18,-0.444,,
869840,,,,,,,,,,,,,,,,,,,,,
869845,,,,,,,,,,,,,,,,,,,,,
870381,,,,,,,,,,,,,,,,,,,,,
870385,,,,,,,,,,,,,,,,,,,,,
870466,,,,,,,,,,,,,,,,,,,,,
870467,,,,,,,,,,,,,,,,,,,,,
870919,26,26,0,26,0,26,0,26,0,26,0,26,0,26,0,26,0,20,0.3,20,0.3
870920,70,70,0,70,0,70,0,70,0,70,0,70,0,70,0,70,0,42,0.667,42,0.667
871035,,,,,,,,,,,,,,,,,,,,,
871044,60,60,0,60,0,60,0,60,0,60,0,60,0,60,0,60,0,60,0,60,0
871046,29,29,0,29,0,29,0,29,0,29,0,29,0,29,0,29,0,29,0,29,0
871047,22,22,0,22,0,22,0,22,0,22,0,22,0,22,0,22,0,22,0,22,0
871073,,,,,,,,,,,,,,,,,,,,,
871074,,,,,,,,,,,,,,,,,,,,,
871077,,,,,,,,,,,,,,,,,,,,,
871090,4,4,0,4,0,4,0,4,0,4,0,4,0,4,0,4,0,4,0,4,0
871439,14,14,0,14,0,14,0,14,0,14,0,14,0,14,0,14,0,14,0,14,0
871445,19,19,0,19,0,19,0,19,0,19,0,19,0,19,0,19,0,19,0,19,0
871446,33,33,0,33,0,33,0,33,0,33,0,33,0,33,0,33,0,29,0.138,29,0.138
871447,29,29,0,29,0,29,0,29,0,29,0,29,0,29,0,29,0,29,0,29,0
871448,14,14,0,14,0,14,0,14,0,14,0,14,0,14,0,14,0,14,0,14,0
871449,,,,,,,,,,,,,,,,,,,,,
871832,,,,,,,,,,,,,,,,,,,,,
871847,39,39,0,39,0,39,0,39,0,39,0,39,0,39,0,50,-0.22,28.5,0.368,22,0.773
871880,9,9,0,9,0,9,0,9,0,9,0,9,0,9,0,9,0,6,0.5,6,0.5
871983,17,17,0,17,0,17,0,17,0,17,0,17,0,17,0,17,0,14,0.214,14,0.214
872026,,,,,,,,,,,,,,,,,,,,,
872210,17.5,17.5,0,17.5,0,17.5,0,17.5,0,17.5,0,17.5,0,17.5,0,17.5,0,14.3,0.224,14.3,0.224
872448,,,,,,,,,,,,,,,,,,,,,
872456,,,,,,,,,,,,,,,,,,,,,
872460,,,,,,,,,,,,,,,,,,,,,
872529,,,,,,,,,,,,,,,,,,,,,
872662,30,30,0,30,0,30,0,30,0,30,0,30,0,30,0,30,0,25,0.2,25,0.2
872701,109,109,0,109,0,109,0,109,0,109,0,109,0,109,0,109,0,69.9,0.559,69.9,0.559
872740,,,,,,,,,,,,,,,,,,,,,
872889,,,,,,,,,,,,,,,,,,,,,
872923,17,17,0,17,0,17,0,17,0,17,0,17,0,17,0,14,0.214,,,,
873107,,,,,,,,,,,,,,,,,,,,,
873220,,,,,,,,,,,,,,,,,,,,,
873390,,,,,,,,,,,,,,,,,,,,,
873483,12,12,0,12,0,12,0,12,0,12,0,12,0,12,0,12,0,12,0,12,0
873486,12,12,0,12,0,12,0,12,0,12,0,12,0,12,0,12,0,12,0,12,0
873534,16,16,0,16,0,16,0,16,0,16,0,16,0,16,0,,,12,0.333,12,0.333
873540,,,,,,,,,,,,,,,,,,,,,
873767,,,,,,,,,,,,,,,,,,,,,
873854,,,,,,,,,,,,,,,,,,,,,
873938,19,19,0,19,0,19,0,19,0,19,0,19,0,19,0,10,0.9,6,2.17,,
873939,16,16,0,16,0,16,0,16,0,16,0,16,0,16,0,16,0,16,0,21,-0.238
873940,29.9,29.9,0,29.9,0,29.9,0,29.9,0,29.9,0,29.9,0,29.9,0,18.5,0.616,17.9,0.67,17.9,0.67
873945,59,59,0,59,0,59,0,59,0,59,0,59,0,59,0,59,0,39,0.513,39,0.513
873946,63,63,0,63,0,63,0,63,0,63,0,63,0,63,0,63,0,46,0.37,46,0.37
873980,,,,,,,,,,,,,,,,,,,,,
874544,29.5,29.5,0,29.5,0,29.5,0,29.5,0,29.5,0,29.5,0,29.5,0,29.5,0,24.4,0.209,21.6,0.366
874584,17.9,17.9,0,17.9,0,17.9,0,17.9,0,17.9,0,17.9,0,17.9,0,17.9,0,13,0.377,13,0.377
874592,,,,,,,,,,,,,,,,,,,,,
874599,17.9,17.9,0,17.9,0,17.9,0,17.9,0,17.9,0,17.9,0,17.9,0,17.9,0,,,13,0.377
874608,17.9,17.9,0,17.9,0,17.9,0,17.9,0,17.9,0,17.9,0,17.9,0,17.9,0,13,0.377,13,0.377
874703,,,,,,,,,,,,,,,,,,,,,
874704,,,,,,,,,,,,,,,,,,,,,
874828,,,,,,,,,,,,,,,,,,,,,
874866,80,80,0,80,0,80,0,80,0,80,0,84.9,-0.0577,84.9,-0.0577,84.9,-0.0577,75,0.0667,68,0.176
875000,,,,,,,,,,,,,,,,,,,,,
875389,79,79,0,79,0,79,0,79,0,,,,,,,,,,,,
875423,,,,,,,,,,,,,,,,,,,,,
875438,36,36,0,36,0,36,0,36,0,36,0,,,,,,,,,,
875676,,,,,,,,,,,,,,,,,,,,,
875760,61,61,0,61,0,61,0,61,0,61,0,61,0,61,0,,,,,,
875831,18.5,18.5,0,18.5,0,18.5,0,18.5,0,18.5,0,18.5,0,18.5,0,18.5,0,13.5,0.37,13.5,0.37
875832,19,19,0,19,0,19,0,19,0,19,0,19,0,19,0,19,0,11.8,0.61,11.8,0.61
875990,,,,,,,,,,,,,,,,,,,,,
876041,,,,,,,,,,,,,,,,,,,,,
876050,,,,,,,,,,,,,,,,,,,,,
876092,26,26,0,26,0,26,0,26,0,26,0,26,0,26,0,26,0,21,0.238,21,0.238
876098,17,17,0,17,0,17,0,17,0,17,0,17,0,17,0,17,0,17,0,17,0
876099,,,,,,,,,,,,,,,,,,,,,
876184,7.5,7.5,0,7.5,0,7.5,0,7.5,0,7.5,0,8.5,-0.118,8.5,-0.118,8.2,-0.0854,8.2,-0.0854,8,-0.0625
876265,,,,,,,,,,,,,,,,,,,,,
876357,54,54,0,54,0,54,0,54,0,54,0,54.5,-0.00917,54.5,-0.00917,54.5,-0.00917,54.5,-0.00917,49.9,0.0822
876607,,,,,,,,,,,,,,,,,,,,,
876625,,,,,,,,,,,,,,,,,,,,,
876702,,,,,,,,,,,,,,,,,,,,,
876703,,,,,,,,,,,,,,,,,,,,,
877316,,,,,,,,,,,,,,,,,,,,,
877362,,,,,,,,,,,,,,,,,,,,,
877402,,,,,,,,,,,,,,,,,,,,,
877406,,,,,,,,,,,,,,,,,,,,,
877411,12,12,0,12,0,12,0,12,0,12,0,12,0,12,0,12,0,12,0,18,-0.333
877413,,,,,,,,,,,,,,,,,,,,,
877449,,,,,,,,,,,,,,,,,,,,,
877830,115,115,0,115,0,115,0,115,0,115,0,115,0,115,0,115,0,94,0.223,94,0.223
878068,20,20,0,20,0,20,0,20,0,,,20,0,20,0,20,0,17,0.176,17,0.176
878069,15,15,0,15,0,15,0,15,0,15,0,15,0,15,0,15,0,12,0.25,12,0.25
878070,15,15,0,15,0,15,0,15,0,15,0,15,0,15,0,15,0,15,0,15,0
878299,,,,,,,,,,,,,,,,,,,,,
878482,56,56,0,56,0,56,0,56,0,56,0,56,0,56,0,30,0.867,30,0.867,30,0.867
878526,62.5,62.5,0,62.5,0,62.5,0,62.5,0,62.5,0,62.5,0,62.5,0,,,,,39,0.603
878543,,,,,,,,,,,,,,,,,,,,,
878591,,,,,,,,,,,,,,,,,,,,,
878629,,,,,,,,,,,,,,,,,,,,,
878630,,,,,,,,,,,,,,,,,,,,,
878668,,,,,,,,,,,,,,,,,,,,,
878672,,,,,,,,,,,,,,,,,,,,,
878740,10,10,0,10,0,10,0,10,0,10,0,,,,,10,0,9,0.111,9,0.111
878772,,,,,,,,,,,,,,,,,,,,,
878784,6.3,6.3,0,6.3,0,6.3,0,6.3,0,6.3,0,6.3,0,,,6.3,0,6.3,0,5.8,0.0862
878848,22.8,22.8,0,22.8,0,22.8,0,22.8,0,22.8,0,22.8,0,22.8,0,,,,,,
878957,,,,,,,,,,,,,,,,,,,,,
879148,21,21,0,21,0,21,0,21,0,21,0,21,0,21,0,21,0,20,0.05,20,0.05
879156,9,9,0,9,0,9,0,9,0,9,0,9,0,9,0,9,0,9,0,9,0
879157,23,23,0,23,0,23,0,23,0,23,0,23,0,23,0,23,0,20,0.15,20,0.15
879163,20,20,0,20,0,20,0,20,0,20,0,20,0,20,0,20,0,19.5,0.0256,19.5,0.0256
879167,30,30,0,30,0,30,0,30,0,30,0,30,0,30,0,30,0,30,0,30,0
879168,29,29,0,29,0,29,0,29,0,29,0,29,0,29,0,29,0,29,0,29,0
879212,,,,,,,,,,,,,,,,,,,,,
879227,,,,,,,,,,,,,,,,,,,,,
879232,,,,,,,,,,,,,,,,,,,,,
879247,,,,,,,,,,,,,,,,,,,,,
879280,26,26,0,26,0,26,0,26,0,26,0,26,0,26,0,26,0,23,0.13,23,0.13
879283,66,66,0,66,0,66,0,66,0,66,0,66,0,66,0,66,0,55,0.2,55,0.2
879361,19.2,19.2,0,19.2,0,19.2,0,19.2,0,19.2,0,19.2,0,19.2,0,19.2,0,13.5,0.422,11,0.745
879534,14.5,14.5,0,14.5,0,14.5,0,14.5,0,14.5,0,18.8,-0.229,18.8,-0.229,18.8,-0.229,11.2,0.295,8.8,0.648
879552,,,,,,,,,,,,,,,,,,,,,
879553,55,55,0,55,0,55,0,55,0,55,0,55,0,55,0,55,0,47.2,0.165,46,0.196
879561,,,,,,,,,,,,,,,,,,,,,
879576,,,,,,,,,,,,,,,,,,,,,
879577,18,18,0,18,0,18,0,18,0,18,0,18,0,,,,,,,,
879583,,,,,,,,,,,,,,,,,,,,,
879586,,,,,,,,,,,,,,,,,,,,,
879589,,,,,,,,,,,,,,,,,,,,,
879603,30,30,0,30,0,30,0,30,0,30,0,30,0,30,0,28,0.0714,28,0.0714,23.5,0.277
879725,106,106,0,106,0,106,0,106,0,106,0,106,0,106,0,106,0,78,0.359,78,0.359
879749,106,106,0,106,0,106,0,106,0,106,0,106,0,106,0,106,0,79.9,0.327,78,0.359
879801,,,,,,,,,,,,,,,,,,,,,
879859,273,273,0,273,0,273,0,273,0,,,,,,,,,,,,
879864,123,123,0,123,0,123,0,123,0,,,,,,,,,,,,
879985,,,,,,,,,,,,,,,,,,,,,
879990,,,,,,,,,,,,,,,,,,,,,
880795,,,,,,,,,,,,,,,,,,,,,
881124,34,,,,,,,,,,,,,,,,,,,,
881889,,,,,,,,,,,,,,,,,,,,,
881894,,,,,,,,,,,,,,,,,,,,,
881903,,,,,,,,,,,,,,,,,,,,,
881918,50.6,50.6,0,50.6,0,50.6,0,50.6,0,50.6,0,50.6,0,50.6,0,50.6,0,42.2,0.199,37.5,0.349
881923,50.6,50.6,0,50.6,0,50.6,0,50.6,0,50.6,0,50.6,0,50.6,0,50.6,0,42.2,0.199,37.5,0.349
881938,39,39,0,39,0,39,0,39,0,39,0,,,,,39,0,32.5,0.2,29.5,0.322
881963,,,,,,,,,,,,,,,,,,,,,
881983,,,,,,,,,,,,,,,,,,,,,
881998,17.8,17.8,0,17.8,0,17.8,0,17.8,0,17.8,0,17.9,-0.00559,17.9,-0.00559,17.2,0.0349,,,,
882000,16,16,0,16,0,16,0,16,0,16,0,16,0,16,0,16,0,13,0.231,13,0.231
882053,10,10,0,10,0,10,0,10,0,10,0,10,0,10,0,10,0,6,0.667,6,0.667
882054,7.5,7.5,0,7.5,0,7.5,0,,,7.5,0,7.5,0,7.5,0,7.5,0,4.3,0.744,4.3,0.744
882057,12,12,0,12,0,12,0,12,0,12,0,12,0,12,0,12,0,9,0.333,9,0.333
882659,6.5,6.5,0,6.5,0,6.5,0,6.5,0,6.5,0,5.5,0.182,5.5,0.182,5.5,0.182,5.5,0.182,5.5,0.182
882664,7.5,7.5,0,7.5,0,7.5,0,7.5,0,7.5,0,6.5,0.154,6.5,0.154,7.5,0,7.1,0.0563,7.1,0.0563
882674,7.5,7.5,0,7.5,0,,,7.5,0,,,6.5,0.154,6.5,0.154,,,7.1,0.0563,7.1,0.0563
883088,13,13,0,13,0,13,0,13,0,13,0,13,0,,,,,,,,
883089,14,14,0,14,0,14,0,14,0,14,0,14,0,,,,,,,,
883092,21,21,0,21,0,21,0,21,0,21,0,21,0,,,,,,,,
883150,60,60,0,60,0,60,0,60,0,60,0,60,0,60,0,60,0,50,0.2,50,0.2
883151,68,68,0,68,0,68,0,68,0,68,0,68,0,68,0,68,0,60,0.133,60,0.133
883250,,,,,,,,,,,,,,,,,,,,,
883251,3.2,3.2,0,3.2,0,3.2,0,3.2,0,3.2,0,,,,,,,,,,
883256,86,86,0,86,0,86,0,86,0,86,0,86,0,86,0,86,0,,,,
883327,,,,,,,,,,,,,,,,,,,,,
883415,135,135,0,135,0,135,0,135,0,135,0,135,0,135,0,135,0,82,0.646,110,0.227
883416,36,,,,,,,36,0,36,0,36,0,36,0,36,0,29,0.241,29,0.241
883629,7,7,0,7,0,7,0,7,0,7,0,7,0,7,0,,,5.5,0.273,5.5,0.273
883695,21.5,21.5,0,21.5,0,21.5,0,21.5,0,21.5,0,21.5,0,21.5,0,21.5,0,15.5,0.387,15.5,0.387
883756,20,20,0,20,0,20,0,20,0,20,0,20,0,,,,,,,,
883903,,,,,,,,,,,,,,,,,,,,,
883905,,,,,,,,,,,,,,,,,,,,,
883942,20,20,0,20,0,20,0,20,0,20,0,20,0,20,0,20,0,20,0,20,0
884115,,,,,,,,,,,,,,,,,,,,,
884828,126,126,0,126,0,126,0,,,,,,,,,,,,,,
884888,,,,,,,,,,,,,,,,,,,,,
884930,30,30,0,30,0,30,0,30,0,30,0,30,0,14.5,1.07,14.5,1.07,14.5,1.07,14.5,1.07
884931,35,35,0,35,0,35,0,35,0,35,0,35,0,19,0.842,19,0.842,19,0.842,19,0.842
884938,67,67,0,67,0,67,0,67,0,67,0,67,0,35,0.914,35,0.914,,,,
885410,36,36,0,36,0,36,0,,,,,36,0,36,0,36,0,36,0,,
885810,29.3,29.3,0,29.3,0,29.3,0,34.4,-0.148,34.4,-0.148,32,-0.0844,39.5,-0.258,39.5,-0.258,30,-0.0233,,
885970,,,,,,,,,,,,,,,,,,,,,
885976,,,,,,,,,,,,,,,,,,,,,
885985,,,,,,,,,,,,,,,,,,,,,
886002,,,,,,,,,,,,,,,,,,,,,
886106,,,,,,,,,,,,,,,,,,,,,
886111,,,,,,,,,,,,,,,,,,,,,
886630,,,,,,,,,,,,,,,,,,,,,
886901,85,85,0,85,0,85,0,85,0,85,0,85,0,85,0,85,0,63,0.349,63,0.349
886902,25,25,0,25,0,25,0,25,0,,,,,25,0,,,21,0.19,21,0.19
886903,17,17,0,17,0,17,0,17,0,,,,,17,0,17,0,20,-0.15,20,-0.15
886948,34.5,34.5,0,34.5,0,34.5,0,34.5,0,34.5,0,34.5,0,35,-0.0143,36.3,-0.0496,27,0.278,30.8,0.12
886953,36.1,36.1,0,36.1,0,36.1,0,36.1,0,36.1,0,26.5,0.362,35,0.0314,36.3,-0.00551,27,0.337,26.3,0.373
887045,,,,,,,,,,,,,,,,,,,,,
887050,,,,,,,,,,,,,,,,,,,,,
887065,16.9,16.9,0,16.9,0,16.9,0,16.9,0,16.9,0,16.9,0,16.9,0,18,-0.0611,13.5,0.252,12.5,0.352
887070,20.5,20.5,0,20.5,0,20.5,0,20.5,0,20.5,0,20.5,0,20.5,0,21.9,-0.0639,,,,
887211,97,97,0,97,0,97,0,97,0,97,0,97,0,97,0,97,0,85,0.141,,
887429,,,,,,,,,,,,,,,,,,,,,
887574,,,,,,,,,,,,,,,,,,,,,
887711,,,,,,,,,,,,,,,,,,,,,
887763,74,74,0,74,0,74,0,74,0,74,0,74,0,74,0,74,0,54,0.37,54,0.37
887778,,,,,,,,,,,,,,,,,,,,,
887783,,,,,,,,,,,,,,,,,,,,,
887836,,,,,,,,,,,,,,,,,,,,,
887842,,,,,,,,,,,,,,,,,,,,,
887854,205,205,0,205,0,205,0,,,,,,,,,,,,,,
887862,,,,,,,,,,,,,,,,,,,,,
888162,,,,,,,,,,,,,,,,,,,,,
889053,,,,,,,,,,,,,,,,,,,,,
889138,26.5,26.5,0,26.5,0,26.5,0,26.5,0,26.5,0,26.5,0,26.5,0,26.5,0,26.5,0,26.5,0
889139,,,,,,,,,,,,,,,,,,,,,
889140,,,,,,,,,,,,,,,,,,,,,
889146,12,12,0,12,0,12,0,,,12,0,12,0,12,0,12,0,,,,
889147,25,25,0,25,0,25,0,25,0,25,0,25,0,25,0,25,0,14,0.786,14,0.786
889352,350,350,0,350,0,350,0,,,,,,,,,350,0,,,,
889471,89,89,0,89,0,89,0,89,0,89,0,89,0,89,0,89,0,89,0,89,0
890260,,,,,,,,,,,,,,,,,,,,,
890261,83.5,83.5,0,83.5,0,83.5,0,83.5,0,83.5,0,83.5,0,83.5,0,72,0.16,,,49.9,0.673
890353,,,,,,,,,,,,,,,,,,,,,
890511,,,,,,,,,,,,,,,,,,,,,
890586,32.5,32.5,0,32.5,0,32.5,0,32.5,0,32.5,0,32.5,0,32.5,0,32.5,0,27,0.204,25,0.3
890591,32.5,32.5,0,32.5,0,32.5,0,32.5,0,32.5,0,32.5,0,32.5,0,32.5,0,27,0.204,25,0.3
890725,60,60,0,60,0,60,0,60,0,60,0,71,-0.155,71,-0.155,51.3,0.17,,,38,0.579
890819,,,,,,,,,,,,,,,,,,,,,
890829,79,79,0,79,0,79,0,79,0,79,0,79,0,79,0,58.8,0.344,39.1,1.02,37.1,1.13
890859,5.5,5.5,0,5.5,0,5.5,0,5.5,0,5.5,0,5.5,0,5.5,0,,,,,,
890863,,,,,,,,,,,,,,,,,,,,,
891207,,,,,,,,,,,,,,,,,,,,,
891272,35.5,35.5,0,35.5,0,35.5,0,35.5,0,35.5,0,35.5,0,35.5,0,35.5,0,31.8,0.116,31.8,0.116
891287,38.5,38.5,0,38.5,0,38.5,0,38.5,0,38.5,0,38.5,0,38.5,0,38.5,0,35.5,0.0845,35.5,0.0845
891301,9.5,9.5,0,9.5,0,9.5,0,9.5,0,9.5,0,9.5,0,9.5,0,9.5,0,9.5,0,9.5,0
891316,21,21,0,21,0,21,0,21,0,21,0,21,0,21,0,21,0,21,0,21,0
891376,10.5,10.5,0,10.5,0,10.5,0,10.5,0,10.5,0,10.5,0,8.2,0.28,8.2,0.28,8.2,0.28,8.2,0.28
891402,17,17,0,17,0,17,0,17,0,,,,,,,,,,,,
891425,198,198,0,198,0,198,0,198,0,198,0,193,0.0233,193,0.0233,193,0.0233,165,0.197,153,0.291
891456,,,,,,,,,,,,,,,,,,,,,
891457,,,,,,,,,,,,,,,,,,,,,
891458,,,,,,,,,,,,,,,,,,,,,
891459,,,,,,,,,,,,,,,,,,,,,
891532,,,,,,,,,,,,,,,,,,,,,
891644,,,,,,,,,,,,,,,,,,,,,
891787,,,,,,,,,,,,,,,,,,,,,
891801,,,,,,,,,,,,,,,,,,,,,
891816,15.5,15.5,0,15.5,0,15.5,0,15.5,0,15.5,0,15.5,0,15.5,0,14.9,0.0403,13.7,0.131,12,0.292
891821,70.9,70.9,0,70.9,0,70.9,0,70.9,0,70.9,0,70.9,0,70.9,0,70.9,0,66.9,0.0598,55.5,0.277
891856,34,34,0,34,0,34,0,34,0,34,0,34,0,34,0,34,0,30,0.133,30,0.133
891950,21.5,21.5,0,21.5,0,21.5,0,21.5,0,21.5,0,21.5,0,21.5,0,21.5,0,,,16,0.344
891990,5.4,5.4,0,5.4,0,5.4,0,5.4,0,5.4,0,5.4,0,5.4,0,5.4,0,4,0.35,4,0.35
892017,5.4,5.4,0,5.4,0,5.4,0,5.4,0,5.4,0,5.4,0,5.4,0,5.4,0,4,0.35,4,0.35
892022,5.4,5.4,0,5.4,0,5.4,0,5.4,0,5.4,0,5.4,0,5.4,0,5.4,0,4,0.35,4,0.35
892062,,,,,,,,,,,,,,,,,,,,,
892082,10,10,0,10,0,10,0,10,0,10,0,10,0,10,0,9.9,0.0101,8.7,0.149,8.7,0.149
892084,,,,,,,,,,,,,,,,,,,,,
892093,,,,,,,,,,,,,,,,,,,,,
892096,,,,,,,,,,,,,,,,,,,,,
892260,11,11,0,11,0,11,0,11,0,11,0,11,0,11,0,7.5,0.467,7.5,0.467,7.5,0.467
892310,,,,,,,,,,,,,,,,,,,,,
892606,262,262,0,262,0,262,0,262,0,262,0,262,0,262,0,262,0,187,0.399,187,0.399
892735,11.7,11.7,0,11.7,0,11.7,0,11.7,0,11.7,0,11.7,0,,,,,10.8,0.0833,10.8,0.0833
894386,,,,,,,,,,,,,,,,,,,,,
894411,97.5,97.5,0,97.5,0,97.5,0,97.5,0,97.5,0,97.5,0,97.5,0,97.5,0,91.5,0.0656,,
896153,,,,,,,,,,,,,,,,,,,,,
896217,138,138,0,138,0,138,0,138,0,138,0,138,0,138,0,138,0,76,0.816,76,0.816
896326,4,4,0,4,0,4,0,4,0,4,0,4,0,4,0,4,0,3,0.333,3,0.333
896346,199,199,0,199,0,199,0,199,0,199,0,199,0,199,0,199,0,140,0.421,140,0.421
896503,,,,,,,,,,,,,,,,,,,,,
896540,17,17,0,17,0,17,0,17,0,17,0,20.7,-0.179,20.7,-0.179,20.7,-0.179,14.5,0.172,14.5,0.172
896737,399,399,0,399,0,399,0,399,0,399,0,399,0,399,0,399,0,265,0.506,245,0.629
896782,97.5,97.5,0,97.5,0,97.5,0,97.5,0,97.5,0,97.5,0,97.5,0,97.5,0,91.5,0.0656,77,0.266
896806,,,,,,,,,,,,,,,,,,,,,
897116,,,,,,,,,,,,,,,,,,,,,
897394,6.4,6.4,0,6.4,0,6.4,0,6.4,0,6.4,0,6.4,0,6.4,0,6.4,0,5,0.28,5,0.28
897522,48.5,48.5,0,48.5,0,48.5,0,48.5,0,48.5,0,48.5,0,48.5,0,41,0.183,41,0.183,41,0.183
897592,48.9,48.9,0,48.9,0,48.9,0,48.9,0,48.9,0,48.9,0,,,41,0.193,41,0.193,,
897943,182,182,0,182,0,182,0,182,0,182,0,,,,,,,,,,
898228,,,,,,,,,,,,,,,,,,,,,
898274,,,,,,,,,,,,,,,,,,,,,
898293,,,,,,,,,,,,,,,,,,,,,
898406,,,,,,,,,,,,,,,,,,,,,
898595,,,,,,,,,,,,,,,,,,,,,
898657,,,,,,,,,,,,,,,,,,,,,
898661,,,,,,,,,,,,,,,,,,,,,
898718,,,,,,,,,,,,,,,,,,,,,
898721,,,,,,,,,,,,,,,,,,,,,
898722,,,,,,,,,,,,,,,,,,,,,
898917,,,,,,,,,,,,,,,,,,,,,
898920,8.5,8.5,0,8.5,0,8.5,0,8.5,0,8.5,0,8.5,0,8.5,0,4.6,0.848,,,4.6,0.848
900040,9.5,9.5,0,9.5,0,9.5,0,9.5,0,9.5,0,9.5,0,9.5,0,9.5,0,8,0.188,8,0.188
900101,110,110,0,110,0,110,0,110,0,110,0,110,0,,,,,89,0.236,89,0.236
900103,105,105,0,105,0,105,0,105,0,105,0,105,0,105,0,105,0,72.5,0.448,72.5,0.448
900104,110,110,0,110,0,110,0,110,0,110,0,110,0,110,0,110,0,89,0.236,89,0.236
900198,9,9,0,9,0,9,0,9,0,9,0,9,0,9,0,9,0,9,0,7.5,0.2
900199,19,19,0,19,0,19,0,19,0,19,0,19,0,19,0,19,0,19,0,,
900200,,,,,,,,,,,,,,,,,,,,,
900808,14,14,0,14,0,14,0,14,0,14,0,14,0,14,0,14,0,14,0,13.5,0.037
901218,275,275,0,275,0,275,0,275,0,275,0,275,0,275,0,275,0,188,0.463,169,0.627
901971,42,42,0,42,0,42,0,42,0,42,0,42,0,42,0,,,,,,
901973,24,24,0,24,0,24,0,24,0,24,0,24,0,24,0,18,0.333,18,0.333,18,0.333
901976,,,,,,,,,,,,,,,,,,,,,
901986,,,,,,,,,,,,,,,,,,,,,
901999,44.6,44.6,0,44.6,0,44.6,0,44.6,0,44.6,0,44.6,0,44.6,0,50.6,-0.119,35,0.274,32,0.394
902019,36.9,36.9,0,36.9,0,36.9,0,36.9,0,36.9,0,36.9,0,36.9,0,39.5,-0.0658,,,,
902084,,,,,,,,,,,,,,,,,,,,,
902466,53,53,0,53,0,53,0,53,0,53,0,53,0,53,0,53,0,23,1.3,23,1.3
902470,20,20,0,20,0,20,0,20,0,20,0,20,0,20,0,12,0.667,12,0.667,12,0.667
902523,39,39,0,39,0,39,0,39,0,39,0,39,0,39,0,30,0.3,30,0.3,30,0.3
902604,,,,,,,,,,,,,,,,,,,,,
902620,,,,,,,,,,,,,,,,,,,,,
903520,115,115,0,115,0,115,0,,,,,,,115,0,115,0,,,74,0.554
903906,3.5,3.5,0,3.5,0,3.5,0,3.5,0,3.5,0,3.5,0,3.5,0,3.5,0,3.5,0,3.5,0
905451,69,69,0,69,0,69,0,69,0,69,0,69,0,69,0,69,0,59,0.169,59,0.169
905453,111,111,0,111,0,111,0,111,0,111,0,111,0,111,0,111,0,92,0.207,92,0.207
905454,79,79,0,79,0,79,0,79,0,79,0,79,0,79,0,79,0,66,0.197,66,0.197
905457,17,17,0,17,0,17,0,17,0,17,0,17,0,17,0,17,0,11.9,0.429,11.9,0.429
905458,16,16,0,16,0,16,0,16,0,16,0,16,0,16,0,16,0,13.6,0.176,13.6,0.176
905650,8,8,0,8,0,8,0,8,0,8,0,8,0,8,0,,,6.5,0.231,6.5,0.231
905652,78,78,0,78,0,78,0,78,0,78,0,78,0,78,0,78,0,59,0.322,59,0.322
905708,84,84,0,84,0,84,0,84,0,84,0,84,0,84,0,84,0,56,0.5,56,0.5
905709,101,101,0,101,0,101,0,101,0,101,0,101,0,101,0,101,0,79,0.278,79,0.278
905710,110,110,0,110,0,110,0,110,0,110,0,110,0,110,0,110,0,89,0.236,89,0.236
905711,141,141,0,141,0,141,0,141,0,141,0,141,0,141,0,141,0,109,0.294,109,0.294
905766,96,96,0,96,0,96,0,96,0,96,0,96,0,96,0,96,0,70.9,0.354,70.9,0.354
906023,90,90,0,90,0,90,0,90,0,90,0,90,0,90,0,,,,,,
906096,16.9,16.9,0,16.9,0,16.9,0,16.9,0,16.9,0,20,-0.155,20,-0.155,20,-0.155,12,0.408,10.9,0.55
906097,29,29,0,29,0,29,0,29,0,29,0,35.5,-0.183,35.5,-0.183,35.5,-0.183,25,0.16,24.5,0.184
906403,57.4,57.4,0,57.4,0,57.4,0,57.4,0,57.4,0,57.4,0,57.4,0,57.4,0,50,0.148,47.5,0.208
906405,55,55,0,55,0,55,0,55,0,55,0,55,0,55,0,55,0,47,0.17,46,0.196
906421,26,26,0,26,0,26,0,26,0,26,0,26,0,28,-0.0714,28,-0.0714,18,0.444,21,0.238
906422,92,92,0,92,0,92,0,92,0,92,0,92,0,89,0.0337,89,0.0337,72,0.278,72,0.278
906424,12,12,0,12,0,12,0,12,0,12,0,12,0,12.9,-0.0698,12.9,-0.0698,9,0.333,9,0.333
906426,14,14,0,14,0,14,0,14,0,14,0,14,0,15.5,-0.0968,15.5,-0.0968,11,0.273,11,0.273
906427,97,97,0,97,0,97,0,97,0,97,0,97,0,99,-0.0202,99,-0.0202,76,0.276,76,0.276
906428,16,16,0,16,0,16,0,16,0,16,0,16,0,17,-0.0588,17,-0.0588,12,0.333,12,0.333
906429,8,8,0,8,0,8,0,8,0,8,0,8,0,9.5,-0.158,9.5,-0.158,7,0.143,7,0.143
906437,148,148,0,148,0,148,0,148,0,148,0,148,0,154,-0.039,154,-0.039,117,0.265,117,0.265
906458,23,23,0,23,0,23,0,23,0,23,0,23,0,25.5,-0.098,25.5,-0.098,18,0.278,18,0.278
906471,10,10,0,10,0,10,0,10,0,10,0,10,0,10.9,-0.0826,10.9,-0.0826,6.5,0.538,8,0.25
906473,,,,,,,,,,,,,,,,,,,,,
906483,12,12,0,12,0,12,0,12,0,12,0,12,0,13.5,-0.111,13.5,-0.111,8.5,0.412,10,0.2
906489,8,8,0,8,0,8,0,8,0,8,0,8,0,9.5,-0.158,9.5,-0.158,,,7,0.143
906496,35,35,0,35,0,35,0,35,0,35,0,35,0,39,-0.103,39,-0.103,27,0.296,27,0.296
906616,22,22,0,22,0,22,0,22,0,22,0,22,0,24.5,-0.102,24.5,-0.102,18,0.222,18,0.222
906636,17,17,0,17,0,17,0,17,0,17,0,17,0,19,-0.105,19,-0.105,14,0.214,,
906642,16,16,0,16,0,16,0,16,0,16,0,16,0,17.5,-0.0857,17.5,-0.0857,13,0.231,13,0.231
906649,12.5,12.5,0,12.5,0,12.5,0,12.5,0,12.5,0,11,0.136,12.5,0,12.5,0,9,0.389,9,0.389
906651,18,18,0,18,0,18,0,18,0,18,0,17,0.0588,18,0,18,0,13,0.385,13,0.385
906728,85,85,0,85,0,85,0,85,0,85,0,85,0,85,0,58,0.466,48,0.771,48,0.771
906781,,,,,,,,,,,,,,,,,,,,,
906799,8,8,0,8,0,8,0,8,0,8,0,8,0,8.9,-0.101,8.9,-0.101,6,0.333,6,0.333
906862,293,293,0,293,0,293,0,293,0,293,0,293,0,,,354,-0.172,230,0.274,219,0.338
906897,,,,,,,,,,,,,,,,,,,,,
906954,,,,,,,,,,,,,,,,,,,,,
906957,,,,,,,,,,,,,,,,,,,,,
907138,64.3,64.3,0,64.3,0,64.3,0,,,,,,,,,,,,,,
907213,51,51,0,,,,,51,0,51,0,51,0,51,0,,,38,0.342,,
907214,74,74,0,74,0,74,0,74,0,74,0,74,0,74,0,74,0,55,0.345,55,0.345
907238,22,22,0,22,0,22,0,,,,,,,,,,,,,,
907685,7.5,7.5,0,7.5,0,7.5,0,7.5,0,7.5,0,7.5,0,7.5,0,7.5,0,7.5,0,7,0.0714
908057,137,137,0,137,0,137,0,137,0,137,0,137,0,137,0,135,0.0148,125,0.096,125,0.096
908058,245,245,0,245,0,245,0,245,0,245,0,245,0,245,0,245,0,238,0.0294,,
908565,,,,,,,,,,,,,,,,,,,,,
908567,,,,,,,,,,,,,,,,,,,,,
908584,135,135,0,135,0,135,0,135,0,135,0,135,0,135,0,135,0,,,66,1.05
908588,265,265,0,265,0,265,0,265,0,265,0,265,0,265,0,265,0,,,,
908602,36,36,0,36,0,36,0,36,0,35.9,0.00279,26.9,0.338,26.9,0.338,35.9,0.00279,26.1,0.379,23.1,0.558
908604,36,36,0,36,0,36,0,36,0,35.9,0.00279,26.9,0.338,26.9,0.338,35.9,0.00279,26.1,0.379,23.1,0.558
908727,249,249,0,249,0,249,0,249,0,249,0,249,0,249,0,249,0,,,127,0.961
908733,20,20,0,20,0,20,0,20,0,20,0,29,-0.31,29,-0.31,29,-0.31,22,-0.0909,16,0.25
908734,80,80,0,80,0,80,0,80,0,80,0,80,0,80,0,80,0,62,0.29,62,0.29
908771,12,12,0,12,0,12,0,12,0,12,0,12,0,12,0,12,0,,,,
909389,57,57,0,57,0,57,0,57,0,57,0,57,0,57,0,57,0,53,0.0755,53,0.0755
909437,41,41,0,41,0,41,0,41,0,41,0,41,0,41,0,41,0,28.9,0.419,28.9,0.419
909816,90,90,0,90,0,90,0,90,0,90,0,90,0,90,0,90,0,65.5,0.374,65.5,0.374
910019,78,78,0,78,0,78,0,78,0,78,0,78,0,82,-0.0488,82,-0.0488,69,0.13,61,0.279
910065,108,108,0,108,0,108,0,108,0,108,0,108,0,110,-0.0182,110,-0.0182,85,0.271,85,0.271
910194,28,28,0,28,0,28,0,28,0,28,0,28,0,30,-0.0667,30,-0.0667,22,0.273,22,0.273
910206,105,105,0,105,0,105,0,105,0,105,0,105,0,109,-0.0367,109,-0.0367,83,0.265,83,0.265
910368,9.6,9.6,0,9.6,0,9.6,0,9.6,0,9.6,0,9.6,0,9.6,0,9.6,0,9.6,0,9.6,0
910978,26,26,0,26,0,26,0,26,0,26,0,26,0,26,0,,,,,,
910980,28,28,0,28,0,28,0,28,0,28,0,28,0,28,0,24,0.167,24,0.167,24,0.167
911199,23,23,0,23,0,23,0,23,0,23,0,23,0,23,0,23,0,23,0,23,0
911778,,,,,,,,,,,,,,,,,,,,,
911905,148,148,0,148,0,148,0,148,0,148,0,148,0,148,0,148,0,103,0.437,103,0.437
913995,,,,,,,,,,,,,,,,,,,,,
914012,,,,,,,,,,,,,,,,,,,,,
914013,,,,,,,,,,,,,,,,,,,,,
914024,50,50,0,50,0,50,0,50,0,50,0,50,0,50,0,50,0,23,1.17,23,1.17
914288,,,,,,,,,,,,,,,,,,,,,
914683,,,,,,,,,,,,,,,,,,,,,
915185,,,,,,,,,,,,,,,,,,,,,
915400,9.9,9.9,0,9.9,0,9.9,0,9.9,0,9.9,0,9.9,0,9.9,0,7,0.414,5.6,0.768,5.6,0.768
915464,44,44,0,44,0,44,0,51,-0.137,51,-0.137,55,-0.2,55,-0.2,55,-0.2,41,0.0732,38,0.158
915794,24.5,24.5,0,24.5,0,24.5,0,24.5,0,24.5,0,24.5,0,24.5,0,24.5,0,19,0.289,19,0.289
915798,32,32,0,32,0,32,0,32,0,32,0,32,0,32,0,32,0,25,0.28,25,0.28
915799,21,21,0,21,0,21,0,21,0,,,21,0,21,0,,,16.5,0.273,16.5,0.273
915800,12,12,0,12,0,12,0,12,0,12,0,12,0,12,0,12,0,9.5,0.263,9.5,0.263
915802,17,17,0,17,0,17,0,17,0,,,17,0,17,0,17,0,14.5,0.172,14.5,0.172
915804,14.5,14.5,0,14.5,0,14.5,0,14.5,0,,,,,,,,,,,,
915805,19,19,0,19,0,19,0,19,0,19,0,19,0,19,0,19,0,19,0,19,0
915812,23,23,0,23,0,23,0,23,0,,,23,0,23,0,,,18,0.278,,
915813,14,14,0,14,0,14,0,14,0,14,0,14,0,14,0,,,12,0.167,12,0.167
915814,11.5,11.5,0,11.5,0,11.5,0,11.5,0,11.5,0,11.5,0,11.5,0,,,9.3,0.237,9.3,0.237
917089,8.9,8.9,0,8.9,0,8.9,0,8.9,0,8.9,0,,,,,,,,,,
917091,10,10,0,10,0,10,0,10,0,10,0,10,0,10,0,10,0,10,0,,
919384,,,,,,,,,,,,,,,,,,,,,
920081,99,99,0,99,0,99,0,99,0,99,0,99,0,99,0,99,0,76,0.303,76,0.303
920086,125,125,0,125,0,125,0,125,0,125,0,125,0,125,0,125,0,94.9,0.317,94.9,0.317
920098,,,,,,,,,,,,,,,,,,,,,
920099,20,20,0,20,0,20,0,20,0,20,0,20,0,20,0,20,0,10,1,10,1
920120,61,61,0,61,0,61,0,61,0,61,0,61,0,61,0,61,0,28,1.18,28,1.18
920121,,,,,,,,,,,,,,,,,,,,,
920126,19,19,0,19,0,19,0,19,0,17,0.118,17,0.118,17,0.118,16.1,0.18,16.1,0.18,10.5,0.81
920127,18.5,18.5,0,18.5,0,18.5,0,18.5,0,18.5,0,18.5,0,18.5,0,16.8,0.101,16.8,0.101,11.4,0.623
920147,9,9,0,9,0,9,0,9,0,9,0,9,0,9,0,6.9,0.304,6.9,0.304,6.9,0.304
920148,6,6,0,6,0,6,0,6,0,6,0,6,0,6,0,6,0,6,0,6,0
920822,16,16,0,16,0,16,0,16,0,16,0,16,0,16,0,16,0,12.7,0.26,12.7,0.26
920823,11,11,0,11,0,11,0,11,0,11,0,11,0,11,0,11,0,8.6,0.279,8.6,0.279
920826,15,15,0,15,0,15,0,15,0,15,0,15,0,15,0,15,0,11.9,0.261,11.9,0.261
920862,,,,,,,,,,,,,,,,,,,,,
920865,99,99,0,99,0,99,0,99,0,99,0,99,0,99,0,118,-0.161,87,0.138,65,0.523
920868,90,90,0,90,0,90,0,90,0,99,-0.0909,99,-0.0909,99,-0.0909,99,-0.0909,75,0.2,59.5,0.513
921093,18,18,0,18,0,18,0,18,0,18,0,18,0,18,0,18,0,14,0.286,14,0.286
921228,7.9,7.9,0,7.9,0,7.9,0,7.9,0,7.9,0,7.9,0,7.9,0,5.5,0.436,,,4.6,0.717
921333,,,,,,,,,,,,,,,,,,,,,
921339,60,60,0,60,0,60,0,60,0,60,0,60,0,60,0,58.8,0.0204,58.8,0.0204,,
921346,,,,,,,,,,,,,,,,,,,,,
921527,50,50,0,50,0,50,0,,,,,,,,,28,0.786,28,0.786,28,0.786
921532,105,105,0,105,0,105,0,105,0,105,0,105,0,105,0,105,0,85,0.235,85,0.235
921533,79,79,0,79,0,79,0,79,0,79,0,79,0,79,0,79,0,50,0.58,59.9,0.319
921534,115,115,0,115,0,115,0,115,0,115,0,115,0,115,0,115,0,75,0.533,89.9,0.279
921535,110,110,0,110,0,110,0,110,0,110,0,110,0,110,0,110,0,84,0.31,84,0.31
921650,,,,,,,,,,,,,,,,,,,,,
921684,,,,,,,,,,,,,,,,,,,,,
921808,34,34,0,34,0,34,0,34,0,34,0,34,0,34,0,20,0.7,20,0.7,20,0.7
921813,24,24,0,24,0,24,0,24,0,24,0,24,0,24,0,11,1.18,11,1.18,15,0.6
921814,14,14,0,14,0,14,0,14,0,14,0,14,0,14,0,14,0,8,0.75,8,0.75
921815,12,12,0,12,0,12,0,12,0,12,0,12,0,12,0,12,0,12,0,12,0
921816,23,23,0,23,0,23,0,23,0,23,0,23,0,23,0,23,0,13,0.769,13,0.769
921818,36,36,0,36,0,36,0,36,0,36,0,36,0,36,0,36,0,21,0.714,21,0.714
921819,19,19,0,19,0,19,0,19,0,19,0,19,0,19,0,19,0,,,11,0.727
921820,26,26,0,26,0,26,0,26,0,26,0,26,0,26,0,26,0,12.5,1.08,12.5,1.08
921860,,,,,,,,,,,,,,,,,,,,,
921883,,,,,,,,,,,,,,,,,,,,,
921887,196,196,0,196,0,196,0,196,0,196,0,196,0,196,0,196,0,160,0.225,160,0.225
922390,,,,,,,,,,,,,,,,,,,,,
922393,,,,,,,,,,,,,,,,,,,,,
924175,,,,,,,,,,,,,,,,,,,,,
924176,,,,,,,,,,,,,,,,,,,,,
924809,3,3,0,3,0,3,0,3,0,3,0,3,0,3,0,3,0,3,0,3,0
924810,3,3,0,3,0,3,0,3,0,3,0,,,,,3,0,3,0,3,0
924811,3,3,0,3,0,3,0,3,0,3,0,3,0,3,0,3,0,3,0,3,0
924933,,,,,,,,,,,,,,,,,,,,,
925003,38,38,0,38,0,38,0,38,0,38,0,38,0,38,0,38,0,35,0.0857,35,0.0857
925033,,,,,,,,,,,,,,,,,,,,,
925034,3,3,0,3,0,3,0,3,0,3,0,3,0,3,0,3,0,3,0,,
925651,31,31,0,31,0,31,0,31,0,31,0,,,,,,,,,,
925969,,,,,,,,,,,,,,,,,,,,,
926860,,,,,,,,,,,,,,,,,,,,,
927057,,,,,,,,,,,,,,,,,,,,,
927339,17,17,0,17,0,17,0,17,0,17,0,17,0,17,0,17,0,17,0,15,0.133
927392,,,,,,,,,,,,,,,,,,,,,
927439,,,,,,,,,,,,,,,,,,,,,
927442,,,,,,,,,,,,,,,,,,,,,
928001,,,,,,,,,,,,,,,,,,,,,
928029,68,68,0,68,0,68,0,68,0,,,,,,,,,,,,
928584,78,78,0,78,0,78,0,78,0,78,0,78,0,82,-0.0488,82,-0.0488,69,0.13,61,0.279
928970,12,12,0,12,0,12,0,12,0,12,0,12,0,12,0,12,0,8.5,0.412,8.5,0.412
928971,79,79,0,79,0,79,0,79,0,79,0,79,0,79,0,79,0,72,0.0972,72,0.0972
929022,18,18,0,18,0,18,0,18,0,18,0,18,0,18,0,18,0,18,0,16.5,0.0909
929023,13,13,0,13,0,13,0,13,0,13,0,13,0,13,0,13,0,13,0,12,0.0833
929345,,,,,,,,,,,,,,,,,,,,,
929346,,,,,,,,,,,,,,,,,,,,,
929347,,,,,,,,,,,,,,,,,,,,,
929348,,,,,,,,,,,,,,,,,,,,,
929379,,,,,,,,,,,,,,,,,,,,,
929382,129,129,0,129,0,129,0,129,0,129,0,129,0,129,0,129,0,129,0,129,0
929385,,,,,,,,,,,,,,,,,,,,,
929387,,,,,,,,,,,,,,,,,,,,,
929672,13.5,13.5,0,13.5,0,13.5,0,13.5,0,13.5,0,13.5,0,13.5,0,13.5,0,9.6,0.406,9.6,0.406
929789,74,74,0,74,0,74,0,,,,,74,0,74,0,74,0,104,-0.288,104,-0.288
929790,150,150,0,150,0,150,0,,,,,150,0,150,0,150,0,117,0.282,117,0.282
929797,10,10,0,10,0,10,0,10,0,10,0,10,0,10,0,10,0,10,0,10,0
929849,,,,,,,,,,,,,,,,,,,,,
929976,,,,,,,,,,,,,,,,,,,,,
930098,,,,,,,,,,,,,,,,,,,,,
930099,,,,,,,,,,,,,,,,,,,,,
930132,54,54,0,54,0,54,0,54,0,54,0,54,0,54,0,,,39.9,0.353,39.9,0.353
930295,8,8,0,8,0,8,0,8,0,8,0,8,0,8,0,6,0.333,6,0.333,5,0.6
930306,85,85,0,85,0,85,0,85,0,85,0,85,0,85,0,85,0,85,0,85,0
930307,,,,,,,,,,,,,,,,,,,,,
931488,30,30,0,30,0,30,0,30,0,30,0,30,0,30,0,30,0,24,0.25,24,0.25
931491,110,110,0,110,0,110,0,110,0,110,0,110,0,110,0,110,0,82,0.341,82,0.341
931510,16.5,16.5,0,16.5,0,16.5,0,16.5,0,16.5,0,16.5,0,16.5,0,16.5,0,15.5,0.0645,15.5,0.0645
932021,,,,,,,,,,,,,,,,,,,,,
932032,6.5,6.5,0,6.5,0,6.5,0,6.5,0,6.5,0,6.5,0,6.5,0,,,,,,
932752,15,15,0,15,0,15,0,15,0,15,0,15,0,15,0,15,0,15,0,15,0
932755,5,5,0,5,0,5,0,5,0,5,0,5,0,5,0,5,0,5,0,5,0
937834,,,,,,,,,,,,,,,,,,,,,
937839,,,,,,,,,,,,,,,,,,,,,
937845,,,,,,,,,,,,,,,,,,,,,
937846,,,,,,,,,,,,,,,,,,,,,
937847,39,39,0,39,0,39,0,39,0,39,0,39,0,39,0,24,0.625,24,0.625,16.9,1.31
937850,,,,,,,,,,,,,,,,,,,,,
938454,,,,,,,,,,,,,,,,,,,,,
938655,,,,,,,,,,,,,,,,,,,,,
938659,32,32,0,32,0,32,0,32,0,32,0,32,0,32,0,32,0,19,0.684,19,0.684
938670,36,36,0,36,0,36,0,36,0,36,0,36,0,36,0,36,0,,,,
938671,23,23,0,23,0,23,0,23,0,23,0,23,0,23,0,17,0.353,,,17,0.353
938876,24,24,0,24,0,24,0,24,0,24,0,24,0,,,24,0,,,12,1
939519,,,,,,,,,,,,,,,,,,,,,
939581,2.5,2.5,0,2.5,0,2.5,0,2.5,0,2.5,0,2.5,0,2.5,0,2.5,0,2.5,0,2.7,-0.0741
940047,10.5,10.5,0,10.5,0,10.5,0,10.5,0,10.5,0,10.5,0,10.5,0,9,0.167,9,0.167,9,0.167
940743,,,,,,,,,,,,,,,,,,,,,
941113,110,110,0,110,0,110,0,110,0,110,0,110,0,110,0,127,-0.134,94,0.17,69.2,0.59
941551,,,,,,,,,,,,,,,,,,,,,
942359,20.5,20.5,0,20.5,0,20.5,0,20.5,0,20.5,0,20.5,0,20.5,0,,,17,0.206,15.5,0.323
947238,22,22,0,22,0,22,0,22,0,22,0,22,0,,,,,,,,
947239,22,22,0,22,0,22,0,22,0,22,0,22,0,,,,,,,,
947354,215,215,0,215,0,215,0,,,,,,,,,,,,,,
947355,72,72,0,72,0,72,0,,,,,,,,,,,,,,
947363,280,280,0,280,0,280,0,280,0,280,0,280,0,280,0,,,185,0.514,160,0.75
947364,160,160,0,160,0,160,0,,,,,160,0,160,0,180,-0.111,,,104,0.538
947365,199,199,0,199,0,199,0,,,,,,,,,,,,,,
947366,135,135,0,135,0,135,0,,,,,,,135,0,145,-0.069,105,0.286,83,0.627
947367,120,120,0,120,0,120,0,,,,,,,120,0,,,97,0.237,75,0.6
947368,,,,,,,,,,,,,,,,,,,,,
947369,180,180,0,180,0,180,0,180,0,180,0,180,0,180,0,199,-0.0955,,,,
947374,,,,,,,,,,,,,,,,,,,,,
947375,429,429,0,429,0,429,0,429,0,429,0,429,0,,,,,,,,
947376,377,377,0,377,0,377,0,377,0,377,0,377,0,377,0,,,260,0.45,235,0.604
947378,280,280,0,280,0,280,0,280,0,280,0,280,0,,,,,,,,
947385,255,255,0,255,0,255,0,,,,,,,,,,,,,,
947386,199,199,0,199,0,199,0,,,,,,,,,,,,,,
947387,345,345,0,345,0,345,0,345,0,345,0,345,0,345,0,399,-0.135,275,0.255,245,0.408
947475,,,,,,,,,,,,,,,,,,,,,
947531,18,18,0,18,0,18,0,18,0,18,0,18,0,18,0,12.5,0.44,12.5,0.44,12.5,0.44
947532,25,25,0,25,0,25,0,25,0,25,0,25,0,25,0,18.3,0.366,18.3,0.366,18.3,0.366
947533,29,29,0,29,0,29,0,29,0,29,0,29,0,29,0,,,24,0.208,24,0.208
947534,13,13,0,13,0,13,0,13,0,,,,,13,0,,,,,9.9,0.313
947536,17.5,17.5,0,17.5,0,17.5,0,17.5,0,17.5,0,17.5,0,,,,,15.5,0.129,15.5,0.129
947537,25.5,25.5,0,25.5,0,25.5,0,25.5,0,25.5,0,25.5,0,25.5,0,,,19.2,0.328,19.2,0.328
947538,20,20,0,20,0,20,0,20,0,20,0,20,0,20,0,20,0,15.5,0.29,,
947539,14,14,0,14,0,14,0,14,0,14,0,14,0,14,0,,,10.5,0.333,10.5,0.333
947540,21.5,21.5,0,21.5,0,21.5,0,21.5,0,,,,,,,,,15.5,0.387,15.5,0.387
947541,26,26,0,26,0,26,0,26,0,26,0,26,0,26,0,,,20.5,0.268,20.5,0.268
947632,28,28,0,28,0,28,0,28,0,28,0,28,0,28,0,28,0,21,0.333,21,0.333
947633,34,34,0,34,0,34,0,34,0,34,0,34,0,34,0,34,0,29,0.172,29,0.172
947636,,,,,,,,,,,,,,,,,,,,,
947906,,,,,,,,,,,,,,,,,,,,,
948326,85,85,0,85,0,85,0,85,0,85,0,85,0,85,0,85,0,34,1.5,34,1.5
948327,91,91,0,91,0,91,0,91,0,91,0,91,0,91,0,91,0,38.5,1.36,,
948328,,,,,,,,,,,,,,,,,,,,,
948661,,,,,,,,,,,,,,,,,,,,,
948663,,,,,,,,,,,,,,,,,,,,,
948673,,,,,,,,,,,,,,,,,,,,,
948674,,,,,,,,,,,,,,,,,,,,,
948676,,,,,,,,,,,,,,,,,,,,,
948678,,,,,,,,,,,,,,,,,,,,,
948680,,,,,,,,,,,,,,,,,,,,,
948921,,,,,,,,,,,,,,,,,,,,,
948948,6.5,6.5,0,6.5,0,6.5,0,6.5,0,6.5,0,6.5,0,6.5,0,4.5,0.444,3.9,0.667,3.9,0.667
950466,,,,,,,,,,,,,,,,,,,,,
950520,121,121,0,121,0,121,0,121,0,121,0,121,0,121,0,121,0,84,0.44,,
951167,56,56,0,56,0,56,0,56,0,56,0,56,0,56,0,,,,,,
951414,,,,,,,,,,,,,,,,,,,,,
951546,,,,,,,,,,,,,,,,,,,,,
951807,66,66,0,66,0,66,0,66,0,66,0,66,0,66,0,66,0,66,0,,
954009,19,19,0,19,0,19,0,19,0,,,19,0,19,0,,,15,0.267,15,0.267
954180,,,,,,,,,,,,,,,,,,,,,
954997,,,,,,,,,,,,,,,,,,,,,
956514,77,77,0,77,0,77,0,77,0,77,0,77,0,77,0,,,,,,
956809,41,41,0,41,0,41,0,41,0,,,,,41,0,,,33,0.242,33,0.242
957074,,,,,,,,,,,,,,,,,,,,,
957690,,,,,,,,,,,,,,,,,,,,,
957693,,,,,,,,,,,,,,,,,,,,,
959610,,,,,,,,,,,,,,,,,,,,,
959621,22,22,0,22,0,22,0,22,0,22,0,22,0,24,-0.0833,22.4,-0.0179,22.4,-0.0179,15,0.467
959622,,,,,,,,,,,,,,,,,,,,,
959627,,,,,,,,,,,,,,,,,,,,,
959628,,,,,,,,,,,,,,,,,,,,,
959632,49,49,0,49,0,49,0,49,0,49,0,49,0,49,0,49,0,49,0,,
960021,18.9,18.9,0,18.9,0,18.9,0,18.9,0,,,,,,,,,11.9,0.588,14.9,0.268
960100,,,,,,,,,,,,,,,,,,,,,
960146,165,165,0,165,0,165,0,165,0,165,0,165,0,,,165,0,138,0.196,135,0.222
960240,,,,,,,,,,,,,,,,,,,,,
960256,,,,,,,,,,,,,,,,,,,,,
960263,39.9,39.9,0,39.9,0,39.9,0,39.9,0,39.9,0,39.9,0,39.9,0,41.9,-0.0477,41.9,-0.0477,41.9,-0.0477
960272,74.9,74.9,0,74.9,0,74.9,0,74.9,0,74.9,0,74.9,0,74.9,0,74.9,0,,,64.9,0.154
960296,55.1,55.1,0,55.1,0,55.1,0,55.1,0,55.1,0,55.1,0,55.1,0,55.1,0,49.5,0.113,44,0.252
960630,,,,,,,,,,,,,,,,,,,,,
960631,,,,,,,,,,,,,,,,,,,,,
960670,26,26,0,26,0,26,0,26,0,26,0,26,0,26,0,21.5,0.209,21.5,0.209,21.5,0.209
960869,,,,,,,,,,,,,,,,,,,,,
963518,49,49,0,49,0,49,0,49,0,49,0,49,0,,,31,0.581,31,0.581,,
964764,123,123,0,123,0,123,0,123,0,123,0,123,0,123,0,123,0,96,0.281,96,0.281
964786,65,65,0,65,0,65,0,65,0,65,0,65,0,65,0,65,0,49.9,0.303,49.9,0.303
969636,31,31,0,31,0,31,0,31,0,31,0,31,0,28,0.107,28,0.107,28,0.107,28,0.107
970541,9.5,9.5,0,9.5,0,9.5,0,9.5,0,9.5,0,9.5,0,9.5,0,9.5,0,9.5,0,8.5,0.118
970543,8,8,0,8,0,8,0,8,0,8,0,8,0,8,0,8,0,8,0,7.5,0.0667
971345,5.5,5.5,0,5.5,0,5.5,0,5.5,0,5.5,0,5.5,0,5.5,0,5.5,0,5.5,0,4.5,0.222
971455,,,,,,,,,,,,,,,,,,,,,
971456,,,,,,,,,,,,,,,,,,,,,
971464,8,8,0,8,0,8,0,8,0,8,0,8,0,8,0,6,0.333,6,0.333,6,0.333
971501,14,14,0,14,0,14,0,14,0,14,0,14,0,14,0,14,0,14,0,18,-0.222
972689,34,34,0,34,0,34,0,34,0,34,0,34,0,,,,,,,,
974256,13,13,0,13,0,13,0,13,0,13,0,13,0,,,,,,,,
976413,2,2,0,2,0,2,0,2,0,2,0,2,0,2,0,2,0,2,0,,
976416,3,3,0,3,0,3,0,3,0,3,0,3,0,3,0,3,0,3,0,2,0.5
976418,2,2,0,2,0,2,0,2,0,2,0,2,0,2,0,2,0,2,0,2.5,-0.2
979964,250,250,0,250,0,250,0,250,0,250,0,250,0,250,0,250,0,169,0.479,169,0.479
979996,59,59,0,59,0,59,0,,,,,,,,,,,,,,
979999,110,110,0,110,0,110,0,110,0,110,0,110,0,110,0,125,-0.12,,,,
980105,12,12,0,12,0,12,0,12,0,12,0,12,0,12,0,12,0,6,1,6,1
980295,,,,,,,,,,,,,,,,,,,,,
980598,8,8,0,8,0,8,0,8,0,8,0,8,0,8,0,6,0.333,6,0.333,6,0.333
980651,35,35,0,35,0,35,0,35,0,35,0,35,0,35,0,35,0,35,0,,
981637,26,26,0,26,0,26,0,26,0,26,0,26,0,26,0,24,0.0833,24,0.0833,24,0.0833
981638,26,26,0,26,0,26,0,26,0,26,0,26,0,26,0,24,0.0833,24,0.0833,24,0.0833
981639,31,31,0,31,0,31,0,31,0,31,0,31,0,,,,,27,0.148,27,0.148
981640,46,46,0,46,0,46,0,46,0,46,0,46,0,46,0,46,0,46,0,46,0
981642,19,19,0,19,0,19,0,19,0,19,0,19,0,19,0,18,0.0556,18,0.0556,18,0.0556
981643,26,26,0,26,0,26,0,26,0,26,0,26,0,26,0,24,0.0833,24,0.0833,24,0.0833
981758,,,,,,,,,,,,,,,,,,,,,
981767,18.2,18.2,0,18.2,0,18.2,0,,,,,18.2,0,18.2,0,18.2,0,18.2,0,16,0.137
981768,,,,,,,,,,,,,,,,,,,,,
981769,,,,,,,,,,,,,,,,,,,,,
982228,19,19,0,19,0,19,0,19,0,19,0,,,,,,,,,,
982236,,,,,,,,,,,,,,,,,,,,,
982551,67,67,0,67,0,67,0,76,-0.118,76,-0.118,76,-0.118,76,-0.118,76,-0.118,56,0.196,60,0.117
983256,16,16,0,16,0,16,0,16,0,16,0,16,0,18,-0.111,18,-0.111,13,0.231,13,0.231
983262,21,21,0,21,0,21,0,21,0,21,0,21,0,24,-0.125,24,-0.125,17,0.235,17,0.235
983267,14,14,0,14,0,14,0,14,0,14,0,14,0,15.5,-0.0968,15.5,-0.0968,11,0.273,11,0.273
983448,,,,,,,,,,,,,,,,,,,,,
983685,26,26,0,26,0,26,0,26,0,26,0,26,0,26,0,23,0.13,23,0.13,23,0.13
983686,41,41,0,41,0,41,0,41,0,41,0,41,0,41,0,26,0.577,26,0.577,26,0.577
983687,41,41,0,41,0,41,0,41,0,41,0,41,0,41,0,30,0.367,30,0.367,30,0.367
983688,20,20,0,20,0,20,0,20,0,20,0,20,0,20,0,14,0.429,14,0.429,14,0.429
983709,43,43,0,43,0,43,0,43,0,43,0,43,0,43,0,33,0.303,33,0.303,33,0.303
983710,43,43,0,43,0,43,0,43,0,43,0,43,0,43,0,33,0.303,33,0.303,33,0.303
984248,50,50,0,50,0,50,0,50,0,50,0,50,0,50,0,50,0,,,,
984924,19.5,19.5,0,19.5,0,19.5,0,19.5,0,,,,,,,13.5,0.444,11.9,0.639,11.9,0.639
984926,,,,,,,,,,,,,,,,,,,,,
984930,,,,,,,,,,,,,,,,,,,,,
984932,,,,,,,,,,,,,,,,,,,,,
984933,,,,,,,,,,,,,,,,,,,,,
984943,,,,,,,,,,,,,,,,,,,,,
984946,,,,,,,,,,,,,,,,,,,,,
984947,,,,,,,,,,,,,,,,,,,,,
984948,,,,,,,,,,,,,,,,,,,,,
984952,,,,,,,,,,,,,,,,,,,,,
984964,,,,,,,,,,,,,,,,,,,,,
984993,16,16,0,16,0,16,0,16,0,,,,,16,0,16,0,16,0,16,0
984997,29,29,0,29,0,29,0,29,0,29,0,29,0,,,,,,,,
986389,,,,,,,,,,,,,,,,,,,,,
986390,57,57,0,57,0,57,0,57,0,57,0,57,0,57,0,57,0,,,,
986406,44,44,0,44,0,44,0,44,0,44,0,44,0,44,0,,,,,,
986524,21,21,0,21,0,21,0,21,0,21,0,21,0,21,0,,,,,,
987976,120,120,0,120,0,120,0,120,0,120,0,120,0,120,0,120,0,94,0.277,94,0.277
989943,,,,,,,,,,,,,,,,,,,,,
989971,7,7,0,7,0,7,0,7,0,7,0,7,0,7,0,6,0.167,6,0.167,6,0.167
990364,35,35,0,35,0,35,0,35,0,35,0,35,0,35,0,35,0,28,0.25,28,0.25
990548,115,115,0,115,0,115,0,115,0,115,0,115,0,115,0,115,0,94.9,0.212,94.9,0.212
991075,,,,,,,,,,,,,,,,,,,,,
991078,,,,,,,,,,,,,,,,,,,,,
991081,,,,,,,,,,,,,,,,,,,,,
991082,,,,,,,,,,,,,,,,,,,,,
991288,,,,,,,,,,,,,,,,,,,,,
991289,,,,,,,,,,,,,,,,,,,,,
991502,39,39,0,39,0,39,0,39,0,39,0,39,0,39,0,39,0,27.9,0.398,27.9,0.398
991503,47,47,0,47,0,47,0,47,0,47,0,47,0,47,0,47,0,36,0.306,36,0.306
991504,79,79,0,79,0,79,0,79,0,79,0,79,0,79,0,79,0,60,0.317,60,0.317
991505,79,79,0,79,0,79,0,79,0,79,0,79,0,79,0,79,0,59,0.339,59,0.339
992564,,,,,,,,,,,,,,,,,,,,,
992625,29,29,0,29,0,29,0,29,0,29,0,29,0,29,0,17.8,0.629,17.8,0.629,17.8,0.629
993290,24,24,0,24,0,24,0,,,,,24,0,24,0,24,0,17,0.412,14.5,0.655
993291,31,31,0,31,0,31,0,,,,,,,31,0,31,0,23,0.348,18,0.722
993293,123,123,0,123,0,123,0,123,0,123,0,123,0,123,0,123,0,89,0.382,69,0.783
993381,49,49,0,49,0,49,0,,,,,,,,,,,,,,
993460,25,25,0,25,0,25,0,25,0,25,0,25,0,25,0,25,0,14,0.786,14,0.786
993519,16.5,16.5,0,16.5,0,16.5,0,16.5,0,16.5,0,16.5,0,16.5,0,16.5,0,16.5,0,15,0.1
993520,,,,,,,,,,,,,,,,,,,,,
993675,107,107,0,107,0,107,0,107,0,107,0,107,0,107,0,107,0,89,0.202,89,0.202
993944,,,,,,,,,,,,,,,,,,,,,
993945,,,,,,,,,,,,,,,,,,,,,
993947,,,,,,,,,,,,,,,,,,,,,
993948,21.5,21.5,0,21.5,0,21.5,0,21.5,0,21.5,0,21.5,0,21.5,0,21.5,0,14.7,0.463,9.5,1.26
993949,8.5,8.5,0,8.5,0,8.5,0,8.5,0,8.5,0,8.5,0,8.5,0,7.7,0.104,7.7,0.104,5,0.7
993954,,,,,,,,,,,,,,,,,,,,,
993959,,,,,,,,,,,,,,,,,,,,,
993978,13,13,0,13,0,13,0,13,0,13,0,13,0,13,0,13,0,9.6,0.354,9.6,0.354
993979,11,11,0,11,0,11,0,11,0,11,0,11,0,11,0,11,0,,,8.4,0.31
995109,13,13,0,13,0,13,0,13,0,13,0,13,0,13,0,13,0,9.4,0.383,9.4,0.383
995277,19,19,0,19,0,19,0,19,0,19,0,19,0,19,0,35,-0.457,35,-0.457,,
995278,,,,,,,,,,,,,,,,,,,,,
995279,64.4,64.4,0,64.4,0,64.4,0,64.4,0,64.4,0,64.4,0,64.4,0,64.4,0,64.4,0,,
995280,7,7,0,7,0,7,0,,,,,7,0,7,0,7,0,,,,
995287,,,,,,,,,,,,,,,,,,,,,
995762,21,21,0,21,0,21,0,21,0,21,0,21,0,21,0,21,0,21,0,20,0.05
995832,20,20,0,20,0,20,0,20,0,20,0,20,0,,,,,,,,
996295,,,,,,,,,,,,,,,,,,,,,
996297,5,5,0,5,0,5,0,5,0,5,0,,,,,,,,,,
996304,40,40,0,40,0,40,0,40,0,50,-0.2,50,-0.2,50,-0.2,50,-0.2,21,0.905,14,1.86
996470,45,45,0,45,0,45,0,45,0,45,0,45,0,45,0,45,0,20,1.25,20,1.25
996471,64,64,0,64,0,64,0,64,0,64,0,64,0,64,0,64,0,37,0.73,37,0.73
996942,43,43,0,43,0,43,0,43,0,43,0,43,0,43,0,43,0,32.4,0.327,32.4,0.327
998036,,,,,,,,,,,,,,,,,,,,,
998074,,,,,,,,,,,,,,,,,,,,,
998147,,,,,,,,,,,,,,,,,,,,,
999259,45,47,-0.0426,47,-0.0426,47,-0.0426,47,-0.0426,47,-0.0426,47,-0.0426,47,-0.0426,47,-0.0426,47,-0.0426,,
999270,,,,,,,,,,,,,,,,,,,,,
999273,,,,,,,,,,,,,,,,,,,,,
