id_producto,hoy,1,1_cambio,3,3_cambio,7,7_cambio,14,14_cambio,30,30_cambio,60,60_cambio,90,90_cambio,180,180_cambio,270,270_cambio,365,365_cambio
1007,15,15,0,15,0,15,0,15,0,15,0,15,0,15,0,15,0,13,0.154,13,0.154
1015,15.6,15.6,0,15.6,0,15.6,0,15.6,0,15.6,0,15.6,0,15.6,0,15.6,0,13.8,0.13,13.8,0.13
1023,15,15,0,15,0,15,0,15,0,15,0,15,0,15,0,15,0,13,0.154,13,0.154
1031,15,15,0,15,0,15,0,15,0,15,0,15,0,15,0,15,0,13,0.154,13,0.154
1082,26.9,26.9,0,26.9,0,26.9,0,26.9,0,26.9,0,26.9,0,26.9,0,26.9,0,21.9,0.228,21.9,0.228
1090,28,28,0,28,0,28,0,28,0,28,0,28,0,28,0,28,0,22.5,0.244,22.5,0.244
1104,26.9,26.9,0,26.9,0,26.9,0,26.9,0,26.9,0,26.9,0,26.9,0,26.9,0,21.9,0.228,,
1112,26.9,26.9,0,26.9,0,26.9,0,26.9,0,26.9,0,26.9,0,26.9,0,26.9,0,21.9,0.228,21.9,0.228
1120,26.9,26.9,0,26.9,0,26.9,0,26.9,0,26.9,0,26.9,0,26.9,0,26.9,0,21.9,0.228,21.9,0.228
1139,26.9,26.9,0,26.9,0,26.9,0,26.9,0,26.9,0,26.9,0,26.9,0,26.9,0,21.9,0.228,21.9,0.228
1155,26.9,26.9,0,26.9,0,26.9,0,26.9,0,26.9,0,26.9,0,26.9,0,26.9,0,21.9,0.228,21.9,0.228
1163,27.5,27.5,0,27.5,0,27.5,0,27.5,0,27.5,0,27.5,0,27.5,0,27.5,0,25,0.1,25,0.1
1198,56,56,0,56,0,56,0,56,0,56,0,56,0,56,0,56,0,49.9,0.122,49.9,0.122
1557,,,,,,,,,,,,,,,,,,,,,
1606,69.5,69.5,0,69.5,0,69.5,0,69.5,0,69.5,0,69.5,0,69.5,0,,,49.5,0.404,39.5,0.759
1610,,,,,,,,,,,,,,,,,,,,,
1618,,,,,,,,,,,,,,,,,,,,,
1621,37.5,37.5,0,37.5,0,35,0.0714,29.9,0.254,37.5,0,37.5,0,37.5,0,39.5,-0.0506,38,-0.0132,38,-0.0132
1623,37.5,37.5,0,37.5,0,35,0.0714,29.9,0.254,37.5,0,37.5,0,37.5,0,39.5,-0.0506,38,-0.0132,38,-0.0132
1624,33.5,33.5,0,33.5,0,33.5,0,33.5,0,33.5,0,33.5,0,33.5,0,,,,,,
1625,33.5,33.5,0,33.5,0,33.5,0,33.5,0,33.5,0,33.5,0,33.5,0,,,,,23.6,0.419
1626,,,,,,,,,,,,,,,,,,,,,
1628,,,,,,,,,,,,,,,,,,,,,
1629,25,25,0,25,0,25,0,25,0,25,0,25,0,25,0,,,26,-0.0385,19.5,0.282
1644,,,,,,,,,,,,,,,,,,,,,
1655,13.2,13.2,0,13.2,0,13.2,0,13.2,0,13.2,0,13.2,0,13.2,0,13.2,0,,,,
1656,12.5,12.5,0,12.5,0,12.5,0,12.5,0,12.5,0,12.5,0,12.5,0,12.9,-0.031,,,7.5,0.667
1657,12.5,12.5,0,12.5,0,12.5,0,12.5,0,12.5,0,12.5,0,12.5,0,12.9,-0.031,,,7.5,0.667
1659,15.5,15.5,0,15.5,0,12.9,0.202,12.9,0.202,15.5,0,15.5,0,15.5,0,15.5,0,13,0.192,11.8,0.314
1661,15.5,15.5,0,15.5,0,12.9,0.202,12.9,0.202,15.5,0,15.5,0,15.5,0,15.5,0,13,0.192,11.8,0.314
1668,,,,,,,,,,,,,,,,,,,,,
1705,,,,,,,,,,,,,,,,,,,,,
1714,,,,,,,,,,,,,,,,,,,,,
1715,,,,,,,,,,,,,,,,,,,,,
1717,,,,,,,,,,,,,,,,,,,,,
1718,82.9,82.9,0,82.9,0,82.9,0,82.9,0,82.9,0,,,,,,,,,,
1719,,,,,,,,,,,,,,,,,,,,,
1731,13.5,13.5,0,13.5,0,13.5,0,13.5,0,15,-0.1,15,-0.1,15,-0.1,15,-0.1,14.8,-0.0878,10.5,0.286
1734,,,,,,,,,,,,,,,,,,,,,
1746,9,9,0,9,0,9,0,9,0,9,0,9,0,9,0,9,0,7.7,0.169,7.7,0.169
1747,28,28,0,28,0,28,0,28,0,28,0,28,0,28,0,28,0,22,0.273,22,0.273
1751,,,,,,,,,,,,,,,,,,,,,
1756,62.5,62.5,0,62.5,0,62.5,0,62.5,0,62.5,0,62.5,0,62.5,0,62.5,0,,,,
1758,17.5,17.5,0,17.5,0,17.5,0,17.5,0,17.5,0,17.5,0,17.5,0,17.5,0,18,-0.0278,18,-0.0278
1767,,,,,,,,,,,,,,,,,,,,,
1779,,,,,,,,,,,,,,,,,,,,,
1792,,,,,,,,,,,,,,,,,,,,,
1795,46.5,46.5,0,46.5,0,46.5,0,46.5,0,46.5,0,46.5,0,46.5,0,46.5,0,32.5,0.431,25,0.86
1799,171,171,0,171,0,171,0,171,0,171,0,171,0,171,0,171,0,152,0.128,130,0.318
1800,87.1,87.1,0,87.1,0,87.1,0,87.1,0,87.1,0,87.1,0,87.1,0,87.1,0,77.5,0.124,64,0.361
1801,20,20,0,20,0,20,0,20,0,16,0.25,16,0.25,16,0.25,,,15,0.333,14,0.429
1825,66,66,0,66,0,66,0,66,0,66,0,66,0,66,0,66,0,66,0,66,0
1831,15.5,15.5,0,15.5,0,15.5,0,15.5,0,15.5,0,15.5,0,,,15.5,0,13.5,0.148,13.5,0.148
1832,21.5,21.5,0,21.5,0,21.5,0,21.5,0,21.5,0,21.5,0,21.5,0,21.5,0,19,0.132,19,0.132
1833,22,22,0,22,0,22,0,22,0,22,0,22,0,,,22,0,19,0.158,19,0.158
1834,,,,,,,,,,,,,,,,,,,,,
1839,4.5,4.5,0,4.5,0,4.5,0,4.5,0,4.5,0,4.5,0,4.5,0,,,,,,
1840,4.5,4.5,0,4.5,0,4.5,0,4.5,0,,,,,,,,,,,,
1842,,,,,,,,,,,,,,,,,,,,,
1844,,,,,,,,,,,,,,,,,,,,,
1846,20,20,0,20,0,20,0,20,0,20,0,20,0,20,0,20,0,,,15,0.333
1849,8.7,8.7,0,8.7,0,8.7,0,8.7,0,,,8.7,0,8.7,0,,,,,,
1851,,,,,,,,,,,,,,,,,,,,,
1863,8,8,0,8,0,8,0,8,0,8,0,8,0,8,0,8,0,8,0,,
1867,375,375,0,375,0,375,0,375,0,375,0,375,0,375,0,375,0,330,0.136,255,0.471
1870,48.5,48.5,0,48.5,0,48.5,0,48.5,0,48.5,0,48.5,0,48.5,0,48.5,0,33.5,0.448,31,0.565
1872,,,,,,,,,,,,,,,,,,,,,
1880,48.5,48.5,0,48.5,0,48.5,0,48.5,0,48.5,0,48.5,0,48.5,0,48.5,0,33.5,0.448,31,0.565
1883,138,138,0,138,0,138,0,138,0,138,0,138,0,138,0,115,0.201,102,0.353,86,0.605
1884,,,,,,,,,,,,,,,,,,,,,
1885,98,98,0,98,0,98,0,98,0,98,0,98,0,98,0,98,0,65.5,0.496,51.5,0.903
1887,,,,,,,,,,,,,,,,,,,,,
1888,98,98,0,98,0,98,0,98,0,98,0,98,0,98,0,98,0,65.5,0.496,51.5,0.903
1889,98,98,0,98,0,98,0,98,0,98,0,98,0,98,0,98,0,65.5,0.496,51.5,0.903
1891,138,138,0,138,0,138,0,138,0,138,0,138,0,138,0,115,0.201,102,0.353,86,0.605
1920,43.9,43.9,0,43.9,0,43.9,0,43.9,0,43.9,0,43.9,0,43.9,0,43.9,0,41.9,0.0477,,
1971,,,,,,,,,,,,,,,,,,,,,
2194,9.9,9.9,0,9.9,0,9.9,0,9.9,0,9.9,0,9.9,0,9.9,0,9.9,0,9,0.1,8,0.238
2585,30,,,,,,,,,,,,,,,30,0,26,0.154,20.5,0.463
2640,94.9,94.9,0,94.9,0,94.9,0,94.9,0,94.9,0,99.9,-0.0501,99.9,-0.0501,99.9,-0.0501,55,0.725,55,0.725
2677,19.5,19.5,0,19.5,0,19.5,0,19.5,0,19.5,0,19.5,0,19.5,0,19.5,0,16.9,0.154,15,0.3
2718,29,29,0,29,0,29,0,29,0,29,0,29,0,29,0,23.9,0.213,25.9,0.12,21,0.381
3265,58.3,58.3,0,58.3,0,58.3,0,58.3,0,58.3,0,58.3,0,58.3,0,53.4,0.0918,46,0.267,53.2,0.0959
3270,86,86,0,86,0,86,0,86,0,86,0,86,0,86,0,78.6,0.0941,67.3,0.278,79.8,0.0777
3573,8.4,8.4,0,8.4,0,8.4,0,8.4,0,8,0.05,8,0.05,8,0.05,7.1,0.183,7.1,0.183,7.1,0.183
3705,135,135,0,135,0,135,0,135,0,135,0,135,0,135,0,135,0,135,0,135,0
3710,53.5,53.5,0,53.5,0,53.5,0,53.5,0,53.5,0,53.5,0,53.5,0,53.5,0,53.5,0,,
3744,109,109,0,,,,,,,,,,,99,0.101,84.9,0.284,93,0.172,88,0.239
3751,18,18,0,18,0,18,0,18,0,18,0,18,0,18,0,18,0,13.5,0.333,11,0.636
3757,15,15,0,15,0,15,0,15,0,18.9,-0.206,18.9,-0.206,18.9,-0.206,21.4,-0.299,20.5,-0.268,14.7,0.0204
3760,,,,,,,,,,,,,,,,,,,,,
3794,19.2,19.2,0,19.2,0,19.2,0,19.2,0,19.2,0,19.2,0,19.2,0,19.2,0,16.9,0.136,14.5,0.324
3808,,,,,,,,,,,,,,,,,,,,,
3824,19.2,19.2,0,19.2,0,19.2,0,19.2,0,19.2,0,19.2,0,19.2,0,19.2,0,16.9,0.136,14.5,0.324
3871,95,95,0,95,0,95,0,95,0,,,95,0,,,91,0.044,80,0.188,80,0.188
3873,,,,,,,,,,,,,,,,,,,,,
3883,18,18,0,18,0,18,0,18,0,18,0,18,0,18,0,18,0,13.5,0.333,11,0.636
4795,30.5,30.5,0,30.8,-0.00974,30.8,-0.00974,30.8,-0.00974,30.8,-0.00974,23.9,0.276,30.8,-0.00974,28.5,0.0702,24.5,0.245,22,0.386
4797,32.5,32.5,0,32.5,0,32.5,0,32.5,0,32.5,0,25.5,0.275,32.5,0,30,0.0833,24.5,0.327,22,0.477
4928,11,11,0,11,0,11,0,11,0,10.5,0.0476,10.5,0.0476,10.5,0.0476,10.5,0.0476,10.5,0.0476,9.3,0.183
4944,11,11,0,11,0,11,0,11,0,10.5,0.0476,10.5,0.0476,10.5,0.0476,10.5,0.0476,10.5,0.0476,9.3,0.183
5003,19.9,19.9,0,19.9,0,19.9,0,19.9,0,21.4,-0.0701,29.7,-0.33,40.9,-0.513,43,-0.537,18,0.106,16,0.244
5006,,,,,,,,,,,,,,,,,,,,,
5007,39.4,39.4,0,39.4,0,39.4,0,39.4,0,41.1,-0.0414,44.4,-0.113,44.4,-0.113,58.5,-0.326,42.5,-0.0729,40.5,-0.0272
5008,11.7,11.7,0,11.7,0,11.7,0,11.7,0,11.7,0,6.5,0.8,6.5,0.8,6.5,0.8,6.5,0.8,9.5,0.232
5009,49,49,0,49,0,49,0,49,0,49,0,49,0,49,0,,,,,,
5011,7.5,7.5,0,7.5,0,7.5,0,7.5,0,7.5,0,7.5,0,7.5,0,7.5,0,6.3,0.19,6.3,0.19
5012,6.3,6.3,0,6.3,0,6.3,0,6.3,0,6.3,0,6.3,0,6.3,0,7,-0.1,4.2,0.5,4.2,0.5
5014,39.9,39.9,0,39.9,0,39.9,0,39.9,0,39.9,0,39.9,0,39.9,0,39.9,0,31,0.287,34,0.174
5015,12.2,12.2,0,12.2,0,12.2,0,12.2,0,6.5,0.877,6.5,0.877,6.5,0.877,6.5,0.877,6.5,0.877,6.5,0.877
5016,10,10,0,10,0,10,0,11.1,-0.0991,17.7,-0.435,23.1,-0.567,27.4,-0.635,15,-0.333,9.3,0.0753,13,-0.231
5017,6.4,6.4,0,6.4,0,6.4,0,6.4,0,7.8,-0.179,9.3,-0.312,16.8,-0.619,6,0.0667,8.9,-0.281,8.5,-0.247
5018,12.2,12.2,0,12.2,0,12.2,0,12.2,0,12.2,0,12.2,0,12.2,0,,,,,7.9,0.544
5021,32,32,0,33,-0.0303,33,-0.0303,33,-0.0303,33,-0.0303,29.6,0.0811,27,0.185,27,0.185,24.5,0.306,24.5,0.306
5022,,,,,,,,,,,,,,,,,,,,,
5023,12,12,0,12,0,12,0,12,0,18,-0.333,13,-0.0769,13,-0.0769,13,-0.0769,13,-0.0769,13,-0.0769
5025,9.2,9.2,0,9.2,0,9.2,0,9.2,0,9.2,0,10.2,-0.098,11.7,-0.214,18,-0.489,8,0.15,8,0.15
5026,21.5,21.5,0,21.5,0,21.5,0,21.5,0,21.5,0,21.5,0,21.5,0,21.5,0,21.5,0,22.5,-0.0444
5028,40,40,0,40,0,40,0,40,0,,,40,0,40,0,,,40,0,,
5030,7.4,7.4,0,7.4,0,7.4,0,6,0.233,6,0.233,6,0.233,5,0.48,5,0.48,5,0.48,6,0.233
5031,11.7,11.7,0,11.7,0,11.7,0,11.7,0,11.7,0,11.7,0,11.7,0,7,0.671,9,0.3,9,0.3
5032,18.4,18.4,0,18.4,0,18.4,0,18.4,0,18.4,0,14,0.314,11,0.673,7.7,1.39,7.5,1.45,6.5,1.83
5035,65,65,0,65,0,65,0,65,0,65,0,65,0,65,0,65,0,65,0,60,0.0833
5036,15.5,15.5,0,17.7,-0.124,17.7,-0.124,17.7,-0.124,9.9,0.566,8.9,0.742,10.7,0.449,6.9,1.25,9,0.722,7.6,1.04
5038,6.5,6.5,0,6.5,0,6.5,0,6.5,0,6.5,0,7.6,-0.145,7.6,-0.145,8,-0.188,5,0.3,5,0.3
5040,15.3,15.3,0,15.3,0,15.3,0,15.3,0,15.3,0,15.3,0,15.3,0,12.5,0.224,12.5,0.224,12.5,0.224
5044,7.9,7.9,0,7.9,0,7.9,0,9.1,-0.132,6.8,0.162,6.8,0.162,6.8,0.162,8.3,-0.0482,7,0.129,10.5,-0.248
5048,113,113,0,113,0,113,0,113,0,113,0,73,0.542,73,0.542,73,0.542,84.5,0.333,53,1.12
5049,119,119,0,119,0,119,0,119,0,119,0,116,0.025,116,0.025,116,0.025,58.5,1.03,58.5,1.03
5050,38.7,38.7,0,38.7,0,38.7,0,39.3,-0.0153,39.9,-0.0301,38,0.0184,43.5,-0.11,59,-0.344,72.5,-0.466,44,-0.12
5053,,,,,,,,,,,,,,,,,,,,,
5054,11.3,11.3,0,11.3,0,11.3,0,11.7,-0.0342,12.7,-0.11,16.9,-0.331,16.3,-0.307,8.9,0.27,10.5,0.0762,9.9,0.141
5055,22.8,22.8,0,22.8,0,28.1,-0.189,22.8,0,22.9,-0.00437,22.3,0.0224,22,0.0364,25,-0.088,24.1,-0.0539,25.5,-0.106
5056,14.7,14.7,0,14.7,0,14.7,0,14.7,0,14.7,0,14.7,0,14.7,0,9.9,0.485,8.5,0.729,8.5,0.729
5057,14.7,14.7,0,15.7,-0.0637,15.7,-0.0637,15.7,-0.0637,13.1,0.122,12.9,0.14,14.9,-0.0134,8.8,0.67,10.5,0.4,11.2,0.312
5059,13.1,13.1,0,13.1,0,13.1,0,13.1,0,10.7,0.224,11.5,0.139,11.5,0.139,12,0.0917,9.5,0.379,7.5,0.747
5060,12.9,12.9,0,13.9,-0.0719,13.9,-0.0719,13.9,-0.0719,12.7,0.0157,12.7,0.0157,12.1,0.0661,11.5,0.122,8.5,0.518,13.5,-0.0444
5062,10.4,10.4,0,12.1,-0.14,14.8,-0.297,12.5,-0.168,12.5,-0.168,9.7,0.0722,9.7,0.0722,13.8,-0.246,16,-0.35,8.3,0.253
5063,11.5,11.5,0,11.5,0,11.5,0,11.5,0,11.5,0,11.5,0,11.5,0,11.5,0,11.5,0,11.5,0
5064,12,12,0,12,0,12,0,12,0,12,0,11.1,0.0811,8.6,0.395,13.8,-0.13,13.6,-0.118,9.2,0.304
5065,8.8,8.8,0,8.8,0,9.9,-0.111,9.9,-0.111,12.7,-0.307,14.9,-0.409,14.8,-0.405,16.4,-0.463,8.9,-0.0112,14,-0.371
5067,10.8,10.8,0,10.8,0,10.8,0,10.8,0,10.8,0,10.8,0,12.3,-0.122,7.8,0.385,10.5,0.0286,10.2,0.0588
5068,18.9,18.9,0,,,20.2,-0.0644,21.7,-0.129,23.7,-0.203,29.2,-0.353,54.3,-0.652,43.9,-0.569,27,-0.3,20.1,-0.0597
5069,,,,,,,,,,,,,,,,,,,,,
5070,48.5,48.5,0,48.5,0,48.5,0,48.5,0,48.5,0,48.5,0,48.5,0,40,0.212,40,0.212,40,0.212
5071,23.3,23.3,0,23.3,0,23.3,0,24.2,-0.0372,19.9,0.171,19.9,0.171,18.3,0.273,19.5,0.195,19.5,0.195,19,0.226
5072,11,11,0,11,0,11,0,12.1,-0.0909,12.3,-0.106,13.7,-0.197,12.4,-0.113,14.3,-0.231,10.5,0.0476,12.5,-0.12
5073,12.5,12.5,0,12.5,0,12.5,0,12.5,0,12.5,0,12.5,0,12.5,0,12.5,0,12.5,0,12.5,0
5075,26.6,26.6,0,26.6,0,26.6,0,26.6,0,26.6,0,26.6,0,26.6,0,27,-0.0148,37,-0.281,57,-0.533
5077,13.3,13.3,0,13.8,-0.0362,14.5,-0.0828,14.5,-0.0828,13.2,0.00758,8,0.663,8,0.663,18,-0.261,10.5,0.267,10.5,0.267
5081,11.1,11.1,0,11.1,0,11.1,0,10.8,0.0278,10.8,0.0278,8.4,0.321,15.8,-0.297,16,-0.306,22,-0.495,17.1,-0.351
5083,16,16,0,16,0,16,0,16,0,16,0,16,0,14.4,0.111,11.2,0.429,11,0.455,13,0.231
5085,17.8,17.8,0,17.8,0,17.8,0,19.4,-0.0825,19.4,-0.0825,19.4,-0.0825,22.4,-0.205,34.7,-0.487,26.5,-0.328,17.5,0.0171
5086,44,44,0,44,0,44,0,,,,,,,,,44,0,35,0.257,40,0.1
5087,12,12,0,13.2,-0.0909,13.2,-0.0909,13.4,-0.104,13.4,-0.104,11.3,0.0619,11.3,0.0619,10.9,0.101,10,0.2,11.5,0.0435
5088,9.5,9.5,0,9.5,0,9.5,0,9.5,0,8.7,0.092,8.7,0.092,8.7,0.092,8.7,0.092,8.7,0.092,7.5,0.267
5089,12.6,12.6,0,13.2,-0.0455,13.2,-0.0455,13.2,-0.0455,13.9,-0.0935,11.7,0.0769,11.7,0.0769,10.2,0.235,10.6,0.189,11.5,0.0957
5093,6.4,6.4,0,6.4,0,6.4,0,6.4,0,6.9,-0.0725,5.4,0.185,6.3,0.0159,12,-0.467,7,-0.0857,4.5,0.422
5094,11.2,11.2,0,11.2,0,11.2,0,12.3,-0.0894,9.9,0.131,12.3,-0.0894,13,-0.138,10.9,0.0275,18,-0.378,7.5,0.493
5095,13.9,13.9,0,13.9,0,13.9,0,15.3,-0.0915,16.2,-0.142,15.3,-0.0915,18.5,-0.249,15.5,-0.103,14,-0.00714,12,0.158
5097,19,19,0,19,0,19,0,19,0,19,0,19,0,19,0,19,0,,,,
5098,9.6,9.6,0,9.6,0,9.6,0,9.6,0,9.6,0,9.6,0,10.5,-0.0857,10.5,-0.0857,8.5,0.129,7.5,0.28
5099,,,,,,,,,,,,,,,,,,,,,
5101,9.5,9.5,0,10.4,-0.0865,10.4,-0.0865,11.6,-0.181,10.3,-0.0777,7.8,0.218,7.8,0.218,10,-0.05,9,0.0556,10,-0.05
5102,11.2,11.2,0,11.2,0,11.2,0,15.2,-0.263,15.2,-0.263,16.2,-0.309,10.9,0.0275,19,-0.411,14,-0.2,11,0.0182
5103,6.9,6.9,0,7.4,-0.0676,7.4,-0.0676,7.4,-0.0676,5,0.38,5.7,0.211,6.7,0.0299,8.5,-0.188,8.5,-0.188,4.5,0.533
5104,17.9,17.9,0,17.9,0,17.9,0,17.9,0,17.9,0,19.2,-0.0677,18,-0.00556,6,1.98,16.5,0.0848,14,0.279
5105,10.8,10.8,0,10.8,0,11.9,-0.0924,15.7,-0.312,16.5,-0.345,15,-0.28,15.5,-0.303,7.7,0.403,13.1,-0.176,12.2,-0.115
5106,17.5,17.5,0,17.5,0,17.5,0,17.5,0,16.1,0.087,13.9,0.259,16,0.0938,20.6,-0.15,13,0.346,16,0.0938
5107,12.9,12.9,0,13.9,-0.0719,13.9,-0.0719,13.8,-0.0652,14,-0.0786,13.8,-0.0652,16.5,-0.218,13.4,-0.0373,9.5,0.358,6,1.15
5108,7.8,7.8,0,5.5,0.418,5.5,0.418,7.9,-0.0127,8.8,-0.114,8.6,-0.093,11.7,-0.333,8,-0.025,7,0.114,5.5,0.418
5111,10.4,10.4,0,11.5,-0.0957,11.5,-0.0957,11.5,-0.0957,11.5,-0.0957,12.3,-0.154,8.1,0.284,9,0.156,9.9,0.0505,6,0.733
5113,12.6,12.6,0,12.6,0,12.6,0,12.6,0,14.2,-0.113,10.1,0.248,16.1,-0.217,14,-0.1,13.5,-0.0667,11.5,0.0957
5114,27.5,27.5,0,27.5,0,27.5,0,27.5,0,27.5,0,27.5,0,27.5,0,,,,,14,0.964
5115,8.1,8.1,0,8.1,0,8.1,0,8.5,-0.0471,8.5,-0.0471,8.5,-0.0471,8.5,-0.0471,8.5,-0.0471,7.5,0.08,7.5,0.08
5118,11,11,0,11,0,11,0,11,0,10,0.1,10,0.1,10,0.1,10,0.1,10,0.1,8.5,0.294
5119,54.9,54.9,0,54.9,0,54.9,0,54.9,0,54.9,0,54.9,0,54.9,0,49.9,0.1,48,0.144,48,0.144
5121,9,9,0,9,0,9,0,9,0,9,0,9,0,9,0,9,0,9,0,9,0
5123,36,36,0,36,0,36,0,36,0,36,0,36,0,36,0,36,0,36,0,36,0
5126,6,6,0,6,0,6,0,6,0,5.5,0.0909,5.5,0.0909,5.5,0.0909,5.5,0.0909,5.5,0.0909,4.7,0.277
5127,25,25,0,25,0,25,0,25,0,25,0,25.6,-0.0234,25.6,-0.0234,21.7,0.152,17.2,0.453,21.5,0.163
5129,39.1,39.1,0,39.1,0,39.1,0,39.1,0,39.1,0,28.8,0.358,28.8,0.358,31.9,0.226,26,0.504,19,1.06
5134,27.4,27.4,0,27.4,0,27.4,0,27.4,0,25.2,0.0873,25.2,0.0873,25.2,0.0873,25.2,0.0873,24.1,0.137,26,0.0538
5135,65,65,0,65,0,65,0,65,0,,,65,0,65,0,56.8,0.144,58.5,0.111,55,0.182
5136,,,,,,,,,,,,,,,,,,,,,
5139,20,20,0,20,0,20,0,20,0,20,0,20,0,20,0,20,0,20,0,20,0
5140,,,,,,,,,,,,,,,,,,,,,
5154,20,20,0,,,,,,,,,20,0,,,,,,,,
5156,24,24,0,24,0,24,0,24,0,24,0,24,0,24,0,24,0,24,0,24,0
5157,25,25,0,25,0,25,0,25,0,25,0,25,0,25,0,25,0,25,0,25,0
5158,27.1,27.1,0,27.1,0,27.1,0,17.9,0.514,17.9,0.514,17.9,0.514,17.9,0.514,17.9,0.514,15,0.807,15,0.807
5160,,,,,,,,,,,,,,,,,,,,,
5165,28,28,0,28,0,28,0,28,0,28,0,28,0,28,0,,,,,25,0.12
5166,24,24,0,24,0,24,0,24,0,24,0,24,0,24,0,,,,,,
5167,24.5,24.5,0,24.5,0,24.5,0,24.5,0,24.5,0,24.5,0,24.5,0,24.5,0,18,0.361,17.5,0.4
5168,65,65,0,65,0,65,0,65,0,65,0,65,0,65,0,,,,,45,0.444
5171,30,30,0,30,0,30,0,30,0,30,0,30,0,30,0,30,0,30,0,28,0.0714
5173,20.5,20.5,0,20.5,0,15.4,0.331,15.4,0.331,15.4,0.331,16.2,0.265,22.8,-0.101,27,-0.241,22,-0.0682,20.5,0
5175,21,21,0,21,0,21,0,21,0,,,,,,,21,0,21,0,18,0.167
5176,,,,,,,,,,,,,,,,,,,,,
5178,42,42,0,42,0,42,0,42,0,,,,,,,,,33,0.273,33,0.273
5180,,,,,,,,,,,,,,,,,,,,,
5187,19.8,19.8,0,22.6,-0.124,19,0.0421,19,0.0421,21.8,-0.0917,29.8,-0.336,29.3,-0.324,36,-0.45,20.5,-0.0341,20.5,-0.0341
5190,30,30,0,30,0,30,0,30,0,30,0,30,0,30,0,30,0,30,0,30,0
5196,10.5,10.5,0,10.5,0,10.5,0,10.5,0,10.5,0,10.5,0,10.5,0,10.5,0,10.5,0,10.5,0
5199,22.2,22.2,0,24.3,-0.0864,24.3,-0.0864,25.8,-0.14,25.8,-0.14,41.2,-0.461,41.2,-0.461,37.5,-0.408,30,-0.26,33,-0.327
5200,10,10,0,10,0,10,0,10,0,10,0,10,0,10,0,10,0,10,0,17,-0.412
5201,67.2,67.2,0,67.2,0,67.2,0,67.2,0,,,,,,,,,,,,
5203,34,34,0,34,0,34,0,34,0,34,0,34,0,34,0,34,0,34,0,30,0.133
5205,21,21,0,21,0,21,0,21,0,21,0,21,0,21,0,21,0,21,0,19.5,0.0769
5206,,,,,,,,,,,,,,,,,,,,,
5209,75,75,0,75,0,75,0,75,0,75,0,80.3,-0.066,81.6,-0.0809,80.5,-0.0683,65.5,0.145,57,0.316
5212,23.1,23.1,0,20.8,0.111,22.4,0.0313,27.1,-0.148,23.6,-0.0212,22.6,0.0221,24.6,-0.061,18.5,0.249,26.5,-0.128,26,-0.112
5213,21,21,0,21,0,21,0,21,0,21,0,21,0,21,0,21,0,21,0,21,0
5217,,,,,,,,,,,,,,,,,,,,,
5220,26.2,26.2,0,26.2,0,26.2,0,26.2,0,26.2,0,26.2,0,21,0.248,,,19,0.379,,
5226,13,13,0,13,0,13,0,13,0,13,0,13,0,13,0,13,0,13,0,13,0
5228,,,,,,,,,,,,,,,,,,,,,
5230,25,25,0,25,0,25,0,25,0,25,0,25,0,25,0,25,0,26,-0.0385,21,0.19
5231,7,7,0,7,0,7,0,7,0,7,0,7,0,7,0,7,0,7,0,7,0
5235,34.7,34.7,0,34.7,0,34.7,0,34.7,0,34.7,0,29,0.197,36,-0.0361,34.6,0.00289,29.9,0.161,25,0.388
5236,80,80,0,80,0,80,0,80,0,80,0,,,59,0.356,,,,,,
5290,16,16,0,16,0,16,0,16,0,15.5,0.0323,15.5,0.0323,15.5,0.0323,15.5,0.0323,15.5,0.0323,14,0.143
5312,,,,,,,,,,,,,,,,,,,,,
5355,16,16,0,16,0,16,0,16,0,15,0.0667,15,0.0667,15,0.0667,15,0.0667,15,0.0667,13,0.231
5363,16,16,0,16,0,16,0,16,0,15,0.0667,15,0.0667,15,0.0667,15,0.0667,15,0.0667,12.8,0.25
5398,11.9,,,,,11.9,0,11.9,0,11,0.0818,,,11,0.0818,11,0.0818,11,0.0818,,
5448,19.7,19.7,0,19.7,0,19.7,0,19.7,0,19.7,0,19.7,0,19.7,0,19.7,0,19.7,0,19.7,0
5472,27.9,27.9,0,23.5,0.187,23.5,0.187,33.2,-0.16,35.7,-0.218,34.5,-0.191,34.7,-0.196,25,0.116,30.5,-0.0852,30.5,-0.0852
5491,21,21,0,21,0,21,0,21,0,21,0,21,0,21,0,21,0,21,0,21,0
5521,11.9,11.9,0,11.9,0,11.9,0,11.9,0,11.9,0,11.9,0,11.9,0,10.5,0.133,10.5,0.133,10.5,0.133
5522,,,,,,,,,,,,,,,,,,,,,
5523,11.5,11.5,0,11.5,0,11.5,0,11.5,0,11.5,0,11.5,0,11.5,0,10.8,0.0648,10.8,0.0648,10.8,0.0648
5524,10.9,10.9,0,10.9,0,10.9,0,10.9,0,10.9,0,10.9,0,,,,,,,9.8,0.112
5525,,,,,,,,,,,,,,,,,,,,,
5526,,,,,,,,,,,,,,,,,,,,,
5535,,,,,,,,,,,,,,,,,,,,,
5549,26.7,26.7,0,26.7,0,26.7,0,26.7,0,26.7,0,26.7,0,23.7,0.127,23.2,0.151,20.1,0.328,21,0.271
5634,19.8,19.8,0,19.8,0,19.8,0,27.3,-0.275,28.8,-0.312,36.3,-0.455,50.7,-0.609,64.9,-0.695,46.8,-0.577,33,-0.4
5726,36,36,0,36,0,36,0,36,0,36,0,36,0,30,0.2,27,0.333,27,0.333,24,0.5
5727,39,39,0,39,0,39,0,39,0,39,0,39,0,35,0.114,29,0.345,29,0.345,26,0.5
5728,,,,,,,,,,,,,,,,,,,,,
5729,30,30,0,30,0,30,0,30,0,30,0,30,0,30,0,27,0.111,19,0.579,,
5730,25,25,0,25,0,25,0,25,0,25,0,25,0,25,0,24,0.0417,19,0.316,,
5731,,,,,,,,,,,,,,,,,,,,,
5748,,,,,,,,,,,,,,,,,,,,,
5788,29.9,29.9,0,29.9,0,29.9,0,29.9,0,29.9,0,29.9,0,29.9,0,28,0.0679,23.5,0.272,23.5,0.272
5794,,,,,,,,,,,,,,,,,,,,,
5795,,,,,,,,,,,,,,,,,,,,,
5796,,,,,,,,,,,,,,,,,,,,,
5797,,,,,,,,,,,,,,,,,,,,,
5805,,,,,,,,,,,,,,,,,,,,,
5840,,,,,,,,,,,,,,,,,,,,,
5877,,,,,,,,,,,,,,,,,,,,,
6715,45.5,45.5,0,45.5,0,,,,,,,,,,,,,,,39,0.167
6716,,,,,,,,,,,,,,,,,,,,,
6717,45.5,45.5,0,45.5,0,,,,,,,,,,,45.5,0,,,39,0.167
6720,45.5,45.5,0,45.5,0,,,,,,,,,,,43,0.0581,43,0.0581,,
6728,47.5,47.5,0,47.5,0,,,,,,,,,,,,,,,,
6729,,,,,,,,,,,,,,,,,,,,,
6735,,,,,,,,,,,,,,,,,,,,,
6736,,,,,,,,,,,,,,,,,,,,,
6737,,,,,,,,,,,,,,,,,,,,,
6744,,,,,,,,,,,,,,,,,,,,,
6748,10.5,10.5,0,10.5,0,10.5,0,10.5,0,10.5,0,10.5,0,,,8.5,0.235,8,0.312,,
6753,6,6,0,6,0,6,0,6,0,6,0,6,0,6,0,6,0,6,0,6,0
6754,6,6,0,6,0,6,0,6,0,6,0,6,0,6,0,6,0,6,0,6,0
6756,6,6,0,6,0,6,0,6,0,5.9,0.0169,5.9,0.0169,5.9,0.0169,5.9,0.0169,5.9,0.0169,5.9,0.0169
6778,18.5,18.5,0,18.5,0,18.5,0,18.5,0,18.5,0,18.5,0,18.5,0,18.5,0,18.5,0,18.5,0
6788,25,25,0,25,0,25,0,25,0,25,0,25,0,25,0,25,0,21.5,0.163,19.5,0.282
6819,,,,,,,,,,,,,,,,,,,,,
6878,35.4,35.4,0,35.4,0,35.4,0,35.4,0,35.4,0,35.4,0,35.4,0,35.4,0,35.4,0,23.5,0.506
7817,,,,,,,,,,,,,,,,,,,,,
7880,,,,,,,,,,,,,,,,,,,,,
7975,50,50,0,50,0,50,0,50,0,50,0,50,0,50,0,66.5,-0.248,53,-0.0566,36.9,0.355
8176,37.5,37.5,0,37.5,0,37.5,0,37.5,0,37.5,0,37.5,0,37.5,0,37.5,0,33,0.136,33,0.136
8184,38.5,38.5,0,38.5,0,38.5,0,38.5,0,38.5,0,38.5,0,38.5,0,38.5,0,34.3,0.122,34.3,0.122
8192,36,36,0,36,0,36,0,36,0,36,0,36,0,36,0,36,0,34,0.0588,34.3,0.0496
8206,38.5,38.5,0,38.5,0,38.5,0,38.5,0,38.5,0,38.5,0,38.5,0,38.5,0,35.5,0.0845,35.5,0.0845
8210,7,7,0,7,0,7,0,7,0,7,0,7,0,7,0,6.8,0.0294,6.4,0.0938,5.4,0.296
8214,20,20,0,20,0,20,0,20,0,20,0,20,0,20,0,20,0,18,0.111,18,0.111
8222,20,20,0,20,0,20,0,20,0,20,0,20,0,20,0,20,0,18,0.111,18,0.111
8257,20.5,20.5,0,20.5,0,20.5,0,20.5,0,20.5,0,20.5,0,20.5,0,17.5,0.171,19,0.0789,19,0.0789
8265,22.5,22.5,0,22.5,0,22.5,0,22.5,0,22.5,0,22.5,0,22.5,0,22.5,0,20.5,0.0976,20.5,0.0976
8354,28,28,0,28,0,28,0,28,0,28,0,24.5,0.143,25,0.12,23,0.217,23,0.217,22,0.273
8362,28,28,0,28,0,28,0,28,0,28,0,24.5,0.143,26,0.0769,25,0.12,25,0.12,23.5,0.191
8487,57.2,57.2,0,57.2,0,57.2,0,57.2,0,57.2,0,57.2,0,57.2,0,,,,,29,0.972
8773,,,,,,,,,,,,,,,,,,,,,
8774,31,31,0,31,0,31,0,31,0,42.5,-0.271,42.5,-0.271,42.5,-0.271,42.5,-0.271,22.5,0.378,22.5,0.378
8775,31,31,0,31,0,31,0,31,0,42.5,-0.271,42.5,-0.271,42.5,-0.271,42.5,-0.271,22.5,0.378,22.5,0.378
9008,78,78,0,78,0,78,0,78,0,78,0,78,0,78,0,78,0,78,0,78,0
9032,,,,,,,,,,,,,,,,,,,,,
9040,,,,,,,,,,,,,,,,,,,,,
9045,,,,,,,,,,,,,,,,,,,,,
9046,,,,,,,,,,,,,,,,,,,,,
9047,,,,,,,,,,,,,,,,,,,,,
9049,,,,,,,,,,,,,,,,,,,,,
9050,,,,,,,,,,,,,,,,,,,,,
9051,,,,,,,,,,,,,,,,,,,,,
9199,,,,,,,,,,,,,,,,,,,,,
9202,31,31,0,31,0,31,0,31,0,31,0,31,0,31,0,31,0,31,0,26,0.192
9718,,,,,,,,,,,,,,,,,,,,,
10187,112,112,0,112,0,112,0,112,0.00446,112,0.00446,112,0.00446,112,0.00446,112,0.00446,99,0.136,99,0.136
10669,7.9,7.9,0,7.9,0,7.9,0,7.9,0,7.9,0,7.9,0,,,8.9,-0.112,8.5,-0.0706,6.4,0.234
10971,21.5,21.5,0,27.5,-0.218,27.5,-0.218,27.5,-0.218,27.5,-0.218,27.5,-0.218,27.5,-0.218,22.5,-0.0444,26.5,-0.189,24.4,-0.119
10972,43.5,43.5,0,43.5,0,43.5,0,43.5,0,43.5,0,43.5,0,43.5,0,43.5,0,29,0.5,27.5,0.582
10973,43.5,43.5,0,43.5,0,43.5,0,43.5,0,43.5,0,43.5,0,43.5,0,43.5,0,29.5,0.475,27.5,0.582
10974,10,10,0,10,0,10,0,10,0,10,0,10,0,10,0,10,0,9.5,0.0526,8,0.25
11045,62.5,62.5,0,62.5,0,62.5,0,62.5,0,62.5,0,62.5,0,62.5,0,62.5,0,54,0.157,,
11053,114,114,0,114,0,114,0,114,0,114,0,114,0,114,0,114,0,98.3,0.156,,
11078,14.5,14.5,0,14.5,0,14.5,0,14.5,0,,,14.5,0,14.5,0,14.5,0,13.9,0.0432,13.9,0.0432
11080,14.5,14.5,0,14.5,0,14.5,0,14.5,0,,,,,14.5,0,13.9,0.0432,,,13.9,0.0432
11096,42.6,42.6,0,42.6,0,42.6,0,42.6,0,42.6,0,42.6,0,42.6,0,42.6,0,36.8,0.158,35,0.217
11201,27.5,27.5,0,27.5,0,27.5,0,27.5,0,27.5,0,27.5,0,27.5,0,27.5,0,,,,
11223,21.9,21.9,0,21.9,0,21.9,0,21.9,0,21.9,0,21.9,0,21.9,0,21.9,0,19,0.153,,
11339,38.2,38.2,0,38.2,0,38.2,0,38.2,0,38.2,0,38.2,0,38.2,0,38.2,0,33,0.158,31,0.232
11347,38.2,38.2,0,38.2,0,38.2,0,38.2,0,38.2,0,38.2,0,38.2,0,38.2,0,33,0.158,31,0.232
11363,38.2,38.2,0,38.2,0,38.2,0,38.2,0,38.2,0,38.2,0,38.2,0,38.2,0,33,0.158,31,0.232
11571,34.5,34.5,0,34.5,0,34.5,0,34.5,0,34.5,0,34.5,0,34.5,0,44.9,-0.232,37,-0.0676,24.5,0.408
11649,29,26.6,0.0902,26.6,0.0902,26.6,0.0902,26.6,0.0902,26.6,0.0902,26.6,0.0902,,,24,0.208,23,0.261,22.5,0.287
11671,10,10,0,10,0,10,0,10,0,10,0,10,0,10,0,9.8,0.0204,9.8,0.0204,8,0.25
11672,10,10,0,10,0,10,0,10,0,10,0,10,0,10,0,9.8,0.0204,9.8,0.0204,7.8,0.282
11683,,,,,,,,,,,,,,,,,,,,,
11738,24.5,24.5,0,24.5,0,24.5,0,24.5,0,24.5,0,24.5,0,,,,,18.5,0.324,,
11762,,,,,,,,,,,,,,,,,,,,,
11784,29,29,0,29,0,29,0,29,0,29,0,29,0,29,0,29,0,,,20.5,0.415
11785,29,29,0,29,0,29,0,29,0,29,0,29,0,29,0,29,0,25,0.16,20.5,0.415
12105,20,20,0,20,0,20,0,20,0,20,0,20,0,20,0,20,0,16.8,0.19,16.8,0.19
12173,11.5,11.5,0,11.5,0,11.5,0,11.5,0,11.5,0,11.5,0,11.5,0,,,9.5,0.211,9.5,0.211
12174,8,8,0,8,0,8,0,8,0,8,0,8,0,8,0,8,0,6.5,0.231,6.5,0.231
12175,5,5,0,5,0,5,0,5,0,5,0,5,0,5,0,5,0,4,0.25,4,0.25
12177,9.5,9.5,0,9.5,0,9.5,0,9.5,0,9.5,0,9.5,0,9.5,0,9.5,0,7.4,0.284,7.4,0.284
12180,9,9,0,9,0,9,0,9,0,9,0,9,0,,,9,0,8,0.125,8,0.125
12183,110,110,0,110,0,110,0,110,0,110,0,95,0.158,,,115,-0.0435,99,0.111,99,0.111
12184,107,107,0,107,0,107,0,107,0,107,0,107,0,,,107,0,78,0.372,78,0.372
12185,9.5,9.5,0,9.5,0,,,,,9.5,0,9.5,0,9.5,0,9.5,0,7.9,0.203,7.9,0.203
12187,15,15,0,15,0,15,0,15,0,15,0,15,0,15,0,15,0,13.5,0.111,13.5,0.111
12191,30,30,0,30,0,30,0,30,0,30,0,30,0,30,0,30,0,26.5,0.132,26.5,0.132
12192,95,95,0,95,0,95,0,95,0,95,0,95,0,95,0,95,0,70,0.357,70,0.357
12193,72,72,0,72,0,72,0,72,0,72,0,72,0,72,0,72,0,50,0.44,50,0.44
12194,82,82,0,82,0,82,0,82,0,82,0,82,0,82,0,82,0,62,0.323,62,0.323
12197,149,149,0,149,0,149,0,149,0,149,0,149,0,149,0,149,0,99,0.505,115,0.296
12204,25,25,0,25,0,25,0,25,0,25,0,25,0,25,0,25,0,18.4,0.359,18.4,0.359
12331,80.8,80.8,0,80.8,0,80.8,0,80.8,0,80.8,0,80.8,0,80.8,0,80.8,0,70,0.154,60,0.347
12332,80.8,80.8,0,80.8,0,80.8,0,80.8,0,80.8,0,80.8,0,80.8,0,80.8,0,,,60,0.347
12336,,,,,,,,,,,,,,,,,,,,,
12338,80.8,80.8,0,80.8,0,80.8,0,80.8,0,80.8,0,80.8,0,80.8,0,80.8,0,70,0.154,60,0.347
12429,,,,,,,,,,,,,,,,,,,,,
12551,,,,,,,,,,,,,,,,,,,,,
12561,19,19,0,19,0,19,0,19,0,19,0,19,0,19,0,39.5,-0.519,21.5,-0.116,21.5,-0.116
12562,53,53,0,53,0,53,0,53,0,53,0,53,0,53,0,44,0.205,34.5,0.536,32.5,0.631
12778,,,,,,,,,,,,,,,,,,,,,
13200,5,5,0,5,0,5,0,5,0,5,0,5,0,5,0,5,0,3.9,0.282,3.9,0.282
13226,9.5,9.5,0,9.5,0,9.5,0,9.5,0,9.5,0,9.5,0,9.5,0,9.5,0,7.2,0.319,7.2,0.319
13293,12.5,12.5,0,12.5,0,12.5,0,12.5,0,12.5,0,12.5,0,12.5,0,12.5,0,9.9,0.263,9.9,0.263
13570,,,,,,,,,,,,,,,,,,,,,
13573,,,,,,,,,,,,,,,,,,,,,
13773,103,103,0,103,0,103,0,103,0,103,0,103,0,,,,,,,,
14011,,,,,,,,,,,,,,,,,,,,,
14013,88,88,0,88,0,88,0,88,0,88,0,85,0.0353,85,0.0353,84.5,0.0414,,,79,0.114
14014,42.5,42.5,0,42.5,0,42.5,0,38,0.118,38,0.118,38,0.118,38,0.118,38,0.118,36,0.181,36,0.181
14015,25,25,0,25,0,25,0,25,0,25,0,25,0,25,0,25,0,25,0,25,0
14020,22.5,22.5,0,22.5,0,22.5,0,22.5,0,22.5,0,22.5,0,22.5,0,21,0.0714,16,0.406,,
14027,,,,,,,,,,,,,,,,,,,,,
14029,,,,,,,,,,,,,,,,,,,,,
14030,15.9,,,,,15.9,0,15.9,0,15.9,0,15.9,0,,,15.9,0,15.5,0.0258,14,0.136
14031,,,,,,,,,,,,,,,,,,,,,
14032,,,,,,,,,,,,,,,,,,,,,
14041,20.5,20.5,0,20.5,0,20.5,0,20.5,0,20.5,0,19,0.0789,22,-0.0682,26.5,-0.226,21.5,-0.0465,18,0.139
14042,20.5,20.5,0,20.5,0,20.5,0,20.5,0,20.5,0,19,0.0789,22,-0.0682,26.5,-0.226,21.5,-0.0465,18.5,0.108
14043,24,24,0,24,0,24,0,24,0,24,0,22.5,0.0667,25.5,-0.0588,32,-0.25,23.5,0.0213,20.5,0.171
14045,20.5,20.5,0,20.5,0,16.5,0.242,16.5,0.242,16.5,0.242,19,0.0789,22,-0.0682,26.5,-0.226,21.5,-0.0465,18,0.139
14050,,,,,,,,,,,,,,,,,,,,,
14051,,,,,,,,,,,,,,,,,,,,,
14053,,,,,,,,,,,,,,,,,,,,,
14054,,,,,,,,,,,,,,,,,,,,,
14055,,,,,,,,,,,,,,,,,,,,,
14056,30,30,0,30,0,30,0,30,0,30,0,30,0,30,0,30,0,26,0.154,22,0.364
14057,30,30,0,30,0,30,0,30,0,30,0,30,0,30,0,,,26,0.154,22,0.364
14063,61.9,61.9,0,61.9,0,61.9,0,61.9,0,61.9,0,61.9,0,61.9,0,73,-0.152,38.9,0.591,45,0.376
14064,39,39,0,39,0,39,0,39,0,39,0,31.9,0.223,39,0,,,,,,
14065,,,,,,,,,,,,,,,,,,,,,
14069,,,,,,,,,,,,,,,,,,,,,
14070,,,,,,,,,,,,,,,,,,,,,
14071,25,25,0,25,0,25,0,25,0,25,0,25,0,25,0,25,0,22.5,0.111,22.5,0.111
14072,28.8,28.8,0,28.8,0,28.8,0,28.8,0,,,28.8,0,28.8,0,,,28.8,0,22.5,0.28
14073,,,,,,,,,,,,,,,,,,,,,
14078,,,,,,,,,,,,,,,,,,,,,
14088,,,,,,,,,,,,,,,,,,,,,
14091,15,15,0,15,0,15,0,,,,,,,,,,,15,0,,
14098,38.3,38.3,0,38.3,0,38.3,0,38.3,0,38.3,0,38.3,0,38.3,0,38.3,0,34,0.126,,
14099,73.5,73.5,0,73.5,0,73.5,0,73.5,0,73.5,0,73.5,0,73.5,0,73.5,0,71,0.0352,52.5,0.4
14101,,,,,,,,,,,,,,,,,,,,,
14104,,,,,,,,,,,,,,,,,,,,,
14106,7.3,7.3,0,7.3,0,7.3,0,7.3,0,7.3,0,7.3,0,7.3,0,,,,,,
14107,,,,,,,,,,,,,,,,,,,,,
14108,,,,,,,,,,,,,,,,,,,,,
14113,,,,,,,,,,,,,,,,,,,,,
14118,,,,,,,,,,,,,,,,,,,,,
14123,,,,,,,,,,,,,,,,,,,,,
14124,39,39,0,39,0,39,0,39,0,45,-0.133,45,-0.133,45,-0.133,45,-0.133,22.5,0.733,22.5,0.733
14125,2.8,2.8,0,2.8,0,2.8,0,2.8,0,2.8,0,2.8,0,2.8,0,2.8,0,2.5,0.12,2.5,0.12
14128,,,,,,,,,,,,,,,,,,,,,
14129,12.5,12.5,0,12.5,0,12.5,0,12.5,0,12.5,0,12.5,0,12.5,0,10.9,0.147,11,0.136,11,0.136
14130,21,21,0,21,0,21,0,21,0,21,0,21,0,21,0,21,0,21,0,21,0
14131,,,,,,,,,,,,,,,,,,,,,
14159,92,92,0,92,0,92,0,92,0,92,0,92,0,92,0,92,0,69,0.333,64,0.438
14160,92,92,0,92,0,92,0,92,0,92,0,92,0,92,0,92,0,69,0.333,64,0.438
14162,,,,,,,,,,,,,,,,,,,,,
14170,13.5,13.5,0,13.5,0,13.5,0,13.5,0,13.5,0,13.5,0,13.5,0,13.5,0,7.5,0.8,8.5,0.588
14171,61.5,61.5,0,61.5,0,61.5,0,61.5,0,61.5,0,61.5,0,61.5,0,38,0.618,38,0.618,26.5,1.32
14172,21.5,21.5,0,21.5,0,21.5,0,21.5,0,21.5,0,21.5,0,21.5,0,21.5,0,21.5,0,21.5,0
14183,,,,,,,,,,,,,,,,,,,,,
14188,58,58,0,58,0,58,0,58,0,58,0,58,0,58,0,58,0,58,0,,
14189,15,15,0,15,0,15,0,15,0,15,0,15,0,,,15,0,,,,
14190,15,15,0,15,0,15,0,15,0,15,0,15,0,,,15,0,,,15,0
14195,,,,,,,,,,,,,,,,,,,,,
14196,,,,,,,,,,,,,,,,,,,,,
14198,,,,,,,,,,,,,,,,,,,,,
14204,12.5,12.5,0,12.5,0,12.5,0,12.5,0,12.5,0,12.5,0,12.5,0,12.5,0,,,,
14205,12.5,12.5,0,12.5,0,12.5,0,12.5,0,12.5,0,12.5,0,12.5,0,12.5,0,,,,
14206,12.5,12.5,0,12.5,0,12.5,0,12.5,0,12.5,0,12.5,0,12.5,0,12.5,0,,,,
14207,20.5,20.5,0,20.5,0,20.5,0,20.5,0,20.5,0,20.5,0,20.5,0,20.5,0,,,,
14208,22,22,0,22,0,22,0,22,0,22,0,22,0,22,0,22,0,,,,
14209,25,25,0,25,0,25,0,25,0,25,0,25,0,25,0,25,0,,,,
14210,22,22,0,22,0,22,0,22,0,22,0,22,0,22,0,22,0,,,,
14211,53.5,53.5,0,53.5,0,53.5,0,53.5,0,53.5,0,53.5,0,53.5,0,53.5,0,49.9,0.0721,49.9,0.0721
14220,11.7,11.7,0,11.7,0,11.7,0,11.7,0,11.7,0,11.7,0,11.7,0,11.7,0,11.7,0,8.9,0.315
14222,73.5,73.5,0,73.5,0,73.5,0,73.5,0,73.5,0,73.5,0,73.5,0,73.5,0,72,0.0208,,
14223,,,,,,,,,,,,,,,,,,,,,
14225,,,,,,,,,,,,,,,,,,,,,
14236,,,,,,,,,,,,,,,,,,,,,
14237,,,,,,,,,,,,,,,,,,,,,
14239,37.5,37.5,0,37.5,0,37.5,0,37.5,0,37.5,0,37.5,0,37.5,0,37.5,0,,,,
14240,25,25,0,25,0,25,0,25,0,25,0,25,0,25,0,25,0,,,,
14242,25,25,0,25,0,25,0,25,0,25,0,25,0,25,0,25,0,,,,
14243,12.5,12.5,0,12.5,0,12.5,0,12.5,0,12.5,0,12.5,0,12.5,0,12.5,0,,,,
14248,32,32,0,32,0,32,0,32,0,32,0,32,0,32,0,32,0,,,,
14255,2.29e+03,2.29e+03,0,2.29e+03,0,2.29e+03,0,2.29e+03,0,2.29e+03,0,2.29e+03,0,2.29e+03,0,2e+03,0.146,2e+03,0.146,2.02e+03,0.134
14278,38.5,38.5,0,38.5,0,38.5,0,38.5,0,38.5,0,38.5,0,38.5,0,38.5,0,37,0.0405,34,0.132
14284,57.5,57.5,0,57.5,0,57.5,0,57.5,0,57.5,0,57.5,0,57.5,0,,,40,0.438,36.5,0.575
14285,59.9,59.9,0,59.9,0,59.9,0,59.9,0,59.9,0,59.9,0,59.9,0,,,40,0.498,36.5,0.641
14286,53.5,53.5,0,53.5,0,53.5,0,53.5,0,53.5,0,41.9,0.277,53.8,-0.00558,,,42,0.274,38.5,0.39
14287,53.5,53.5,0,53.5,0,53.5,0,53.5,0,53.5,0,53.5,0,53.5,0,47,0.138,42,0.274,38.5,0.39
14288,6.4,6.4,0,6.4,0,6.4,0,6.4,0,6.4,0,6.4,0,6.4,0,6.4,0,5.5,0.164,,
14291,,,,,,,,,,,,,,,,,,,,,
14292,,,,,,,,,,,,,,,,,,,,,
14293,,,,,,,,,,,,,,,,,,,,,
14295,118,118,0,118,0,118,0,118,0,118,0,118,0,118,0,118,0,75,0.58,75,0.58
14296,149,149,0,149,0,149,0,149,0,149,0,149,0,149,0,149,0,125,0.192,112,0.324
14299,49.5,49.5,0,49.5,0,49.5,0,49.5,0,49.5,0,49.5,0,49.5,0,40,0.238,40,0.238,40,0.238
14300,,,,,,,,,,,,,,,,,,,,,
14302,,,,,,,,,,,,,,,,,,,,,
14304,,,,,,,,,,,,,,,,,,,,,
14305,,,,,,,,,,,,,,,,,,,,,
14314,,,,,,,,,,,,,,,,,,,,,
14315,,,,,,,,,,,,,,,,,,,,,
14322,95,95,0,95,0,95,0,95,0,95,0,95,0,95,0,95,0,52.5,0.81,46.5,1.04
14328,29.5,29.5,0,29.5,0,29.5,0,29.5,0,29.5,0,29.5,0,29.5,0,29.5,0,24,0.229,22,0.341
14330,62,62,0,62,0,62,0,62,0,62,0,62,0,62,0,58.9,0.0526,34.9,0.777,45,0.378
14332,93.5,93.5,0,93.5,0,93.5,0,93.5,0,93.5,0,93.5,0,93.5,0,93.5,0,72.5,0.29,,
14342,,,,,,,,,,,,,,,,,,,,,
14353,,,,,,,,,,,,,,,,,,,,,
14355,149,149,0,149,0,149,0,149,0,149,0,,,149,0,149,0,81,0.84,81,0.84
14357,,,,,,,,,,,,,,,,,,,,,
14358,7,7,0,7,0,7,0,7,0,7,0,,,7,0,6.5,0.0769,6,0.167,6,0.167
14359,,,,,,,,,,,,,,,,,,,,,
14361,9.5,9.5,0,9.5,0,9.5,0,9.5,0,9.5,0,9.3,0.0215,9.3,0.0215,,,7,0.357,7,0.357
14364,78.5,78.5,0,78.5,0,78.5,0,78.5,0,78.5,0,78.5,0,78.5,0,75,0.0467,75,0.0467,75,0.0467
14365,9.5,9.5,0,9.5,0,9.5,0,9.5,0,9.5,0,9.3,0.0215,9.3,0.0215,9.3,0.0215,7,0.357,7,0.357
14375,45,45,0,45,0,45,0,45,0,45,0,49.5,-0.0909,49.5,-0.0909,49,-0.0816,49,-0.0816,,
14381,,,,,,,,,,,,,,,,,,,,,
14382,8.8,8.8,0,8.8,0,8.8,0,,,8.8,0,8.8,0,8.8,0,8.8,0,7.5,0.173,7.5,0.173
14383,,,,,,,,,,,,,,,,,,,,,
14384,,,,,,,,,,,,,,,,,,,,,
14388,,,,,,,,,,,,,,,,,,,,,
14395,,,,,,,,,,,,,,,,,,,,,
14396,31,31,0,31,0,31,0,31,0,31,0,31,0,31,0,31,0,27.5,0.127,,
14398,110,110,0,110,0,110,0,110,0,110,0,110,0,110,0,110,0,68.5,0.606,68.5,0.606
14402,,,,,,,,,,,,,,,,,,,,,
14412,12,,,,,,,,,12,0,12,0,12,0,12,0,,,,
14413,,,,,,,,,,,,,,,,,,,,,
14424,,,,,,,,,,,,,,,,,,,,,
14428,4.5,4.5,0,4.5,0,4.5,0,4.5,0,4.5,0,4.9,-0.0816,,,5,-0.1,5,-0.1,,
14429,4.5,4.5,0,4.5,0,4.5,0,4.5,0,4.5,0,4.9,-0.0816,4.9,-0.0816,5,-0.1,5,-0.1,,
14430,,,,,,,,,,,,,,,,,,,,,
14433,,,,,,,,,,,,,,,,,,,,,
14434,,,,,,,,,,,,,,,,,,,,,
14436,,,,,,,,,,,,,,,,,,,,,
14437,12.5,12.5,0,12.5,0,12.5,0,12.5,0,12.5,0,12.5,0,12.5,0,13.5,-0.0741,13.5,-0.0741,10.9,0.147
14438,36.5,36.5,0,36.5,0,36.5,0,36.5,0,36.5,0,36.5,0,36.5,0,36.5,0,36.5,0,28.5,0.281
14439,33.8,33.8,0,33.8,0,33.8,0,33.8,0,33.8,0,33.8,0,33.8,0,33.8,0,30,0.127,28.5,0.186
14440,30,30,0,30,0,30,0,30,0,30,0,30,0,30,0,30,0,30,0,24,0.25
14441,49,49,0,49,0,49,0,49,0,49,0,49,0,49,0,49,0,49,0,36.5,0.342
14443,,,,,,,,,,,,,,,,,,,,,
14450,39.5,39.5,0,39.5,0,39.5,0,39.5,0,39.5,0,39.5,0,39.5,0,39.5,0,33.5,0.179,29,0.362
14465,22.5,22.5,0,22.5,0,22.5,0,19.9,0.131,19.9,0.131,19.9,0.131,19.9,0.131,19.9,0.131,,,,
14469,94.9,94.9,0,94.9,0,94.9,0,94.9,0,94.9,0,94.9,0,94.9,0,,,,,,
14476,102,102,0,102,0,102,0,102,0,102,0,102,0,102,0,102,0,68,0.501,65,0.571
14477,35.5,35.5,0,35.5,0,35.5,0,35.5,0,35.5,0,35.5,0,35.5,0,35.5,0,30,0.183,22.5,0.578
14478,,,,,,,,,,,,,,,,,,,,,
14483,14.9,14.9,0,14.9,0,14.9,0,14.9,0,,,,,,,15,-0.00667,15,-0.00667,12.5,0.192
14484,,,,,,,,,,,,,,,,,,,,,
14485,14.9,14.9,0,14.9,0,14.9,0,14.9,0,,,,,,,15,-0.00667,15,-0.00667,,
14486,14.5,14.5,0,14.5,0,14.5,0,14.5,0,14.5,0,14.5,0,14.5,0,14.5,0,12,0.208,12,0.208
14487,14.5,14.5,0,14.5,0,14.5,0,14.5,0,14.5,0,14.5,0,14.5,0,14.5,0,12,0.208,12,0.208
14488,14.5,14.5,0,14.5,0,14.5,0,14.5,0,14.5,0,14.5,0,14.5,0,14.5,0,12,0.208,12,0.208
14489,14.5,14.5,0,14.5,0,14.5,0,14.5,0,14.5,0,14.5,0,14.5,0,14.5,0,12,0.208,12,0.208
14490,12,12,0,12,0,12,0,12,0,12,0,,,,,10,0.2,10,0.2,10,0.2
14491,12,12,0,12,0,12,0,12,0,12,0,12,0,12,0,10,0.2,10,0.2,10,0.2
14493,,,,,,,,,,,,,,,,,,,,,
14499,8,8,0,8,0,8,0,8,0,8,0,8,0,8,0,8,0,7,0.143,5.2,0.538
14503,,,,,,,,,,,,,,,,,,,,,
14504,,,,,,,,,,,,,,,,,,,,,
14505,,,,,,,,,,,,,,,,,,,,,
14506,,,,,,,,,,,,,,,,,,,,,
14512,28.5,28.5,0,28.5,0,28.5,0,28.5,0,28.5,0,28.5,0,28.5,0,28.5,0,28.5,0,20,0.425
14522,20,20,0,20,0,20,0,20,0,20,0,20,0,20,0,,,,,,
14523,,,,,,,,,,,,,,,,,,,,,
14530,28.5,28.5,0,28.5,0,28.5,0,28.5,0,28.5,0,28.5,0,28.5,0,28.5,0,28.5,0,20,0.425
14532,28.5,28.5,0,28.5,0,28.5,0,28.5,0,28.5,0,28.5,0,28.5,0,28.5,0,28.5,0,20,0.425
14534,829,829,0,829,0,829,0,829,0,829,0,829,0,829,0,679,0.221,679,0.221,645,0.285
14535,,,,,,,,,,,,,,,,,,,,,
14536,4.8,4.8,0,4.8,0,4.8,0,4.8,0,4.8,0,4.8,0,4.8,0,,,5,-0.04,4,0.2
14550,9,9,0,9,0,9,0,9,0,9,0,,,9,0,,,9,0,9,0
14554,,,,,,,,,,,,,,,,,,,,,
14555,135,135,0,135,0,135,0,135,0,135,0,135,0,135,0,135,0,120,0.125,95,0.421
14570,41.5,41.5,0,41.5,0,41.5,0,41.5,0,41.5,0,41.5,0,41.5,0,41.5,0,41.5,0,41.5,0
14572,20.4,20.4,0,20.4,0,20.4,0,20.4,0,20.4,0,20.4,0,20.4,0,20.4,0,17.9,0.14,14.8,0.378
14573,20.4,20.4,0,20.4,0,20.4,0,20.4,0,20.4,0,20.4,0,20.4,0,20.4,0,17.9,0.14,14.8,0.378
14574,20.4,20.4,0,20.4,0,20.4,0,20.4,0,20.4,0,20.4,0,20.4,0,20.4,0,17.9,0.14,14.8,0.378
14588,95,95,0,95,0,95,0,95,0,95,0,95,0,95,0,95,0,,,,
14600,7,7,0,7,0,7,0,7,0,7,0,7,0,7,0,7,0,6,0.167,5,0.4
14604,,,,,,,,,,,,,,,,,,,,,
14605,23.5,23.5,0,23.5,0,23.5,0,23.5,0,23.5,0,23.5,0,19.8,0.187,19.8,0.187,19.8,0.187,,
14607,,,,,,,,,,,,,,,,,,,,,
14626,148,148,0,148,0,148,0,148,0,148,0,148,0,142,0.0351,142,0.0351,99,0.49,99,0.49
14631,31,31,0,31,0,31,0,31,0,31,0,31,0,31,0,31,0,25.5,0.216,24,0.292
14639,31,31,0,31,0,31,0,31,0,31,0,31,0,31,0,31,0,25.5,0.216,24,0.292
14649,41,41,0,41,0,41,0,41,0,41,0,41,0,41,0,41,0,33.5,0.224,30,0.367
14655,168,168,0,168,0,168,0,168,0,168,0,168,0,168,0,168,0,,,119,0.412
14657,89,89,0,89,0,89,0,89,0,89,0,89,0,,,,,,,,
14660,23,23,0,23,0,23,0,23,0,23,0,23,0,23,0,23,0,18,0.278,14.5,0.586
14666,24.5,24.5,0,24.5,0,24.5,0,24.5,0,24.5,0,24.5,0,24.5,0,24.5,0,15,0.633,12.5,0.96
14667,18.5,18.5,0,18.5,0,18.5,0,18.5,0,18.5,0,18.5,0,18.5,0,18.5,0,13,0.423,10.5,0.762
14668,13,13,0,13,0,13,0,13,0,13,0,13,0,13,0,13,0,8.7,0.494,7.5,0.733
14676,13.5,13.5,0,13.5,0,13.5,0,13.5,0,13.5,0,13.5,0,13.5,0,,,10,0.35,9,0.5
14679,,,,,,,,,,,,,,,,,,,,,
14680,,,,,,,,,,,,,,,,,,,,,
14691,,,,,,,,,,,,,,,,,,,,,
14697,22,22,0,22,0,22,0,22,0,22,0,22,0,22,0,,,16,0.375,15.9,0.384
14703,9,9,0,9,0,9,0,9,0,9,0,9,0,9,0,9,0,9,0,9,0
14705,,,,,,,,,,,,,,,,,,,,,
14709,,,,,,,,,,,,,,,,,,,,,
14720,28,28,0,28,0,28,0,28,0,28,0,28,0,28,0,30,-0.0667,25,0.12,25,0.12
14730,14.8,14.8,0,14.8,0,14.8,0,14.8,0,14.8,0,14.8,0,14.8,0,14.8,0,10.3,0.437,,
14731,14.8,14.8,0,14.8,0,14.8,0,14.8,0,14.8,0,14.8,0,14.8,0,14.8,0,10.3,0.437,,
14750,52,52,0,52,0,52,0,52,0,52,0,52,0,52,0,52,0,52,0,38,0.368
14751,,,,,,,,,,,,,,,,,,,,,
14752,,,,,,,,,,,,,,,,,,,,,
14755,,,,,,,,,,,,,,,,,,,,,
14756,17.5,17.5,0,17.5,0,17.5,0,17.5,0,17.5,0,17.5,0,17.5,0,,,,,16.5,0.0606
14766,34.5,34.5,0,34.5,0,34.5,0,34.5,0,34.5,0,34.5,0,34.5,0,44.9,-0.232,37,-0.0676,24.5,0.408
14767,19,19,0,19,0,19,0,19,0,19,0,19,0,19,0,27.9,-0.319,18.9,0.00529,14.7,0.293
14770,13.5,13.5,0,13.5,0,13.5,0,13.5,0,13.5,0,13.5,0,13.5,0,13.5,0,10.7,0.262,9.5,0.421
14774,,,,,,,,,,,,,,,,,,,,,
14775,8.9,8.9,0,10.5,-0.152,10.5,-0.152,10.5,-0.152,10.5,-0.152,10.5,-0.152,10.5,-0.152,9,-0.0111,9,-0.0111,9,-0.0111
14776,8.9,8.9,0,10.5,-0.152,10.5,-0.152,10.5,-0.152,10.5,-0.152,10.5,-0.152,10.5,-0.152,9,-0.0111,9,-0.0111,9,-0.0111
14782,33.5,33.5,0,33.5,0,33.5,0,33.5,0,33.5,0,33.5,0,33.5,0,33.5,0,29.5,0.136,26.5,0.264
14788,74.9,74.9,0,85.5,-0.124,85.5,-0.124,85.5,-0.124,85.5,-0.124,85.5,-0.124,85.5,-0.124,85.5,-0.124,82.9,-0.0965,64.5,0.161
14789,,,,,,,,,,,,,,,,,,,,,
14791,27,27,0,27,0,27,0,27,0,27,0,27,0,27,0,27,0,27,0,24.5,0.102
14792,8,8,0,8,0,8,0,8,0,8,0,8,0,8,0,8,0,8,0,,
14796,39.5,39.5,0,39.5,0,39.5,0,39.5,0,39.5,0,39.5,0,39.5,0,,,,,,
14798,58,58,0,58,0,58,0,58,0,58,0,58,0,58,0,,,,,,
14971,,,,,,,,,,,,,,,,,,,,,
15015,,,,,,,,,,,,,,,,,,,,,
15016,,,,,,,,,,,,,,,,,,,,,
15024,,,,,,,,,,,,,,,,,,,,,
15054,78,78,0,78,0,78,0,78.5,-0.00637,78.5,-0.00637,78.5,-0.00637,78.5,-0.00637,78.5,-0.00637,70,0.114,70,0.114
15056,,,,,,,,,,,,,,,,,,,,,
15058,,,,,,,,,,,,,,,,,,,,,
15059,8.5,8.5,0,10.5,-0.19,8.5,0,8.5,0,10.5,-0.19,10.5,-0.19,8.9,-0.0449,10.5,-0.19,,,8.7,-0.023
15060,,,,,,,,,,,,,,,,,,,,,
15067,16.5,16.5,0,16.5,0,16.5,0,16.5,0,16.5,0,16.5,0,16.5,0,14.5,0.138,14.5,0.138,13,0.269
15069,,,,,,,,,,,,,,,,,,,,,
15071,,,,,,,,,,,,,,,,,,,,,
15072,7,7,0,7,0,7,0,7,0,7,0,7,0,7,0,5.7,0.228,5.7,0.228,5.7,0.228
15075,16.5,16.5,0,16.5,0,16.5,0,16.5,0,16.5,0,16.5,0,16.5,0,14.5,0.138,14.5,0.138,13,0.269
15077,30.5,30.5,0,30.5,0,30.5,0,30.5,0,30.5,0,30.5,0,30.5,0,29.5,0.0339,29.5,0.0339,29.5,0.0339
15078,54.5,54.5,0,54.5,0,54.5,0,54.5,0,54.5,0,54.5,0,54.5,0,52.5,0.0381,52.5,0.0381,52.5,0.0381
15083,16.5,16.5,0,16.5,0,16.5,0,16.5,0,16.5,0,16.5,0,16.5,0,14.5,0.138,14.5,0.138,13,0.269
15089,,,,,,,,,,,,,,,,,,,,,
15090,,,,,,,,,,,,,,,,,,,,,
15091,15,15,0,15,0,15,0,15,0,15,0,15,0,15,0,15,0,15,0,15,0
15099,,,,,,,,,,,,,,,,,,,,,
15250,21.5,21.5,0,21.5,0,21.5,0,21.5,0,,,21.5,0,21.5,0,18.5,0.162,18.5,0.162,,
15251,21.5,21.5,0,21.5,0,21.5,0,21.5,0,21.5,0,21.5,0,21.5,0,18.5,0.162,18.5,0.162,,
15252,20.5,20.5,0,,,20.5,0,20.5,0,20.5,0,20.5,0,20.5,0,17.5,0.171,17.5,0.171,17.5,0.171
15255,21.5,21.5,0,21.5,0,21.5,0,21.5,0,21.5,0,21.5,0,21.5,0,18.5,0.162,18.5,0.162,,
15334,36,36,0,36,0,36,0,36,0,36,0,36,0,,,36,0,31.5,0.143,28,0.286
15385,23.5,23.5,0,23.5,0,23.5,0,23.5,0,23.5,0,23.5,0,23.5,0,23.5,0,18.8,0.25,16.7,0.407
15550,150,150,0,150,0,150,0,150,0,150,0,150,0,112,0.339,112,0.339,98,0.531,80,0.875
15553,81,81,0,81,0,81,0,81,0,81,0,81,0,62.5,0.296,,,60,0.35,56.5,0.434
15554,27,27,0,27,0,27,0,27,0,27,0,27,0,21.9,0.233,21.9,0.233,21,0.286,17.9,0.508
15556,43.5,43.5,0,43.5,0,43.5,0,43.5,0,43.5,0,43.5,0,36.5,0.192,36.5,0.192,29,0.5,,
15558,40.5,40.5,0,40.5,0,40.5,0,40.5,0,40.5,0,40.5,0,40.5,0,40.5,0,40,0.0125,40,0.0125
15559,113,113,0,113,0,113,0,113,0,113,0,113,0,93,0.215,93,0.215,72,0.569,,
15560,12.5,12.5,0,12.5,0,12.5,0,12.5,0,12.5,0,12.5,0,12.5,0,12.5,0,12,0.0417,10.2,0.225
15571,,,,,,,,,,,,,,,,,,,,,
15578,14.5,14.5,0,14.5,0,14.5,0,14.5,0,14.5,0,12.5,0.16,13.5,0.0741,,,,,,
15579,14.5,14.5,0,14.5,0,14.5,0,14.5,0,14.5,0,12.5,0.16,13.5,0.0741,,,,,,
15628,21.5,21.5,0,,,,,,,21.5,0,21.5,0,21.5,0,21.5,0,18.8,0.144,16.7,0.287
15636,21,21,0,21,0,21,0,21,0,21,0,21,0,21,0,21,0,,,,
15695,43.5,43.5,0,43.5,0,43.5,0,43.5,0,43.5,0,43.5,0,43.5,0,43.5,0,,,,
15782,,,,,,,,,,,,,,,,,,,,,
15788,23,23,0,23,0,23,0,23,0,23,0,23,0,23,0,23,0,23,0,23,0
15789,29.5,29.5,0,29.5,0,29.5,0,29.5,0,29.5,0,29.5,0,29.5,0,29.5,0,29.5,0,29.5,0
15790,51,51,0,51,0,51,0,51,0,51,0,51,0,51,0,53.5,-0.0467,39.5,0.291,39.5,0.291
15878,84,84,0,84,0,84,0,84,0,84,0,81.5,0.0307,81.5,0.0307,,,,,71,0.183
15977,62,62,0,62,0,62,0,62,0,62,0,62,0,62,0,,,,,39.5,0.57
16001,16,16,0,16,0,16,0,16,0,16,0,16,0,15.5,0.0323,,,15.5,0.0323,15.5,0.0323
16006,,,,,,,,,,,,,,,,,,,,,
16025,110,110,0,110,0,110,0,110,0,110,0,110,0,110,0,110,0,77.5,0.419,67.5,0.63
16033,254,254,0,254,0,254,0,249,0.0201,249,0.0201,249,0.0201,249,0.0201,173,0.468,138,0.847,111,1.29
16040,1.25e+03,1.25e+03,0,1.25e+03,0,1.25e+03,0,1.25e+03,0,1.25e+03,0,1.25e+03,0,1.25e+03,0,1.25e+03,0,1.08e+03,0.158,859,0.455
16045,15,15,0,15,0,15,0,15,0,,,15,0,,,,,13,0.154,13,0.154
16046,13.8,13.8,0,13.8,0,13.8,0,13.8,0,13.8,0,13.8,0,,,13.5,0.0222,13,0.0615,,
16048,15,15,0,15,0,15,0,15,0,,,15,0,15,0,,,13,0.154,13,0.154
16049,15,15,0,15,0,15,0,15,0,,,15,0,15,0,15,0,13,0.154,13,0.154
16053,13.5,13.5,0,13.5,0,13.5,0,13.5,0,13.5,0,13.5,0,,,,,10.5,0.286,10.5,0.286
16075,,,,,,,,,,,,,,,,,,,,,
16078,16,16,0,16,0,16,0,16,0,16,0,13.5,0.185,16,0,16,0,15.5,0.0323,14.3,0.119
16079,16,16,0,16,0,16,0,16,0,16,0,13.5,0.185,16,0,16,0,15.5,0.0323,14.3,0.119
16080,45,45,0,45,0,45,0,45,0,45,0,47,-0.0426,47,-0.0426,47,-0.0426,37.5,0.2,30,0.5
16081,16,16,0,16,0,16,0,16,0,16,0,13.5,0.185,16,0,16,0,15.5,0.0323,14.3,0.119
16082,16,16,0,16,0,16,0,16,0,16,0,13.5,0.185,16,0,16,0,15.5,0.0323,14.3,0.119
16085,14.8,14.8,0,14.8,0,14.8,0,14.8,0,14.8,0,14.8,0,14.8,0,14.8,0,14.8,0,,
16086,23,23,0,23,0,23,0,23,0,23,0,23,0,23,0,23,0,23,0,16,0.438
16087,,,,,,,,,,,,,,,,,,,,,
16088,,,,,,,,,,,,,,,,,,,,,
16098,84,84,0,84,0,84,0,84,0,84,0,84,0,84,0,84,0,68.8,0.221,56.3,0.492
16099,57,57,0,57,0,57,0,57,0,57,0,57,0,57,0,57,0,49.9,0.142,57,0
16102,8,8,0,8,0,8,0,8,0,8,0,8,0,8,0,7.5,0.0667,7.5,0.0667,7.5,0.0667
16366,,,,,,,,,,,,,,,,,,,,,
16513,40,40,0,40,0,40,0,40,0,40,0,40,0,40,0,40,0,36,0.111,34.5,0.159
16525,8.5,8.5,0,8.5,0,8.5,0,8.5,0,8.5,0,7.9,0.0759,7.9,0.0759,8.5,0,7,0.214,7,0.214
16526,8.5,8.5,0,8.5,0,8.5,0,8.5,0,8.5,0,7.9,0.0759,7.9,0.0759,8.5,0,7,0.214,7,0.214
16605,,,,,,,,,,,,,,,,,,,,,
16630,,,,,,,,,,,,,,,,,,,,,
16633,,,,,,,,,,,,,,,,,,,,,
16634,,,,,,,,,,,,,,,,,,,,,
16642,,,,,,,,,,,,,,,,,,,,,
16643,,,,,,,,,,,,,,,,,,,,,
16644,,,,,,,,,,,,,,,,,,,,,
16671,77,77,0,77,0,77,0,77,0,77,0,77,0,77,0,77,0,53,0.453,41,0.878
16676,,,,,,,,,,,,,,,,,,,,,
16684,,,,,,,,,,,,,,,,,,,,,
16700,,,,,,,,,,,,,,,,,,,,,
16873,28,28,0,28,0,28,0,28,0,28,0,28,0,28,0,30,-0.0667,25,0.12,25,0.12
16875,28,28,0,28,0,28,0,28,0,28,0,28,0,28,0,30,-0.0667,25,0.12,25,0.12
16876,28,28,0,28,0,28,0,28,0,28,0,28,0,28,0,30,-0.0667,25,0.12,25,0.12
16877,28,28,0,28,0,28,0,28,0,28,0,28,0,28,0,30,-0.0667,25,0.12,25,0.12
17001,22.5,22.5,0,22.5,0,22.5,0,22.5,0,22.5,0,22.5,0,22.5,0,19.8,0.136,19.8,0.136,18.5,0.216
17002,22.5,22.5,0,22.5,0,22.5,0,22.5,0,22.5,0,22.5,0,22.5,0,19,0.184,19,0.184,18.5,0.216
17004,13.5,13.5,0,13.5,0,13.5,0,13.5,0,13.5,0,13.5,0,,,13.5,0,13,0.0385,13,0.0385
17005,,,,,,,,,,,,,,,,,,,,,
17006,7,7,0,7,0,7,0,7,0,7,0,,,,,5.9,0.186,5.9,0.186,5.9,0.186
17007,7,7,0,7,0,7,0,7,0,7,0,7,0,7,0,5.9,0.186,5.9,0.186,5.9,0.186
17009,,,,,,,,,,,,,,,,,,,,,
17012,,,,,,,,,,,,,,,,,,,,,
17018,,,,,,,,,,,,,,,,,,,,,
17021,,,,,,,,,,,,,,,,,,,,,
17023,,,,,,,,,,,,,,,,,,,,,
17024,,,,,,,,,,,,,,,,,,,,,
17037,,,,,,,,,,,,,,,,,,,,,
17038,,,,,,,,,,,,,,,,,,,,,
17039,,,,,,,,,,,,,,,,,,,,,
17040,,,,,,,,,,,,,,,,,,,,,
17045,,,,,,,,,,,,,,,,,,,,,
17047,,,,,,,,,,,,,,,,,,,,,
17048,,,,,,,,,,,,,,,,,,,,,
17049,14,14,0,14,0,14,0,14,0,14,0,14,0,14,0,14,0,14,0,,
17050,24.5,24.5,0,24.5,0,24.5,0,24.5,0,24.5,0,24.5,0,24.5,0,,,22.5,0.0889,,
17058,,,,,,,,,,,,,,,,,,,,,
17060,14,14,0,14,0,14,0,14,0,,,14,0,,,14,0,10,0.4,8.9,0.573
17061,27.5,27.5,0,27.5,0,27.5,0,27.5,0,27.5,0,27.5,0,27.5,0,23.9,0.151,23.9,0.151,23.9,0.151
17063,13,13,0,13,0,13,0,13,0,13,0,13,0,13,0,13,0,13,0,13,0
17064,,,,,,,,,,,,,,,,,,,,,
17065,16,16,0,16,0,16,0,16,0,16,0,16,0,16,0,16,0,16,0,13,0.231
17066,24,24,0,24,0,24,0,24,0,24,0,24,0,24,0,24,0,24,0,21,0.143
17067,24,24,0,24,0,24,0,24,0,24,0,24,0,24,0,24,0,24,0,,
17068,,,,,,,,,,,,,,,,,,,,,
17070,,,,,,,,,,,,,,,,,,,,,
17071,,,,,,,,,,,,,,,,,,,,,
17073,,,,,,,,,,,,,,,,,,,,,
17078,12.5,12.5,0,12.5,0,12.5,0,12.5,0,12.5,0,12.5,0,12.5,0,12.5,0,12.5,0,11,0.136
17083,,,,,,,,,,,,,,,,,,,,,
17090,,,,,,,,,,,,,,,,,,,,,
17098,,,,,,,,,,,,,,,,,,,,,
17100,99.5,99.5,0,99.5,0,99.5,0,99.5,0,99.5,0,99.5,0,99.5,0,99.5,0,66.5,0.496,57.5,0.73
17120,,,,,,,,,,,,,,,,,,,,,
17124,12.5,12.5,0,12.5,0,12.5,0,12.5,0,12.5,0,12.5,0,12.5,0,12.5,0,10,0.25,9,0.389
17130,6.5,6.5,0,6.5,0,6.5,0,6.5,0,6.7,-0.0299,6.7,-0.0299,6.7,-0.0299,,,5.5,0.182,4.7,0.383
17131,24,24,0,24,0,24,0,24,0,24,0,24,0,24,0,,,24,0,24,0
17140,,,,,,,,,,,,,,,,,,,,,
17152,81.5,81.5,0,81.5,0,81.5,0,81.5,0,,,,,81.5,0,,,80,0.0188,80,0.0188
17153,,,,,,,,,,,,,,,,,,,,,
17154,11.1,11.1,0,11.1,0,11.1,0,11.1,0,11.1,0,11.1,0,11.1,0,11.1,0,10.4,0.0673,7.7,0.442
17155,11.1,11.1,0,11.1,0,11.1,0,11.1,0,11.1,0,11.1,0,11.1,0,11.1,0,10.4,0.0673,7.7,0.442
17156,11.1,11.1,0,,,11.1,0,11.1,0,11.1,0,11.1,0,11.1,0,11.1,0,10.4,0.0673,7.7,0.442
17161,52.3,52.3,0,52.3,0,52.3,0,52.3,0,52.3,0,45,0.162,45,0.162,,,35.9,0.457,35.9,0.457
17162,34.9,34.9,0,34.9,0,34.9,0,34.9,0,34.9,0,23.5,0.485,34.9,0,34.9,0,31,0.126,22.5,0.551
17166,,,,,,,,,,,,,,,,,,,,,
17172,,,,,,,,,,,,,,,,,,,,,
17178,3.5,3.5,0,3.5,0,3.5,0,3.5,0,3.5,0,3.5,0,,,4,-0.125,4,-0.125,4,-0.125
17179,5.9,5.9,0,5.9,0,5.9,0,5.9,0,5.9,0,5.9,0,5.9,0,5.9,0,5.9,0,6,-0.0167
17181,25,25,0,25,0,22.5,0.111,22.5,0.111,22.5,0.111,22.5,0.111,22.5,0.111,21,0.19,21,0.19,21,0.19
17187,69,69,0,69,0,69,0,69,0,69,0,69,0,69,0,61,0.131,61,0.131,,
17191,42.6,42.6,0,,,,,,,,,37.5,0.136,,,,,,,,
17208,,,,,,,,,,,,,,,,,,,,,
17211,,,,,,,,,,,,,,,,,,,,,
17212,,,,,,,,,,,,,,,,,,,,,
17214,,,,,,,,,,,,,,,,,,,,,
17215,,,,,,,,,,,,,,,,,,,,,
17221,19.8,19.8,0,19.8,0,19.8,0,19.8,0,19.8,0,15.9,0.245,,,,,,,,
17222,19.8,19.8,0,19.8,0,19.8,0,19.8,0,19.8,0,19.8,0,19.8,0,19.8,0,,,16,0.238
17223,19.5,19.5,0,19.5,0,19.5,0,19.5,0,19.5,0,19.5,0,19.5,0,19.5,0,,,,
17225,10.5,10.5,0,10.5,0,10.5,0,9.5,0.105,9.5,0.105,9.5,0.105,9.5,0.105,9.5,0.105,9.3,0.129,9.3,0.129
17226,10.5,10.5,0,,,,,,,9.5,0.105,9.5,0.105,9.5,0.105,9.5,0.105,9.3,0.129,9.3,0.129
17227,10.5,10.5,0,,,,,,,9.5,0.105,9.5,0.105,9.5,0.105,9.5,0.105,9.3,0.129,9.3,0.129
17231,39.4,39.4,0,39.4,0,39.4,0,39.4,0,39.4,0,39.4,0,39.4,0,39.4,0,34.5,0.142,34.5,0.142
17232,7,7,0,7,0,7,0,7,0,7,0,7,0,7,0,7,0,6.2,0.129,6.2,0.129
17233,16.9,16.9,0,16.9,0,16.9,0,16.9,0,16.9,0,16.9,0,16.9,0,16.9,0,15.5,0.0903,15.5,0.0903
17237,63.5,63.5,0,63.5,0,63.5,0,63.5,0,63.5,0,63.5,0,63.5,0,68.5,-0.073,67,-0.0522,47.5,0.337
17238,219,219,0,219,0,219,0,219,0,219,0,219,0,219,0,221,-0.00905,118,0.856,118,0.856
17239,,,,,,,,,,,,,,,,,,,,,
17240,,,,,,,,,,,,,,,,,,,,,
17241,,,,,,,,,,,,,,,,,,,,,
17243,4,4,0,4,0,4,0,3.5,0.143,3.5,0.143,3.5,0.143,3.5,0.143,3.5,0.143,3,0.333,,
17244,,,,,,,,,,,,,,,,,,,,,
17245,149,149,0,149,0,149,0,149,0,149,0,149,0,149,0,140,0.0643,130,0.146,130,0.146
17246,,,,,,,,,,,,,,,,,,,,,
17250,,,,,,,,,,,,,,,,,,,,,
17251,278,278,0,278,0,278,0,278,0,278,0,278,0,278,0,270,0.0278,265,0.0472,265,0.0472
17256,,,,,,,,,,,,,,,,,,,,,
17269,,,,,,,,,,,,,,,,,,,,,
17270,28,28,0,28,0,28,0,28,0,28,0,28,0,28,0,30,-0.0667,25,0.12,25,0.12
17280,47,47,0,47,0,47,0,47,0,47,0,47,0,47,0,47,0,45,0.0444,45,0.0444
17281,24.4,24.4,0,24.4,0,24.4,0,24.4,0,24.4,0,24.4,0,24.4,0,24.4,0,23.5,0.0383,16.9,0.444
17283,94.5,94.5,0,94.5,0,94.5,0,94.5,0,94.5,0,94.5,0,94.5,0,94.5,0,76.5,0.235,76.5,0.235
17286,,,,,,,,,,,,,,,,,,,,,
17287,,,,,,,,,,,,,,,,,,,,,
17288,26,26,0,26,0,26,0,26,0,26,0,26,0,,,,,17,0.529,17,0.529
17292,,,,,,,,,,,,,,,,,,,,,
17294,,,,,,,,,,,,,,,,,,,,,
17296,304,304,0,304,0,304,0,304,0,304,0,304,0,304,0,304,0,230,0.322,199,0.528
17298,,,,,,,,,,,,,,,,,,,,,
17299,47,47,0,47,0,47,0,47,0,47,0,47,0,47,0,47,0,45,0.0444,45,0.0444
17300,47,47,0,47,0,47,0,47,0,47,0,47,0,47,0,47,0,45,0.0444,45,0.0444
17301,45.5,45.5,0,45.5,0,45.5,0,45.5,0,,,,,,,,,43.5,0.046,43.5,0.046
17302,45.5,45.5,0,45.5,0,45.5,0,45.5,0,45.5,0,45.5,0,45.5,0,45.5,0,43.5,0.046,43.5,0.046
17305,,,,,,,,,,,,,,,,,,,,,
17306,399,399,0,399,0,399,0,399,0,399,0,399,0,399,0,399,0,275,0.451,275,0.451
17316,,,,,,,,,,,,,,,,,,,,,
17318,178,178,0,178,0,178,0,178,0,178,0,178,0,178,0,,,,,,
17322,38.5,38.5,0,38.5,0,38.5,0,38.5,0,38.5,0,38.5,0,38.5,0,38.5,0,35,0.1,31,0.242
17331,27,27,0,27,0,27,0,27,0,27,0,27,0,27,0,27,0,18.5,0.459,18.5,0.459
17332,47,47,0,47,0,47,0,47,0,47,0,47,0,47,0,49.5,-0.0505,37.5,0.253,37.5,0.253
17333,20.5,20.5,0,20.5,0,20.5,0,20.5,0,20.5,0,20.5,0,20.5,0,20.5,0,20.5,0,20.5,0
17335,68,68,0,68,0,68,0,68,0,68,0,68,0,68,0,69,-0.0145,35,0.943,35,0.943
17336,33.5,33.5,0,33.5,0,33.5,0,33.5,0,33.5,0,33.5,0,33.5,0,33.5,0,33.5,0,33.5,0
17337,26.5,26.5,0,26.5,0,26.5,0,26.5,0,26.5,0,26.5,0,26.5,0,28,-0.0536,15.5,0.71,15.5,0.71
17353,19.5,19.5,0,19.5,0,19.5,0,19.5,0,19.5,0,19.5,0,19.5,0,19.5,0,19.5,0,19.5,0
17355,,,,,,,,,,,,,,,,,,,,,
17362,,,,,,,,,,,,,,,,,,,,,
17365,159,159,0,159,0,159,0,159,0,159,0,159,0,,,130,0.223,65,1.45,48,2.31
17367,7.5,7.5,0,7.5,0,7.5,0,7.5,0,7.5,0,8,-0.0625,8.8,-0.148,8.8,-0.148,8,-0.0625,7,0.0714
17372,51,51,0,51,0,51,0,51,0,51,0,51,0,51,0,51,0,37.5,0.36,31,0.645
17373,27.5,27.5,0,27.5,0,29.9,-0.0803,29.9,-0.0803,32.7,-0.159,32.7,-0.159,32.7,-0.159,32.7,-0.159,25,0.1,21.5,0.279
17374,,,,,,,,,,,,,,,,,,,,,
17377,91,91,0,91,0,91,0,91,0,91,0,,,,,,,,,57,0.596
17379,77,77,0,77,0,77,0,77,0,77,0,77,0,77,0,77,0,31,1.48,31,1.48
17381,,,,,,,,,,,,,,,,,,,,,
17382,,,,,,,,,,,,,,,,,,,,,
17383,,,,,,,,,,,,,,,,,,,,,
17384,26.8,26.8,0,26.8,0,26.8,0,26.8,0,26.8,0,26.8,0,26.8,0,18.5,0.449,18.5,0.449,,
17385,,,,,,,,,,,,,,,,,,,,,
17388,14,14,0,14,0,14,0,14,0,14,0,14,0,14,0,14,0,14,0,12,0.167
17389,31.5,31.5,0,31.5,0,31.5,0,31.5,0,31.5,0,31.5,0,31.5,0,,,25,0.26,25,0.26
17391,42,42,0,42,0,42,0,42,0,42,0,42,0,42,0,42,0,38,0.105,35.5,0.183
17392,43.5,43.5,0,43.5,0,43.5,0,43.5,0,43.5,0,43.5,0,43.5,0,43.5,0,39,0.115,36,0.208
17393,43.5,43.5,0,43.5,0,43.5,0,43.5,0,43.5,0,43.5,0,43.5,0,43.5,0,39,0.115,36,0.208
17394,7.5,7.5,0,7.5,0,7.5,0,7.5,0,7.5,0,8,-0.0625,8.8,-0.148,8.8,-0.148,8,-0.0625,6.8,0.103
17397,93.5,93.5,0,93.5,0,93.5,0,93.5,0,93.5,0,93.5,0,93.5,0,93.5,0,85,0.1,75,0.247
17398,,,,,,,,,,,,,,,,,,,,,
17399,89,89,0,89,0,89,0,89,0,89,0,89,0,89,0,89,0,81,0.0988,70,0.271
17400,35.5,35.5,0,35.5,0,35.5,0,35.5,0,35.5,0,35.5,0,35.5,0,35.5,0,32,0.109,29.9,0.187
17401,35.5,35.5,0,35.5,0,35.5,0,35.5,0,35.5,0,35.5,0,35.5,0,35.5,0,32,0.109,29.9,0.187
17404,,,,,,,,,,,,,,,,,,,,,
17409,,,,,,,,,,,,,,,,,,,,,
17410,,,,,,,,,,,,,,,,,,,,,
17423,135,135,0,135,0,135,0,135,0,135,0,138,-0.0217,142,-0.0493,,,,,,
17432,,,,,,,,,,,,,,,,,,,,,
17469,,,,,,,,,,,,,,,,,,,,,
17474,42,42,0,42,0,42,0,42,0,42,0,42,0,42,0,42,0,38,0.105,38,0.105
17476,,,,,,,,,,,,,,,,,,,,,
17477,38.8,38.8,0,38.8,0,38.8,0,38.8,0,38.8,0,38.8,0,38.8,0,33,0.176,30,0.293,27.5,0.411
17501,8,8,0,8,0,8,0,8,0,,,,,7.5,0.0667,7,0.143,6.5,0.231,,
17504,,,,,,,,,,,,,,,,,,,,,
17516,,,,,,,,,,,,,,,,,,,,,
17521,,,,,,,,,,,,,,,,,,,,,
17523,,,,,,,,,,,,,,,,,,,,,
17524,,,,,,,,,,,,,,,,,,,,,
17533,69,69,0,69,0,69,0,69,0,69,0,72,-0.0417,72,-0.0417,71,-0.0282,51,0.353,40.9,0.687
17538,7.8,7.8,0,7.8,0,7.8,0,7.8,0,7.8,0,7,0.114,9.5,-0.179,9.5,-0.179,8.8,-0.114,7.4,0.0541
17543,,,,,,,,,,,,,,,,,,,,,
17546,8.9,8.9,0,8.9,0,8.9,0,8.9,0,8.9,0,8.9,0,8.9,0,8.9,0,8.9,0,8.9,0
17547,,,,,,,,,,,,,,,,,,,,,
17548,,,,,,,,,,,,,,,,,,,,,
17552,,,,,,,,,,,,,,,,,,,,,
17553,215,215,0,215,0,215,0,215,0,215,0,215,0,215,0,215,0,175,0.229,162,0.323
17555,,,,,,,,,,,,,,,,,,,,,
17556,,,,,,,,,,,,,,,,,,,,,
17570,,,,,,,,,,,,,,,,,,,,,
17571,,,,,,,,,,,,,,,,,,,,,
17572,,,,,,,,,,,,,,,,,,,,,
17575,6.2,6.2,0,6.2,0,6.2,0,6.2,0,6.2,0,6.2,0,6.2,0,5.5,0.127,5.5,0.127,5.5,0.127
17576,8.9,8.9,0,8.9,0,8.9,0,7.5,0.187,8.9,0,8.9,0,8.9,0,8,0.113,8,0.113,8,0.113
17577,6.2,6.2,0,6.2,0,6.2,0,6.2,0,6.2,0,6.2,0,6.2,0,5.5,0.127,5.5,0.127,5.5,0.127
17578,8.9,8.9,0,8.9,0,8.9,0,7.5,0.187,8.9,0,8.9,0,,,8,0.113,8,0.113,8,0.113
17579,6.2,6.2,0,6.2,0,6.2,0,6.2,0,6.2,0,6.2,0,6.2,0,5.5,0.127,5.5,0.127,5.5,0.127
17580,8.9,8.9,0,8.9,0,8.9,0,8.9,0,8.9,0,8.9,0,,,8,0.113,8,0.113,8,0.113
17584,,,,,,,,,,,,,,,,,,,,,
17585,,,,,,,,,,,,,,,,,,,,,
17586,,,,,,,,,,,,,,,,,,,,,
17587,,,,,,,,,,,,,,,,,,,,,
17588,,,,,,,,,,,,,,,,,,,,,
17590,56,56,0,56,0,56,0,56,0,56,0,56,0,56,0,39,0.436,39,0.436,,
17597,,,,,,,,,,,,,,,,,,,,,
17600,,,,,,,,,,,,,,,,,,,,,
17601,,,,,,,,,,,,,,,,,,,,,
17604,,,,,,,,,,,,,,,,,,,,,
17612,6.9,6.9,0,8,-0.137,6.9,0,6.9,0,8,-0.137,8,-0.137,8,-0.137,7.8,-0.115,7,-0.0143,6,0.15
17615,7,7,0,7,0,7,0,7,0,7,0,7,0,7,0,8.6,-0.186,7.5,-0.0667,,
17616,7,7,0,7,0,7,0,7,0,7,0,7,0,7,0,8.6,-0.186,7,0,5,0.4
17624,28.5,28.5,0,28.5,0,28.5,0,28.5,0,28.5,0,28.5,0,28.5,0,28.5,0,27.5,0.0364,18,0.583
17629,,,,,,,,,,,,,,,,,,,,,
17630,,,,,,,,,,,,,,,,,,,,,
17631,,,,,,,,,,,,,,,,,,,,,
17632,,,,,,,,,,,,,,,,,,,,,
17635,,,,,,,,,,,,,,,,,,,,,
17636,15,15,0,15,0,15,0,15,0,15,0,15,0,15.5,-0.0323,13,0.154,12.9,0.163,10.5,0.429
17642,135,135,0,135,0,135,0,135,0,135,0,135,0,135,0,121,0.116,121,0.116,121,0.116
17650,7,7,0,,,7,0,7,0,7,0,7,0,7,0,7,0,7,0,7,0
17652,21.5,21.5,0,21.5,0,21.5,0,21.5,0,21.5,0,21.5,0,21.5,0,21.5,0,21.5,0,21.5,0
17653,21.5,21.5,0,21.5,0,21.5,0,21.5,0,21.5,0,21.5,0,21.5,0,21.5,0,21.5,0,21.5,0
17654,,,,,,,,,,,,,,,,,,,,,
17665,105,105,0,105,0,105,0,105,0,,,105,0,105,0,105,-0.000952,94,0.116,,
17668,,,,,,,,,,,,,,,,,,,,,
17676,39,39,0,39,0,39,0,39,0,39,0,39,0,39,0,39,0,32,0.219,30,0.3
17677,44.5,44.5,0,44.5,0,44.5,0,44.5,0,44.5,0,36.9,0.206,44.5,0,44.5,0,36,0.236,35,0.271
17678,,,,,,,,,,,,,,,,,,,,,
17680,,,,,,,,,,,,,,,,,,,,,
17683,,,,,,,,,,,,,,,,,,,,,
17684,112,112,0,112,0,112,0,112,0,112,0,112,0,112,0,,,,,,
17685,112,112,0,112,0,112,0,112,0,112,0,112,0,112,0,,,,,,
17686,112,112,0,112,0,112,0,112,0,112,0,112,0,112,0,,,,,80,0.406
17691,52.5,52.5,0,52.5,0,52.5,0,52.5,0,52.5,0,52.5,0,52.5,0,55.5,-0.0541,42,0.25,42,0.25
17692,52.5,52.5,0,52.5,0,52.5,0,52.5,0,52.5,0,52.5,0,52.5,0,55.5,-0.0541,42,0.25,42,0.25
17697,31.5,31.5,0,31.5,0,31.5,0,31.5,0,31.5,0,27.5,0.145,31.5,0,26,0.212,24.5,0.286,24.5,0.286
17698,,,,,,,,,,,,,,,,,,,,,
17699,,,,,,,,,,,,,,,,,,,,,
17700,30.8,30.8,0,30.8,0,30.8,0,30.8,0,30.8,0,26.5,0.162,30.8,0,,,23,0.339,23,0.339
17704,13.8,13.8,0,,,,,13.8,0,13.8,0,13.8,0,13.8,0,13.8,0,11,0.255,,
17705,,,,,,,,,,,,,,,,,,,,,
17706,12,12,0,12,0,12,0,12,0,12,0,12,0,11.2,0.0714,11.2,0.0714,11.5,0.0435,11,0.0909
17707,15,15,0,15,0,15,0,15,0,15,0,15,0,15,0,15,0,,,11,0.364
17708,12.5,12.5,0,12.5,0,12.5,0,12.5,0,12.5,0,12.5,0,12.5,0,12.5,0,9.3,0.344,8.9,0.404
17714,,,,,,,,,,,,,,,,,,,,,
17721,90,90,0,,,,,,,,,,,,,58.5,0.538,58.5,0.538,55.5,0.622
17722,24,24,0,24,0,24,0,24,0,24,0,24,0,24,0,24,0,24,0,21,0.143
17727,241,241,0,241,0,241,0,241,0,241,0,241,0,241,0,241,0,170,0.418,151,0.596
17728,,,,,,,,,,,,,,,,,,,,,
17731,,,,,,,,,,,,,,,,,,,,,
17732,20,20,0,20,0,20,0,20,0,20,0,20,0,20,0,20,0,20,0,,
17737,,,,,,,,,,,,,,,,,,,,,
17739,36.5,36.5,0,36.5,0,36.5,0,36.5,0,36.5,0,36.5,0,36.5,0,36.5,0,36.5,0,36.5,0
17740,53.5,53.5,0,53.5,0,53.5,0,53.5,0,53.5,0,53.5,0,53.5,0,53.5,0,53.5,0,53.5,0
17753,11.1,11.1,0,11.1,0,11.1,0,11.1,0,11.1,0,11.1,0,11.1,0,11.1,0,9,0.233,8.4,0.321
17761,11.5,11.5,0,11.5,0,11.5,0,11.5,0,11.5,0,11.5,0,11.5,0,11.5,0,9,0.278,9,0.278
17762,19,19,0,19,0,19,0,19,0,19,0,19,0,19,0,19,0,16.5,0.152,14,0.357
17763,,,,,,,,,,,,,,,,,,,,,
17767,,,,,,,,,,,,,,,,,,,,,
17772,124,124,0,124,0,124,0,124,0,124,0,124,0,124,0,124,0,68.5,0.803,68.5,0.803
17773,115,115,0,115,0,115,0,115,0,115,0,115,0,115,0,115,0,68.5,0.679,68.5,0.679
17774,106,106,0,106,0,106,0,106,0,106,0,106,0,106,0,106,0,75,0.413,62.5,0.696
17776,,,,,,,,,,,,,,,,,,,,,
17778,8.8,8.8,0,8.8,0,8.8,0,8.8,0,8.8,0,8.8,0,8.8,0,8.8,0,,,,
17786,,,,,,,,,,,,,,,,,,,,,
17788,,,,,,,,,,,,,,,,,,,,,
17791,69.9,69.9,0,69.9,0,69.9,0,69.9,0,69.9,0,69.9,0,69.9,0,85.5,-0.182,57.5,0.216,48,0.456
17792,69.9,69.9,0,69.9,0,69.9,0,69.9,0,69.9,0,69.9,0,69.9,0,85.5,-0.182,57.5,0.216,48,0.456
17793,6.8,6.8,0,6.8,0,6.8,0,6.8,0,6.8,0,6.8,0,6.8,0,,,,,5.4,0.259
17802,11,11,0,11,0,11,0,11,0,11,0,11,0,11,0,11,0,9,0.222,7.3,0.507
17814,,,,,,,,,,,,,,,,,,,,,
17818,,,,,,,,,,,,,,,,,,,,,
17819,,,,,,,,,,,,,,,,,,,,,
17820,65,65,0,65,0,65,0,65,0,65,0,62.5,0.04,,,57.5,0.13,57.5,0.13,56,0.161
17821,,,,,,,,,,,,,,,,,,,,,
17822,539,539,0,539,0,539,0,539,0,539,0,539,0,539,0,539,0,429,0.256,429,0.256
17823,33.5,33.5,0,33.5,0,33.5,0,33.5,0,33.5,0,33.5,0,33.5,0,33.5,0,31,0.0806,27.5,0.218
17824,,,,,,,,,,,,,,,,,,,,,
17827,,,,,,,,,,,,,,,,,,,,,
17831,37.4,37.4,0,37.4,0,37.4,0,37.4,0,37.4,0,37.4,0,37.4,0,37.4,0,,,,
17832,,,,,,,,,,,,,,,,,,,,,
17833,20,20,0,20,0,20,0,20,0,20,0,20,0,20,0,20,0,,,,
17837,24.5,24.5,0,24.5,0,24.5,0,24.5,0,24.5,0,24.5,0,24.5,0,24.5,0,22.5,0.0889,19.5,0.256
17838,24.5,24.5,0,24.5,0,24.5,0,24.5,0,24.5,0,24.5,0,24.5,0,24.5,0,22.5,0.0889,19.5,0.256
17845,16.9,16.9,0,16.9,0,16.9,0,16.9,0,16.9,0,16.9,0,16.9,0,16.9,0,14.5,0.166,14.5,0.166
17847,78.5,78.5,0,78.5,0,78.5,0,78.5,0,78.5,0,78.5,0,78.5,0,78.5,0,37.5,1.09,37.5,1.09
17848,,,,,,,,,,,,,,,,,,,,,
17849,75,75,0,75,0,75,0,75,0,75,0,75,0,75,0,75,0,67,0.119,61,0.23
17850,70,70,0,70,0,70,0,70,0,,,70,0,70,0,70,0,65.5,0.0687,60,0.167
17851,70,70,0,70,0,70,0,70,0,70,0,70,0,70,0,70,0,65.5,0.0687,60,0.167
17852,194,194,0,194,0,194,0,194,0,194,0,194,0,194,0,194,0,,,,
17853,28.5,28.5,0,28.5,0,28.5,0,28.5,0,28.5,0,28.5,0,28.5,0,,,21.5,0.326,,
17854,,,,,,,,,,,,,,,,,,,,,
17855,,,,,,,,,,,,,,,,,,,,,
17856,18,18,0,18,0,18,0,18,0,18,0,18,0,18,0,,,,,18,0
17861,98,98,0,98,0,98,0,98,0,98,0,98,0,98,0,98,0,98,0,89,0.101
17862,98,98,0,98,0,98,0,98,0,98,0,98,0,98,0,,,98,0,89,0.101
17864,,,,,,,,,,,,,,,,,,,,,
17870,,,,,,,,,,,,,,,,,,,,,
17871,,,,,,,,,,,,,,,,,,,,,
17873,16,16,0,16,0,16,0,16,0,,,16,0,16,0,16,0,,,,
17874,7,7,0,7,0,7,0,7,0,7,0,7,0,7,0,7,0,6.5,0.0769,6.5,0.0769
17876,163,163,0,163,0,163,0,163,0,163,0,163,0,163,0,163,0,122,0.336,118,0.376
17877,,,,,,,,,,,,,,,,,,,,,
17879,151,151,0,151,0,151,0,151,0,151,0,151,0,151,0,151,0,151,0,151,0
17883,,,,,,,,,,,,,,,,,,,,,
17884,26,26,0,26,0,26,0,26,0,26,0,24.5,0.0612,26,0,23.5,0.106,23.5,0.106,23.5,0.106
17885,87.5,87.5,0,87.5,0,87.5,0,87.5,0,87.5,0,87.5,0,87.5,0,87.5,0,91.5,-0.0437,,
17887,15.5,15.5,0,15.5,0,15.5,0,15.5,0,15.5,0,,,,,14,0.107,,,,
17890,11,11,0,11,0,11,0,11,0,11,0,11,0,11,0,11,0,11,0,,
17900,13.5,13.5,0,13.5,0,,,,,,,13.5,0,,,13.5,0,,,13,0.0385
17904,259,259,0,259,0,259,0,259,0,259,0,259,0,255,0.0157,255,0.0157,225,0.151,179,0.447
17911,,,,,,,,,,,,,,,,,,,,,
17912,,,,,,,,,,,,,,,,,,,,,
17913,,,,,,,,,,,,,,,,,,,,,
17919,7.9,7.9,0,10,-0.21,10,-0.21,10,-0.21,10,-0.21,10,-0.21,10,-0.21,8.5,-0.0706,8.7,-0.092,9,-0.122
17920,30,30,0,30,0,30,0,30,0,30,0,30,0,30,0,30,0,26,0.154,22,0.364
17921,30,30,0,30,0,30,0,30,0,30,0,30,0,30,0,30,0,26,0.154,22,0.364
17923,45,45,0,45,0,45,0,45,0,45,0,45,0,45,0,45,0,45,0,45,0
17924,,,,,,,,,,,,,,,,,,,,,
17926,,,,,,,,,,,,,,,,,,,,,
17927,,,,,,,,,,,,,,,,,,,,,
17931,,,,,,,,,,,,,,,,,,,,,
17932,,,,,,,,,,,,,,,,,,,,,
17933,,,,,,,,,,,,,,,,,,,,,
17935,,,,,,,,,,,,,,,,,,,,,
17936,,,,,,,,,,,,,,,,,,,,,
17937,,,,,,,,,,,,,,,,,,,,,
17941,,,,,,,,,,,,,,,,,,,,,
17942,,,,,,,,,,,,,,,,,,,,,
17943,30,30,0,30,0,30,0,30,0,30,0,30,0,30,0,30,0,,,22,0.364
17947,34,34,0,34,0,34,0,34,0,34,0,34,0,34,0,34,0,29.5,0.153,25,0.36
17951,105,105,0,105,0,105,0,105,0,105,0,105,0,105,0,105,0,95,0.105,77.5,0.355
17953,29.5,29.5,0,29.5,0,29.5,0,39.5,-0.253,39.5,-0.253,39.5,-0.253,39.5,-0.253,,,,,,
17954,4.9,4.9,0,4.9,0,4.9,0,4.9,0,5.5,-0.109,5.5,-0.109,5.5,-0.109,,,,,,
17955,4.9,4.9,0,4.9,0,4.9,0,4.9,0,5.5,-0.109,5.5,-0.109,5.5,-0.109,,,,,,
17956,,,,,,,,,,,,,,,,,,,,,
17957,32,32,0,32,0,32,0,29.5,0.0847,29.5,0.0847,29.5,0.0847,29.5,0.0847,29.5,0.0847,27,0.185,27,0.185
17958,6.5,6.5,0,6.5,0,5.5,0.182,5.5,0.182,6.5,0,6.3,0.0317,6.3,0.0317,6.3,0.0317,5.7,0.14,4.6,0.413
17959,6.5,6.5,0,6.5,0,5.5,0.182,5.5,0.182,6.5,0,6.3,0.0317,6.3,0.0317,6.3,0.0317,5.7,0.14,4.6,0.413
17960,6.5,6.5,0,6.5,0,5.5,0.182,5.5,0.182,6.5,0,6.3,0.0317,6.3,0.0317,6.3,0.0317,5.7,0.14,4.6,0.413
17965,,,,,,,,,,,,,,,,,,,,,
17966,6.5,6.5,0,6.5,0,5.5,0.182,5.5,0.182,6.5,0,6.3,0.0317,6.3,0.0317,6.3,0.0317,5.7,0.14,4.6,0.413
17967,6.5,6.5,0,6.5,0,5.5,0.182,5.5,0.182,6.5,0,6.3,0.0317,6.3,0.0317,6.3,0.0317,5.7,0.14,4.6,0.413
17968,6.5,6.5,0,6.5,0,5.5,0.182,5.5,0.182,6.5,0,6.3,0.0317,6.3,0.0317,6.3,0.0317,5.7,0.14,4.6,0.413
17971,14.5,14.5,0,,,14.5,0,12.5,0.16,12.5,0.16,12.5,0.16,12.5,0.16,12,0.208,11.5,0.261,11.5,0.261
17972,14.5,14.5,0,14.5,0,14.5,0,12.5,0.16,12.5,0.16,12.5,0.16,12.5,0.16,12,0.208,11.5,0.261,11.5,0.261
18004,,,,,,,,,,,,,,,,,,,,,
18005,,,,,,,,,,,,,,,,,,,,,
18017,18,18,0,18,0,18,0,18,0,18,0,18,0,18,0,15.5,0.161,15.5,0.161,14,0.286
18021,38,38,0,38,0,38,0,33,0.152,33,0.152,39.5,-0.038,39.5,-0.038,,,,,,
18022,,,,,,,,,,,,,,,,,,,,,
18023,38,38,0,38,0,38,0,33,0.152,33,0.152,39.5,-0.038,39.5,-0.038,,,,,,
18031,,,,,,,,,,,,,,,,,,,,,
18032,,,,,,,,,,,,,,,,,,,,,
18033,,,,,,,,,,,,,,,,,,,,,
18035,,,,,,,,,,,,,,,,,,,,,
18036,,,,,,,,,,,,,,,,,,,,,
18037,,,,,,,,,,,,,,,,,,,,,
18038,7.6,7.6,0,7.6,0,7.6,0,7.6,0,7.6,0,7.6,0,7.6,0,7.6,0,7.6,0,5.5,0.382
18053,,,,,,,,,,,,,,,,,,,,,
18058,,,,,,,,,,,,,,,,,,,,,
18064,289,289,0,289,0,289,0,289,0,289,0,289,0,289,0,289,0,289,0,289,0
18067,,,,,,,,,,,,,,,,,,,,,
18071,,,,,,,,,,,,,,,,,,,,,
18073,,,,,,,,,,,,,,,,,,,,,
18074,,,,,,,,,,,,,,,,,,,,,
18076,19.7,19.7,0,,,,,,,,,,,,,19.7,0,,,12.5,0.576
18077,19.7,19.7,0,19.7,0,19.7,0,19.7,0,19.7,0,,,,,19.7,0,13,0.515,12.5,0.576
18079,,,,,,,,,,,,,,,,,,,,,
18080,,,,,,,,,,,,,,,,,,,,,
18081,,,,,,,,,,,,,,,,,,,,,
18087,78.5,78.5,0,78.5,0,78.5,0,78.5,0,78.5,0,78.5,0,78.5,0,78.5,0,70,0.121,70,0.121
18097,,,,,,,,,,,,,,,,,,,,,
18113,41,41,0,41,0,41,0,41,0,41,0,41,0,41,0,,,,,29.5,0.39
18143,,,,,,,,,,,,,,,,,,,,,
18619,,,,,,,,,,,,,,,,,,,,,
18717,136,136,0,136,0,136,0,136,0,136,0,136,0,136,0,136,0,149,-0.0872,149,-0.0872
18799,,,,,,,,,,,,,,,,,,,,,
19009,,,,,,,,,,,,,,,,,,,,,
19024,,,,,,,,,,,,,,,,,,,,,
19089,,,,,,,,,,,,,,,,,,,,,
19178,24.9,24.9,0,24.9,0,24.9,0,24.9,0,24.9,0,19.9,0.251,25,-0.004,25.2,-0.0119,19.5,0.277,19.5,0.277
19194,,,,,,,,,,,,,,,,,,,,,
19719,,,,,,,,,,,,,,,,,,,,,
19748,,,,,,,,,,,,,,,,,,,,,
19785,38,38,0,38,0,38,0,38,0,36.5,0.0411,36.5,0.0411,36.5,0.0411,34,0.118,31,0.226,31,0.226
19823,49,49,0,49,0,49,0,49,0,44.9,0.0913,52,-0.0577,52,-0.0577,52,-0.0577,42.5,0.153,37.5,0.307
19827,,,,,,,,,,,,,,,,,,,,,
20246,,,,,,,,,,,,,,,,,,,,,
20487,15,15,0,15,0,15,0,15,0,15,0,15,0,15.5,-0.0323,13,0.154,12.9,0.163,10.5,0.429
20488,299,299,0,299,0,299,0,299,0,299,0,299,0,299,0,,,,,,
20659,95.5,95.5,0,95.5,0,95.5,0,95.5,0,95.5,0,95.5,0,95.5,0,95.5,0,,,62.5,0.528
20781,32.5,32.5,0,32.5,0,32.5,0,32.5,0,32.5,0,32.5,0,32.5,0,32.5,0,22.5,0.444,22.5,0.444
20798,55.5,55.5,0,55.5,0,55.5,0,55.5,0,55.5,0,55.5,0,,,,,40.5,0.37,40.5,0.37
20858,,,,,,,,,,,,,,,,,,,,,
21401,,,,,,,,,,,,,,,,,,,,,
21402,15,15,0,15,0,15,0,15,0,15,0,15,0,15,0,15,0,10.5,0.429,10.5,0.429
21577,,,,,,,,,,,,,,,,,,,,,
21784,,,,,,,,,,,,,,,,,,,,,
22052,,,,,,,,,,,,,,,,,,,,,
22195,25.5,25.5,0,25.5,0,25.5,0,25.5,0,25.5,0,25.5,0,25.5,0,25.5,0,25,0.02,17.9,0.425
22198,,,,,,,,,,,,,,,,,,,,,
22202,,,,,,,,,,,,,,,,,,,,,
22209,40.5,40.5,0,40.5,0,40.5,0,40.5,0,40.5,0,35.5,0.141,35.5,0.141,33.9,0.195,39.5,0.0253,,
22247,35,35,0,35,0,35,0,35,0,35,0,35,0,35,0,,,,,,
22342,26,26,0,26,0,26,0,26,0,26,0,,,,,,,18.6,0.398,17.5,0.486
22343,,,,,,,,,,,,,,,,,,,,,
22344,24.5,,,,,,,,,,,24.5,0,22.4,0.0938,22.4,0.0938,20.5,0.195,18.5,0.324
22346,69.9,69.9,0,69.9,0,69.9,0,69.9,0,69.9,0,58.5,0.195,88,-0.206,88,-0.206,72,-0.0292,63,0.11
22347,12,12,0,12,0,12,0,12,0,12,0,12,0,12,0,12,0,10.5,0.143,8.9,0.348
22348,66,66,0,66,0,66,0,66,0,66,0,66,0,66,0,92,-0.283,76,-0.132,49.5,0.333
22356,,,,,,,,,,,,,,,,,,,,,
22382,13,13,0,,,,,,,,,,,13,0,13,0,9.8,0.327,7.5,0.733
22701,30,30,0,30,0,30,0,30,0,30,0,30,0,,,,,,,,
22703,34.5,34.5,0,34.5,0,34.5,0,34.5,0,34.5,0,34.5,0,,,,,,,,
22750,13.5,13.5,0,13.5,0,13.5,0,13.5,0,13.5,0,13.5,0,13.5,0,13.5,0,11.5,0.174,,
22755,18.5,18.5,0,18.5,0,18.5,0,18.5,0,18.5,0,18.5,0,18.5,0,18.5,0,17.5,0.0571,17.5,0.0571
22757,36.5,36.5,0,36.5,0,36.5,0,36.5,0,36.5,0,36.5,0,36.5,0,36.5,0,,,35,0.0429
22785,17.5,17.5,0,17.5,0,17.5,0,17.5,0,17.5,0,17.5,0,17.5,0,17.5,0,17.5,0,17.5,0
22790,,,,,,,,,,,,,,,,,,,,,
22793,,,,,,,,,,,,,,,,,,,,,
22794,,,,,,,,,,,,,,,,,,,,,
22805,29.5,29.5,0,29.5,0,29.5,0,29.5,0,29.5,0,29.5,0,29.5,0,29.5,0,24.5,0.204,22.5,0.311
22806,30.5,30.5,0,30.5,0,30.5,0,30.5,0,30.5,0,30.5,0,30.5,0,30.5,0,30.5,0,24,0.271
22807,,,,,,,,,,,,,,,,,,,,,
23264,85,85,0,85,0,85,0,85,0,85,0,85,0,85,0,85,0,72.6,0.171,48,0.771
23272,110,110,0,110,0,110,0,110,0,110,0,61.9,0.777,110,0,110,0,94,0.17,,
23329,47,47,0,47,0,47,0,47,0,47,0,46.9,0.00213,46.9,0.00213,50.9,-0.0766,36.1,0.302,27.4,0.715
23477,57.3,57.3,0,57.3,0,57.3,0,57.3,0,57.3,0,57.3,0,57.3,0,57.3,0,,,44.8,0.279
23531,88,88,0,88,0,88,0,88,0,88,0,88,0,88,0,88,0,75.9,0.159,61,0.443
23540,24.5,24.5,0,24.5,0,24.5,0,24.5,0,24.5,0,22.9,0.0699,24.5,0,24.5,0,21.4,0.145,17.5,0.4
24001,220,220,0,220,0,220,0,220,0,220,0,220,0,185,0.19,179,0.229,,,,
24005,40,40,0,40,0,40,0,32.9,0.216,40,0,40,0,40,0,,,32,0.25,32,0.25
24007,35.5,35.5,0,35.5,0,27.9,0.272,27.9,0.272,35.5,0,35.5,0,29.9,0.187,35.5,0,32.5,0.0923,23.5,0.511
24016,10,10,0,10,0,10,0,10,0,10,0,15,-0.333,15,-0.333,15,-0.333,15,-0.333,,
24017,10,10,0,10,0,10,0,10,0,10,0,15,-0.333,15,-0.333,15,-0.333,15,-0.333,,
24018,10,10,0,10,0,10,0,10,0,10,0,10,0,10,0,9.8,0.0204,9.8,0.0204,10,0
24019,10,10,0,10,0,10,0,,,10,0,10,0,10,0,9.8,0.0204,9.8,0.0204,7.8,0.282
24020,,,,,,,,,,,,,,,,,,,,,
24029,28,,,,,,,,,,,,,,,,,25,0.12,25,0.12
24030,,,,,,,,,,,,,,,,,,,,,
24040,,,,,,,,,,,,,,,,,,,,,
24042,20,20,0,20,0,20,0,20,0,20,0,20,0,18.5,0.0811,18.5,0.0811,,,,
24043,20,20,0,20,0,20,0,20,0,20,0,20,0,18.5,0.0811,18.5,0.0811,,,,
24044,20,20,0,20,0,20,0,20,0,20,0,20,0,18.5,0.0811,18.5,0.0811,,,,
24045,13.9,13.9,0,16,-0.131,16,-0.131,16,-0.131,16,-0.131,16,-0.131,13.9,0,13.9,0,13.9,0,16,-0.131
24046,13.9,13.9,0,16,-0.131,16,-0.131,16,-0.131,16,-0.131,16,-0.131,13.9,0,13.9,0,13.9,0,,
24048,37.5,37.5,0,37.5,0,37.5,0,37.5,0,37.5,0,37.5,0,37.5,0,37.5,0,37.5,0,,
24049,35,35,0,35,0,35,0,35,0,35,0,35,0,35,0,35,0,35,0,,
24050,35,35,0,35,0,35,0,35,0,35,0,35,0,35,0,35,0,35,0,,
24051,12,12,0,12,0,11,0.0909,11,0.0909,11,0.0909,11,0.0909,11,0.0909,10,0.2,,,,
24052,12,12,0,12,0,11,0.0909,11,0.0909,11,0.0909,11,0.0909,11,0.0909,10,0.2,10,0.2,,
24056,41,41,0,41,0,41,0,41,0,41,0,41,0,41,0,41,0,41,0,41,0
24062,42,42,0,42,0,42,0,42,0,,,,,,,,,,,,
24064,,,,,,,,,,,,,,,,,,,,,
24065,,,,,,,,,,,,,,,,,,,,,
24067,,,,,,,,,,,,,,,,,,,,,
24068,12.5,12.5,0,12.5,0,12.5,0,12.5,0,12.5,0,12.5,0,12.5,0,12.5,0,7,0.786,,
24071,,,,,,,,,,,,,,,,,,,,,
24072,11.5,11.5,0,11.5,0,11.5,0,11.5,0,11.7,-0.0171,11.7,-0.0171,11.7,-0.0171,11.7,-0.0171,8.5,0.353,,
24073,16,16,0,16,0,16,0,16,0,16,0,16,0,16,0,,,,,,
24075,5,5,0,5,0,5,0,5,0,5,0,5,0,5,0,5,0,4,0.25,,
24076,,,,,,,,,,,,,,,,,,,,,
24077,,,,,,,,,,,,,,,,,,,,,
24078,,,,,,,,,,,,,,,,,,,,,
24079,,,,,,,,,,,,,,,,,,,,,
24080,289,289,0,289,0,289,0,289,0,289,0,289,0,289,0,245,0.18,245,0.18,,
24081,289,289,0,289,0,289,0,289,0,289,0,289,0,289,0,245,0.18,245,0.18,,
24083,7.5,7.5,0,7.5,0,6.5,0.154,6.5,0.154,7.5,0,6.5,0.154,7.5,0,7.5,0,5.5,0.364,,
24084,7.5,7.5,0,7.5,0,6.5,0.154,6.5,0.154,7.5,0,6.5,0.154,7.5,0,7.5,0,5.5,0.364,,
24085,7.5,7.5,0,7.5,0,6.5,0.154,6.5,0.154,7.5,0,6.5,0.154,7.5,0,7.5,0,5.5,0.364,,
24086,7.5,7.5,0,7.5,0,6.5,0.154,6.5,0.154,7.5,0,6.5,0.154,7.5,0,7.5,0,5.5,0.364,,
24087,7.5,,,,,,,6.5,0.154,,,6.5,0.154,7.5,0,7.5,0,5.5,0.364,,
24088,7.5,7.5,0,7.5,0,6.5,0.154,6.5,0.154,7.5,0,6.5,0.154,7.5,0,7.5,0,5.5,0.364,,
24089,61.9,61.9,0,61.9,0,61.9,0,61.9,0,61.9,0,61.9,0,61.9,0,,,,,,
24091,230,230,0,230,0,230,0,230,0,230,0,230,0,230,0,,,,,,
24092,439,439,0,439,0,439,0,439,0,439,0,439,0,439,0,,,390,0.126,,
24097,16,16,0,16,0,16,0,16,0,16,0,16,0,16,0,16,0,,,,
24098,,,,,,,,,,,,,,,,,,,,,
24099,15,15,0,15,0,15,0,15,0,15,0,16,-0.0625,16,-0.0625,16.5,-0.0909,16.5,-0.0909,,
24100,15,15,0,15,0,15,0,15,0,15,0,16,-0.0625,16,-0.0625,16.5,-0.0909,16.5,-0.0909,,
24109,,,,,,,,,,,,,,,,,,,,,
24111,,,,,,,,,,,,,,,,,,,,,
24112,,,,,,,,,,,,,,,,,,,,,
24113,12.5,12.5,0,12.5,0,10.9,0.147,10.9,0.147,12.5,0,12.5,0,12.5,0,9.9,0.263,12.5,0,,
24116,,,,,,,,,,,,,,,,,,,,,
24117,15,15,0,15,0,15,0,15,0,15,0,16,-0.0625,16,-0.0625,16.5,-0.0909,16.5,-0.0909,,
24118,9.5,9.5,0,9.5,0,9.5,0,9,0.0556,9,0.0556,10.5,-0.0952,10.5,-0.0952,11,-0.136,11,-0.136,,
24119,9.5,9.5,0,9.5,0,9.5,0,9,0.0556,9,0.0556,10.5,-0.0952,10.5,-0.0952,,,11,-0.136,,
24120,,,,,,,,,,,,,,,,,,,,,
24126,,,,,,,,,,,,,,,,,,,,,
24127,8.6,8.6,0,8.6,0,8.6,0,8.6,0,8.6,0,8.6,0,8.6,0,8.6,0,,,,
24130,27,27,0,27,0,27,0,27,0,27,0,29,-0.069,29,-0.069,35.5,-0.239,35.5,-0.239,,
24131,27,27,0,27,0,27,0,27,0,27,0,29,-0.069,29,-0.069,35.5,-0.239,,,,
24132,7,7,0,7,0,7,0,7,0,7,0,8.5,-0.176,8.5,-0.176,,,9,-0.222,,
24133,,,,,,,,,,,,,,,,,,,,,
24134,7,7,0,7,0,7,0,7,0,7,0,8.5,-0.176,8.5,-0.176,9,-0.222,9,-0.222,,
24135,2.3,2.3,0,2.3,0,2.3,0,2.3,0,2.3,0,2.9,-0.207,2.9,-0.207,3.5,-0.343,3.5,-0.343,,
24136,2.3,2.3,0,2.3,0,2.3,0,2.3,0,2.3,0,2.9,-0.207,2.9,-0.207,3.5,-0.343,3.5,-0.343,,
24137,2.3,2.3,0,2.3,0,2.3,0,2.3,0,2.3,0,2.9,-0.207,2.9,-0.207,3.5,-0.343,3.5,-0.343,,
24138,22,22,0,22,0,22,0,22,0,22,0,22,0,22,0,22,0,,,,
24140,22,22,0,22,0,22,0,22,0,22,0,22,0,22,0,22,0,,,,
24141,22,22,0,22,0,22,0,22,0,22,0,22,0,22,0,22,0,22,0,,
24145,,,,,,,,,,,,,,,,,,,,,
24152,78,78,0,78,0,78,0,78,0,78,0,78,0,78,0,45,0.733,45,0.733,,
24153,114,114,0,114,0,114,0,114,0,114,0,114,0,114,0,,,76,0.493,,
24159,,,,,,,,,,,,,,,,,,,,,
24160,,,,,,,,,,,,,,,,,,,,,
24161,189,189,0,189,0,189,0,189,0,189,0,189,0,189,0,200,-0.055,,,,
24162,189,189,0,189,0,189,0,189,0,189,0,189,0,189,0,,,165,0.145,,
24163,289,289,0,289,0,289,0,289,0,,,,,,,,,,,,
24164,289,289,0,289,0,289,0,289,0,289,0,289,0,289,0,295,-0.0203,255,0.133,,
24170,34,34,0,34,0,34,0,34,0,34,0,34,0,34,0,34,0,32.5,0.0462,,
24172,22,22,0,22,0,22,0,22,0,22,0,22,0,22,0,19.5,0.128,,,,
24173,,,,,,,,,,,,,,,,,,,,,
24174,35.5,35.5,0,35.5,0,35.5,0,35.5,0,35.5,0,35.5,0,35.5,0,35.5,0,,,,
24175,18,18,0,18,0,18,0,18,0,18,0,18,0,18,0,16.5,0.0909,16.5,0.0909,,
24176,18,18,0,18,0,18,0,18,0,18,0,18,0,18,0,16.5,0.0909,16.5,0.0909,,
24306,99,99,0,99,0,99,0,99,0,99,0,99,0,,,99,0,80,0.238,80,0.238
24401,23,23,0,23,0,23,0,23,0,23,0,23,0,23,0,23,0,18,0.278,18,0.278
24402,41,41,0,41,0,41,0,41,0,41,0,41,0,41,0,41,0,34.5,0.188,34.5,0.188
24403,,,,,,,,,,,,,,,,,,,,,
24406,,,,,,,,,,,,,,,,,,,,,
24459,8.8,8.8,0,8.8,0,8.8,0,8.8,0,8.8,0,8.8,0,8.8,0,9,-0.0222,7.8,0.128,7.8,0.128
24463,8.8,8.8,0,8.8,0,8.8,0,8.8,0,8.8,0,8.8,0,8.8,0,9,-0.0222,7.8,0.128,7.8,0.128
24464,8.8,8.8,0,8.8,0,8.8,0,8.8,0,8.8,0,8.8,0,8.8,0,9,-0.0222,7.8,0.128,7.8,0.128
24465,,,,,,,,,,,,,,,,,,,,,
24514,23,23,0,23,0,23,0,23,0,23,0,23,0,23,0,23,0,15,0.533,15,0.533
24515,47.5,47.5,0,47.5,0,47.5,0,47.5,0,47.5,0,47.5,0,47.5,0,47.5,0,31,0.532,31,0.532
24699,109,109,0,109,0,109,0,109,0,109,0,109,0,109,0,95.5,0.141,81,0.346,81,0.346
24870,6.2,6.2,0,6.2,0,6.2,0,6.2,0,6.2,0,6.2,0,6.2,0,6,0.0333,4.3,0.442,4.2,0.476
24887,5.2,5.2,0,5.2,0,5.2,0,5.2,0,5.2,0,5.2,0,,,5.2,0,5,0.04,5,0.04
24888,14.5,14.5,0,14.5,0,14.5,0,14.5,0,14.5,0,14.5,0,14.5,0,14.5,0,12.9,0.124,11,0.318
24889,,,,,,,,,,,,,,,,,,,,,
24915,,,,,,,,,,,,,,,,,,,,,
25001,16.5,16.5,0,16.5,0,16.5,0,16.5,0,16.5,0,16.5,0,16.5,0,16.5,0,12,0.375,,
25004,,,,,,,,,,,,,,,,,,,,,
25006,63.8,63.8,0,63.8,0,63.8,0,63.8,0,63.8,0,63.8,0,63.8,0,63.8,0,47,0.357,,
25009,,,,,,,,,,,,,,,,,,,,,
25012,,,,,,,,,,,,,,,,,,,,,
25016,,,,,,,,,,,,,,,,,,,,,
25017,,,,,,,,,,,,,,,,,,,,,
25018,11.8,11.8,0,11.8,0,11.8,0,11.8,0,,,,,,,,,7.5,0.573,,
25019,11.5,11.5,0,11.5,0,11.5,0,11.5,0,11,0.0455,11,0.0455,11,0.0455,10.5,0.0952,9.5,0.211,,
25020,,,,,,,,,,,,,,,,,,,,,
25021,,,,,,,,,,,,,,,,,,,,,
25024,36,36,0,36,0,36,0,36,0,36,0,36,0,36,0,48,-0.25,,,,
25025,10.5,10.5,0,10.5,0,9.9,0.0606,9.9,0.0606,10.5,0,10.9,-0.0367,15,-0.3,15,-0.3,14.5,-0.276,,
25026,10.5,10.5,0,10.5,0,10.5,0,10.5,0,10.5,0,10.5,0,10.5,0,11.5,-0.087,,,,
25030,,,,,,,,,,,,,,,,,,,,,
25034,6.3,6.3,0,6.3,0,6.3,0,6.3,0,6.3,0,6.3,0,6.3,0,6.3,0,,,,
25035,28.5,28.5,0,28.5,0,28.5,0,28.5,0,26,0.0962,26,0.0962,,,32,-0.109,26.5,0.0755,,
25036,120,120,0,120,0,120,0,120,0,120,0,120,0,120,0,120,0,,,,
25037,138,138,0,138,0,138,0,138,0,138,0,138,0,138,0,138,0,138,0,,
25049,99,99,0,99,0,99,0,99,0,99,0,99,0,99,0,87.5,0.131,,,,
25050,99.9,99.9,0,99.9,0,99.9,0,99.9,0,99.9,0,99.9,0,99.9,0,115,-0.131,79.9,0.25,,
25052,,,,,,,,,,,,,,,,,,,,,
25059,,,,,,,,,,,,,,,,,,,,,
25060,8.6,8.6,0,8.6,0,8.6,0,8.6,0,8.6,0,8.6,0,8.6,0,8.6,0,,,,
25061,,,,,,,,,,,,,,,,,,,,,
25062,59.5,59.5,0,59.5,0,59.5,0,59.5,0,59.5,0,59.5,0,59.5,0,59,0.00847,,,,
25063,,,,,,,,,,,,,,,,,,,,,
25065,24.5,24.5,0,24.5,0,24.5,0,24.5,0,24.5,0,24.5,0,24.5,0,27.5,-0.109,20.5,0.195,,
25070,5.5,5.5,0,5.5,0,5.5,0,5.5,0,5.5,0,5.5,0,5.5,0,5.5,0,4.3,0.279,,
25071,22,22,0,22,0,22,0,22,0,22,0,22,0,22,0,22,0,16,0.375,,
25072,22,22,0,22,0,22,0,22,0,22,0,22,0,22,0,22,0,16,0.375,,
25073,22,22,0,22,0,22,0,22,0,22,0,22,0,22,0,22,0,16,0.375,,
25074,13.9,13.9,0,18.5,-0.249,18.5,-0.249,18.5,-0.249,18.5,-0.249,18.5,-0.249,18.5,-0.249,18.5,-0.249,,,,
25075,13.9,13.9,0,18.5,-0.249,18.5,-0.249,18.5,-0.249,18.5,-0.249,18.5,-0.249,18.5,-0.249,18.5,-0.249,14.5,-0.0414,,
25076,13.9,13.9,0,18.5,-0.249,18.5,-0.249,18.5,-0.249,18.5,-0.249,18.5,-0.249,18.5,-0.249,18.5,-0.249,14.5,-0.0414,,
25078,5,5,0,5,0,5,0,5,0,5,0,5,0,5,0,,,,,,
25087,8.6,8.6,0,8.6,0,8.6,0,8.6,0,8.6,0,8.6,0,8.6,0,8.6,0,,,,
25088,8.6,8.6,0,8.6,0,8.6,0,,,8.6,0,,,8.6,0,8.6,0,,,,
25093,9.5,9.5,0,9.5,0,9.5,0,9.5,0,9.5,0,9.5,0,9.5,0,,,,,,
25094,,,,,,,,,,,,,,,,,,,,,
25097,,,,,,,,,,,,,,,,,,,,,
25098,9.5,9.5,0,9.5,0,9.5,0,9.5,0,9.5,0,9.5,0,,,,,,,,
25101,11,11,0,11,0,11,0,11,0,11,0,11,0,11,0,8.8,0.25,,,,
25102,,,,,,,,,,,,,,,,,,,,,
25104,24.5,24.5,0,24.5,0,24.5,0,24.5,0,24.5,0,24.5,0,24.5,0,27.5,-0.109,20.5,0.195,,
25108,13,13,0,13,0,13,0,13,0,,,13,0,13,0,12.5,0.04,,,,
25109,13,13,0,13,0,13,0,13,0,13,0,13,0,13,0,12.5,0.04,,,,
25110,13,13,0,13,0,13,0,13,0,13,0,13,0,13,0,12.5,0.04,,,,
25112,7.5,7.5,0,7.5,0,7.5,0,7.5,0,7.5,0,7.5,0,7.5,0,6.5,0.154,,,,
25113,7.5,7.5,0,7.5,0,7.5,0,7.5,0,7.5,0,7.5,0,7.5,0,6.5,0.154,,,,
25114,7.5,7.5,0,7.5,0,7.5,0,7.5,0,7.5,0,7.5,0,7.5,0,6.5,0.154,,,,
25115,7.5,7.5,0,7.5,0,7.5,0,7.5,0,7.5,0,7.5,0,7.5,0,6.5,0.154,,,,
25120,149,149,0,149,0,149,0,149,0,149,0,149,0,149,0,149,0,124,0.202,,
25121,33,33,0,33,0,,,,,,,,,,,33,0,,,,
25122,33,33,0,33,0,33,0,33,0,33,0,33,0,33,0,33,0,,,,
25123,,,,,,,,,,,,,,,,,,,,,
25124,31.5,31.5,0,31.5,0,31.5,0,31.5,0,31.5,0,31.5,0,31.5,0,31.5,0,,,,
25125,,,,,,,,,,,,,,,,,,,,,
25126,,,,,,,,,,,,,,,,,,,,,
25127,18.5,18.5,0,18.5,0,18.5,0,18.5,0,18.5,0,18.5,0,18.5,0,18.5,0,,,,
25128,,,,,,,,,,,,,,,,,,,,,
25129,,,,,,,,,,,,,,,,,,,,,
25130,19.8,19.8,0,19.8,0,19.8,0,19.8,0,19.8,0,19.8,0,19.8,0,19.8,0,,,,
25131,,,,,,,,,,,,,,,,,,,,,
25132,,,,,,,,,,,,,,,,,,,,,
25134,12,12,0,12,0,12,0,12,0,12,0,12,0,12,0,12,0,,,,
25135,,,,,,,,,,,,,,,,,,,,,
25136,44,44,0,44,0,44,0,44,0,44,0,44,0,44,0,44,0,,,,
25137,7.5,7.5,0,,,,,,,7.5,0,7.5,0,7.5,0,8,-0.0625,,,,
25139,7,7,0,7,0,7,0,7,0,7,0,7,0,7,0,7,0,,,,
25140,38.5,38.5,0,38.5,0,38.5,0,38.5,0,38.5,0,38.5,0,34.9,0.103,38.5,0,,,,
25141,10.5,10.5,0,10.5,0,10.5,0,10.5,0,10.5,0,10.5,0,10.5,0,10.5,0,,,,
25142,,,,,,,,,,,,,,,,,,,,,
25144,11,11,0,11,0,11,0,11,0,11,0,11,0,11,0,11,0,,,,
25145,19.5,19.5,0,19.5,0,19.5,0,19.5,0,19.5,0,19.5,0,19.5,0,,,,,,
25146,13.5,13.5,0,13.5,0,13.5,0,13.5,0,13.5,0,13.5,0,13.5,0,,,,,,
25149,10,10,0,10,0,10,0,10,0,10,0,10,0,10,0,10,0,,,,
25150,,,,,,,,,,,,,,,,,,,,,
25151,11,11,0,11,0,11,0,11,0,11,0,11,0,11,0,11,0,,,,
25152,,,,,,,,,,,,,,,,,,,,,
25153,105,105,0,105,0,105,0,105,0,105,0,105,0,105,0,105,0,,,,
25154,105,105,0,105,0,105,0,105,0,105,0,105,0,105,0,105,0,,,,
25155,,,,,,,,,,,,,,,,,,,,,
25161,,,,,,,,,,,,,,,,,,,,,
25162,20,20,0,20,0,20,0,20,0,20,0,,,18.5,0.0811,18.5,0.0811,,,,
25165,59.5,59.5,0,59.5,0,59.5,0,59.5,0,59.5,0,59.5,0,59.5,0,59.5,0,,,,
25166,10.5,10.5,0,10.5,0,9.9,0.0606,9.9,0.0606,10.5,0,10.9,-0.0367,15.9,-0.34,15,-0.3,,,,
25167,16.4,16.4,0,16.4,0,16.4,0,16.4,0,16.4,0,16.4,0,16.4,0,16.4,0,,,,
25168,16.4,16.4,0,16.4,0,16.4,0,16.4,0,16.4,0,16.4,0,16.4,0,16.4,0,,,,
25169,22.8,22.8,0,22.8,0,22.8,0,22.8,0,22.8,0,22.8,0,19.9,0.146,22.8,0,,,,
25170,,,,,,,,,,,,,,,,,,,,,
25173,4.5,4.5,0,4.5,0,4.5,0,4.5,0,4.5,0,4.5,0,4.5,0,4.5,0,,,,
25180,,,,,,,,,,,,,,,,,,,,,
25181,99,99,0,99,0,99,0,99,0,99,0,99,0,99,0,93,0.0645,,,,
25185,64.5,64.5,0,64.5,0,64.5,0,64.5,0,64.5,0,52.5,0.229,63.5,0.0157,63.5,0.0157,,,,
25188,8.8,8.8,0,8.8,0,8.8,0,,,8.8,0,8.8,0,8.8,0,8.8,0,,,,
25194,21.9,21.9,0,21.9,0,,,,,,,20.5,0.0683,20.5,0.0683,,,,,,
25200,8.5,8.5,0,10,-0.15,8.5,0,8.5,0,10,-0.15,10,-0.15,10,-0.15,10,-0.15,,,,
25201,8.5,8.5,0,10,-0.15,8.5,0,8.5,0,10,-0.15,10,-0.15,10,-0.15,10,-0.15,,,,
25202,8.5,8.5,0,10,-0.15,8.5,0,8.5,0,10,-0.15,10,-0.15,10,-0.15,10,-0.15,,,,
25203,8.5,8.5,0,10,-0.15,8.5,0,8.5,0,10,-0.15,10,-0.15,10,-0.15,10,-0.15,,,,
25210,6.5,6.5,0,6.5,0,6.5,0,6.5,0,,,6.7,-0.0299,6.7,-0.0299,,,,,,
25211,,,,,,,,,,,,,,,,,,,,,
25212,2,2,0,2,0,2,0,2,0,2,0,2,0,2,0,2,0,,,,
25213,2,2,0,2,0,2,0,2,0,2,0,2,0,2,0,2,0,,,,
25214,2,2,0,2,0,2,0,2,0,2,0,2,0,,,2,0,,,,
25223,8.9,8.9,0,8.9,0,8.9,0,8.9,0,,,8.9,0,8.9,0,8.9,0,,,,
25238,,,,,,,,,,,,,,,,,,,,,
25239,13.5,13.5,0,13.5,0,15,-0.1,15,-0.1,15,-0.1,15,-0.1,15,-0.1,15,-0.1,,,,
25241,30,30,0,30,0,30,0,30,0,30,0,30,0,30,0,,,,,,
25242,23.5,23.5,0,23.5,0,23.5,0,23.5,0,23.5,0,23.5,0,23.5,0,,,,,,
25243,9.5,9.5,0,9.5,0,9.5,0,9.5,0,9.5,0,11.5,-0.174,11.5,-0.174,,,,,,
25244,9.5,9.5,0,9.5,0,9.5,0,9.5,0,9.5,0,11.5,-0.174,11.5,-0.174,11.9,-0.202,,,,
25246,68,68,0,68,0,68,0,68,0,68,0,68,0,,,,,,,,
25247,68,68,0,68,0,68,0,68,0,68,0,68,0,,,,,,,,
25249,,,,,,,,,,,,,,,,,,,,,
25254,,,,,,,,,,,,,,,,,,,,,
25255,,,,,,,,,,,,,,,,,,,,,
25257,16.9,16.9,0,16.9,0,16.9,0,16.9,0,16.9,0,16.9,0,16.9,0,,,,,,
25258,,,,,,,,,,,,,,,,,,,,,
25259,,,,,,,,,,,,,,,,,,,,,
25260,,,,,,,,,,,,,,,,,,,,,
25261,20.5,20.5,0,20.5,0,20.5,0,20.5,0,20.5,0,20.5,0,20.5,0,,,,,,
25265,12.8,12.8,0,12.8,0,12.8,0,12.8,0,12.8,0,12.8,0,12.8,0,,,,,,
25266,14,14,0,14,0,14,0,14,0,14,0,14,0,14,0,,,,,,
25269,19.5,19.5,0,19.5,0,19.5,0,19.5,0,17.5,0.114,17.5,0.114,17.5,0.114,,,,,,
25272,19,19,0,,,14.9,0.275,14.9,0.275,18.5,0.027,17.5,0.0857,21,-0.0952,21,-0.0952,,,,
25273,34,34,0,,,,,27.9,0.219,34,0,39.5,-0.139,39.5,-0.139,39.5,-0.139,,,,
25279,,,,,,,,,,,,,,,,,,,,,
25282,44.9,44.9,0,44.9,0,44.9,0,44.9,0,,,,,,,39.5,0.137,,,,
25289,17,17,0,17,0,17,0,17,0,17,0,17,0,17,0,,,,,,
25290,39,39,0,39,0,39,0,39,0,39,0,39,0,43.5,-0.103,,,,,,
25292,18.5,18.5,0,18.5,0,18.5,0,18.5,0,18.5,0,18.5,0,,,,,,,,
25295,,,,,,,,,,,,,,,,,,,,,
25298,,,,,,,,,,,,,,,,,,,,,
25299,55,55,0,55,0,55,0,55,0,55,0,,,55,0,,,,,,
25303,13.9,13.9,0,13.9,0,13.9,0,13.9,0,,,13.9,0,,,,,,,,
25304,28.9,28.9,0,28.9,0,28.9,0,28.9,0,28.9,0,28.9,0,28.9,0,,,,,,
25307,109,109,0,109,0,109,0,109,0,109,0,109,0,109,0,,,,,,
25314,31,31,0,31,0,31,0,31,0,31,0,31,0,31,0,,,,,,
25315,7.5,7.5,0,7.5,0,7.5,0,7.5,0,7.5,0,7.5,0,,,,,,,,
25316,18.5,18.5,0,18.5,0,18.5,0,18.5,0,18.5,0,18.5,0,18.5,0,,,,,,
25318,,,,,,,,,,,,,,,,,,,,,
25320,20,20,0,20,0,20,0,20,0,20,0,20,0,20,0,,,,,,
25322,28.9,28.9,0,28.9,0,28.9,0,33,-0.124,29.9,-0.0334,,,29.9,-0.0334,,,,,,
25323,26,26,0,26,0,26,0,21.9,0.187,26,0,26,0,,,,,,,,
25324,14.5,14.5,0,14.5,0,14.5,0,14.5,0,,,14.5,0,14.5,0,,,,,,
25325,20,20,0,20,0,20,0,20,0,20,0,20,0,20,0,,,,,,
25326,20,20,0,20,0,20,0,20,0,20,0,20,0,20,0,,,,,,
25327,20,20,0,20,0,20,0,20,0,20,0,20,0,20,0,,,,,,
25328,,,,,,,,,,,,,,,,,,,,,
25329,7.4,7.4,0,7.4,0,7.4,0,7.4,0,7.4,0,7.4,0,7.4,0,,,,,,
25333,18,18,0,18,0,18,0,18,0,18,0,18,0,18,0,,,,,,
25334,44.5,44.5,0,44.5,0,44.5,0,44.5,0,44.5,0,44.5,0,44.5,0,,,,,,
25341,38.9,38.9,0,38.9,0,33.9,0.147,33.9,0.147,38.9,0,38.9,0,38.9,0,,,,,,
25342,16.8,16.8,0,16.8,0,16.8,0,16.8,0,16.8,0,15.5,0.0839,15.5,0.0839,,,,,,
25343,57.5,57.5,0,57.5,0,57.5,0,57.5,0,57.5,0,57.5,0,57.5,0,,,,,,
25344,10.2,10.2,0,10.2,0,10.2,0,10.2,0,10.2,0,9.5,0.0737,10.2,0,,,,,,
25345,,,,,,,,,,,,,,,,,,,,,
25346,75,75,0,75,0,75,0,75,0,75,0,75,0,75,0,,,,,,
25347,34,34,0,34,0,34,0,34,0,34,0,34,0,34,0,,,,,,
25349,8.3,8.3,0,8.3,0,8.3,0,8.3,0,8.3,0,8.3,0,8.3,0,,,,,,
25350,8.3,8.3,0,8.3,0,8.3,0,8.3,0,8.3,0,8.3,0,8.3,0,,,,,,
25351,,,,,,,,,,,,,,,,,,,,,
25352,,,,,,,,,,,,,,,,,,,,,
25359,,,,,,,,,,,,,,,,,,,,,
25360,125,125,0,125,0,125,0,125,0,125,0,125,0,,,,,,,,
25363,305,305,0,305,0,305,0,305,0,305,0,305,0,305,0,,,,,,
25365,16,16,0,16,0,16,0,16,0,16,0,16,0,16,0,,,,,,
25369,19.5,19.5,0,19.5,0,19.5,0,19.5,0,19.5,0,20.9,-0.067,20.9,-0.067,,,,,,
25377,155,155,0,155,0,155,0,155,0,155,0,155,0,155,0,,,,,,
25386,,,,,,,,,,,,,,,,,,,,,
25388,72.5,72.5,0,72.5,0,72.5,0,72.5,0,72.5,0,,,,,,,,,,
25389,,,,,,,,,,,,,,,,,,,,,
25390,,,,,,,,,,,,,,,,,,,,,
25401,,,,,,,,,,,,,,,,,,,,,
25402,16,16,0,16,0,16,0,16,0,16,0,16,0,16,0,,,,,,
25403,20,20,0,20,0,20,0,20,0,20,0,20,0,,,,,,,,
25404,10,10,0,10,0,10,0,10,0,,,10,0,,,,,,,,
25406,16,16,0,16,0,16,0,16,0,16,0,,,,,,,,,,
25407,24.5,24.5,0,24.5,0,24.5,0,24.5,0,24.5,0,24.5,0,,,,,,,,
25408,34,34,0,34,0,34,0,34,0,34,0,34,0,34,0,,,,,,
25409,34,34,0,34,0,34,0,34,0,34,0,34,0,34,0,,,,,,
25410,9.5,9.5,0,9.5,0,9.5,0,,,8,0.188,8,0.188,8,0.188,,,,,,
25427,59.5,59.5,0,59.5,0,59.5,0,59.5,0,59.5,0,59.5,0,,,,,,,,
25428,29.5,29.5,0,29.5,0,29.5,0,29.5,0,29.5,0,29.5,0,,,,,,,,
25430,10.5,10.5,0,10.5,0,10.5,0,10.5,0,10.5,0,10.5,0,10.5,0,,,,,,
25431,9.5,9.5,0,9.5,0,9.5,0,9.5,0,9.5,0,9.5,0,9.5,0,,,,,,
25432,9.5,9.5,0,,,,,9.5,0,9.5,0,9.5,0,9.5,0,,,,,,
25433,9.5,9.5,0,9.5,0,9.5,0,9.5,0,9.5,0,9.5,0,9.5,0,,,,,,
25440,37.9,37.9,0,37.9,0,37.9,0,37.9,0,37.9,0,37.9,0,37.9,0,,,,,,
25441,50,50,0,50,0,50,0,50,0,50,0,50,0,,,,,,,,
25451,34.5,34.5,0,34.5,0,34.5,0,34.5,0,34.5,0,34.5,0,34.5,0,,,,,,
25453,8.5,8.5,0,8.5,0,8.5,0,8.5,0,8.5,0,8.5,0,8.5,0,,,,,,
25454,20,20,0,20,0,20,0,,,,,,,,,,,,,,
25455,49,49,0,49,0,49,0,49,0,49,0,49,0,,,,,,,,
25456,32.5,32.5,0,32.5,0,32.5,0,32.5,0,32.5,0,32.5,0,32.5,0,,,,,,
25457,35.5,35.5,0,35.5,0,35.5,0,35.5,0,35.5,0,35.5,0,,,,,,,,
25461,9.5,9.5,0,11,-0.136,11,-0.136,,,11,-0.136,11,-0.136,9.5,0,,,,,,
25462,9.5,9.5,0,11,-0.136,11,-0.136,11,-0.136,11,-0.136,11,-0.136,9.5,0,,,,,,
25469,43.5,43.5,0,43.5,0,43.5,0,43.5,0,43.5,0,43.5,0,,,,,,,,
25483,112,112,0,112,0,112,0,112,0,112,0,112,0,112,0,,,,,,
25486,16,16,0,16,0,16,0,16,0,,,,,16,0,,,,,,
25487,16,16,0,16,0,16,0,16,0,,,16,0,16,0,,,,,,
25489,15.5,15.5,0,15.5,0,15.5,0,15.5,0,15.5,0,15.5,0,,,,,,,,
25490,15.5,15.5,0,,,,,15.5,0,15.5,0,15.5,0,,,,,,,,
25493,15.5,15.5,0,15.5,0,15.5,0,15.5,0,15.5,0,15.5,0,,,,,,,,
25494,7.9,7.9,0,9,-0.122,9,-0.122,9,-0.122,9,-0.122,9,-0.122,9,-0.122,,,,,,
25496,17,17,0,17,0,17,0,17,0,17,0,17,0,15.5,0.0968,,,,,,
25640,63,63,0,63,0,63,0,63,0,63,0,63,0,63,0,63,0,51.5,0.223,48,0.312
25771,13.6,13.6,0,13.6,0,13.6,0,13.6,0,13.6,0,,,13.6,0,15.5,-0.123,13.5,0.00741,12.9,0.0543
25789,,,,,,,,,,,,,,,,,,,,,
25945,17,17,0,17,0,17,0,17,0,17,0,17,0,,,,,,,,
25951,7,7,0,7,0,7,0,7,0,7,0,7,0,7,0,,,,,,
25952,7,7,0,7,0,7,0,7,0,7,0,7,0,7,0,,,,,,
25954,188,188,0,188,0,188,0,188,0,188,0,175,0.072,175,0.072,,,,,,
25955,,,,,,,,,,,,,,,,,,,,,
25969,69.5,69.5,0,69.5,0,69.5,0,69.5,0,69.5,0,69.5,0,69.5,0,,,48.5,0.433,43.5,0.598
25977,30,30,0,30,0,30,0,30,0,30,0,30,0,,,,,,,,
25978,9.5,9.5,0,9.5,0,9.5,0,9.5,0,9.5,0,10.9,-0.128,,,,,,,,
25979,9.5,9.5,0,9.5,0,9.5,0,9.5,0,9.5,0,10.9,-0.128,,,,,,,,
25980,18.5,18.5,0,,,,,18.5,0,18.5,0,18.5,0,,,,,,,,
25981,12.5,12.5,0,12.5,0,12.5,0,12.5,0,12.5,0,12.5,0,,,,,,,,
25982,105,105,0,105,0,105,0,105,0,105,0,105,0,,,,,,,,
25985,6.9,6.9,0,6.9,0,6.9,0,6.9,0,,,6.9,0,,,,,,,,
25986,6.9,6.9,0,6.9,0,6.9,0,6.9,0,,,6.9,0,,,,,,,,
25989,32,32,0,32,0,32,0,32,0,32,0,32,0,,,,,,,,
25990,24,24,0,24,0,24,0,,,,,,,,,,,,,,
25993,97.5,97.5,0,97.5,0,97.5,0,97.5,0,,,,,,,,,,,,
25994,97.5,97.5,0,97.5,0,97.5,0,97.5,0,97.5,0,,,,,,,,,,
25996,47.5,47.5,0,47.5,0,47.5,0,47.5,0,47.5,0,,,,,,,,,,
25997,37.5,37.5,0,37.5,0,37.5,0,37.5,0,37.5,0,,,,,,,,,,
25998,34.5,34.5,0,34.5,0,28.9,0.194,28.9,0.194,34.5,0,,,,,,,,,,
25999,10.5,10.5,0,13,-0.192,13,-0.192,13,-0.192,13,-0.192,,,,,,,,,,
26001,9,9,0,9,0,9,0,9,0,9,0,7.5,0.2,9,0,9,0,8,0.125,7,0.286
26002,11,11,0,,,11,0,11,0,11,0,8.9,0.236,11,0,11,0,10,0.1,9,0.222
26003,,,,,,,,,,,,,,,,,,,,,
26004,8.9,8.9,0,10.5,-0.152,10.5,-0.152,10,-0.11,10,-0.11,10,-0.11,10,-0.11,9,-0.0111,9,-0.0111,9,-0.0111
26005,,,,,,,,,,,,,,,,,,,,,
26006,,,,,,,,,,,,,,,,,,,,,
26007,,,,,,,,,,,,,,,,,,,,,
26013,,,,,,,,,,,,,,,,,,,,,
26014,29,29,0,29,0,29,0,29,0,29,0,29,0,29,0,29,0,23.5,0.234,,
26015,57.5,57.5,0,57.5,0,57.5,0,57.5,0,57.5,0,57.5,0,57.5,0,,,34.9,0.648,34.9,0.648
26016,,,,,,,,,,,,,,,,,,,,,
26017,,,,,,,,,,,,,,,,,,,,,
26019,13.9,13.9,0,13.9,0,13.9,0,13.9,0,13.9,0,13.9,0,13.9,0,13.9,0,12.5,0.112,12.5,0.112
26022,12,12,0,12,0,9.9,0.212,9.9,0.212,12,0,12,0,12,0,9.8,0.224,8,0.5,7,0.714
26024,,,,,,,,,,,,,,,,,,,,,
26025,,,,,,,,,,,,,,,,,,,,,
26027,,,,,,,,,,,,,,,,,,,,,
26028,13.9,13.9,0,13.9,0,13.9,0,13.9,0,13.9,0,13.9,0,13.9,0,13.9,0,12.5,0.112,12.5,0.112
26029,13.9,13.9,0,13.9,0,13.9,0,13.9,0,13.9,0,13.9,0,13.9,0,13.9,0,12.5,0.112,12.5,0.112
26035,,,,,,,,,,,,,,,,,,,,,
26036,37.5,37.5,0,37.5,0,37.5,0,37.5,0,37.5,0,37.5,0,37.5,0,,,,,,
26037,62.5,62.5,0,62.5,0,62.5,0,62.5,0,60,0.0417,,,,,,,,,,
26038,,,,,,,,,,,,,,,,,,,,,
26039,,,,,,,,,,,,,,,,,,,,,
26040,34.5,34.5,0,34.5,0,34.5,0,34.5,0,34.5,0,34.5,0,34.5,0,25.5,0.353,16.5,1.09,15.5,1.23
26041,39.5,39.5,0,39.5,0,39.5,0,39.5,0,39.5,0,39.5,0,39.5,0,,,,,24.5,0.612
26042,33.5,33.5,0,33.5,0,33.5,0,33.5,0,33.5,0,33.5,0,33.5,0,,,,,,
26043,,,,,,,,,,,,,,,,,,,,,
26045,,,,,,,,,,,,,,,,,,,,,
26046,288,288,0,288,0,288,0,288,0,288,0,288,0,288,0,288,0,,,,
26047,405,405,0,405,0,405,0,405,0,405,0,405,0,405,0,,,,,,
26049,19,19,0,19,0,19,0,19,0,19,0,19,0,19,0,19,0,,,19,0
26050,29.5,29.5,0,29.5,0,29.5,0,29.5,0,29.5,0,29.5,0,29.5,0,29.5,0,29.5,0,29.5,0
26051,,,,,,,,,,,,,,,,,,,,,
26054,69,69,0,69,0,60,0.15,60,0.15,60,0.15,60,0.15,60,0.15,50,0.38,50,0.38,,
26055,60,60,0,60,0,60,0,60,0,60,0,60,0,60,0,50,0.2,50,0.2,,
26056,92,92,0,92,0,92,0,92,0,92,0,92,0,92,0,92,0,,,69.9,0.316
26057,60,60,0,60,0,60,0,60,0,60,0,56,0.0714,56,0.0714,,,,,,
26060,109,109,0,109,0,109,0,109,0,,,109,0,,,109,0,97.5,0.118,,
26064,,,,,,,,,,,,,,,,,,,,,
26065,,,,,,,,,,,,,,,,,,,,,
26066,35,35,0,35,0,35,0,35,0,35,0,35,0,35,0,,,,,,
26067,,,,,,,,,,,,,,,,,,,,,
26068,35,35,0,35,0,35,0,35,0,35,0,35,0,35,0,,,32.5,0.0769,,
26069,,,,,,,,,,,,,,,,,,,,,
26070,,,,,,,,,,,,,,,,,,,,,
26071,88,88,0,88,0,88,0,88,0,88,0,88,0,,,,,,,,
26072,,,,,,,,,,,,,,,,,,,,,
26073,23,23,0,23,0,23,0,23,0,23,0,23,0,23,0,23,0,23,0,23,0
26074,23,23,0,23,0,23,0,23,0,23,0,23,0,23,0,23,0,23,0,23,0
26075,21.5,21.5,0,21.5,0,21.5,0,21.5,0,21.5,0,21.5,0,21.5,0,21.5,0,21.5,0,18.5,0.162
26082,14,14,0,14,0,14,0,14,0,14,0,11.9,0.176,14,0,11.9,0.176,11.3,0.239,11.3,0.239
26090,,,,,,,,,,,,,,,,,,,,,
26092,30.9,30.9,0,30.9,0,30.9,0,30.9,0,30.9,0,30.9,0,30.9,0,30.9,0,22.5,0.373,,
26094,33.3,33.3,0,33.3,0,33.3,0,33.3,0,33.3,0,33.3,0,33.3,0,33.3,0,22.5,0.48,22.5,0.48
26095,32,32,0,32,0,32,0,32,0,32,0,26.5,0.208,30.9,0.0356,30.9,0.0356,22.5,0.422,22.5,0.422
26101,,,,,,,,,,,,,,,,,,,,,
26102,,,,,,,,,,,,,,,,,,,,,
26103,,,,,,,,,,,,,,,,,,,,,
26104,8.5,,,,,,,,,8,0.0625,8,0.0625,,,7.5,0.133,,,,
26106,33.3,33.3,0,33.3,0,33.3,0,33.3,0,33.3,0,33.3,0,33.3,0,33.3,0,25,0.332,,
26107,33.3,33.3,0,33.3,0,33.3,0,33.3,0,33.3,0,33.3,0,33.3,0,33.3,0,,,25,0.332
26108,,,,,,,,,,,,,,,,,,,,,
26110,247,247,0,247,0,247,0,247,0,247,0,247,0,247,0,247,0,164,0.506,98.5,1.51
26112,75,75,0,75,0,75,0,75,0,75,0,75,0,75,0,56.5,0.327,,,,
26113,75,75,0,75,0,75,0,75,0,75,0,75,0,75,0,56.5,0.327,,,,
26114,75,75,0,75,0,75,0,75,0,75,0,75,0,75,0,,,,,,
26117,53.5,53.5,0,53.5,0,53.5,0,53.5,0,53.5,0,53.5,0,53.5,0,53.5,0,53.5,0,42,0.274
26121,,,,,,,,,,,,,,,,,,,,,
26122,,,,,,,,,,,,,,,,,,,,,
26124,30.9,30.9,0,30.9,0,30.9,0,30.9,0,30.9,0,30.9,0,30.9,0,30.9,0,22.5,0.373,22.5,0.373
26125,33.3,33.3,0,33.3,0,33.3,0,33.3,0,33.3,0,33.3,0,33.3,0,33.3,0,,,,
26128,,,,,,,,,,,,,,,,,,,,,
26129,33.3,33.3,0,33.3,0,33.3,0,33.3,0,33.3,0,33.3,0,33.3,0,33.3,0,25,0.332,,
26130,33.3,33.3,0,33.3,0,33.3,0,33.3,0,33.3,0,33.3,0,33.3,0,33.3,0,25,0.332,25,0.332
26131,30.9,30.9,0,30.9,0,30.9,0,30.9,0,30.9,0,30.9,0,30.9,0,,,,,,
26132,,,,,,,,,,,,,,,,,,,,,
26133,33.3,33.3,0,33.3,0,33.3,0,33.3,0,33.3,0,33.3,0,33.3,0,33.3,0,25,0.332,25,0.332
26134,30.9,30.9,0,30.9,0,30.9,0,30.9,0,30.9,0,30.9,0,30.9,0,30.9,0,22.5,0.373,22.5,0.373
26135,30.9,30.9,0,30.9,0,30.9,0,30.9,0,30.9,0,30.9,0,30.9,0,30.9,0,22.5,0.373,22.5,0.373
26150,30.5,30.5,0,30.5,0,30.5,0,30.5,0,30.5,0,27,0.13,27,0.13,,,,,,
26151,17.7,17.7,0,17.7,0,17.7,0,17.7,0,17.7,0,15.2,0.164,15.2,0.164,,,,,,
26155,,,,,,,,,,,,,,,,,,,,,
26162,22.5,,,,,,,,,22.5,0,22.5,0,22.5,0,21,0.0714,,,,
26163,21.5,21.5,0,21.5,0,21.5,0,21.5,0,21.5,0,21.5,0,21.5,0,,,,,,
26164,53.5,53.5,0,53.5,0,53.5,0,53.5,0,53.5,0,53.5,0,53.5,0,53.5,0,,,,
26173,28.5,28.5,0,28.5,0,28.5,0,28.5,0,28.5,0,28.5,0,28.5,0,28.5,0,28.5,0,,
26174,28.5,28.5,0,28.5,0,28.5,0,28.5,0,28.5,0,28.5,0,28.5,0,28.5,0,28.5,0,,
26176,13.5,13.5,0,13.5,0,13.5,0,13.5,0,13.5,0,13.5,0,13.5,0,,,,,,
26188,22,22,0,22,0,22,0,22,0,22,0,22,0,22,0,,,,,,
26189,22,22,0,22,0,22,0,22,0,,,,,22,0,,,,,,
26190,22,22,0,22,0,22,0,22,0,22,0,22,0,22,0,,,,,,
26191,53,53,0,53,0,53,0,53,0,,,52.5,0.00952,52.5,0.00952,47.5,0.116,47.5,0.116,,
26193,,,,,,,,,,,,,,,,,,,,,
26194,51,51,0,51,0,51,0,51,0,51,0,51,0,51,0,51,0,51,0,,
26198,,,,,,,,,,,,,,,,,,,,,
26200,,,,,,,,,,,,,,,,,,,,,
26216,33,33,0,33,0,33,0,33,0,33,0,33,0,33,0,,,49.5,-0.333,30.5,0.082
26217,31,,,,,,,,,,,,,,,31,0,31,0,24,0.292
26219,,,,,,,,,,,,,,,,,,,,,
26220,64.5,64.5,0,64.5,0,64.5,0,64.5,0,64.5,0,64.5,0,64.5,0,64.5,0,49.5,0.303,,
26233,220,220,0,220,0,220,0,220,0,220,0,220,0,185,0.19,179,0.229,,,,
26874,,,,,,,,,,,,,,,,,,,,,
27001,11,11,0,11,0,11,0,11,0,11,0,11,0,11,0,,,,,,
27003,12,12,0,12,0,12,0,12,0,12,0,12,0,,,,,,,,
27005,,,,,,,,,,,,,,,,,,,,,
27008,13.5,13.5,0,13.5,0,13.5,0,13.5,0,13.5,0,13.5,0,,,,,,,,
27011,8,8,0,8,0,8,0,8,0,8,0,8,0,,,,,,,,
27015,,,,,,,,,,,,,,,,,,,,,
27036,125,125,0,,,,,,,,,,,,,,,,,,
27037,109,109,0,,,,,,,,,,,,,,,,,,
27048,7.5,7.5,0,7.5,0,7.5,0,7.5,0,,,,,,,,,,,,
27049,7.5,7.5,0,7.5,0,7.5,0,7.5,0,,,,,,,,,,,,
27050,6.9,6.9,0,6.9,0,6.9,0,6.9,0,,,,,,,,,,,,
27052,45,45,0,45,0,45,0,45,0,45,0,,,,,,,,,,
27073,15,15,0,15,0,15,0,15,0,15,0,,,,,,,,,,
27074,7,7,0,7,0,7,0,7,0,7,0,,,,,,,,,,
27092,5,5,0,5,0,5,0,5,0,,,,,,,,,,,,
27093,24.5,24.5,0,24.5,0,24.5,0,24.5,0,,,,,,,,,,,,
27094,48,48,0,48,0,48,0,48,0,,,,,,,,,,,,
27096,36.9,36.9,0,36.9,0,36.9,0,36.9,0,36.9,0,,,,,,,,,,
27099,93.5,93.5,0,93.5,0,93.5,0,93.5,0,93.5,0,,,,,,,,,,
27100,,,,,,,,,,,,,,,,,,,,,
27101,,,,,,,,,,,,,,,,,,,,,
27102,,,,,,,,,,,,,,,,,,,,,
27110,15,15,0,15,0,15,0,15,0,15,0,15,0,15,0,15,0,14.5,0.0345,10.3,0.456
27918,,,,,,,,,,,,,,,,,,,,,
29001,227,227,0,227,0,227,0,227,0,227,0,227,0,227,0,227,0,227,0,227,0
29003,15,15,0,15,0,15,0,15,0,15,0,15,0,15,0,15,0,13,0.154,11.5,0.304
29004,14.5,14.5,0,14.5,0,14.5,0,14.5,0,14.5,0,14.5,0,14.5,0,14.5,0,13,0.115,11.5,0.261
29005,4.5,4.5,0,4.5,0,4.5,0,4.5,0,4.5,0,4.5,0,4.5,0,,,4.5,0,4.5,0
29006,,,,,,,,,,,,,,,,,,,,,
29007,32,32,0,32,0,32,0,32,0,32,0,32,0,32,0,32,0,25,0.28,21,0.524
29008,,,,,,,,,,,,,,,,,,,,,
29010,,,,,,,,,,,,,,,,,,,,,
29011,,,,,,,,,,,,,,,,,,,,,
29012,,,,,,,,,,,,,,,,,,,,,
29014,39,39,0,39,0,39,0,39,0,39,0,39,0,39,0,39,0,31.5,0.238,22.5,0.733
29015,30,30,0,30,0,30,0,30,0,30,0,30,0,30,0,30,0,26,0.154,26,0.154
29018,42,42,0,42,0,42,0,42,0,42,0,42,0,34.9,0.203,42,0,37.5,0.12,27.5,0.527
29019,7.5,7.5,0,7.5,0,7.5,0,7.5,0,7.5,0,7.5,0,7.5,0,7,0.0714,6.9,0.087,,
29022,18.8,18.8,0,18.8,0,18.8,0,18.8,0,18.8,0,18.8,0,18.8,0,18.8,0,,,18.5,0.0162
29023,12,12,0,12,0,9.9,0.212,9.9,0.212,12,0,12,0,12,0,9.8,0.224,8,0.5,7,0.714
29040,,,,,,,,,,,,,,,,,,,,,
29041,,,,,,,,,,,,,,,,,,,,,
29042,16.9,16.9,0,16.9,0,16.9,0,16.9,0,16.9,0,16.9,0,16.9,0,,,,,20,-0.155
29043,16.9,16.9,0,16.9,0,16.9,0,16.9,0,16.9,0,16.9,0,16.9,0,,,20,-0.155,20,-0.155
29044,,,,,,,,,,,,,,,,,,,,,
29045,102,102,0,102,0,102,0,102,0,102,0,102,0,102,0,90.5,0.133,,,,
29047,,,,,,,,,,,,,,,,,,,,,
29048,,,,,,,,,,,,,,,,,,,,,
29049,20.5,20.5,0,20.5,0,20.5,0,20.5,0,20.5,0,20.5,0,20.5,0,20.5,0,9.5,1.16,11,0.864
29052,8,8,0,8,0,8,0,8,0,8,0,8,0,,,8,0,8,0,7.5,0.0667
29053,8,8,0,8,0,8,0,8,0,8,0,8,0,,,8,0,8,0,7.5,0.0667
29054,31,31,0,31,0,31,0,31,0,31,0,31,0,,,27.5,0.127,25,0.24,25,0.24
29055,31,31,0,31,0,31,0,31,0,31,0,31,0,,,27.5,0.127,25,0.24,,
29056,31,31,0,31,0,31,0,31,0,31,0,31,0,31,0,27.5,0.127,25,0.24,25,0.24
29057,21.5,21.5,0,21.5,0,21.5,0,21.5,0,21.5,0,21.5,0,21.5,0,21.5,0,20,0.075,18.5,0.162
29064,435,435,0,435,0,435,0,435,0,435,0,435,0,435,0,350,0.243,335,0.299,335,0.299
29065,104,104,0,104,0,104,0,104,0,,,97.5,0.0615,97.5,0.0615,,,,,,
29066,15,15,0,15,0,15,0,15,0,15,0,15,0,15,0,15,0,15,0,15,0
29067,,,,,,,,,,,,,,,,,,,,,
29069,15,15,0,15,0,15,0,15,0,15,0,15,0,15,0,15,0,15,0,15,0
29075,,,,,,,,,,,,,,,,,,,,,
29080,19.5,19.5,0,19.5,0,19.5,0,19.5,0,19.5,0,19.5,0,19.5,0,19.5,0,15.5,0.258,,
29081,19.5,19.5,0,19.5,0,19.5,0,19.5,0,19.5,0,19.5,0,19.5,0,19.5,0,15.5,0.258,,
29082,6,6,0,6,0,6,0,6,0,6,0,6,0,,,6,0,6,0,6,0
29086,,,,,,,,,,,,,,,,,,,,,
29088,64.9,64.9,0,64.9,0,64.9,0,64.9,0,64.9,0,53.5,0.213,64.5,0.0062,64.5,0.0062,53.5,0.213,49.9,0.301
29094,,,,,,,,,,,,,,,,,,,,,
29099,36,36,0,36,0,36,0,36,0,36,0,36,0,36,0,36,0,33.5,0.0746,,
29100,,,,,,,,,,,,,,,,,,,,,
29101,,,,,,,,,,,,,,,,,,,,,
29109,,,,,,,,,,,,,,,,,,,,,
29110,,,,,,,,,,,,,,,,,,,,,
29116,87,87,0,87,0,87,0,87,0,,,87,0,87,0,81.9,0.0623,78,0.115,78,0.115
29117,8.7,8.7,0,8.7,0,8.7,0,8.7,0,10.5,-0.171,10.5,-0.171,10.5,-0.171,10.5,-0.171,10,-0.13,9,-0.0333
29118,,,,,,,,,,,,,,,,,,,,,
29119,43.9,43.9,0,43.9,0,43.9,0,43.9,0,43.9,0,43.9,0,43.9,0,,,,,,
29120,7.5,7.5,0,7.5,0,5.5,0.364,5.5,0.364,7.5,0,7.5,0,7.5,0,7.5,0,6.2,0.21,5.5,0.364
29121,9.5,9.5,0,9.5,0,7.9,0.203,7.9,0.203,9.5,0,7.9,0.203,9.4,0.0106,9.4,0.0106,8,0.188,6.9,0.377
29123,,,,,,,,,,,,,,,,,,,,,
29125,16,16,0,16,0,16,0,16,0,16,0,16,0,16,0,16,0,13,0.231,12.5,0.28
29126,,,,,,,,,,,,,,,,,,,,,
29130,,,,,,,,,,,,,,,,,,,,,
29132,8.7,8.7,0,8.7,0,6.9,0.261,6.9,0.261,8.7,0,8.7,0,8.7,0,8.7,0,6.5,0.338,5.9,0.475
29136,18.5,18.5,0,18.5,0,18.5,0,18.5,0,18.5,0,,,18.5,0,18.5,0,,,,
29137,18.5,18.5,0,18.5,0,18.5,0,18.5,0,18.5,0,18.5,0,18.5,0,18.5,0,,,,
29138,60,60,0,60,0,60,0,60,0,60,0,56,0.0714,56,0.0714,,,,,,
29139,60,60,0,60,0,60,0,60,0,60,0,56,0.0714,56,0.0714,,,,,,
29140,,,,,,,,,,,,,,,,,,,,,
29141,,,,,,,,,,,,,,,,,,,,,
29142,60,60,0,60,0,60,0,60,0,60,0,56,0.0714,56,0.0714,,,,,,
29144,,,,,,,,,,,,,,,,,,,,,
29145,,,,,,,,,,,,,,,,,,,,,
29146,55,55,0,55,0,55,0,55,0,,,55,0,,,49.9,0.102,,,,
29147,55,55,0,55,0,55,0,55,0,55,0,55,0,,,,,,,,
29148,,,,,,,,,,,,,,,,,,,,,
29156,,,,,,,,,,,,,,,,,,,,,
29157,,,,,,,,,,,,,,,,,,,,,
29246,8.5,8.5,0,,,,,,,8.5,0,5.6,0.518,8.5,0,11,-0.227,9.5,-0.105,7.3,0.164
29254,,,,,,,,,,,,,,,,,,,,,
29789,24,24,0,24,0,24,0,24,0,24,0,24,0,24,0,24,0,18.9,0.27,18.9,0.27
29790,24,24,0,24,0,24,0,24,0,24,0,24,0,24,0,24,0,18.9,0.27,18.9,0.27
29799,,,,,,,,,,,,,,,,,,,,,
30101,14,14,0,14,0,14,0,14,0,14,0,14,0,14,0,14,0,14,0,12,0.167
30102,14,14,0,14,0,14,0,14,0,14,0,14,0,14,0,14,0,14,0,12,0.167
30103,12,12,0,12,0,12,0,12,0,12,0,12,0,12,0,12,0,12,0,12,0
30114,,,,,,,,,,,,,,,,,,,,,
30115,,,,,,,,,,,,,,,,,,,,,
30122,25.5,25.5,0,25.5,0,25.5,0,25.5,0,25.5,0,25.5,0,25.5,0,25.5,0,,,17.5,0.457
30123,46.5,46.5,0,46.5,0,46.5,0,46.5,0,46.5,0,46.5,0,46.5,0,46.5,0,32.5,0.431,25,0.86
30124,,,,,,,,,,,,,,,,,,,,,
30126,4,4,0,4,0,4,0,4,0,4,0,4,0,4,0,,,4.5,-0.111,,
30127,4.5,4.5,0,4.5,0,4.5,0,4.5,0,4.5,0,4.9,-0.0816,4.9,-0.0816,5,-0.1,5,-0.1,,
30136,,,,,,,,,,,,,,,,,,,,,
30138,,,,,,,,,,,,,,,,,,,,,
30143,,,,,,,,,,,,,,,,,,,,,
30145,,,,,,,,,,,,,,,,,,,,,
30149,,,,,,,,,,,,,,,,,,,,,
30150,47.5,47.5,0,47.5,0,47.5,0,47.5,0,47.5,0,47.5,0,47.5,0,47.5,0,45.5,0.044,,
30151,47.5,47.5,0,47.5,0,47.5,0,47.5,0,47.5,0,47.5,0,47.5,0,47.5,0,45.5,0.044,39.5,0.203
30153,55.5,55.5,0,55.5,0,55.5,0,55.5,0,55.5,0,55.5,0,55.5,0,55.5,0,38.5,0.442,28.5,0.947
30154,,,,,,,,,,,,,,,,,,,,,
30158,30,30,0,30,0,30,0,30,0,30,0,30,0,30,0,26,0.154,26,0.154,23.5,0.277
30159,,,,,,,,,,,,,,,,,,,,,
30160,,,,,,,,,,,,,,,,,,,,,
30161,,,,,,,,,,,,,,,,,,,,,
30162,11.5,11.5,0,11.5,0,11.5,0,11.5,0,11.5,0,11.5,0,11.5,0,,,,,,
30164,33.5,33.5,0,33.5,0,33.5,0,33.5,0,33.5,0,33.5,0,33.5,0,33.5,0,28,0.196,24.5,0.367
30165,7.5,7.5,0,7.5,0,7.5,0,7.5,0,7.5,0,7.5,0,7.5,0,7.5,0,,,,
30173,,,,,,,,,,,,,,,,,,,,,
30174,4,4,0,4,0,4,0,4,0,4,0,4,0,4,0,4,0,3,0.333,,
30176,,,,,,,,,,,,,,,,,,,,,
30179,22,22,0,22,0,22,0,22,0,22,0,22,0,22,0,,,,,,
30180,12,12,0,12,0,12,0,12,0,12,0,12,0,12,0,12,0,12,0,12,0
30181,12,12,0,12,0,12,0,12,0,12,0,12,0,12,0,12,0,12,0,12,0
30182,74.5,74.5,0,74.5,0,74.5,0,74.5,0,74.5,0,74.5,0,74.5,0,74.5,0,49.5,0.505,39.5,0.886
30187,,,,,,,,,,,,,,,,,,,,,
30191,,,,,,,,,,,,,,,,,,,,,
30192,,,,,,,,,,,,,,,,,,,,,
30193,115,115,0,115,0,99.9,0.151,99.9,0.151,115,0,115,0,115,0,140,-0.179,99,0.162,82,0.402
30194,115,115,0,115,0,115,0,115,0,115,0,115,0,115,0,140,-0.179,99,0.162,82,0.402
30195,225,225,0,269,-0.164,269,-0.164,269,-0.164,269,-0.164,,,,,,,,,185,0.217
30196,225,225,0,,,,,,,,,,,,,,,,,185,0.217
30197,5.5,5.5,0,5.5,0,5.5,0,5.5,0,5.5,0,5.5,0,5.5,0,5.5,0,4.3,0.279,3.8,0.447
30202,,,,,,,,,,,,,,,,,,,,,
30203,,,,,,,,,,,,,,,,,,,,,
30217,,,,,,,,,,,,,,,,,,,,,
30218,,,,,,,,,,,,,,,,,,,,,
30219,14,14,0,14,0,14,0,14,0,14,0,14,0,,,14,0,,,8.9,0.573
30221,,,,,,,,,,,,,,,,,,,,,
30227,,,,,,,,,,,,,,,,,,,,,
30230,,,,,,,,,,,,,,,,,,,,,
30233,,,,,,,,,,,,,,,,,,,,,
30234,,,,,,,,,,,,,,,,,,,,,
30237,11.5,11.5,0,11.5,0,11.5,0,11.5,0,11.5,0,11.5,0,11.5,0,10,0.15,8.9,0.292,8.5,0.353
30238,7.8,7.8,0,7.8,0,7.8,0,7.8,0,7.8,0,7.8,0,7.8,0,7.8,0,7.5,0.04,7.5,0.04
30242,7.5,7.5,0,7.5,0,7.5,0,7.5,0,7.5,0,7.5,0,7.5,0,7.5,0,6.6,0.136,5,0.5
30243,62.5,62.5,0,62.5,0,62.5,0,62.5,0,62.5,0,62.5,0,62.5,0,,,,,,
30246,,,,,,,,,,,,,,,,,,,,,
30247,,,,,,,,,,,,,,,,,,,,,
30248,,,,,,,,,,,,,,,,,,,,,
30251,20.5,20.5,0,20.5,0,20.5,0,20.5,0,,,20.5,0,20.5,0,,,,,,
30253,,,,,,,,,,,,,,,,,,,,,
30265,,,,,,,,,,,,,,,,,,,,,
30266,60,60,0,,,,,,,,,52,0.154,52,0.154,52,0.154,56,0.0714,51,0.176
30267,38.5,38.5,0,36.9,0.0434,36.9,0.0434,36.9,0.0434,36.9,0.0434,33.5,0.149,33.5,0.149,32.9,0.17,35.5,0.0845,32.5,0.185
30268,,,,,,,,,,,,,,,,,,,,,
30269,,,,,,,,,,,,,,,,,,,,,
30270,,,,,,,,,,,,,,,,,,,,,
30272,,,,,,,,,,,,,,,,,,,,,
30273,,,,,,,,,,,,,,,,,,,,,
30275,14.9,14.9,0,16.9,-0.118,16.9,-0.118,16.9,-0.118,16.9,-0.118,16.9,-0.118,16.9,-0.118,16.9,-0.118,16.9,-0.118,15.5,-0.0387
30277,,,,,,,,,,,,,,,,,,,,,
30278,46,46,0,46,0,46,0,46,0,46,0,46,0,46,0,57,-0.193,49,-0.0612,,
30280,,,,,,,,,,,,,,,,,,,,,
30281,37.5,37.5,0,37.5,0,37.5,0,37.5,0,37.5,0,,,,,48.5,-0.227,42,-0.107,,
30283,6,6,0,6,0,6,0,6,0,6,0,6,0,6,0,6,0,6,0,4.9,0.224
30284,6,6,0,6,0,6,0,6,0,6,0,6,0,6,0,6,0,6,0,4.9,0.224
30285,6,6,0,6,0,6,0,6,0,6,0,6,0,6,0,6,0,6,0,4.9,0.224
30286,6,6,0,6,0,6,0,6,0,6,0,6,0,6,0,6,0,6,0,4.9,0.224
30297,,,,,,,,,,,,,,,,,,,,,
30298,,,,,,,,,,,,,,,,,,,,,
30315,42.9,42.9,0,42.9,0,42.9,0,42.9,0,42.9,0,42.9,0,42.9,0,42.9,0,39,0.1,39,0.1
30316,,,,,,,,,,,,,,,,,,,,,
30332,6.5,6.5,0,6.5,0,6.5,0,6.5,0,6.5,0,6.5,0,6.5,0,6.5,0,6.5,0,6,0.0833
30334,6.5,6.5,0,6.5,0,6.5,0,6.5,0,6.5,0,6.5,0,6.5,0,6.5,0,6.5,0,6,0.0833
30337,11,11,0,11,0,11,0,11,0,11,0,11,0,11,0,10,0.1,11,0,11,0
30338,11,11,0,11,0,11,0,11,0,11,0,11,0,11,0,10,0.1,11,0,11,0
30339,11,11,0,11,0,11,0,11,0,11,0,11,0,11,0,10,0.1,11,0,11,0
30353,20,20,0,20,0,20,0,20,0,20,0,20,0,20,0,20,0,17.5,0.143,17.5,0.143
30357,745,745,0,745,0,745,0,745,0,745,0,745,0,745,0,745,0,649,0.148,480,0.552
30359,77.6,77.6,0,77.6,0,77.6,0,77.6,0,77.6,0,77.6,0,77.6,0,77.6,0,47.5,0.634,45,0.724
30360,77.6,77.6,0,77.6,0,77.6,0,77.6,0,77.6,0,77.6,0,77.6,0,77.6,0,47.5,0.634,45,0.724
30362,197,197,0,,,,,,,197,0,197,0,197,0,197,0,120,0.638,115,0.71
30363,77.6,77.6,0,77.6,0,77.6,0,77.6,0,77.6,0,77.6,0,77.6,0,77.6,0,47.5,0.634,45,0.724
30402,33.8,33.8,0,33.8,0,33.8,0,33.8,0,33.8,0,33.8,0,33.8,0,33.8,0,27.5,0.229,,
30408,27.5,27.5,0,27.5,0,27.5,0,27.5,0,27.5,0,27.5,0,27.5,0,27.5,0,22.5,0.222,22.5,0.222
30409,31.5,31.5,0,31.5,0,31.5,0,31.5,0,31.5,0,31.5,0,31.5,0,31.5,0,27.5,0.145,26,0.212
30410,39.5,39.5,0,39.5,0,39.5,0,39.5,0,39.5,0,39.5,0,39.5,0,39.5,0,35.5,0.113,30.5,0.295
30411,20,20,0,20,0,20,0,20,0,20,0,20,0,20,0,20,0,20,0,14.3,0.399
30412,12.5,12.5,0,12.5,0,12.5,0,12.5,0,12.5,0,12.5,0,12.5,0,12.5,0,12.5,0,8.5,0.471
30413,20,20,0,20,0,20,0,20,0,20,0,20,0,20,0,20,0,20,0,14.3,0.399
30415,20,20,0,20,0,20,0,20,0,20,0,20,0,20,0,20,0,20,0,14.3,0.399
30416,,,,,,,,,,,,,,,,,,,,,
30450,,,,,,,,,,,,,,,,,,,,,
30453,,,,,,,,,,,,,,,,,,,,,
30454,32.5,32.5,0,32.5,0,32.5,0,32.5,0,32.5,0,32.5,0,32.5,0,,,24,0.354,24,0.354
30465,,,,,,,,,,,,,,,,,,,,,
30466,,,,,,,,,,,,,,,,,,,,,
30468,259,259,0,259,0,259,0,,,,,,,,,,,,,,
30469,19,19,0,19,0,19,0,19,0,19,0,18.9,0.00529,21,-0.0952,21,-0.0952,19.5,-0.0256,17.5,0.0857
30470,28,28,0,28,0,28,0,28,0,28,0,27.9,0.00358,27.9,0.00358,31.5,-0.111,29,-0.0345,26.5,0.0566
30471,20.5,20.5,0,20.5,0,20.5,0,20.5,0,20.5,0,19.9,0.0302,,,22.5,-0.0889,19.9,0.0302,18,0.139
30472,14.7,14.7,0,14.7,0,14.7,0,14.7,0,14.7,0,14.7,0,14.7,0,,,,,,
30473,20.9,20.9,0,20.9,0,17.5,0.194,17.5,0.194,20.9,0,21,-0.00476,17.5,0.194,21,-0.00476,16.5,0.267,16,0.306
30474,20.5,20.5,0,20.5,0,17.5,0.171,17.5,0.171,20.5,0,21,-0.0238,17.5,0.171,19.7,0.0406,16.5,0.242,16,0.281
30475,24.3,24.3,0,24.3,0,24.3,0,24.3,0,24.3,0,24.3,0,21.9,0.11,24.3,0,,,18.5,0.314
30476,23.5,23.5,0,23.5,0,18.9,0.243,18.9,0.243,23.5,0,23.5,0,23.5,0,23.5,0,20,0.175,19.5,0.205
30477,28.8,28.8,0,,,28.8,0,28.8,0,28.8,0,28.8,0,28.8,0,28.8,0,23,0.252,22.5,0.28
30478,,,,,,,,,,,,,,,,,,,,,
30479,39.5,39.5,0,39.5,0,39.5,0,39.5,0,39.5,0,39.5,0,39.5,0,39.5,0,30.5,0.295,22.5,0.756
30483,,,,,,,,,,,,,,,,,,,,,
30486,69.9,69.9,0,69.9,0,69.9,0,69.9,0,69.9,0,59.9,0.167,88,-0.206,88,-0.206,72,-0.0292,62,0.127
30487,29,29,0,29,0,29,0,29,0,29,0,29,0,29,0,29,0,25,0.16,20.5,0.415
30488,,,,,,,,,,,,,,,,,,,,,
30490,,,,,,,,,,,,,,,,,,,,,
30493,81.5,81.5,0,81.5,0,81.5,0,81.5,0,81.5,0,81.5,0,81.5,0,81,0.00617,81,0.00617,81,0.00617
30496,,,,,,,,,,,,,,,,,,,,,
30497,22.5,22.5,0,22.5,0,22.5,0,22.5,0,22.5,0,22.5,0,22.5,0,22.5,0,19,0.184,17.5,0.286
30501,,,,,,,,,,,,,,,,,,,,,
30502,,,,,,,,,,,,,,,,,,,,,
30503,29,29,0,29,0,29,0,29,0,29,0,31,-0.0645,31,-0.0645,32.9,-0.119,24,0.208,24,0.208
30504,29,29,0,29,0,29,0,29,0,29,0,39.5,-0.266,39.5,-0.266,39.5,-0.266,24,0.208,24,0.208
30505,29,29,0,29,0,27.5,0.0545,27.5,0.0545,27.5,0.0545,39.5,-0.266,39.5,-0.266,32.9,-0.119,24,0.208,24,0.208
30508,104,104,0,104,0,104,0,104,0,104,0,104,0,104,0,75,0.387,49,1.12,,
30509,104,104,0,104,0,104,0,104,0,104,0,104,0,104,0,75,0.387,49,1.12,,
30510,329,329,0,329,0,329,0,329,0,329,0,329,0,329,0,230,0.43,155,1.12,,
30515,44.5,44.5,0,44.5,0,44.5,0,44.5,0,44.5,0,44.5,0,47.5,-0.0632,47.5,-0.0632,,,,
30518,23.5,23.5,0,23.5,0,18.9,0.243,18.9,0.243,23.5,0,20,0.175,20,0.175,16.9,0.391,,,,
30519,13.5,13.5,0,13.5,0,12,0.125,12,0.125,12,0.125,12,0.125,12,0.125,11,0.227,11,0.227,11,0.227
30520,13.5,13.5,0,13.5,0,12,0.125,12,0.125,12,0.125,12,0.125,12,0.125,11,0.227,11,0.227,11,0.227
30531,,,,,,,,,,,,,,,,,,,,,
30532,,,,,,,,,,,,,,,,,,,,,
30533,39,39,0,39,0,39,0,39,0,39,0,39,0,39,0,39,0,39,0,39,0
30534,39,39,0,39,0,39,0,39,0,39,0,39,0,39,0,39,0,39,0,39,0
30535,13.8,13.8,0,13.8,0,13.8,0,13.8,0,13.8,0,13.8,0,13.8,0,,,11,0.255,11,0.255
30536,13.8,13.8,0,13.8,0,13.8,0,13.8,0,13.8,0,13.8,0,13.8,0,13.8,0,11,0.255,11,0.255
30539,,,,,,,,,,,,,,,,,,,,,
30542,,,,,,,,,,,,,,,,,,,,,
30544,23,23,0,23,0,23,0,23,0,23,0,23,0,23,0,,,18.8,0.223,,
30545,,,,,,,,,,,,,,,,,,,,,
30546,,,,,,,,,,,,,,,,,,,,,
30547,280,280,0,280,0,280,0,280,0,280,0,280,0,280,0,280,0,235,0.191,180,0.556
30549,,,,,,,,,,,,,,,,,,,,,
30551,,,,,,,,,,,,,,,,,,,,,
30552,,,,,,,,,,,,,,,,,,,,,
30554,78,78,0,78,0,78,0,78,0,78,0,78,0,78,0,78,0,56,0.393,56,0.393
30556,,,,,,,,,,,,,,,,,,,,,
30557,,,,,,,,,,,,,,,,,,,,,
30558,,,,,,,,,,,,,,,,,,,,,
30559,,,,,,,,,,,,,,,,,,,,,
30561,,,,,,,,,,,,,,,,,,,,,
30562,7.3,7.3,0,7.3,0,7.3,0,7.3,0,7.3,0,7.3,0,7.3,0,7.3,0,7.3,0,7.3,0
30563,7.3,7.3,0,7.3,0,7.3,0,7.3,0,7.3,0,7.3,0,7.3,0,7.3,0,7.3,0,7.3,0
30564,7.3,7.3,0,7.3,0,7.3,0,7.3,0,7.3,0,7.3,0,7.3,0,7.3,0,7.3,0,7.3,0
30565,11,11,0,11,0,11,0,11,0,11,0,11,0,11,0,9,0.222,9,0.222,9,0.222
30569,,,,,,,,,,,,,,,,,,,,,
30571,,,,,,,,,,,,,,,,,,,,,
30572,,,,,,,,,,,,,,,,,,,,,
30573,,,,,,,,,,,,,,,,,,,,,
30574,,,,,,,,,,,,,,,,,,,,,
30575,,,,,,,,,,,,,,,,,,,,,
30576,,,,,,,,,,,,,,,,,,,,,
30577,,,,,,,,,,,,,,,,,,,,,
30578,,,,,,,,,,,,,,,,,,,,,
30579,,,,,,,,,,,,,,,,,,,,,
30581,,,,,,,,,,,,,,,,,,,,,
30582,,,,,,,,,,,,,,,,,,,,,
30583,,,,,,,,,,,,,,,,,,,,,
30584,178,178,0,178,0,178,0,178,0,178,0,155,0.146,155,0.146,178,0,165,0.0758,165,0.0758
30585,,,,,,,,,,,,,,,,,,,,,
30587,58,58,0,58,0,58,0,58,0,58,0,58,0,58,0,51,0.137,45.5,0.275,,
30588,,,,,,,,,,,,,,,,,,,,,
30589,,,,,,,,,,,,,,,,,,,,,
30593,115,115,0,115,0,115,0,115,0,115,0,115,0,115,0,,,,,,
30597,108,108,0,108,0,108,0,108,0,108,0,108,0,108,0,108,0,82,0.311,82,0.311
30598,52.5,52.5,0,52.5,0,52.5,0,52.5,0,52.5,0,52.5,0,52.5,0,50,0.05,,,,
30599,,,,,,,,,,,,,,,,,,,,,
30600,48.8,48.8,0,48.8,0,48.8,0,48.8,0,,,48.8,0,48.8,0,,,,,,
30601,,,,,,,,,,,,,,,,,,,,,
30602,189,189,0,189,0,189,0,189,0,189,0,189,0,189,0,189,0,,,,
30603,24,24,0,24,0,24,0,24,0,24,0,24,0,24,0,24,0,,,,
30606,,,,,,,,,,,,,,,,,,,,,
30607,,,,,,,,,,,,,,,,,,,,,
30609,,,,,,,,,,,,,,,,,,,,,
30610,8.8,8.8,0,8.8,0,8.8,0,8.8,0,8.8,0,8.8,0,8.8,0,8.8,0,8,0.1,7,0.257
30613,29,29,0,29,0,29,0,29,0,29,0,29,0,29,0,,,,,23.5,0.234
30614,36,36,0,36,0,36,0,36,0,36,0,36,0,36,0,36,0,36,0,29,0.241
30615,,,,,,,,,,,,,,,,,,,,,
30616,29.5,29.5,0,29.5,0,29.5,0,29.5,0,29.5,0,29.5,0,29.5,0,29.5,0,29.5,0,,
30617,,,,,,,,,,,,,,,,,,,,,
30618,,,,,,,,,,,,,,,,,,,,,
30619,,,,,,,,,,,,,,,,,,,,,
30620,13.9,13.9,0,16,-0.131,16,-0.131,16,-0.131,16,-0.131,16,-0.131,13.9,0,13.9,0,13.9,0,16,-0.131
30621,13.9,13.9,0,16,-0.131,16,-0.131,16,-0.131,16,-0.131,16,-0.131,13.9,0,13.9,0,13.9,0,16,-0.131
30622,13.9,13.9,0,16,-0.131,16,-0.131,16,-0.131,16,-0.131,16,-0.131,13.9,0,13.9,0,13.9,0,16,-0.131
30623,13.9,13.9,0,16,-0.131,16,-0.131,16,-0.131,16,-0.131,16,-0.131,13.9,0,13.9,0,13.9,0,16,-0.131
30624,,,,,,,,,,,,,,,,,,,,,
30626,42,42,0,42,0,42,0,42,0,42,0,42,0,42,0,,,32,0.312,32,0.312
30627,,,,,,,,,,,,,,,,,,,,,
30628,13,13,0,13,0,13,0,12.9,0.00775,,,,,12.9,0.00775,10.5,0.238,9,0.444,10,0.3
30633,,,,,,,,,,,,,,,,,,,,,
30638,,,,,,,,,,,,,,,,,,,,,
30641,,,,,,,,,,,,,,,,,,,,,
30642,,,,,,,,,,,,,,,,,,,,,
30643,,,,,,,,,,,,,,,,,,,,,
30644,,,,,,,,,,,,,,,,,,,,,
30645,,,,,,,,,,,,,,,,,,,,,
30647,11,11,0,11,0,11,0,11,0,11,0,11,0,11,0,10.5,0.0476,11,0,11,0
30648,11,11,0,11,0,11,0,11,0,11,0,11,0,11,0,10.5,0.0476,11,0,11,0
30652,12.9,12.9,0,12.9,0,12.9,0,12.9,0,12.9,0,,,,,10.5,0.229,9,0.433,10,0.29
30653,12.9,12.9,0,12.9,0,12.9,0,12.9,0,12.9,0,12.9,0,12.9,0,10.5,0.229,9,0.433,10,0.29
30654,59.5,59.5,0,59.5,0,59.5,0,59.5,0,59.5,0,,,,,43.5,0.368,43.5,0.368,43.5,0.368
30655,26,26,0,26,0,26,0,26,0,26,0,26,0,26,0,26,0,23.5,0.106,23.5,0.106
30656,45.5,45.5,0,45.5,0,45.5,0,45.5,0,45.5,0,45.5,0,45.5,0,45.5,0,41,0.11,41,0.11
30657,71.5,71.5,0,71.5,0,71.5,0,71.5,0,71.5,0,71.5,0,,,71.5,0,64.5,0.109,64.5,0.109
30658,,,,,,,,,,,,,,,,,,,,,
30660,,,,,,,,,,,,,,,,,,,,,
30661,,,,,,,,,,,,,,,,,,,,,
30662,,,,,,,,,,,,,,,,,,,,,
30663,,,,,,,,,,,,,,,,,,,,,
30664,,,,,,,,,,,,,,,,,,,,,
30665,,,,,,,,,,,,,,,,,,,,,
30666,,,,,,,,,,,,,,,,,,,,,
30667,,,,,,,,,,,,,,,,,,,,,
30670,187,187,0,187,0,187,0,187,0,187,0,187,0,187,0,187,0,187,0,156,0.199
30671,187,187,0,187,0,187,0,187,0,187,0,187,0,187,0,187,0,187,0,156,0.199
30676,4.5,4.5,0,5,-0.1,5,-0.1,5,-0.1,4.5,0,5,-0.1,5,-0.1,5,-0.1,5,-0.1,5,-0.1
30677,4.5,4.5,0,5,-0.1,5,-0.1,5,-0.1,4.5,0,5,-0.1,5,-0.1,,,5,-0.1,5,-0.1
30680,5.5,5.5,0,6.8,-0.191,6.8,-0.191,6.8,-0.191,6.8,-0.191,6.9,-0.203,5.5,0,,,6,-0.0833,6,-0.0833
30699,269,269,0,269,0,269,0,269,0,264,0.0189,264,0.0189,264,0.0189,262,0.0248,229,0.175,229,0.175
30701,,,,,,,,,,,,,,,,,,,,,
30708,,,,,,,,,,,,,,,,,,,,,
30710,,,,,,,,,,,,,,,,,,,,,
30711,,,,,,,,,,,,,,,,,,,,,
30712,29.5,29.5,0,29.5,0,29.5,0,29.5,0,29.5,0,29.5,0,29.5,0,29.5,0,29.5,0,29.5,0
30713,29.5,29.5,0,29.5,0,29.5,0,29.5,0,29.5,0,29.5,0,29.5,0,29.5,0,29.5,0,29.5,0
30714,29.5,29.5,0,29.5,0,29.5,0,29.5,0,29.5,0,29.5,0,29.5,0,29.5,0,29.5,0,29.5,0
30717,,,,,,,,,,,,,,,,,,,,,
30718,,,,,,,,,,,,,,,,,,,,,
30725,44.5,44.5,0,44.5,0,44.5,0,44.5,0,44.5,0,44.5,0,44.5,0,44.5,0,36,0.236,,
30726,9.5,9.5,0,9.5,0,9.5,0,9.5,0,9.5,0,9.5,0,9.5,0,9.5,0,7.9,0.203,8.5,0.118
30728,,,,,,,,,,,,,,,,,,,,,
30729,,,,,,,,,,,,,,,,,,,,,
30732,,,,,,,,,,,,,,,,,,,,,
30733,,,,,,,,,,,,,,,,,,,,,
30734,,,,,,,,,,,,,,,,,,,,,
30735,66.9,66.9,0,66.9,0,66.9,0,66.9,0,66.9,0,66.9,0,66.9,0,,,,,,
30736,99,99,0,99,0,99,0,99,0,99,0,99,0,99,0,,,,,,
30738,41,41,0,41,0,41,0,41,0,41,0,41,0,41,0,41,0,34,0.206,,
30739,41,41,0,41,0,41,0,41,0,41,0,36.5,0.123,41,0,41,0,,,,
30741,16.3,16.3,0,16.3,0,16.3,0,16.3,0,16.3,0,16.3,0,,,,,,,16.3,0
30742,140,140,0,140,0,140,0,140,0,140,0,140,0,140,0,145,-0.0345,119,0.176,,
30743,18,18,0,18,0,18,0,18,0,18,0,18,0,18,0,18,0,15.9,0.132,13.5,0.333
30744,17,17,0,17,0,17,0,17,0,17,0,17,0,17,0,18,-0.0556,15.9,0.0692,13.5,0.259
30745,35,35,0,35,0,35,0,35,0,35,0,35,0,35,0,35,0,,,,
30746,43.5,43.5,0,43.5,0,43.5,0,43.5,0,43.5,0,43.5,0,43.5,0,43.5,0,,,,
30747,62.5,62.5,0,62.5,0,62.5,0,62.5,0,62.5,0,62.5,0,62.5,0,62.5,0,,,,
30750,79.5,79.5,0,79.5,0,79.5,0,79.5,0,79.5,0,79.5,0,79.5,0,79.5,0,64.5,0.233,64.5,0.233
30753,,,,,,,,,,,,,,,,,,,,,
30755,10,10,0,10,0,10,0,10,0,10,0,10,0,10,0,10,0,9.5,0.0526,8,0.25
30756,44.5,44.5,0,44.5,0,44.5,0,44.5,0,44.5,0,44.5,0,44.5,0,33.5,0.328,33.5,0.328,33.5,0.328
30757,,,,,,,,,,,,,,,,,,,,,
30758,24,24,0,24,0,24,0,24,0,24,0,24,0,24,0,24,0,24,0,24,0
30759,24,24,0,24,0,24,0,24,0,24,0,24,0,24,0,24,0,24,0,24,0
30760,24,24,0,24,0,24,0,24,0,24,0,24,0,24,0,24,0,24,0,24,0
30761,,,,,,,,,,,,,,,,,,,,,
30763,24,24,0,24,0,24,0,24,0,24,0,24,0,24,0,24,0,24,0,21,0.143
30766,,,,,,,,,,,,,,,,,,,,,
30770,10,10,0,10,0,10,0,10,0,10,0,10,0,10,0,10,0,10,0,10,0
30771,140,140,0,140,0,140,0,140,0,140,0,140,0,140,0,145,-0.0345,119,0.176,,
30775,,,,,,,,,,,,,,,,,,,,,
30776,,,,,,,,,,,,,,,,,,,,,
30777,,,,,,,,,,,,,,,,,,,,,
30780,,,,,,,,,,,,,,,,,,,,,
30781,,,,,,,,,,,,,,,,,,,,,
30784,142,142,0,142,0,142,0,142,0,142,0,142,0,142,0,142,0,129,0.105,,
30788,,,,,,,,,,,,,,,,,,,,,
30789,6,6,0,6,0,6,0,6,0,6,0,5.5,0.0909,6.7,-0.104,6.7,-0.104,5.5,0.0909,4,0.5
30790,6,6,0,6,0,6,0,6,0,6,0,5.5,0.0909,6.7,-0.104,6.7,-0.104,5.5,0.0909,4,0.5
30795,,,,,,,,,,,,,,,,,,,,,
30796,,,,,,,,,,,,,,,,,,,,,
30798,,,,,,,,,,,,,,,,,,,,,
30799,,,,,,,,,,,,,,,,,,,,,
30800,,,,,,,,,,,,,,,,,,,,,
30801,52.5,52.5,0,52.5,0,52.5,0,52.5,0,52.5,0,52.5,0,52.5,0,,,,,,
30802,,,,,,,,,,,,,,,,,,,,,
30803,,,,,,,,,,,,,,,,,,,,,
30805,9,9,0,9,0,9,0,9,0,9,0,6.9,0.304,9,0,9,0,9,0,9,0
30807,,,,,,,,,,,,,,,,,,,,,
30808,7.8,7.8,0,7.8,0,7.8,0,7.8,0,7.8,0,7.8,0,7.8,0,7.8,0,7.5,0.04,7.5,0.04
30818,,,,,,,,,,,,,,,,,,,,,
30819,18,18,0,18,0,18,0,18,0,18,0,18,0,18,0,,,15,0.2,15,0.2
30822,,,,,,,,,,,,,,,,,,,,,
30823,,,,,,,,,,,,,,,,,,,,,
30829,,,,,,,,,,,,,,,,,,,,,
30830,5,5,0,5,0,5,0,5,0,5,0,5,0,5,0,5,0,4,0.25,4,0.25
30831,5,5,0,5,0,5,0,,,,,,,,,,,4,0.25,4,0.25
30835,58,58,0,58,0,58,0,58,0,58,0,58,0,58,0,,,,,,
30837,2.9,2.9,0,2.9,0,2.9,0,2.9,0,2.7,0.0741,2.7,0.0741,2.7,0.0741,3,-0.0333,2.5,0.16,2.5,0.16
30838,2.9,2.9,0,2.9,0,2.9,0,2.9,0,2.7,0.0741,2.7,0.0741,2.7,0.0741,3,-0.0333,2.3,0.261,2.3,0.261
30840,36,36,0,36,0,36,0,36,0,36,0,36,0,36,0,36,0,32,0.125,30,0.2
30848,65,65,0,65,0,65,0,65,0,65,0,65,0,65,0,65,0,65,0,,
30849,,,,,,,,,,,,,,,,,,,,,
30852,,,,,,,,,,,,,,,,,,,,,
30853,,,,,,,,,,,,,,,,,,,,,
30854,11,11,0,11,0,11,0,11,0,11,0,11,0,11,0,11,0,11,0,11,0
30855,115,115,0,115,0,115,0,115,0,99,0.162,99,0.162,99,0.162,69,0.667,69,0.667,69,0.667
30856,,,,,,,,,,,,,,,,,,,,,
30857,,,,,,,,,,,,,,,,,,,,,
30858,11.7,11.7,0,11.7,0,11.7,0,11.7,0,11.7,0,11.7,0,11.7,0,11.7,0,11,0.0636,10,0.17
30859,,,,,,,,,,,,,,,,,,,,,
30861,,,,,,,,,,,,,,,,,,,,,
30863,26.5,26.5,0,26.5,0,26.5,0,26.5,0,26.5,0,26.5,0,23.9,0.109,23.9,0.109,23.9,0.109,23.9,0.109
30865,62,62,0,62,0,62,0,62,0,62,0,62,0,62,0,49.9,0.242,57.5,0.0783,42.5,0.459
30866,,,,,,,,,,,,,,,,,,,,,
30867,69.9,69.9,0,69.9,0,,,,,,,69.9,0,68.5,0.0204,,,57.9,0.207,57.9,0.207
30868,15.9,15.9,0,15.9,0,,,,,,,15.9,0,15.9,0,,,14.5,0.0966,13.9,0.144
30869,14,14,0,14,0,14,0,14,0,13.5,0.037,13.5,0.037,13.5,0.037,13.5,0.037,12.5,0.12,12.5,0.12
30871,35,35,0,35,0,35,0,35,0,35,0,35,0,35,0,35,0,31.5,0.111,31.5,0.111
30872,35,35,0,35,0,35,0,35,0,,,35,0,35,0,35,0,31.5,0.111,31.5,0.111
30873,21.5,21.5,0,21.5,0,21.5,0,21.5,0,21.5,0,21.5,0,20.9,0.0287,,,18.5,0.162,18.5,0.162
30874,24,24,0,24,0,24,0,24,0,24,0,24,0,23.5,0.0213,22,0.0909,22,0.0909,22,0.0909
30875,34.9,34.9,0,34.9,0,34.9,0,34.9,0,34.9,0,34.9,0,34.9,0,39.9,-0.125,33.5,0.0418,27.9,0.251
30877,,,,,,,,,,,,,,,,,,,,,
30878,,,,,,,,,,,,,,,,,,,,,
30879,,,,,,,,,,,,,,,,,,,,,
30881,,,,,,,,,,,,,,,,,,,,,
30882,16.5,16.5,0,16.5,0,16.5,0,16.5,0,16.5,0,18.9,-0.127,18.9,-0.127,21,-0.214,12.9,0.279,12.9,0.279
30885,,,,,,,,,,,,,,,,,,,,,
30886,,,,,,,,,,,,,,,,,,,,,
30887,,,,,,,,,,,,,,,,,,,,,
30888,,,,,,,,,,,,,,,,,,,,,
30889,,,,,,,,,,,,,,,,,,,,,
30890,,,,,,,,,,,,,,,,,,,,,
30891,,,,,,,,,,,,,,,,,,,,,
30892,36.5,36.5,0,36.5,0,36.5,0,36.5,0,36.5,0,43.5,-0.161,43.5,-0.161,43.5,-0.161,29.8,0.225,29.8,0.225
30893,9.5,,,,,,,,,9,0.0556,,,,,,,,,,
30895,6.5,6.5,0,6.5,0,6.5,0,6.5,0,,,6.5,0,6.5,0,6.5,0,6.5,0,6,0.0833
30896,13,13,0,13,0,12,0.0833,12,0.0833,12,0.0833,12,0.0833,12,0.0833,,,,,,
30897,13.9,13.9,0,,,13.9,0,13.9,0,13.9,0,14.5,-0.0414,17.5,-0.206,19.5,-0.287,,,,
30898,,,,,,,,,,,,,,,,,,,,,
30899,,,,,,,,,,,,,,,,,,,,,
30900,,,,,,,,,,,,,,,,,,,,,
30903,174,174,0,174,0,174,0,174,0,174,0,,,,,,,,,,
30909,,,,,,,,,,,,,,,,,,,,,
30911,,,,,,,,,,,,,,,,,,,,,
30912,16.5,16.5,0,,,,,,,,,,,,,,,,,,
30913,17,17,0,17,0,17,0,17,0,17,0,17,0,17,0,,,,,,
30914,17,17,0,17,0,17,0,17,0,17,0,17,0,17,0,,,,,,
30916,73.9,73.9,0,73.9,0,73.9,0,73.9,0,73.9,0,73.9,0,73.9,0,59.9,0.234,59.9,0.234,59.9,0.234
30917,12,12,0,12,0,9.9,0.212,9.9,0.212,12,0,12,0,12,0,9.8,0.224,8,0.5,7,0.714
30918,21.5,21.5,0,21.5,0,21.5,0,21.5,0,21.5,0,21.5,0,,,21.5,0,20,0.075,18.5,0.162
30919,21.5,21.5,0,21.5,0,21.5,0,21.5,0,21.5,0,21.5,0,,,,,20,0.075,18.5,0.162
30920,,,,,,,,,,,,,,,,,,,,,
30921,,,,,,,,,,,,,,,,,,,,,
30922,8,8,0,8,0,8,0,8,0,8,0,8,0,8,0,8,0,8,0,,
30923,8,8,0,8,0,8,0,8,0,8,0,8,0,8,0,8,0,8,0,,
30924,8,8,0,8,0,8,0,8,0,8,0,8,0,8,0,8,0,8,0,,
30925,,,,,,,,,,,,,,,,,,,,,
30926,,,,,,,,,,,,,,,,,,,,,
30929,26.4,26.4,0,26.4,0,26.4,0,26.4,0,26.4,0,26.4,0,26.4,0,26.4,0,21,0.257,17.5,0.509
30930,22.5,22.5,0,22.5,0,22.5,0,22.5,0,22.5,0,22.5,0,22.5,0,27.4,-0.179,21.9,0.0274,18,0.25
30931,22.5,22.5,0,22.5,0,22.5,0,22.5,0,22.5,0,22.5,0,22.5,0,27.4,-0.179,16.5,0.364,16.5,0.364
30932,,,,,,,,,,,,,,,,,,,,,
30933,12.5,12.5,0,12.5,0,12.5,0,12.5,0,12.5,0,12.5,0,12.5,0,13.2,-0.053,7.7,0.623,7.7,0.623
30934,,,,,,,,,,,,,,,,,,,,,
30935,,,,,,,,,,,,,,,,,,,,,
30938,5,5,0,5,0,5,0,5,0,5,0,5,0,5,0,5,0,4,0.25,,
30939,5,5,0,5,0,5,0,5,0,5,0,5,0,5,0,5,0,,,,
30940,5,5,0,5,0,5,0,5,0,5,0,5,0,5,0,,,4,0.25,,
30941,7,7,0,7,0,7,0,12.9,-0.457,12.9,-0.457,10.5,-0.333,12.9,-0.457,,,11.2,-0.375,10.5,-0.333
30942,,,,,,,,,,,,,,,,,,,,,
30943,,,,,,,,,,,,,,,,,,,,,
30945,9.9,9.9,0,12.5,-0.208,12.5,-0.208,12.5,-0.208,12,-0.175,12,-0.175,12,-0.175,12,-0.175,10,-0.01,10,-0.01
30946,9.9,9.9,0,12.5,-0.208,12.5,-0.208,12.5,-0.208,12,-0.175,11.7,-0.154,11.7,-0.154,11.7,-0.154,10,-0.01,10,-0.01
30947,7,7,0,7,0,7,0,7,0,6.7,0.0448,6.7,0.0448,6.7,0.0448,6.7,0.0448,6,0.167,6,0.167
30948,7,7,0,7,0,7,0,7,0,6.7,0.0448,6.7,0.0448,6.7,0.0448,6.7,0.0448,6,0.167,6,0.167
30949,73.5,73.5,0,73.5,0,73.5,0,73.5,0,,,,,69.9,0.0515,,,69.9,0.0515,69.9,0.0515
30950,24.5,24.5,0,24.5,0,24.5,0,24.5,0,24.5,0,24.5,0,24.5,0,,,19.5,0.256,19.5,0.256
30952,10,10,0,10,0,8.9,0.124,8.9,0.124,10,0,10,0,10,0,8.5,0.176,8.7,0.149,9,0.111
30953,10,10,0,10,0,10,0,10,0,10,0,10,0,10,0,10,0,9,0.111,,
30957,58,58,0,58,0,58,0,58,0,58,0,58,0,58,0,42.5,0.365,42.5,0.365,42.5,0.365
30961,187,187,0,187,0,187,0,187,0,187,0,187,0,187,0,187,0,187,0,162,0.151
30962,97,97,0,97,0,97,0,97,0,97,0,97,0,97,0,97,0,79.9,0.214,73,0.329
30966,15.9,15.9,0,15.9,0,15.9,0,15.9,0,15.9,0,11.9,0.336,14.5,0.0966,14,0.136,13,0.223,12.5,0.272
30968,,,,,,,,,,,,,,,,,,,,,
30969,20,20,0,20,0,20,0,20,0,20,0,20,0,20,0,20,0,18.5,0.0811,15.5,0.29
30970,25,25,0,25,0,25,0,25,0,25,0,25,0,25,0,25,0,25,0,21,0.19
30996,16.5,16.5,0,16.5,0,16.5,0,16.5,0,16.5,0,16.5,0,16.5,0,16.5,0,16.5,0,12.5,0.32
30997,,,,,,,,,,,,,,,,,,,,,
30998,30,30,0,30,0,30,0,30,0,30,0,30,0,30,0,30,0,30,0,26,0.154
31007,4.5,4.5,0,4.5,0,4.5,0,4.5,0,4.5,0,4.5,0,4.5,0,4.2,0.0714,2.7,0.667,2.7,0.667
31008,,,,,,,,,,,,,,,,,,,,,
31010,20,20,0,20,0,20,0,20,0,20,0,20,0,20,0,20,0,20,0,20,0
31013,83,83,0,83,0,83,0,83,0,83,0,83,0,83,0,83,0,83,0,75,0.107
31014,83,83,0,83,0,83,0,83,0,83,0,83,0,83,0,83,0,83,0,75,0.107
31026,,,,,,,,,,,,,,,,,,,,,
31027,53.5,53.5,0,53.5,0,53.5,0,53.5,0,53.5,0,53.5,0,53.5,0,53.5,0,38.5,0.39,34.5,0.551
31028,7.5,7.5,0,7.5,0,6.5,0.154,6.5,0.154,7.5,0,7.5,0,7.5,0,7.5,0,5.9,0.271,5,0.5
31029,12.5,12.5,0,12.5,0,12.5,0,12.5,0,12.5,0,10.5,0.19,12.5,0,12.5,0,10,0.25,7.9,0.582
31030,61,61,0,61,0,61,0,61,0,61,0,61,0,61,0,61,0,45,0.356,45,0.356
31031,42,42,0,42,0,42,0,42,0,42,0,42,0,42,0,42,0,35,0.2,35,0.2
31032,26,26,0,26,0,26,0,26,0,26,0,26,0,26,0,26,0,21.5,0.209,21.5,0.209
31035,14,,,,,,,,,,,,,,,14,0,,,,
31037,20,20,0,20,0,20,0,20,0,20,0,20,0,,,,,,,,
31039,20,20,0,20,0,20,0,20,0,20,0,20,0,,,,,,,,
31043,12,12,0,12,0,12,0,12,0,12,0,12,0,12,0,12,0,12,0,10,0.2
31044,,,,,,,,,,,,,,,,,,,,,
31045,17.5,17.5,0,17.5,0,17.5,0,17.5,0,17.5,0,17.5,0,17.5,0,17.5,0,17.5,0,16,0.0938
31046,,,,,,,,,,,,,,,,,,,,,
31047,29,29,0,29,0,29,0,29,0,29,0,29,0,29,0,29,0,29,0,26,0.115
31048,59.9,59.9,0,59.9,0,59.9,0,59.9,0,59.9,0,59.9,0,59.9,0,59.9,0,59.9,0,55,0.0891
31049,29,29,0,29,0,29,0,29,0,26,0.115,26,0.115,26,0.115,32,-0.0938,26.5,0.0943,17,0.706
31050,14,,,,,,,,,,,,,,,14,0,,,,
31052,,,,,,,,,,,,,,,,,,,,,
31053,64.5,64.5,0,64.5,0,64.5,0,64.5,0,64.5,0,64.5,0,64.5,0,,,,,,
31061,,,,,,,,,,,,,,,,,,,,,
31064,209,209,0,209,0,209,0,209,0,209,0,209,0,209,0,209,0,209,0,146,0.436
31065,,,,,,,,,,,,,,,,,,,,,
31066,209,209,0,209,0,209,0,209,0,209,0,209,0,209,0,209,0,209,0,146,0.436
31067,,,,,,,,,,,,,,,,,,,,,
31068,,,,,,,,,,,,,,,,,,,,,
31075,209,209,0,209,0,209,0,209,0,209,0,209,0,209,0,209,0,209,0,145,0.441
31078,,,,,,,,,,,,,,,,,,,,,
31080,,,,,,,,,,,,,,,,,,,,,
31094,,,,,,,,,,,,,,,,,,,,,
31095,22.5,22.5,0,22.5,0,22.5,0,22.5,0,22.5,0,22.5,0,22.5,0,22.5,0,22.5,0,22.5,0
31100,,,,,,,,,,,,,,,,,,,,,
31101,,,,,,,,,,,,,,,,,,,,,
31102,,,,,,,,,,,,,,,,,,,,,
31104,,,,,,,,,,,,,,,,,,,,,
31108,21.5,21.5,0,21.5,0,21.5,0,21.5,0,21.5,0,21.5,0,21.5,0,,,,,,
31109,24,24,0,24,0,24,0,24,0,24,0,24,0,24,0,,,,,,
31111,,,,,,,,,,,,,,,,,,,,,
31112,115,115,0,115,0,115,0,115,0,99,0.162,99,0.162,99,0.162,79,0.456,79,0.456,79,0.456
31113,,,,,,,,,,,,,,,,,,,,,
31120,14.5,14.5,0,14.5,0,14.5,0,14.5,0,14.5,0,11.9,0.218,14.7,-0.0136,14.7,-0.0136,13,0.115,10.1,0.436
31121,42,42,0,42,0,42,0,42,0,42,0,42,0,42,0,42,0,38,0.105,38,0.105
31130,,,,,,,,,,,,,,,,,,,,,
31131,43,43,0,43,0,43,0,43,0,43,0,43,0,43,0,43,0,,,33.5,0.284
31132,,,,,,,,,,,,,,,,,,,,,
31133,,,,,,,,,,,,,,,,,,,,,
31134,,,,,,,,,,,,,,,,,,,,,
31139,,,,,,,,,,,,,,,,,,,,,
31140,39.5,39.5,0,39.5,0,39.5,0,39.5,0,39.5,0,39.5,0,39.5,0,39.5,0,29.5,0.339,26,0.519
31141,,,,,,,,,,,,,,,,,,,,,
31142,,,,,,,,,,,,,,,,,,,,,
31143,28,28,0,28,0,28,0,28,0,28,0,28,0,28,0,30,-0.0667,25,0.12,25,0.12
31144,19,19,0,19,0,19,0,19,0,19,0,19,0,19,0,19,0,17,0.118,,
31145,19,19,0,19,0,,,,,,,,,,,19,0,17,0.118,14.5,0.31
31146,199,199,0,199,0,199,0,199,0,199,0,,,,,,,,,,
31148,,,,,,,,,,,,,,,,,,,,,
31149,,,,,,,,,,,,,,,,,,,,,
31150,55.5,55.5,0,55.5,0,55.5,0,55.5,0,55.5,0,55.5,0,55.5,0,55.5,0,45.5,0.22,45.5,0.22
31152,12.3,12.3,0,12.3,0,12.3,0,12.3,0,12.3,0,12.3,0,12.3,0,12.3,0,9.8,0.255,8.7,0.414
31153,18,18,0,18,0,18,0,18,0,18,0,18,0,18,0,18,0,16.8,0.0714,14.5,0.241
31154,10,10,0,10,0,10,0,10,0,10,0,10,0,10,0,10,0,8.5,0.176,7.5,0.333
31155,40,40,0,40,0,40,0,40,0,40,0,40,0,40,0,40,0,34.5,0.159,29.5,0.356
31157,18.5,18.5,0,18.5,0,18.5,0,18.5,0,18.5,0,18.5,0,18.5,0,18.5,0,15,0.233,13.5,0.37
31158,34.5,34.5,0,34.5,0,34.5,0,34.5,0,34.5,0,34.5,0,34.5,0,34.5,0,29,0.19,24,0.438
31163,,,,,,,,,,,,,,,,,,,,,
31164,,,,,,,,,,,,,,,,,,,,,
31165,,,,,,,,,,,,,,,,,,,,,
31166,36,36,0,36,0,36,0,36,0,36,0,36,0,36,0,36,0,36,0,33.5,0.0746
31167,35,35,0,35,0,35,0,35,0,35,0,35,0,35,0,35,0,35,0,32.5,0.0769
31168,36,36,0,36,0,36,0,36,0,36,0,36,0,36,0,36,0,36,0,33.5,0.0746
31169,15,15,0,15,0,12.5,0.2,12.5,0.2,15,0,15,0,15,0,15,0,12.9,0.163,9.8,0.531
31172,,,,,,,,,,,,,,,,,,,,,
31173,,,,,,,,,,,,,,,,,,,,,
31183,,,,,,,,,,,,,,,,,,,,,
31185,8.7,8.7,0,8.7,0,8.7,0,8.7,0,8.7,0,8.7,0,8.7,0,8.7,0,,,,
31186,14.5,14.5,0,14.5,0,14.5,0,14.5,0,14.5,0,14.5,0,14.5,0,14.5,0,12,0.208,12,0.208
31187,14.5,14.5,0,14.5,0,14.5,0,14.5,0,14.5,0,14.5,0,14.5,0,14.5,0,12,0.208,12,0.208
31200,9.9,9.9,0,9.9,0,9.9,0,9.9,0,9.9,0,9.9,0,9.9,0,,,,,,
31205,,,,,,,,,,,,,,,,,,,,,
31206,,,,,,,,,,,,,,,,,,,,,
31209,,,,,,,,,,,,,,,,,,,,,
31210,,,,,,,,,,,,,,,,,,,,,
31215,,,,,,,,,,,,,,,,,,,,,
31218,120,120,0,120,0,120,0,120,0,120,0,120,0,120,0,120,0,120,0,88,0.364
31219,120,120,0,120,0,120,0,120,0,120,0,120,0,120,0,120,0,120,0,88,0.364
31222,40,40,0,40,0,,,,,,,,,,,,,,,,
31228,,,,,,,,,,,,,,,,,,,,,
31231,20,20,0,20,0,20,0,20,0,20,0,20,0,20,0,20,0,17.5,0.143,17.5,0.143
31233,,,,,,,,,,,,,,,,,,,,,
31235,4.7,4.7,0,4.7,0,4.7,0,4.7,0,4.7,0,4.7,0,4.7,0,4.7,0,4.7,0,4.7,0
31236,,,,,,,,,,,,,,,,,,,,,
31239,,,,,,,,,,,,,,,,,,,,,
31241,,,,,,,,,,,,,,,,,,,,,
31242,,,,,,,,,,,,,,,,,,,,,
31243,,,,,,,,,,,,,,,,,,,,,
31244,,,,,,,,,,,,,,,,,,,,,
31251,,,,,,,,,,,,,,,,,,,,,
31252,20.5,20.5,0,20.5,0,20.5,0,20.5,0,20.5,0,20.5,0,20.5,0,20.5,0,17.5,0.171,17.5,0.171
31253,20.5,20.5,0,20.5,0,20.5,0,20.5,0,20.5,0,20.5,0,20.5,0,20.5,0,17.5,0.171,17.5,0.171
31255,,,,,,,,,,,,,,,,,,,,,
31257,,,,,,,,,,,,,,,,,,,,,
31261,20,20,0,20,0,20,0,20,0,20,0,20,0,20,0,20,0,15,0.333,15,0.333
31262,20,20,0,20,0,20,0,20,0,20,0,20,0,20,0,20,0,15,0.333,15,0.333
31263,112,112,0,112,0,112,0,112,0,112,0,112,0,112,0,97.5,0.149,87,0.287,63.9,0.753
31264,112,112,0,112,0,112,0,112,0,112,0,112,0,112,0,,,77,0.455,63.9,0.753
31265,112,112,0,112,0,112,0,112,0,112,0,112,0,112,0,97.5,0.149,87,0.287,63.9,0.753
31266,,,,,,,,,,,,,,,,,,,,,
31268,31,31,0,31,0,31,0,31,0,31,0,31,0,31,0,31,0,27,0.148,27,0.148
31269,31,31,0,31,0,31,0,31,0,31,0,31,0,31,0,,,27,0.148,27,0.148
31272,,,,,,,,,,,,,,,,,,,,,
31276,,,,,,,,,,,,,,,,,,,,,
31277,,,,,,,,,,,,,,,,,,,,,
31278,,,,,,,,,,,,,,,,,,,,,
31280,,,,,,,,,,,,,,,,,,,,,
31281,,,,,,,,,,,,,,,,,,,,,
31282,,,,,,,,,,,,,,,,,,,,,
31286,155,155,0,155,0,155,0,155,0,155,0,155,0,155,0,155,0,142,0.0915,130,0.192
31287,155,155,0,155,0,155,0,155,0,155,0,155,0,155,0,155,0,142,0.0915,130,0.192
31289,,,,,,,,,,,,,,,,,,,,,
31296,8,8,0,8,0,8,0,8,0,8,0,8,0,8,0,7.5,0.0667,7.5,0.0667,7.5,0.0667
31297,8,8,0,8,0,8,0,8,0,8,0,8,0,8,0,8,0,,,8,0
31299,,,,,,,,,,,,,,,,,,,,,
31308,100,100,0,100,0,100,0,100,0,,,100,0,100,0,90,0.111,90,0.111,90,0.111
31310,42.5,42.5,0,42.5,0,42.5,0,38.5,0.104,38.5,0.104,38.5,0.104,38.5,0.104,38.5,0.104,33.5,0.269,33.5,0.269
31312,74.5,74.5,0,74.5,0,74.5,0,74.5,0,74.5,0,74.5,0,74.5,0,69.9,0.0658,,,,
31316,,,,,,,,,,,,,,,,,,,,,
31317,,,,,,,,,,,,,,,,,,,,,
31320,,,,,,,,,,,,,,,,,,,,,
31331,42.5,42.5,0,42.5,0,42.5,0,38.5,0.104,38.5,0.104,38.5,0.104,38.5,0.104,38.5,0.104,33.5,0.269,33.5,0.269
31337,,,,,,,,,,,,,,,,,,,,,
31338,,,,,,,,,,,,,,,,,,,,,
31339,7,7,0,7,0,7,0,7,0,7,0,7,0,7,0,7,0,6,0.167,5,0.4
31340,4.9,4.9,0,6,-0.183,6,-0.183,6,-0.183,6,-0.183,6,-0.183,6,-0.183,5.9,-0.169,6,-0.183,5,-0.02
31341,,,,,,,,,,,,,,,,,,,,,
31342,,,,,,,,,,,,,,,,,,,,,
31343,,,,,,,,,,,,,,,,,,,,,
31344,24,24,0,24,0,24,0,24,0,24,0,24,0,24,0,18,0.333,18,0.333,,
31345,33,33,0,33,0,33,0,33,0,33,0,33,0,33,0,26.5,0.245,26.5,0.245,26.5,0.245
31351,42.5,42.5,0,42.5,0,42.5,0,42.5,0,42.5,0,42.5,0,42.5,0,42.5,0,42.5,0,37.5,0.133
31353,,,,,,,,,,,,,,,,,,,,,
31356,,,,,,,,,,,,,,,,,,,,,
31358,19.5,19.5,0,19.5,0,19.5,0,19.5,0,19.5,0,19.5,0,19.5,0,,,,,,
31359,22.5,22.5,0,22.5,0,22.5,0,22.5,0,22.5,0,22.5,0,22.5,0,,,20,0.125,20,0.125
31360,22.5,22.5,0,22.5,0,22.5,0,22.5,0,22.5,0,22.5,0,22.5,0,22.5,0,20,0.125,20,0.125
31361,18.5,,,,,,,,,,,,,,,18.5,0,16,0.156,16,0.156
31362,17.5,,,,,,,,,,,,,,,17.5,0,,,,
31363,32.5,32.5,0,32.5,0,32.5,0,32.5,0,32.5,0,32.5,0,32.5,0,32.5,0,30,0.0833,30,0.0833
31364,32.5,32.5,0,32.5,0,32.5,0,32.5,0,32.5,0,32.5,0,32.5,0,32.5,0,30,0.0833,,
31365,26.5,26.5,0,26.5,0,26.5,0,26.5,0,26.5,0,26.5,0,26.5,0,26.5,0,23,0.152,16.9,0.568
31370,56,56,0,56,0,56,0,56,0,56,0,56,0,56,0,,,,,,
31372,122,122,0,122,0,122,0,122,0.0041,122,0.0041,122,0.0041,122,0.0041,122,0.0041,96,0.276,96,0.276
31373,122,122,0,122,0,122,0,122,0.0041,122,0.0041,122,0.0041,122,0.0041,122,0.0041,96,0.276,96,0.276
31374,,,,,,,,,,,,,,,,,,,,,
31376,,,,,,,,,,,,,,,,,,,,,
31379,,,,,,,,,,,,,,,,,,,,,
31380,,,,,,,,,,,,,,,,,,,,,
31381,,,,,,,,,,,,,,,,,,,,,
31384,,,,,,,,,,,,,,,,,,,,,
31385,,,,,,,,,,,,,,,,,,,,,
31386,9,9,0,9,0,9,0,9,0,9,0,9,0,9,0,,,,,,
31387,,,,,,,,,,,,,,,,,,,,,
31391,33.5,33.5,0,33.5,0,33.5,0,33.5,0,33.5,0,33.5,0,33.5,0,,,,,,
31392,,,,,,,,,,,,,,,,,,,,,
31393,,,,,,,,,,,,,,,,,,,,,
31395,22.5,22.5,0,22.5,0,22.5,0,19.9,0.131,19.9,0.131,19.9,0.131,19.9,0.131,19.9,0.131,,,18,0.25
31396,5,5,0,5,0,5,0,5,0,5,0,,,5,0,5,0,5,0,4,0.25
31397,,,,,,,,,,,,,,,,,,,,,
31399,,,,,,,,,,,,,,,,,,,,,
31400,23,23,0,23,0,23,0,23,0,23,0,23,0,23,0,,,,,,
31404,,,,,,,,,,,,,,,,,,,,,
31406,,,,,,,,,,,,,,,,,,,,,
31408,,,,,,,,,,,,,,,,,,,,,
31409,,,,,,,,,,,,,,,,,,,,,
31410,,,,,,,,,,,,,,,,,,,,,
31413,12.2,12.2,0,12.2,0,12.2,0,12.2,0,12.2,0,12.2,0,12.2,0,11,0.109,11,0.109,11,0.109
31416,349,349,0,349,0,349,0,349,0,349,0,349,0,349,0,349,0,349,0,255,0.369
31420,,,,,,,,,,,,,,,,,,,,,
31423,7,7,0,7,0,7,0,7,0,7,0,7,0,7,0,6.2,0.129,6.2,0.129,6.2,0.129
31427,18,18,0,18,0,18,0,18,0,18,0,18,0,18,0,18,0,18,0,,
31428,22,22,0,22,0,22,0,22,0,22,0,22,0,22,0,22,0,22,0,,
31429,15,15,0,15,0,15,0,15,0,15,0,15,0,15,0,15,0,15,0,,
31430,,,,,,,,,,,,,,,,,,,,,
31431,3.5,3.5,0,3.5,0,3.5,0,3.5,0,3.5,0,3.5,0,3.5,0,3.5,0,3.2,0.0938,3.2,0.0938
31432,3.5,3.5,0,3.5,0,3.5,0,3.5,0,3.5,0,3.5,0,3.5,0,3.5,0,3.5,0,3.5,0
31443,19.5,19.5,0,19.5,0,19.5,0,19.5,0,19.5,0,19.5,0,19.5,0,19.5,0,15.5,0.258,15.5,0.258
31444,19.5,19.5,0,19.5,0,19.5,0,19.5,0,19.5,0,19.5,0,19.5,0,19.5,0,15.5,0.258,15.5,0.258
31463,188,188,0,188,0,188,0,188,0,188,0,188,0,188,0,188,0,168,0.119,128,0.469
31464,21.5,21.5,0,21.5,0,21.5,0,21.5,0,21.5,0,21.5,0,21.5,0,21.5,0,21.5,0,21.5,0
31466,,,,,,,,,,,,,,,,,,,,,
31467,31.5,31.5,0,31.5,0,31.5,0,31.5,0,31.5,0,31.5,0,31.5,0,31.5,0,25.5,0.235,25.5,0.235
31468,25.8,25.8,0,25.8,0,25.8,0,25.8,0,25.8,0,25.8,0,25.8,0,25.8,0,21,0.229,21,0.229
31469,20,20,0,20,0,20,0,20,0,20,0,20,0,,,,,15,0.333,15,0.333
31470,23,23,0,23,0,23,0,23,0,23,0,23,0,,,,,,,,
31472,28,28,0,28,0,28,0,28,0,28,0,28,0,28,0,30,-0.0667,25,0.12,25,0.12
31473,42,42,0,42,0,42,0,42,0,42,0,42,0,42,0,,,38,0.105,,
31475,28,28,0,28,0,28,0,28,0,28,0,28,0,28,0,30,-0.0667,25,0.12,25,0.12
31476,42,42,0,42,0,42,0,42,0,42,0,42,0,42,0,42,0,38,0.105,38,0.105
31477,25,25,0,25,0,25,0,25,0,24,0.0417,24,0.0417,24,0.0417,25,0,,,23.8,0.0504
31478,25,25,0,25,0,25,0,25,0,24,0.0417,24,0.0417,24,0.0417,25,0,23.8,0.0504,23.8,0.0504
31479,19.5,19.5,0,19.5,0,19.5,0,19.5,0,17.5,0.114,17.5,0.114,17.5,0.114,16.9,0.154,15.5,0.258,15.5,0.258
31480,25,25,0,25,0,25,0,25,0,24,0.0417,24,0.0417,24,0.0417,,,,,,
31481,19.5,19.5,0,19.5,0,19.5,0,19.5,0,17.5,0.114,17.5,0.114,17.5,0.114,16.9,0.154,15.5,0.258,15.5,0.258
31482,19.5,19.5,0,19.5,0,19.5,0,19.5,0,17.5,0.114,17.5,0.114,17.5,0.114,16.9,0.154,15.5,0.258,15.5,0.258
31483,18.8,18.8,0,18.8,0,18.8,0,18.8,0,18.8,0,18.8,0,18.8,0,18.8,0,15,0.253,15,0.253
31484,,,,,,,,,,,,,,,,,,,,,
31485,22,22,0,22,0,22,0,22,0,22,0,22,0,22,0,22,0,19.5,0.128,19.5,0.128
31486,21.8,21.8,0,21.8,0,21.8,0,21.8,0,21.8,0,21.8,0,21.8,0,21.8,0,19,0.147,19,0.147
31487,32,32,0,32,0,32,0,32,0,32,0,,,32,0,32,0,27.5,0.164,23.4,0.368
31488,,,,,,,,,,,,,,,,,,,,,
31489,32,32,0,32,0,32,0,32,0,32,0,,,,,21.9,0.461,27.5,0.164,23.4,0.368
31490,,,,,,,,,,,,,,,,,,,,,
31491,,,,,,,,,,,,,,,,,,,,,
31492,,,,,,,,,,,,,,,,,,,,,
31493,15.9,15.9,0,15.9,0,15.9,0,15.9,0,15.9,0,15.9,0,15.9,0,15.9,0,16,-0.00625,,
31495,24.5,24.5,0,24.5,0,24.5,0,,,,,,,,,24.5,0,24.5,0,18,0.361
31496,24.5,24.5,0,24.5,0,24.5,0,24.5,0,24.5,0,24.5,0,,,24.5,0,24.5,0,18,0.361
31499,,,,,,,,,,,,,,,,,,,,,
31501,,,,,,,,,,,,,,,,,,,,,
31503,22,22,0,22,0,22,0,22,0,22,0,22,0,22,0,22,0,22,0,22,0
31504,,,,,,,,,,,,,,,,,,,,,
31505,,,,,,,,,,,,,,,,,,,,,
31506,110,110,0,110,0,110,0,110,0,110,0,110,0,110,0,110,0,110,0,110,0
31507,187,187,0,187,0,187,0,187,0,187,0,187,0,187,0,187,0,187,0,162,0.151
31508,,,,,,,,,,,,,,,,,,,,,
31510,,,,,,,,,,,,,,,,,,,,,
31515,,,,,,,,,,,,,,,,,,,,,
31517,,,,,,,,,,,,,,,,,,,,,
31519,,,,,,,,,,,,,,,,,,,,,
31520,,,,,,,,,,,,,,,,,,,,,
31521,,,,,,,,,,,,,,,,,,,,,
31522,,,,,,,,,,,,,,,,,,,,,
31527,,,,,,,,,,,,,,,,,,,,,
31528,,,,,,,,,,,,,,,,,,,,,
31529,4.5,4.5,0,4.5,0,4.5,0,4.5,0,4.5,0,4.5,0,4.5,0,,,,,4,0.125
31531,,,,,,,,,,,,,,,,,,,,,
31532,,,,,,,,,,,,,,,,,,,,,
31533,187,187,0,187,0,187,0,187,0,187,0,187,0,187,0,187,0,187,0,162,0.151
31535,230,230,0,230,0,230,0,230,0,230,0,230,0,230,0,230,0,170,0.353,155,0.484
31536,,,,,,,,,,,,,,,,,,,,,
31537,,,,,,,,,,,,,,,,,,,,,
31538,36,36,0,36,0,36,0,36,0,36,0,33.5,0.0746,36,0,36,0,33.5,0.0746,33.5,0.0746
31540,10.5,10.5,0,10.5,0,10.5,0,10.5,0,10.5,0,10.5,0,,,8,0.312,8,0.312,,
31541,,,,,,,,,,,,,,,,,,,,,
31543,16.9,16.9,0,16.9,0,16.9,0,16.9,0,,,,,,,,,,,,
31545,,,,,,,,,,,,,,,,,,,,,
31549,,,,,,,,,,,,,,,,,,,,,
31551,,,,,,,,,,,,,,,,,,,,,
31552,,,,,,,,,,,,,,,,,,,,,
31553,8,8,0,8,0,8,0,8,0,8,0,8,0,8,0,8,0,6.5,0.231,5.5,0.455
31554,,,,,,,,,,,,,,,,,,,,,
31556,319,319,0,319,0,319,0,319,0,319,0,319,0,319,0,160,0.995,225,0.418,225,0.418
31558,9.8,9.8,0,9.8,0,9.8,0,9.8,0,9.8,0,9.8,0,9.8,0,9.8,0,8,0.225,7,0.4
31559,,,,,,,,,,,,,,,,,,,,,
31560,10,10,0,10,0,10,0,10,0,10,0,10,0,,,10,0,10,0,10,0
31561,10,10,0,10,0,10,0,10,0,10,0,10,0,,,10,0,,,10,0
31567,,,,,,,,,,,,,,,,,,,,,
31568,,,,,,,,,,,,,,,,,,,,,
31572,16,16,0,16,0,16,0,16,0,16,0,16,0,16,0,16,0,16,0,13,0.231
31573,16,16,0,16,0,16,0,16,0,16,0,16,0,16,0,16,0,16,0,13,0.231
31578,10,10,0,10,0,10,0,10,0,10,0,10,0,,,,,10,0,10,0
31581,25.5,25.5,0,25.5,0,25.5,0,25.5,0,25.5,0,25.5,0,25.5,0,25.5,0,20,0.275,17.5,0.457
31582,25.5,25.5,0,25.5,0,25.5,0,25.5,0,25.5,0,25.5,0,25.5,0,25.5,0,20,0.275,17.5,0.457
31583,25.5,25.5,0,25.5,0,25.5,0,25.5,0,25.5,0,25.5,0,25.5,0,25.5,0,20,0.275,17.5,0.457
31592,,,,,,,,,,,,,,,,,,,,,
31594,29.5,29.5,0,29.5,0,29.5,0,29.5,0,29.5,0,29.5,0,29.5,0,29.5,0,23.5,0.255,18.5,0.595
31595,,,,,,,,,,,,,,,,,,,,,
31599,68,68,0,68,0,68,0,68,0,68,0,68,0,68,0,68,0,,,,
31601,,,,,,,,,,,,,,,,,,,,,
32182,23,23,0,23,0,23,0,23,0,23,0,23,0,,,23,0,13.5,0.704,,
33413,,,,,,,,,,,,,,,,,,,,,
33464,,,,,,,,,,,,,,,,,,,,,
33502,,,,,,,,,,,,,,,,,,,,,
33510,,,,,,,,,,,,,,,,,,,,,
33687,30,30,0,30,0,30,0,30,0,30,0,42,-0.286,42,-0.286,42,-0.286,41.5,-0.277,29.5,0.0169
33770,28,28,0,28,0,28,0,28,0,28,0,28,0,28,0,25.5,0.098,22.5,0.244,22.5,0.244
33771,28,28,0,28,0,28,0,28,0,28,0,28,0,28,0,25.5,0.098,22.5,0.244,22.5,0.244
33773,28,28,0,28,0,28,0,28,0,28,0,28,0,28,0,25.5,0.098,22.5,0.244,22.5,0.244
33774,,,,,,,,,,,,,,,,,,,,,
33775,,,,,,,,,,,,,,,,,,,,,
33878,15.5,15.5,0,15.5,0,15.5,0,15.5,0,15.5,0,15.5,0,15.5,0,14,0.107,13.5,0.148,13.5,0.148
34114,49.5,49.5,0,49.5,0,49.5,0,49.5,0,49.5,0,49.5,0,49.5,0,49.5,0,34.5,0.435,31.5,0.571
34115,49.5,49.5,0,49.5,0,49.5,0,49.5,0,49.5,0,49.5,0,49.5,0,,,,,,
34717,36.5,36.5,0,36.5,0,36.5,0,36.5,0,36.5,0,36.5,0,36.5,0,36.5,0,29.5,0.237,26,0.404
34811,35,35,0,35,0,35,0,35,0,35,0,35,0,35,0,,,26.5,0.321,26,0.346
34871,8.7,8.7,0,8.7,0,8.7,0,8.7,0,,,,,,,,,,,,
35070,29.5,29.5,0,29.5,0,23.9,0.234,23.9,0.234,29.5,0,29.5,0,29.5,0,,,,,,
35071,54.5,54.5,0,54.5,0,54.5,0,54.5,0,54.5,0,54.5,0,54.5,0,,,,,,
35072,165,165,0,165,0,165,0,165,0,165,0,165,0,,,,,,,,
35073,29.5,29.5,0,29.5,0,23.9,0.234,23.9,0.234,29.5,0,29.5,0,29.5,0,,,,,,
35075,30.5,30.5,0,30.5,0,24.9,0.225,24.9,0.225,30.5,0,30.5,0,,,,,,,,
35076,59,59,0,59,0,59,0,59,0,59,0,59,0,59,0,,,,,,
35077,28.5,28.5,0,28.5,0,28.5,0,28.5,0,28.5,0,28.5,0,28.5,0,,,,,,
35078,165,165,0,165,0,165,0,165,0,165,0,165,0,,,,,,,,
35133,,,,,,,,,,,,,,,,,,,,,
35400,33.3,33.3,0,33.3,0,33.3,0,33.3,0,33.3,0,33.3,0,33.3,0,33.3,0,,,25,0.332
35401,,,,,,,,,,,,,,,,,,,,,
35403,30.9,30.9,0,30.9,0,30.9,0,30.9,0,30.9,0,30.9,0,30.9,0,30.9,0,,,,
35446,47.5,47.5,0,47.5,0,47.5,0,47.5,0,47.5,0,47.5,0,,,,,,,,
35447,47.5,47.5,0,47.5,0,47.5,0,47.5,0,47.5,0,47.5,0,,,,,,,,
35788,25.5,25.5,0,25.5,0,25.5,0,25.5,0,25.5,0,25.5,0,25.5,0,21.5,0.186,21.5,0.186,21.5,0.186
35789,25.5,25.5,0,25.5,0,25.5,0,25.5,0,25.5,0,25.5,0,25.5,0,22.5,0.133,22.5,0.133,22.5,0.133
35790,25.5,25.5,0,25.5,0,25.5,0,25.5,0,25.5,0,25.5,0,25.5,0,22.5,0.133,22.5,0.133,22.5,0.133
35791,10,10,0,10,0,10,0,10,0,10,0,10,0,,,9,0.111,9,0.111,8,0.25
35792,18.5,18.5,0,18.5,0,18.5,0,18.5,0,18.5,0,18.5,0,,,16.5,0.121,16.5,0.121,16.5,0.121
35793,10.5,10.5,0,10.5,0,10.5,0,10.5,0,10.5,0,8.9,0.18,10.5,0,9,0.167,9,0.167,8.2,0.28
35794,20.9,20.9,0,20.9,0,20.9,0,20.9,0,20.9,0,20.9,0,20.9,0,17,0.229,17,0.229,17,0.229
35795,13,13,0,13,0,13,0,13,0,13,0,10.9,0.193,13,0,11,0.182,11,0.182,10,0.3
35796,26,26,0,26,0,26,0,26,0,26,0,26,0,26,0,20.5,0.268,20.5,0.268,20,0.3
35797,46,46,0,46,0,46,0,46,0,46,0,46,0,46,0,37,0.243,37,0.243,33,0.394
35798,13,13,0,13,0,13,0,13,0,13,0,13,0,13,0,11.5,0.13,11.5,0.13,10,0.3
35799,26.5,26.5,0,26.5,0,26.5,0,26.5,0,26.5,0,26.5,0,26.5,0,22.5,0.178,22.5,0.178,21.5,0.233
36329,,,,,,,,,,,,,,,,,,,,,
36589,32.5,32.5,0,32.5,0,32.5,0,32.5,0,32.5,0,32.5,0,32.5,0,28,0.161,23.5,0.383,,
36590,32.5,32.5,0,32.5,0,32.5,0,32.5,0,32.5,0,32.5,0,32.5,0,,,23.5,0.383,23.5,0.383
36779,,,,,,,,,,,,,,,,,,,,,
37003,133,133,0,133,0,133,0,133,0,133,0,133,0,133,0,133,0,133,0,133,0
37041,,,,,,,,,,,,,,,,,,,,,
37340,,,,,,,,,,,,,,,,,,,,,
37341,,,,,,,,,,,,,,,,,,,,,
37343,,,,,,,,,,,,,,,,,,,,,
37345,15,15,0,15,0,15.5,-0.0323,15.5,-0.0323,15.5,-0.0323,15.5,-0.0323,15.5,-0.0323,14.5,0.0345,12,0.25,11,0.364
37350,,,,,,,,,,,,,,,,,,,,,
37353,,,,,,,,,,,,,,,,,,,,,
37356,92,92,0,92,0,92,0,92,0,92,0,92,0,92,0,92,0,79.5,0.157,56,0.643
37359,10,10,0,10,0,10,0,10,0,10,0,10,0,10,0,,,9.9,0.0101,9,0.111
37361,,,,,,,,,,,,,,,,,,,,,
37363,,,,,,,,,,,,,,,,,,,,,
37365,,,,,,,,,,,,,,,,,,,,,
37366,14.9,14.9,0,14.9,0,14.9,0,14.9,0,14.9,0,14.9,0,14.9,0,14.9,0,14.9,0,14.9,0
37372,,,,,,,,,,,,,,,,,,,,,
37385,,,,,,,,,,,,,,,,,,,,,
37387,95,95,0,95,0,95,0,95,0,95,0,95,0,95,0,95,0,65.5,0.45,65.5,0.45
37392,,,,,,,,,,,,,,,,,,,,,
37398,,,,,,,,,,,,,,,,,,,,,
37399,,,,,,,,,,,,,,,,,,,,,
37400,25,25,0,25,0,25,0,25,0,25,0,25,0,25,0,26,-0.0385,,,19.5,0.282
37401,22.5,22.5,0,22.5,0,22.5,0,22.5,0,22.5,0,19.9,0.131,22.5,0,21.5,0.0465,21,0.0714,21,0.0714
37402,15,15,0,,,15,0,15,0,18.9,-0.206,,,18.9,-0.206,21.4,-0.299,20.5,-0.268,19.5,-0.231
37409,,,,,,,,,,,,,,,,,,,,,
37410,,,,,,,,,,,,,,,,,,,,,
37412,,,,,,,,,,,,,,,,,,,,,
37413,144,144,0,144,0,144,0,144,0,144,0,144,0,144,0,144,0,99,0.449,99,0.449
37418,,,,,,,,,,,,,,,,,,,,,
37425,17.5,17.5,0,17.5,0,17.5,0,,,17,0.0294,,,17.5,0,,,17.5,0,15.5,0.129
37428,275,275,0,275,0,275,0,275,0,275,0,275,0,265,0.0377,265,0.0377,179,0.536,179,0.536
37438,27.9,27.9,0,27.9,0,27.9,0,27.9,0,27.9,0,27.9,0,27.9,0,27.9,0,23,0.213,15.5,0.8
37439,42.8,42.8,0,42.8,0,42.8,0,42.8,0,42.8,0,42.8,0,42.8,0,42.8,0,33.5,0.278,23,0.861
37441,,,,,,,,,,,,,,,,,,,,,
37715,8.5,8.5,0,10.2,-0.167,8.5,0,8.5,0,10.2,-0.167,10.2,-0.167,10.2,-0.167,10.2,-0.167,9.4,-0.0957,7,0.214
38110,,,,,,,,,,,,,,,,,,,,,
38111,26.5,26.5,0,26.5,0,26.5,0,26.5,0,26.5,0,26.5,0,23.5,0.128,23.5,0.128,33,-0.197,33,-0.197
38172,46,46,0,46,0,46,0,46,0,46,0,46,0,46,0,46,0,27.5,0.673,22.5,1.04
38199,255,255,0,255,0,255,0,257,-0.00778,257,-0.00778,257,-0.00778,257,-0.00778,257,-0.00778,199,0.281,166,0.536
38234,11.5,11.5,0,11.5,0,11.5,0,11.5,0,11.5,0,11.5,0,11.5,0,11.5,0,10,0.15,10,0.15
38296,61,61,0,61,0,61,0,61,0,61,0,58,0.0517,55.5,0.0991,51.6,0.182,52,0.173,52,0.173
38297,199,199,0,199,0,199,0,199,0,199,0,175,0.138,190,0.0479,175,0.138,190,0.0474,193,0.0311
38300,36,36,0,36,0,36,0,36,0,36,0,29.9,0.204,33.6,0.0714,33.6,0.0714,33.5,0.0746,33.9,0.0619
38318,,,,,,,,,,,,,,,,,,,,,
38326,,,,,,,,,,,,,,,,,,,,,
38342,13,13,0,13,0,13,0,12,0.0833,12,0.0833,12,0.0833,12,0.0833,,,12,0.0833,,
38350,13,13,0,13,0,13,0,12,0.0833,12,0.0833,12,0.0833,12,0.0833,,,12,0.0833,,
38369,,,,,,,,,,,,,,,,,,,,,
38407,4.5,4.5,0,4.5,0,4.5,0,4,0.125,4,0.125,4,0.125,,,4,0.125,4,0.125,4.4,0.0227
38415,4.5,4.5,0,4.5,0,4.5,0,4,0.125,4,0.125,4,0.125,,,4,0.125,4,0.125,4.4,0.0227
38788,14,14,0,14,0,14,0,14,0,14,0,14,0,14,0,14,0,9.3,0.505,9.3,0.505
38789,13.5,13.5,0,13.5,0,13.5,0,13.5,0,13.5,0,13.5,0,13.5,0,13.5,0,7.5,0.8,8.5,0.588
38882,7.5,7.5,0,7.5,0,7.5,0,7.5,0,7.5,0,7.5,0,7.5,0,7.5,0,5,0.5,5,0.5
38946,8,8,0,8,0,8,0,8,0,8,0,8,0,8,0,,,6,0.333,6,0.333
38962,3.2,3.2,0,3.2,0,3.2,0,3.2,0,3.2,0,3.2,0,3.2,0,3.2,0,2.5,0.28,2,0.6
39616,33.5,33.5,0,33.5,0,33.5,0,33.5,0,33.5,0,33.5,0,33.5,0,33.5,0,24,0.396,,
39717,,,,,,,,,,,,,,,,,,,,,
39718,97,97,0,97,0,97,0,97,0,97,0,97,0,88,0.102,88,0.102,73,0.329,73,0.329
40001,28.5,28.5,0,28.5,0,28.5,0,28.5,0,26,0.0962,26,0.0962,26,0.0962,32,-0.109,26.5,0.0755,,
40002,74.5,74.5,0,74.5,0,74.5,0,74.5,0,74.5,0,74.5,0,74.5,0,74.5,0,48.5,0.536,38.5,0.935
40010,69.5,69.5,0,69.5,0,69.5,0,69.5,0,69.5,0,69.5,0,69.5,0,69.5,0,45.5,0.527,34.5,1.01
40011,69.5,69.5,0,69.5,0,69.5,0,69.5,0,69.5,0,69.5,0,69.5,0,69.5,0,49.5,0.404,38,0.829
40467,18.5,18.5,0,18.5,0,18.5,0,18.5,0,18.5,0,17.9,0.0335,20,-0.075,20,-0.075,17.9,0.0335,16.4,0.128
40470,152,152,0,152,0,152,0,152,0,152,0,152,0,152,0,,,90,0.689,90,0.689
41516,189,189,0,189,0,189,0,189,0,189,0,189,0,189,0,189,0,170,0.112,114,0.651
41717,,,,,,,,,,,,,,,,,,,,,
41720,,,,,,,,,,,,,,,,,,,,,
41977,42,42,0,42,0,42,0,42,0,42,0,42,0,42,0,42,0,38,0.105,38,0.105
42056,17.9,17.9,0,17.9,0,17.9,0,17.9,0,17.9,0,22.3,-0.197,22.3,-0.197,22.3,-0.197,20,-0.105,17.5,0.0229
42064,17.9,17.9,0,17.9,0,17.9,0,17.9,0,17.9,0,20.7,-0.135,20.7,-0.135,22.3,-0.197,20,-0.105,17.5,0.0229
42161,67.5,67.5,0,67.5,0,48,0.406,48,0.406,67.5,0,67.5,0,54,0.25,67.6,-0.00148,66.3,0.0181,50,0.35
43354,62,62,0,62,0,62,0,62,0,57,0.0877,57,0.0877,,,56,0.107,56,0.107,56,0.107
44977,18.5,18.5,0,18.5,0,18.5,0,18.5,0,18.5,0,18.5,0,18.5,0,17.9,0.0335,15,0.233,14.3,0.294
45233,120,120,0,120,0,120,0,,,120,0,120,0,120,0,120,0,99,0.212,99,0.212
45314,25.5,25.5,0,25.5,0,25.5,0,29.5,-0.136,29.5,-0.136,29.5,-0.136,39.5,-0.354,39.5,-0.354,27,-0.0556,24,0.0625
45549,22.5,22.5,0,22.5,0,22.5,0,22.5,0,22.5,0,20,0.125,20,0.125,,,,,,
45688,,,,,,,,,,,,,,,,,,,,,
45788,,,,,,,,,,,,,,,,,,,,,
45789,36,36,0,36,0,36,0,36,0,36,0,36,0,36,0,,,30,0.2,30,0.2
45792,33.5,33.5,0,33.5,0,33.5,0,33.5,0,33.5,0,33.5,0,33.5,0,,,28.5,0.175,,
45793,18.5,18.5,0,18.5,0,18.5,0,18.5,0,18.5,0,18.5,0,18.5,0,,,12.5,0.48,12.5,0.48
46106,6,6,0,6,0,6,0,6,0,6,0,6,0,6,0,,,5.5,0.0909,4.3,0.395
46107,,,,,,,,,,,,,,,,,,,,,
46108,5.5,5.5,0,5.5,0,5.5,0,5.5,0,5.5,0,5.5,0,5.5,0,5.5,0,5.5,0,4.5,0.222
46135,5.5,5.5,0,,,5.5,0,5.5,0,5.5,0,5.5,0,5.5,0,5.5,0,5.5,0,4.5,0.222
46351,18,18,0,18,0,18,0,18,0,18,0,18,0,18,0,15.5,0.161,15.5,0.161,14,0.286
46655,30.6,30.6,0,30.6,0,30.6,0,30.6,0,30.6,0,40.8,-0.25,40.8,-0.25,40.8,-0.25,37.5,-0.184,28.7,0.0662
46663,30.6,30.6,0,30.6,0,30.6,0,30.6,0,30.6,0,42.1,-0.273,42.1,-0.273,42,-0.271,38.8,-0.211,,
46710,6.5,6.5,0,6.5,0,6.5,0,6.5,0,6.5,0,6.5,0,6.5,0,6.5,0,4.8,0.354,4.8,0.354
47187,,,,,,,,,,,,,,,,,,,,,
47189,75.5,75.5,0,75.5,0,75.5,0,75.5,0,75.5,0,75.5,0,75.5,0,67,0.127,67,0.127,,
47391,,,,,,,,,,,,,,,,,,,,,
47392,649,649,0,649,0,649,0,649,0,649,0,649,0,649,0,649,0,479,0.355,459,0.414
47397,,,,,,,,,,,,,,,,,,,,,
47398,,,,,,,,,,,,,,,,,,,,,
47457,199,199,0,199,0,199,0,199,0,199,0,189,0.0529,189,0.0529,189,0.0529,170,0.171,179,0.112
47678,619,619,0,619,0,619,0,619,0,619,0,699,-0.114,699,-0.114,699,-0.114,595,0.0403,449,0.379
48526,52,52,0,52,0,52,0,52,0,52,0,52,0,52,0,52,0,35.9,0.448,35.9,0.448
48534,59,59,0,59,0,59,0,59,0,59,0,59,0,59,0,59,0,46,0.283,46,0.283
48658,15,15,0,15,0,15,0,15,0,15,0,15,0,15,0,15,0,12.9,0.163,11.7,0.282
48666,16.9,16.9,0,16.9,0,16.9,0,16.9,0,16.9,0,16.5,0.0242,20,-0.155,20,-0.155,17,-0.00588,15.5,0.0903
48674,95.5,95.5,0,95.5,0,95.5,0,95.5,0,95.5,0,,,,,95.5,0,83,0.151,76,0.257
48704,16.9,16.9,0,16.9,0,16.9,0,16.9,0,16.9,0,16.5,0.0242,20,-0.155,20,-0.155,17,-0.00588,15.5,0.0903
48720,95.5,95.5,0,95.5,0,95.5,0,95.5,0,95.5,0,95.5,0,,,,,83,0.151,76,0.257
48778,18.5,18.5,0,18.5,0,18.5,0,18.5,0,18.5,0,16.5,0.121,18.5,0,,,,,18,0.0278
49069,,,,,,,,,,,,,,,,,,,,,
49085,,,,,,,,,,,,,,,,,,,,,
49220,,,,,,,,,,,,,,,,,,,,,
49905,164,164,0,164,0,164,0,,,164,0,164,0,164,0,,,,,,
50005,92,92,0,92,0,92,0,92,0,92,0,92,0,92,0,,,,,,
50006,,,,,,,,,,,,,,,,,,,,,
50011,,,,,,,,,,,,,,,,,,,,,
50015,,,,,,,,,,,,,,,,,,,,,
50030,198,198,0,198,0,198,0,198,0,198,0,198,0,198,0,198,0,150,0.32,,
50032,11,11,0,11,0,11,0,11,0,11,0,11,0,11,0,11,0,9,0.222,7.3,0.507
50035,,,,,,,,,,,,,,,,,,,,,
50066,59.9,59.9,0,59.9,0,59.9,0,59.9,0,59.9,0,59.9,0,61.9,-0.0323,61.9,-0.0323,53.9,0.111,53.9,0.111
50075,319,319,0,319,0,319,0,319,0,319,0,349,-0.086,349,-0.086,349,-0.086,295,0.0814,239,0.335
50096,,,,,,,,,,,,,,,,,,,,,
50106,19.9,19.9,0,19.9,0,19.9,0,19.9,0,19.9,0,19.9,0,,,,,,,,
50145,79.5,79.5,0,79.5,0,79.5,0,79.5,0,79.5,0,79.5,0,79.5,0,79.5,0,,,,
51061,,,,,,,,,,,,,,,,,,,,,
51062,,,,,,,,,,,,,,,,,,,,,
51063,,,,,,,,,,,,,,,,,,,,,
51064,64.5,64.5,0,64.5,0,64.5,0,64.5,0,64.5,0,64.5,0,64.5,0,64.5,0,53.5,0.206,,
51284,23.5,23.5,0,23.5,0,23.5,0,23.5,0,23.5,0,23.5,0,,,23.5,0,19.5,0.205,19.5,0.205
51322,32.5,32.5,0,32.5,0,32.5,0,32.5,0,32.5,0,32.5,0,32.5,0,32.5,0,28.5,0.14,28.5,0.14
51471,5,5,0,5,0,5,0,5,0,5,0,5,0,5,0,5,0,5,0,4,0.25
51616,134,134,0,134,0,134,0,125,0.0729,125,0.0729,125,0.0729,125,0.0729,164,-0.183,,,135,-0.00814
51993,9.3,9.3,0,9.3,0,9.3,0,9.3,0,9.3,0,9.3,0,9.3,0,,,7.4,0.257,,
52257,349,349,0,349,0,349,0,449,-0.223,449,-0.223,449,-0.223,449,-0.223,449,-0.223,299,0.167,286,0.22
53767,21.5,21.5,0,21.5,0,21.5,0,21.5,0,21.5,0,21.5,0,21.5,0,21.5,0,16.5,0.303,15,0.433
53937,11.4,11.4,0,11.4,0,11.4,0,11.4,0,11.4,0,11.4,0,11.4,0,11.4,0,8.2,0.39,6,0.9
53970,21.9,21.9,0,26,-0.158,26,-0.158,26,-0.158,26,-0.158,26,-0.158,26,-0.158,,,,,,
54060,12.5,12.5,0,12.5,0,12.5,0,12.5,0,12.5,0,12,0.0417,12,0.0417,12,0.0417,10.9,0.147,9.8,0.276
54061,12.5,12.5,0,12.5,0,12.5,0,12.5,0,12.5,0,12,0.0417,11.6,0.0776,,,10.9,0.147,9.8,0.276
54062,22,22,0,22,0,22,0,22,0,22,0,21.5,0.0233,21.5,0.0233,21.5,0.0233,19.5,0.128,17.5,0.257
54063,22,22,0,22,0,22,0,22,0,22,0,21.5,0.0233,,,21,0.0476,19.5,0.128,17.5,0.257
55080,,,,,,,,,,,,,,,,,,,,,
56030,136,136,0,136,0,136,0,136,0,136,0,136,0,136,0,136,0,149,-0.0872,149,-0.0872
56057,99,99,0,99,0,99,0,99,0,99,0,99,0,99,0,,,,,59,0.678
57093,10,10,0,10,0,10,0,10,0,10,0,10,0,10,0,10,0,,,,
57117,27.5,27.5,0,27.5,0,27.5,0,27.5,0,27.5,0,26.5,0.0377,27.5,0,,,,,,
57771,35.5,35.5,0,35.5,0,35.5,0,35.5,0,35.5,0,35.5,0,35.5,0,33.9,0.0472,25.9,0.371,30.5,0.164
57773,33.9,33.9,0,33.9,0,33.9,0,33.9,0,33.9,0,33.9,0,33.9,0,33.9,0,31,0.0935,31,0.0935
57888,38,38,0,38,0,38,0,38,0,36.5,0.0411,36.5,0.0411,36.5,0.0411,34,0.118,31,0.226,31,0.226
58360,33.9,33.9,0,33.9,0,33.9,0,33.9,0,33.9,0,31,0.0935,,,,,32,0.0594,32.9,0.0304
58378,16.9,16.9,0,16.9,0,16.9,0,16.9,0,16.9,0,16.9,0,16.9,0,16.9,0,15.4,0.0974,,
58408,,,,,,,,,,,,,,,,,,,,,
58424,,,,,,,,,,,,,,,,,,,,,
58432,,,,,,,,,,,,,,,,,,,,,
58718,,,,,,,,,,,,,,,,,,,,,
59041,6.5,6.5,0,6.5,0,6.5,0,6.5,0,6.5,0,6.5,0,6.5,0,6.5,0,5.5,0.182,5,0.3
59366,10.5,10.5,0,10.5,0,10.5,0,10.5,0,10.5,0,10.5,0,10.5,0,10.5,0,10.5,0,10.5,0
60468,95.5,95.5,0,95.5,0,95.5,0,95.5,0,95.5,0,95.5,0,95.5,0,95.5,0,73.5,0.299,73.5,0.299
61509,,,,,,,,,,,,,,,,,,,,,
61719,48,48,0,48,0,48,0,48,0,48,0,48,0,60.5,-0.207,,,23.5,1.04,,
61731,,,,,,,,,,,,,,,,,,,,,
61972,,,,,,,,,,,,,,,,,,,,,
62151,,,,,,,,,,,,,,,,,,,,,
62190,6.9,6.9,0,6.9,0,6.9,0,6.9,0,6.9,0,8.5,-0.188,8.5,-0.188,8.9,-0.225,,,5.5,0.255
62191,13.5,13.5,0,13.5,0,13.5,0,13.5,0,13.5,0,17.5,-0.229,17.5,-0.229,17.5,-0.229,11.5,0.174,11.5,0.174
62510,36.5,36.5,0,36.5,0,36.5,0,36.5,0,36.5,0,36.5,0,36.5,0,36.5,0,26,0.404,26,0.404
62618,45,45,0,45,0,45,0,45,0,45,0,45,0,45,0,45,0,38.5,0.169,,
62626,,,,,,,,,,,,,,,,,,,,,
62669,37.5,37.5,0,37.5,0,37.5,0,37.5,0,37.5,0,30.9,0.214,37.5,0,30.9,0.214,35.9,0.0446,35.9,0.0446
62717,18,18,0,18,0,18,0,18,0,18,0,18,0,18,0,,,15,0.2,15,0.2
62718,,,,,,,,,,,,,,,,,,,,,
62722,,,,,,,,,,,,,,,,,,,,,
62725,,,,,,,,,,,,,,,,,,,,,
62726,,,,,,,,,,,,,,,,,,,,,
62728,,,,,,,,,,,,,,,,,,,,,
62730,,,,,,,,,,,,,,,,,,,,,
62779,,,,,,,,,,,,,,,,,,,,,
62780,,,,,,,,,,,,,,,,,,,,,
62782,,,,,,,,,,,,,,,,,,,,,
62801,,,,,,,,,,,,,,,,,,,,,
62802,5.5,5.5,0,5.5,0,5.5,0,5.5,0,5.5,0,5.5,0,5.5,0,5.5,0,,,,
62803,,,,,,,,,,,,,,,,,,,,,
63101,71,71,0,71,0,71,0,71,0,71,0,71,0,71,0,71,0,65,0.0923,46,0.543
63102,138,138,0,138,0,138,0,138,0,138,0,138,0,138,0,138,0,123,0.118,90,0.528
63401,5.5,5.5,0,5.5,0,5.5,0,4.9,0.122,4.9,0.122,4.9,0.122,4.9,0.122,4.5,0.222,4.4,0.25,4.4,0.25
63402,5.5,5.5,0,5.5,0,5.5,0,4.9,0.122,4.9,0.122,4.9,0.122,4.9,0.122,,,4.4,0.25,4.4,0.25
63403,5.5,5.5,0,5.5,0,5.5,0,4.9,0.122,4.9,0.122,4.9,0.122,4.9,0.122,4.5,0.222,4.4,0.25,4.4,0.25
63404,5.5,5.5,0,,,,,4.9,0.122,4.9,0.122,4.9,0.122,4.9,0.122,4.5,0.222,4.4,0.25,,
63789,76,76,0,76,0,76,0,76,0,76,0,62.9,0.208,76,0,76,0,63.5,0.197,57.5,0.322
63975,,,,,,,,,,,,,,,,,,,,,
64003,38.9,38.9,0,38.9,0,38.9,0,38.9,0,38.9,0,,,,,,,,,,
64017,82.5,82.5,0,82.5,0,82.5,0,82.5,0,82.5,0,82.5,0,82.5,0,82.5,0,68.9,0.197,63,0.31
64084,,,,,,,,,,,,,,,,,,,,,
64190,3.5,3.5,0,3.5,0,3.5,0,,,,,,,,,,,,,,
64262,8.8,8.8,0,8.8,0,8.8,0,8.8,0,8.8,0,8.8,0,8.8,0,8.8,0,8,0.1,7,0.257
64289,69,69,0,73.9,-0.0663,73.9,-0.0663,73.9,-0.0663,73.9,-0.0663,73.9,-0.0663,73.9,-0.0663,82.5,-0.164,49.9,0.383,54.5,0.266
64291,23.5,23.5,0,23.5,0,,,,,,,23.5,0,23.5,0,23.5,0,23.5,0,23.5,0
64292,14.9,14.9,0,14.9,0,14.9,0,14.9,0,14.9,0,14.9,0,14.9,0,14.9,0,14.9,0,14.9,0
64297,36.9,36.9,0,44.9,-0.178,36.9,0,36.9,0,44.9,-0.178,36.9,0,44.9,-0.178,37.9,-0.0264,29.9,0.234,36.5,0.011
64378,,,,,,,,,,,,,,,,,,,,,
64394,,,,,,,,,,,,,,,,,,,,,
64408,,,,,,,,,,,,,,,,,,,,,
64416,34,34,0,34,0,34,0,34,0,34,0,34,0,34,0,34,0,29.5,0.153,29.5,0.153
64424,37,37,0,37,0,37,0,37,0,37,0,37,0,37,0,,,32.5,0.138,32.5,0.138
64440,,,,,,,,,,,,,,,,,,,,,
64459,,,,,,,,,,,,,,,,,,,,,
64710,23,23,0,23,0,23,0,23,0,23,0,23,0,,,,,,,,
64715,14.9,14.9,0,14.9,0,14.9,0,14.9,0,29.9,-0.502,29,-0.486,34.9,-0.573,34.9,-0.573,34.9,-0.573,22.9,-0.349
64769,,,,,,,,,,,,,,,,,,,,,
64770,48.5,48.5,0,48.5,0,48.5,0,48.5,0,48.5,0,48.5,0,48.5,0,,,,,,
64771,73.9,73.9,0,73.9,0,,,,,,,,,,,,,,,,
64866,19.9,19.9,0,19.9,0,19.9,0,19.9,0,19.9,0,19.9,0,,,,,18,0.106,18.1,0.0994
64874,,,,,,,,,,,,,,,,,,,,,
64882,,,,,,,,,,,,,,,,,,,,,
65005,,,,,,,,,,,,,,,,,,,,,
65108,30,30,0,30,0,30,0,30,0,30,0,30,0,30,0,24.5,0.224,24.5,0.224,24.5,0.224
65149,62,62,0,62,0,62,0,62,0,62,0,62,0,62,0,,,34,0.824,34,0.824
65293,,,,,,,,,,,,,,,,,,,,,
65390,,,,,,,,,,,,,,,,,,,,,
65410,26.5,26.5,0,26.5,0,26.5,0,26.5,0,,,26.5,0,26.5,0,26.5,0,26.5,0,21.5,0.233
65411,26.5,26.5,0,26.5,0,26.5,0,26.5,0,26.5,0,22.5,0.178,26.5,0,26.5,0,26.5,0,21.9,0.21
65417,60,60,0,60,0,60,0,60,0,60,0,63,-0.0476,64,-0.0625,63,-0.0476,44,0.364,35.9,0.671
66508,,,,,,,,,,,,,,,,,,,,,
66818,32.9,32.9,0,49.5,-0.335,49.5,-0.335,49.5,-0.335,49.5,-0.335,49.5,-0.335,49.5,-0.335,49.5,-0.335,,,33.5,-0.0179
67047,62.5,62.5,0,62.5,0,54.9,0.138,54.9,0.138,62.5,0,62.5,0,62.5,0,62.5,0,39.8,0.57,38,0.645
67096,16,16,0,16,0,16,0,16,0,16,0,16,0,16,0,16,0,16,0,14.5,0.103
67097,16,16,0,16,0,16,0,16,0,16,0,16,0,16,0,16,0,16,0,14.5,0.103
67117,38,38,0,38,0,38,0,38,0,38,0,38,0,38,0,38,0,29,0.31,27,0.407
67130,,,,,,,,,,,,,,,,,,,,,
67520,,,,,,,,,,,,,,,,,,,,,
67580,21,21,0,21,0,21,0,21,0,21,0,21,0,21,0,21,0,17.5,0.2,14,0.5
67679,21,21,0,21,0,21,0,21,0,21,0,21,0,21,0,21,0,17.5,0.2,14.4,0.458
67681,5.9,5.9,0,7.5,-0.213,6.5,-0.0923,6.5,-0.0923,7.5,-0.213,7.5,-0.213,7.5,-0.213,7.5,-0.213,6.5,-0.0923,5.5,0.0727
67683,21.9,21.9,0,27.5,-0.204,27.5,-0.204,27.5,-0.204,27.5,-0.204,27.5,-0.204,27.5,-0.204,22.9,-0.0437,25.5,-0.141,23.7,-0.0759
67684,,,,,,,,,,,,,,,,,,,,,
67685,,,,,,,,,,,,,,,,,,,,,
67781,36,36,0,36,0,36,0,36,0,36,0,36,0,36,0,47.3,-0.239,39.5,-0.0886,26,0.385
67791,,,,,,,,,,,,,,,,,,,,,
67980,33.5,33.5,0,33.5,0,33.5,0,33.5,0,32.5,0.0308,32.5,0.0308,32.5,0.0308,31.5,0.0635,29,0.155,29,0.155
67992,,,,,,,,,,,,,,,,,,,,,
68110,15,15,0,15,0,15,0,15,0,15,0,15,0,15,0,15,0,10.7,0.402,10.7,0.402
68438,29,29,0,29,0,29,0,29,0,29,0,29,0,29,0,29,0,14.9,0.946,17.5,0.657
68718,12.5,12.5,0,12.5,0,12.5,0,12.5,0,12.5,0,12.5,0,12.5,0,10.6,0.179,,,10.5,0.19
68837,17.5,17.5,0,17.5,0,14.9,0.174,14.9,0.174,17.5,0,14.5,0.207,17.5,0,13.9,0.259,15,0.167,14,0.25
68845,39.9,39.9,0,39.9,0,39.9,0,39.9,0,39.9,0,39.9,0,39.9,0,46.8,-0.147,36.5,0.0932,29.9,0.334
68926,24,24,0,24,0,24,0,24,0,24,0,,,24,0,,,12.5,0.92,11.5,1.09
68934,13.5,13.5,0,13.5,0,13.5,0,13.5,0,14.5,-0.069,14.5,-0.069,14.5,-0.069,15.4,-0.123,14.8,-0.0878,10.5,0.286
68977,13.5,13.5,0,13.5,0,13.5,0,13.5,0,10.9,0.239,10.9,0.239,15,-0.1,15,-0.1,14.8,-0.0878,10.5,0.286
69000,10.9,10.9,0,10.9,0,10.9,0,10.9,0,,,,,,,,,,,,
69001,,,,,,,,,,,,,,,,,,,,,
69003,,,,,,,,,,,,,,,,,,,,,
69004,,,,,,,,,,,,,,,,,,,,,
69027,,,,,,,,,,,,,,,,,,,,,
69051,10.9,10.9,0,10.9,0,10.9,0,10.9,0,,,,,,,,,,,,
69094,13.9,13.9,0,13.9,0,13.9,0,13.9,0,13.9,0,13.9,0,13.9,0,15.4,-0.0974,14.8,-0.0608,10.5,0.324
69124,13.9,13.9,0,13.9,0,13.9,0,13.9,0,13.9,0,13.9,0,13.9,0,15.4,-0.0974,14.8,-0.0608,10.5,0.324
69140,,,,,,,,,,,,,,,,,,,,,
69159,,,,,,,,,,,,,,,,,,,,,
69167,18.5,18.5,0,18.5,0,18.5,0,18.5,0,18.5,0,18.5,0,18.5,0,18.5,0,18.5,0,18.5,0
69175,,,,,,,,,,,,,,,,,,,,,
69230,,,,,,,,,,,,,,,,,,,,,
69248,26.5,26.5,0,26.5,0,26.5,0,26.5,0,26.5,0,26.5,0,26.5,0,28,-0.0536,27,-0.0185,19.5,0.359
69256,,,,,,,,,,,,,,,,,,,,,
69523,,,,,,,,,,,,,,,,,,,,,
69548,18.5,18.5,0,18.5,0,18.5,0,18.5,0,18.5,0,,,17,0.0882,18,0.0278,17,0.0882,,
69719,29.5,29.5,0,29.5,0,29.5,0,29.5,0,29.5,0,29.5,0,29.5,0,29.5,0,21.5,0.372,19.5,0.513
69730,,,,,,,,,,,,,,,,,,,,,
69850,25,25,0,32,-0.219,32,-0.219,32,-0.219,32,-0.219,32,-0.219,32,-0.219,34,-0.265,34,-0.265,29,-0.138
69868,56,56,0,56,0,56,0,56,0,56,0,56,0,56,0,,,,,,
69876,56,56,0,56,0,56,0,56,0,56,0,56,0,56,0,60,-0.0667,60,-0.0667,50,0.12
69877,58.5,58.5,0,58.5,0,58.5,0,58.5,0,58.5,0,58.5,0,58.5,0,58.5,0,,,,
69884,57,57,0,71,-0.197,71,-0.197,71,-0.197,71,-0.197,71,-0.197,71,-0.197,74,-0.23,74,-0.23,63,-0.0952
69892,82,82,0,99,-0.172,99,-0.172,99,-0.172,99,-0.172,99,-0.172,99,-0.172,106,-0.226,106,-0.226,89,-0.0787
69906,25,25,0,32,-0.219,32,-0.219,32,-0.219,32,-0.219,32,-0.219,32,-0.219,34,-0.265,34,-0.265,29,-0.138
69914,44,44,0,55,-0.2,55,-0.2,55,-0.2,55,-0.2,55,-0.2,55,-0.2,58,-0.241,58,-0.241,49,-0.102
71064,,,,,,,,,,,,,,,,,,,,,
71072,,,,,,,,,,,,,,,,,,,,,
71129,,,,,,,,,,,,,,,,,,,,,
71161,,,,,,,,,,,,,,,,,,,,,
71170,99.9,99.9,0,99.9,0,99.9,0,99.9,0,99.9,0,99.9,0,99.9,0,115,-0.131,79.9,0.25,66.9,0.493
71173,39.5,39.5,0,39.5,0,39.5,0,39.5,0,39.5,0,39.5,0,37.5,0.0533,37.5,0.0533,34,0.162,31.5,0.254
71174,47.9,47.9,0,47.9,0,47.9,0,47.9,0,47.9,0,47.9,0,47.9,0,47.9,0,46,0.0413,45,0.0644
71612,10,10,0,10,0,10,0,10,0,10,0,,,,,10,0,10,0,10,0
71650,47.5,47.5,0,47.5,0,32.5,0.462,32.5,0.462,47.5,0,47.5,0,47.5,0,39,0.218,52.4,-0.0935,37.5,0.267
71714,38.2,38.2,0,38.2,0,38.2,0,47.7,-0.199,47.7,-0.199,47.7,-0.199,47.7,-0.199,54,-0.293,52.4,-0.271,36.8,0.038
72150,193,193,0,193,0,193,0,193,0,193,0,193,0,173,0.116,173,0.116,139,0.388,139,0.388
72160,20,20,0,20,0,20,0,20,0,20,0,20,0,20,0,20,0,17.5,0.143,17.5,0.143
72166,69.5,69.5,0,69.5,0,69.5,0,69.5,0,69.5,0,69.5,0,69.5,0,69.5,0,40,0.738,40,0.738
72169,34.5,34.5,0,34.5,0,34.5,0,34.5,0,34.5,0,34.5,0,34.5,0,25,0.38,25,0.38,25,0.38
72171,29.5,29.5,0,29.5,0,29.5,0,29.5,0,29.5,0,29.5,0,29.5,0,29.5,0,29.5,0,29.5,0
72172,24.5,24.5,0,24.5,0,24.5,0,24.5,0,24.5,0,24.5,0,24.5,0,24.5,0,24.5,0,24.5,0
72173,30,30,0,30,0,30,0,30,0,30,0,30,0,30,0,30,0,30,0,30,0
72184,185,185,0,185,0,185,0,185,0,185,0,185,0,173,0.0694,173,0.0694,139,0.331,,
72214,193,193,0,193,0,193,0,193,0,193,0,193,0,173,0.116,173,0.116,139,0.388,139,0.388
72230,205,205,0,205,0,205,0,205,0,205,0,205,0,205,0,205,0,167,0.228,167,0.228
72320,,,,,,,,,,,,,,,,,,,,,
73326,60,60,0,60,0,60,0,75,-0.2,75,-0.2,75,-0.2,75,-0.2,85,-0.294,82.5,-0.273,57.9,0.0363
73458,21.9,21.9,0,21.9,0,21.9,0,27.3,-0.198,27.3,-0.198,27.3,-0.198,27.3,-0.198,31,-0.294,30.1,-0.272,21.9,0
73466,34.8,34.8,0,34.8,0,34.8,0,43.5,-0.2,43.5,-0.2,43.5,-0.2,43.5,-0.2,49.5,-0.297,47.8,-0.272,34.5,0.0087
73490,46.5,46.5,0,46.5,0,46.5,0,58,-0.198,58,-0.198,58,-0.198,58,-0.198,65.9,-0.294,63.8,-0.271,46.5,0
73512,20.2,20.2,0,20.2,0,20.2,0,25.3,-0.202,25.3,-0.202,25.3,-0.202,20,0.01,28.9,-0.301,27.8,-0.273,20,0.01
73687,,,,,,,,,,,,,,,,,,,,,
74454,81,81,0,81,0,81,0,81,0,81,0,81,0,81,0,81,0,81,0,81,0
74730,,,,,,,,,,,,,,,,,,,,,
74941,7,7,0,7,0,7,0,7,0,7,0,7,0,7,0,6,0.167,5.7,0.228,5,0.4
75191,10,10,0,10,0,10,0,10,0,10,0,10,0,10,0,10,0,10,0,10,0
75825,639,639,0,639,0,639,0,639,0,639,0,639,0,675,-0.0533,675,-0.0533,595,0.0739,455,0.404
77178,9.9,9.9,0,12,-0.175,12,-0.175,12,-0.175,12,-0.175,10.9,-0.0917,13.5,-0.267,13.5,-0.267,13,-0.238,11.4,-0.132
79570,,,,,,,,,,,,,,,,,,,,,
80349,22,22,0,22,0,22,0,22,0,,,,,,,,,,,,
80861,,,,,,,,,,,,,,,,,,,,,
80870,,,,,,,,,,,,,,,,,,,,,
81107,,,,,,,,,,,,,,,,,,,,,
81183,,,,,,,,,,,,,,,,,,,,,
81221,,,,,,,,,,,,,,,,,,,,,
81248,,,,,,,,,,,,,,,,,,,,,
82414,15,15,0,15,0,15,0,15,0,15,0,15,0,15,0,15,0,12.9,0.163,11.7,0.282
82422,18,18,0,18,0,18,0,18,0,18,0,14.5,0.241,18,0,18,0,11.5,0.565,13,0.385
82430,92.5,92.5,0,92.5,0,92.5,0,92.5,0,92.5,0,92.5,0,92.5,0,92.5,0,68.9,0.343,68.9,0.343
82570,,,,,,,,,,,,,,,,,,,,,
82627,38.9,38.9,0,38.9,0,38.9,0,38.9,0,38.9,0,38.9,0,38.9,0,,,,,29.5,0.319
82643,54.9,54.9,0,54.9,0,54.9,0,54.9,0,54.9,0,54.9,0,54.9,0,,,46,0.193,41.9,0.31
83992,193,193,0,193,0,193,0,169,0.142,169,0.142,169,0.142,193,0,,,130,0.485,130,0.485
84000,,,,,,,,,,,,,,,,,,,,,
84025,12,12,0,12,0,12,0,12,0,12,0,12,0,12,0,12,0,12,0,10,0.2
84026,,,,,,,,,,,,,,,,,,,,,
84042,,,,,,,,,,,,,,,,,,,,,
85001,46,46,0,46,0,46,0,46,0,46,0,46,0,46,0,46,0,41,0.122,39,0.179
85002,87,87,0,87,0,87,0,87,0,87,0,87,0,87,0,87,0,78,0.115,74,0.176
85003,87,87,0,87,0,87,0,87,0,87,0,87,0,87,0,87,0,82,0.061,78,0.115
85004,49.9,49.9,0,49.9,0,49.9,0,49.9,0,49.9,0,49.9,0,49.9,0,49.9,0,47,0.0617,41.5,0.202
85005,94.5,94.5,0,94.5,0,94.5,0,94.5,0,94.5,0,94.5,0,94.5,0,94.5,0,88,0.0739,83,0.139
85006,49.9,49.9,0,49.9,0,49.9,0,49.9,0,49.9,0,49.9,0,49.9,0,49.9,0,46.5,0.0731,41.5,0.202
85007,94.5,94.5,0,94.5,0,94.5,0,94.5,0,94.5,0,94.5,0,94.5,0,,,85.5,0.105,81,0.167
85092,205,205,0,205,0,205,0,205,0,205,0,205,0,205,0,205,0,189,0.0847,180,0.139
85093,225,225,0,225,0,225,0,225,0,225,0,225,0,225,0,225,0,208,0.0817,198,0.136
85094,,,,,,,,,,,,,,,,,,,,,
85124,,,,,,,,,,,,,,,,,,,,,
86126,158,158,0,158,0,158,0,158,0,158,0,158,0,158,0,158,0,130,0.215,118,0.339
86134,158,158,0,158,0,158,0,158,0,,,158,0,158,0,158,0,130,0.215,116,0.362
86667,6.3,6.3,0,6.3,0,6.3,0,6.3,0,6.3,0,4.9,0.286,6.3,0,6.4,-0.0156,6.4,-0.0156,5.5,0.145
87887,125,125,0,125,0,125,0,125,0,,,110,0.137,125,0,115,0.087,115,0.087,112,0.111
88536,67,67,0,67,0,67,0,67,0,67,0,67,0,67,0,62,0.0806,60,0.117,53,0.264
89717,52.5,52.5,0,52.5,0,52.5,0,52.5,0,52.5,0,52.5,0,52.5,0,52.5,0,52.5,0,52.5,0
89966,145,145,0,145,0,145,0,,,178,-0.185,178,-0.185,178,-0.185,178,-0.185,134,0.0781,119,0.218
90018,93.5,93.5,0,93.5,0,93.5,0,93.5,0,93.5,0,89,0.0506,84,0.113,79.2,0.181,78,0.199,77.9,0.2
90115,48.5,48.5,0,48.5,0,48.5,0,48.5,0,48.5,0,43.9,0.105,43.9,0.105,43.5,0.115,43.5,0.115,43.5,0.115
90123,6.7,6.7,0,6.7,0,6.7,0,6.7,0,6.7,0,6.7,0,6.7,0,6.7,0,6.7,0,6.7,0
90131,,,,,,,,,,,,,,,,,,,,,
90140,12.5,12.5,0,12.5,0,12.5,0,12.5,0,12.5,0,12.5,0,12.5,0,12.5,0,10.3,0.214,10.3,0.214
90158,4.5,4.5,0,4.5,0,4.5,0,4.5,0,4.5,0,4.5,0,4.5,0,4.5,0,4.5,0,4.5,0
90166,4.2,4.2,0,4.2,0,4.2,0,4.2,0,4.2,0,4.2,0,4.2,0,4.2,0,4.2,0,4.2,0
90174,5.5,5.5,0,5.5,0,5.5,0,5.5,0,5.5,0,5.5,0,5.5,0,5.5,0,,,5.5,0
90182,5.5,5.5,0,5.5,0,5.5,0,5.5,0,5.5,0,5.5,0,,,5.5,0,5.5,0,5.5,0
90239,9,9,0,9,0,9,0,9,0,,,9,0,,,9,0,6.8,0.324,6.8,0.324
90247,11,11,0,11,0,11,0,11,0,11,0,11,0,11,0,11,0,6,0.833,6,0.833
90255,,,,,,,,,,,,,,,,,,,,,
90263,8.5,8.5,0,8.5,0,8.5,0,8.5,0,8.5,0,8.5,0,8.5,0,8.5,0,,,8.5,0
90271,4.5,4.5,0,4.5,0,4.5,0,4.5,0,4.5,0,4.5,0,,,4.5,0,,,4.5,0
90298,10.5,10.5,0,10.5,0,10.5,0,10.5,0,10.5,0,10.5,0,10.5,0,10.5,0,4.2,1.5,4.2,1.5
90301,7,7,0,7,0,7,0,7,0,7,0,,,,,7,0,7,0,7,0
90310,12,12,0,12,0,12,0,12,0,,,12,0,,,12,0,12,0,12,0
90387,15.5,15.5,0,15.5,0,15.5,0,15.5,0,15.5,0,15.5,0,15.5,0,15.5,0,7.5,1.07,7.5,1.07
90395,,,,,,,,,,,,,,,,,,,,,
90425,,,,,,,,,,,,,,,,,,,,,
90433,15,15,0,15,0,15,0,15,0,15,0,,,,,,,12,0.25,12,0.25
90441,,,,,,,,,,,,,,,,,,,,,
90450,,,,,,,,,,,,,,,,,,,,,
90492,14.5,14.5,0,14.5,0,14.5,0,14.5,0,14.5,0,14.5,0,14.5,0,14.5,0,11.5,0.261,11.5,0.261
90506,12,12,0,12,0,12,0,12,0,12,0,12,0,12,0,12,0,9.8,0.224,9.8,0.224
90530,33,33,0,33,0,33,0,33,0,33,0,33,0,33,0,34.5,-0.0435,22,0.5,22,0.5
90549,18.8,18.8,0,18.8,0,18.8,0,18.8,0,18.8,0,18.8,0,18.8,0,18.8,0,,,13.5,0.393
90565,14.5,14.5,0,14.5,0,14.5,0,14.5,0,14.5,0,14.5,0,14.5,0,14.5,0,8.9,0.629,8.9,0.629
90573,21,21,0,21,0,21,0,21,0,21,0,21,0,21,0,21,0,12.5,0.68,12.5,0.68
90590,21,21,0,21,0,21,0,21,0,21,0,21,0,21,0,21,0,18.5,0.135,18.5,0.135
90638,,,,,,,,,,,,,,,,,,,,,
91093,,,,,,,,,,,,,,,,,,,,,
91189,,,,,,,,,,,,,,,,,,,,,
93531,,,,,,,,,,,,,,,,,,,,,
93532,,,,,,,,,,,,,,,,,,,,,
93980,,,,,,,,,,,,,,,,,,,,,
94129,,,,,,,,,,,,,,,,,,,,,
94749,19.9,19.9,0,19.9,0,19.9,0,19.9,0,19.9,0,21.9,-0.0913,23.9,-0.167,24.9,-0.201,24.9,-0.201,14.9,0.336
94757,18.9,18.9,0,18.9,0,18.9,0,18.9,0,18.9,0,18.9,0,18.9,0,14.9,0.268,14.9,0.268,,
95060,12,12,0,12,0,12,0,12,0,,,,,,,12,0,,,12,0
95079,,,,,,,,,,,,,,,,,,,,,
95087,,,,,,,,,,,,,,,,,,,,,
95095,8.5,8.5,0,8.5,0,8.5,0,8.5,0,8.5,0,8.5,0,8.5,0,8.5,0,8.5,0,8.5,0
95109,9.5,9.5,0,9.5,0,9.5,0,9.5,0,9.5,0,9.5,0,9.5,0,9.5,0,9.5,0,9.5,0
95117,9.5,9.5,0,9.5,0,9.5,0,9.5,0,9.5,0,9.5,0,,,9.5,0,9.5,0,9.5,0
95133,,,,,,,,,,,,,,,,,,,,,
95150,17.5,17.5,0,17.5,0,17.5,0,17.5,0,17.5,0,17.5,0,17.5,0,17.5,0,13.5,0.296,13.5,0.296
95486,11,11,0,11,0,11,0,11,0,,,,,,,,,11,0,11,0
96024,6.5,6.5,0,6.5,0,6.5,0,6.5,0,6.7,-0.0299,5.9,0.102,6.7,-0.0299,6.7,-0.0299,5.5,0.182,5,0.3
96075,6.5,6.5,0,6.5,0,6.5,0,6.5,0,6.7,-0.0299,,,6.7,-0.0299,6.7,-0.0299,5.5,0.182,,
97079,31,31,0,31,0,31,0,31,0,31,0,29.5,0.0508,29.9,0.0368,29.9,0.0368,26.9,0.152,19.5,0.59
97160,,,,,,,,,,,,,,,,,,,,,
97177,,,,,,,,,,,,,,,,,,,,,
97215,61.9,61.9,0,61.9,0,61.9,0,61.9,0,61.9,0,61.9,0,61.9,0,59.5,0.0403,54,0.146,45.9,0.349
97267,59.9,59.9,0,59.9,0,59.9,0,59.9,0,59.9,0,59.9,0,59.9,0,57.5,0.0417,52,0.152,44.5,0.346
98719,,,,,,,,,,,,,,,,,,,,,
98720,,,,,,,,,,,,,,,,,,,,,
98723,29,29,0,29,0,29,0,29,0,29,0,29,0,29,0,29,0,25,0.16,20.5,0.415
100004,,,,,,,,,,,,,,,,,,,,,
100005,,,,,,,,,,,,,,,,,,,,,
100037,11.5,11.5,0,11.5,0,11.5,0,,,,,,,10,0.15,10.5,0.0952,10.5,0.0952,10.5,0.0952
100038,15.9,15.9,0,15.9,0,15.9,0,15.9,0,15.9,0,15.9,0,17.5,-0.0914,17.5,-0.0914,16.5,-0.0364,16.5,-0.0364
100042,6.5,6.5,0,6.5,0,6.5,0,6.5,0,6.5,0,5.9,0.102,7.2,-0.0972,7.2,-0.0972,6.9,-0.058,5.9,0.102
100043,6.5,6.5,0,6.5,0,6.5,0,6.5,0,6.5,0,5.8,0.121,7.2,-0.0972,7.2,-0.0972,6.9,-0.058,5.9,0.102
100044,81,81,0,81,0,81,0,81,0,81,0,81,0,81,0,81,0,74.9,0.0814,81.5,-0.00613
100045,6.5,6.5,0,6.5,0,6.5,0,6.5,0,6.5,0,5.8,0.121,7.2,-0.0972,7.2,-0.0972,6.9,-0.058,5.9,0.102
100047,27.5,27.5,0,27.5,0,27.5,0,17.5,0.571,17.5,0.571,17.5,0.571,17.5,0.571,17.5,0.571,17.5,0.571,,
100049,22.5,22.5,0,22.5,0,18.9,0.19,18.9,0.19,22.5,0,22.5,0,22.5,0,14.9,0.51,,,15.9,0.415
100050,10.5,10.5,0,10.5,0,10.5,0,10.5,0,10.5,0,10.5,0,10.5,0,9.5,0.105,,,,
100055,43.3,43.3,0,43.3,0,43.3,0,43.3,0,43.3,0,43.3,0,43.3,0,43.3,0,40,0.0825,40,0.0825
100056,53.5,53.5,0,53.5,0,53.5,0,53.5,0,53.5,0,53.5,0,53.5,0,53.5,0,48.8,0.0963,43.8,0.221
100057,54.8,54.8,0,54.8,0,54.8,0,54.8,0,54.8,0,54.8,0,40,0.37,54.8,0,47.5,0.154,,
100058,,,,,,,,,,,,,,,,,,,,,
100059,45.9,45.9,0,45.9,0,45.9,0,45.9,0,45.9,0,45.9,0,45.9,0,45.9,0,37.5,0.224,30,0.53
100069,138,138,0,138,0,138,0,138,0,138,0,138,0,138,0,147,-0.0646,120,0.147,120,0.147
100071,55.5,55.5,0,55.5,0,55.5,0,55.5,0,55.5,0,55.5,0,55.5,0,59,-0.0593,46,0.207,46,0.207
100074,,,,,,,,,,,,,,,,,,,,,
100081,40.5,40.5,0,40.5,0,40.5,0,26.9,0.506,26.9,0.506,26.9,0.506,26.9,0.506,26.9,0.506,26.9,0.506,24.5,0.653
100082,40.5,40.5,0,40.5,0,40.5,0,26.9,0.506,26.9,0.506,26.9,0.506,26.9,0.506,26.9,0.506,26.9,0.506,24.5,0.653
100083,40.5,40.5,0,40.5,0,40.5,0,26.9,0.506,26.9,0.506,26.9,0.506,26.9,0.506,26.9,0.506,26.9,0.506,24.5,0.653
100084,42,42,0,42,0,42,0,42,0,42,0,42,0,42,0,42,0,38,0.105,38,0.105
100085,42,42,0,42,0,42,0,42,0,42,0,42,0,42,0,42,0,38,0.105,38,0.105
100091,,,,,,,,,,,,,,,,,,,,,
100096,51,58,-0.121,58,-0.121,58,-0.121,58,-0.121,58,-0.121,64,-0.203,48,0.0625,62.5,-0.184,61,-0.164,59,-0.136
100097,25.5,25.5,0,25.5,0,25.5,0,25.5,0,25.5,0,23.8,0.0714,,,,,,,,
100098,58,58,0,58,0,58,0,58,0,58,0,64,-0.0938,48,0.208,62.5,-0.072,61,-0.0492,59,-0.0169
100099,25.5,25.5,0,25.5,0,25.5,0,25.5,0,25.5,0,23.8,0.0714,26.3,-0.0304,26.3,-0.0304,27,-0.0556,,
100109,10,10,0,10,0,8.5,0.176,8.5,0.176,10,0,10,0,10,0,10,0,7,0.429,7,0.429
100145,,,,,,,,,,,,,,,,,,,,,
100148,25.5,25.5,0,25.5,0,25.5,0,25.5,0,25.5,0,23.8,0.0714,26.3,-0.0304,26.3,-0.0304,27,-0.0556,26,-0.0192
100149,51,58,-0.121,58,-0.121,58,-0.121,58,-0.121,58,-0.121,54.4,-0.0625,62.5,-0.184,62.5,-0.184,51.7,-0.0135,57.5,-0.113
100153,17.5,17.5,0,17.5,0,17.5,0,17.5,0,17.5,0,17.5,0,17.5,0,,,,,,
100182,98.8,98.8,0,98.8,0,85.9,0.15,85.9,0.15,,,101,-0.0218,101,-0.0218,85,0.162,99,-0.00202,94.6,0.0444
100189,60,60,0,60,0,60,0,60,0,58,0.0345,54.4,0.103,62.5,-0.04,62.5,-0.04,61,-0.0164,57.5,0.0435
100191,,,,,,,,,,,,,,,,,,,,,
100197,,,,,,,,,,,,,,,,,,,,,
100206,,,,,,,,,,,,,,,,,,,,,
100207,,,,,,,,,,,,,,,,,,,,,
100208,118,118,0,118,0,118,0,118,0,118,0,118,0,87,0.356,,,,,72,0.639
100209,120,120,0,120,0,120,0,120,0,120,0,120,0,88,0.364,,,74,0.622,,
100211,104,104,0,104,0,104,0,104,0,104,0,104,0,86,0.203,86,0.203,71,0.458,71,0.458
100212,104,104,0,104,0,104,0,104,0,104,0,104,0,87,0.195,,,71.5,0.455,,
100244,55,55,0,55,0,55,0,55,0,55,0,55,0,42.9,0.282,42.9,0.282,39.9,0.378,39.9,0.378
100265,47,47,0,47,0,47,0,47,0,47,0,47,0,47,0,47,0,38.5,0.221,33.5,0.403
100267,58.5,58.5,0,58.5,0,58.5,0,58.5,0,58.5,0,58.5,0,58.5,0,58.5,0,49.5,0.182,45,0.3
100271,,,,,,,,,,,,,,,,,,,,,
100276,105,105,0,105,0,105,0,105,0,105,0,105,0,105,0,93.5,0.123,,,,
100278,,,,,,,,,,,,,,,,,,,,,
100279,,,,,,,,,,,,,,,,,,,,,
100294,,,,,,,,,,,,,,,,,,,,,
100316,,,,,,,,,,,,,,,,,,,,,
100324,,,,,,,,,,,,,,,,,,,,,
100350,21,21,0,21,0,21,0,21,0,21,0,21,0,21,0,17.5,0.2,17.5,0.2,16.5,0.273
100356,,,,,,,,,,,,,,,,,,,,,
100357,,,,,,,,,,,,,,,,,,,,,
100360,799,799,0,799,0,799,0,799,0,799,0,799,0,799,0,799,0,645,0.239,645,0.239
100361,,,,,,,,,,,,,,,,,,,,,
100379,59,59,0,,,,,59,0,,,59,0,,,,,39.9,0.479,,
100384,6,6,0,6,0,6,0,6,0,6,0,6,0,6,0,6,0,6,0,6,0
100385,,,,,,,,,,,,,,,,,,,,,
100390,13.5,13.5,0,13.5,0,13.5,0,13.5,0,13.5,0,13.5,0,13.5,0,13.5,0,11.5,0.174,11.5,0.174
100393,86,86,0,86,0,86,0,86,0,86,0,86,0,86,0,98,-0.122,65.5,0.313,51.5,0.67
100424,11.9,11.9,0,11.9,0,11.9,0,11.9,0,11.9,0,11.9,0,11.9,0,11.9,0,,,,
100426,11.9,,,,,,,,,,,11.9,0,11.9,0,11.9,0,,,,
100427,11.9,11.9,0,11.9,0,11.9,0,11.9,0,11.9,0,11.9,0,11.9,0,11.9,0,,,,
100428,11.9,11.9,0,11.9,0,11.9,0,11.9,0,11.9,0,11.9,0,11.9,0,11.9,0,,,,
100469,,,,,,,,,,,,,,,,,,,,,
100480,,,,,,,,,,,,,,,,,,,,,
100496,215,215,0,215,0,215,0,215,0,215,0,215,0,215,0,,,,,175,0.229
100506,9.9,9.9,0,9.9,0,9.9,0,9.9,0,9.9,0,9.9,0,9.9,0,10.9,-0.0917,10.9,-0.0917,7.6,0.303
100514,,,,,,,,,,,,,,,,,,,,,
100525,11.9,11.9,0,11.9,0,11.9,0,11.9,0,11.9,0,11.9,0,11.2,0.0625,11.2,0.0625,11.2,0.0625,11,0.0818
100534,15,15,0,15,0,15,0,15,0,15,0,15,0,14,0.0714,14,0.0714,14,0.0714,12.5,0.2
100567,14.5,14.5,0,14.5,0,14.5,0,14.5,0,14.5,0,14.5,0,14.5,0,14.5,0,14,0.0357,13,0.115
100576,123,123,0,123,0,123,0,123,0,123,0,123,0,123,0,123,0,86,0.43,68,0.809
100577,123,123,0,123,0,123,0,123,0,123,0,123,0,123,0,123,0,86,0.43,68,0.809
100586,,,,,,,,,,,,,,,,,,,,,
100589,,,,,,,,,,,,,,,,,,,,,
100590,13.9,13.9,0,13.9,0,13.9,0,13.9,0,13.9,0,13.9,0,13.9,0,13.9,0,13.9,0,,
100593,23,23,0,23,0,23,0,23,0,23,0,23,0,23,0,,,23,0,,
100594,20.5,20.5,0,20.5,0,20.5,0,20.5,0,20.5,0,20.5,0,20.5,0,20.5,0,20.5,0,,
100595,23,23,0,23,0,23,0,23,0,23,0,23,0,23,0,23,0,20.5,0.122,20,0.15
100596,26.5,26.5,0,26.5,0,26.5,0,26.5,0,26.5,0,26.5,0,26.5,0,26,0.0192,26,0.0192,,
100602,18,18,0,18,0,12.5,0.44,12.5,0.44,18,0,13.9,0.295,13.9,0.295,18,0,15.5,0.161,14.5,0.241
100615,23.1,23.1,0,23.1,0,23.1,0,23.1,0,23.1,0,23.1,0,23.1,0,23.1,0,20.9,0.105,20,0.155
100616,,,,,,,,,,,,,,,,,,,,,
100620,,,,,,,,,,,,,,,,,,,,,
100622,20,20,0,20,0,20,0,20,0,20,0,20,0,20,0,20,0,18,0.111,14.5,0.379
100623,155,155,0,155,0,155,0,155,0,155,0,155,0,155,0,155,0,155,0,156,-0.00641
100624,,,,,,,,,,,,,,,,,,,,,
100625,9.9,9.9,0,15.5,-0.361,15.5,-0.361,15.5,-0.361,15.5,-0.361,15.5,-0.361,15.5,-0.361,15.5,-0.361,14,-0.293,10,-0.01
100630,5.9,5.9,0,7.5,-0.213,7.5,-0.213,7.5,-0.213,7.5,-0.213,7.5,-0.213,6.5,-0.0923,7.5,-0.213,6.5,-0.0923,5.6,0.0536
100631,22.5,22.5,0,22.5,0,22.5,0,22.5,0,22.5,0,22.5,0,22.5,0,,,,,12,0.875
100638,27.5,27.5,0,27.5,0,27.5,0,27.5,0,27.5,0,27.5,0,27.5,0,22.5,0.222,26.5,0.0377,24.4,0.127
100642,25.5,25.5,0,25.5,0,25.5,0,25.5,0,25.5,0,25.5,0,25.5,0,22.5,0.133,26.5,-0.0377,24.4,0.0451
100643,,,,,,,,,,,,,,,,,,,,,
100644,320,320,0,320,0,320,0,320,0,320,0,320,0,320,0,320,0,187,0.711,187,0.711
100646,39.5,39.5,0,39.5,0,39.5,0,39.5,0,39.5,0,39.5,0,39.5,0,39.5,0,31.5,0.254,18.9,1.09
100647,78.5,78.5,0,78.5,0,78.5,0,78.5,0,78.5,0,78.5,0,78.5,0,78.5,0,69,0.138,43.5,0.805
100648,78.5,78.5,0,78.5,0,78.5,0,78.5,0,78.5,0,78.5,0,78.5,0,78.5,0,69,0.138,,
100654,25.5,25.5,0,25.5,0,25.5,0,25.5,0,25.5,0,25.5,0,25.5,0,25.5,0,21,0.214,14.5,0.759
100672,5.8,5.8,0,5.8,0,5.8,0,5.8,0,5.8,0,5.8,0,5.8,0,5.8,0,5.8,0,4,0.45
100675,78.5,78.5,0,78.5,0,78.5,0,78.5,0,78.5,0,78.5,0,78.5,0,78.5,0,69,0.138,49,0.602
100678,43.5,43.5,0,43.5,0,43.5,0,43.5,0,43.5,0,43.5,0,43.5,0,43.5,0,33.5,0.299,24,0.812
100693,26,26,0,26,0,32.5,-0.2,32.5,-0.2,32.5,-0.2,32.5,-0.2,32.5,-0.2,32.5,-0.2,23,0.13,19.5,0.333
100723,51,51,0,51,0,51,0,51,0,51,0,51,0,51,0,51,0,47.5,0.0737,39,0.308
100732,68,68,0,68,0,68,0,68,0,68,0,68,0,68,0,68,0,68,0,,
100734,39.5,39.5,0,39.5,0,39.5,0,39.5,0,39.5,0,39.5,0,39.5,0,39.5,0,31.5,0.254,22,0.795
100758,9.9,9.9,0,11.5,-0.139,11.5,-0.139,11.5,-0.139,11.5,-0.139,11.5,-0.139,11.5,-0.139,11.5,-0.139,8.5,0.165,10,-0.01
100761,9.9,9.9,0,11.5,-0.139,11.5,-0.139,11.5,-0.139,11.5,-0.139,11.5,-0.139,11.5,-0.139,11.5,-0.139,8.5,0.165,10,-0.01
100763,,,,,,,,,,,,,,,,,,,,,
100764,,,,,,,,,,,,,,,,,,,,,
100765,,,,,,,,,,,,,,,,,,,,,
100766,,,,,,,,,,,,,,,,,,,,,
100768,,,,,,,,,,,,,,,,,,,,,
100789,61.9,61.9,0,61.9,0,61.9,0,61.9,0,61.9,0,,,,,,,,,,
100807,,,,,,,,,,,,,,,,,,,,,
100812,,,,,,,,,,,,,,,,,,,,,
100813,,,,,,,,,,,,,,,,,,,,,
100815,,,,,,,,,,,,,,,,,,,,,
100818,33.5,33.5,0,33.5,0,33.5,0,33.5,0,33.5,0,33.5,0,33.5,0,33.5,0,31,0.0806,31,0.0806
100819,12.5,12.5,0,12.5,0,12.5,0,12.5,0,12.5,0,12.5,0,12.5,0,12.5,0,8.8,0.42,8.8,0.42
100820,8,8,0,8,0,8,0,8,0,8,0,8,0,8,0,8,0,7.5,0.0667,7.5,0.0667
100821,8,8,0,8,0,8,0,8,0,8,0,8,0,8,0,8,0,7.5,0.0667,7.5,0.0667
100822,8,8,0,8,0,8,0,8,0,8,0,8,0,8,0,8,0,7.5,0.0667,7.5,0.0667
100823,8,8,0,8,0,8,0,8,0,8,0,8,0,8,0,8,0,7.5,0.0667,7.5,0.0667
100835,26.5,26.5,0,26.5,0,26.5,0,26.5,0,26.5,0,26.5,0,22.4,0.183,22.4,0.183,20,0.325,19,0.395
100836,,,,,,,,,,,,,,,,,,,,,
100849,,,,,,,,,,,,,,,,,,,,,
100873,61.9,61.9,0,61.9,0,61.9,0,61.9,0,61.9,0,,,,,,,,,,
100926,,,,,,,,,,,,,,,,,,,,,
100928,,,,,,,,,,,,,,,,,,,,,
100930,,,,,,,,,,,,,,,,,,,,,
100944,13.5,13.5,0,13.5,0,13.5,0,13.5,0,13.5,0,13.5,0,13.5,0,13.5,0,11.5,0.174,11.5,0.174
100966,24,24,0,24,0,24,0,24,0,24,0,24,0,24,0,,,,,,
100969,,,,,,,,,,,,,,,,,,,,,
100971,,,,,,,,,,,,,,,,,,,,,
100975,,,,,,,,,,,,,,,,,,,,,
100977,240,240,0,240,0,240,0,240,0,240,0,240,0,240,0,240,0,187,0.283,155,0.548
100979,112,112,0,112,0,112,0,112,0,112,0,112,0,112,0,112,0,68.5,0.642,68.5,0.642
100980,112,112,0,112,0,112,0,112,0,112,0,112,0,112,0,112,0,68.5,0.642,68.5,0.642
100982,,,,,,,,,,,,,,,,,,,,,
100987,29.5,29.5,0,29.5,0,29.5,0,29.5,0,29.5,0,29.5,0,29.5,0,29.5,0,25.5,0.157,22,0.341
100988,29.5,29.5,0,29.5,0,29.5,0,29.5,0,29.5,0,29.5,0,29.5,0,29.5,0,25.5,0.157,22,0.341
100992,29.5,29.5,0,29.5,0,29.5,0,29.5,0,29.5,0,29.5,0,29.5,0,29.5,0,25.5,0.157,22,0.341
100997,,,,,,,,,,,,,,,,,,,,,
101006,39.9,39.9,0,39.9,0,39.9,0,39.9,0,39.9,0,,,44.9,-0.111,44.9,-0.111,44.9,-0.111,,
101011,,,,,,,,,,,,,,,,,,,,,
101028,5.5,5.5,0,5.5,0,5.5,0,5.5,0,5.5,0,5.5,0,5.5,0,5,0.1,5,0.1,5,0.1
101029,10.5,10.5,0,10.5,0,10.5,0,10,0.05,10,0.05,10,0.05,10,0.05,10,0.05,9.3,0.129,9.3,0.129
101061,,,,,,,,,,,,,,,,,,,,,
101063,99,99,0,99,0,99,0,99,0,99,0,99,0,99,0,99,0,114,-0.133,80.7,0.227
101064,,,,,,,,,,,,,,,,,,,,,
101065,,,,,,,,,,,,,,,,,,,,,
101066,,,,,,,,,,,,,,,,,,,,,
101068,,,,,,,,,,,,,,,,,,,,,
101070,25.5,25.5,0,25.5,0,25.5,0,25.5,0,25.5,0,20.9,0.22,20.9,0.22,25.5,0,23.5,0.0851,16.9,0.509
101094,64.9,64.9,0,64.9,0,64.9,0,64.9,0,64.9,0,64.9,0,51.9,0.25,45,0.442,61.9,0.0485,59.9,0.0835
101096,64.9,64.9,0,64.9,0,64.9,0,64.9,0,64.9,0,64.9,0,64.9,0,64.9,0,61.9,0.0485,59.9,0.0835
101103,,,,,,,,,,,,,,,,,,,,,
101116,,,,,,,,,,,,,,,,,,,,,
101117,,,,,,,,,,,,,,,,,,,,,
101154,,,,,,,,,,,,,,,,,,,,,
101155,110,110,0,110,0,110,0,110,0,110,0,110,0,110,0,102,0.0732,93.5,0.176,,
101170,,,,,,,,,,,,,,,,,,,,,
101199,29.5,29.5,0,29.5,0,29.5,0,29.5,0,29.5,0,25.5,0.157,29.5,0,29.5,0,26.5,0.113,19.5,0.513
101204,30.5,30.5,0,30.5,0,30.5,0,30.5,0,30.5,0,25.5,0.196,30.5,0,30.5,0,26.5,0.151,19.5,0.564
101205,15.5,15.5,0,15.5,0,15.5,0,15.5,0,15.5,0,11.5,0.348,15.5,0,15.5,0,14,0.107,10,0.55
101206,18.5,18.5,0,18.5,0,18.5,0,18.5,0,18.5,0,15.5,0.194,18.5,0,18.5,0,16.5,0.121,11.5,0.609
101207,18.5,18.5,0,18.5,0,18.5,0,18.5,0,18.5,0,15.5,0.194,18.5,0,18.5,0,16.5,0.121,11.5,0.609
101222,,,,,,,,,,,,,,,,,,,,,
101226,43.5,43.5,0,43.5,0,43.5,0,43.5,0,43.5,0,43.5,0,43.5,0,43.5,0,43.5,0,43.5,0
101227,104,104,0,104,0,104,0,104,0,104,0,104,0,104,0,104,0,104,0,81,0.278
101228,47,47,0,47,0,47,0,47,0,47,0,47,0,47,0,50.5,-0.0693,50.5,-0.0693,39.5,0.19
101229,43.8,43.8,0,43.8,0,43.8,0,43.8,0,43.8,0,43.8,0,43.8,0,47.3,-0.074,47.3,-0.074,36.9,0.187
101230,43.8,43.8,0,43.8,0,43.8,0,43.8,0,,,43.8,0,43.8,0,47.3,-0.074,47.3,-0.074,36.9,0.187
101234,104,104,0,104,0,104,0,104,0,104,0,104,0,104,0,104,0,104,0,81,0.278
101235,42.5,42.5,0,42.5,0,42.5,0,42.5,0,42.5,0,42.5,0,42.5,0,45.4,-0.0639,45.4,-0.0639,36.5,0.164
101236,42.5,42.5,0,42.5,0,42.5,0,42.5,0,42.5,0,42.5,0,42.5,0,45.4,-0.0639,45.4,-0.0639,36.5,0.164
101237,,,,,,,,,,,,,,,,,,,,,
101241,,,,,,,,,,,,,,,,,,,,,
101244,39,39,0,39,0,39,0,39,0,39,0,39,0,39,0,39,0,32,0.219,30,0.3
101245,19.5,19.5,0,19.5,0,19.5,0,19.5,0,19.5,0,19.5,0,19.5,0,19.5,0,18,0.0833,,
101246,,,,,,,,,,,,,,,,,,,,,
101247,,,,,,,,,,,,,,,,,,,,,
101248,,,,,,,,,,,,,,,,,,,,,
101249,43.8,43.8,0,43.8,0,43.8,0,43.8,0,43.8,0,43.8,0,43.8,0,47.3,-0.074,47.3,-0.074,36.9,0.187
101257,,,,,,,,,,,,,,,,,,,,,
101260,,,,,,,,,,,,,,,,,,,,,
101270,178,178,0,178,0,178,0,178,0,178,0,178,0,178,0,195,-0.0846,177,0.00904,146,0.218
101273,13,13,0,13,0,13,0,13,0,13,0,13,0,13,0,13,0,12.5,0.04,11,0.182
101281,4.5,4.5,0,4.5,0,4.5,0,4.5,0,4.5,0,4.5,0,4.5,0,4.5,0,3.5,0.286,3.5,0.286
101282,60.8,60.8,0,60.8,0,60.8,0,60.8,0,60.8,0,60.8,0,60.8,0,60.8,0,41.4,0.469,35.8,0.698
101285,25.9,25.9,0,25.9,0,25.9,0,25.9,0,25.9,0,25.9,0,25.9,0,25.9,0,26,-0.00385,26,-0.00385
101287,,,,,,,,,,,,,,,,,,,,,
101295,24.1,24.1,0,24.1,0,24.1,0,24.1,0,24.1,0,24.1,0,24.1,0,24.1,0,21.8,0.106,21.8,0.106
101302,24.1,24.1,0,24.1,0,24.1,0,24.1,0,24.1,0,24.1,0,24.1,0,24.1,0,21.8,0.106,21.8,0.106
101306,4.3,4.3,0,4.3,0,4.3,0,4.3,0,4.3,0,4.3,0,4.3,0,4.3,0,3.2,0.344,3.2,0.344
101307,76.5,76.5,0,76.5,0,76.5,0,76.5,0,,,,,,,,,,,,
101308,125,125,0,125,0,125,0,125,0,125,0,125,0,125,0,125,0,76.5,0.634,76.5,0.634
101309,,,,,,,,,,,,,,,,,,,,,
101312,46,46,0,46,0,46,0,46,0,46,0,46,0,46,0,54,-0.148,48.5,-0.0515,34.5,0.333
101313,,,,,,,,,,,,,,,,,,,,,
101319,,,,,,,,,,,,,,,,,,,,,
101326,28.5,28.5,0,28.5,0,28.5,0,28.5,0,29,-0.0172,29,-0.0172,29,-0.0172,29,-0.0172,25,0.14,25,0.14
101329,,,,,,,,,,,,,,,,,,,,,
101330,,,,,,,,,,,,,,,,,,,,,
101331,118,118,0,118,0,118,0,118,0,118,0,110,0.0718,126,-0.0643,126,-0.0635,109,0.0826,100,0.179
101335,,,,,,,,,,,,,,,,,,,,,
101375,24.5,24.5,0,24.5,0,24.5,0,24.5,0,24.5,0,24.5,0,24.5,0,27.5,-0.109,20.5,0.195,,
101393,,,,,,,,,,,,,,,,,,,,,
101400,25.5,25.5,0,25.5,0,25.5,0,25.5,0,25.5,0,25.5,0,25.5,0,,,16.5,0.545,12.5,1.04
101401,62,62,0,62,0,62,0,62,0,62,0,62,0,62,0,,,,,,
101403,22.9,22.9,0,27,-0.152,27,-0.152,27,-0.152,27,-0.152,27,-0.152,27,-0.152,27,-0.152,24.5,-0.0653,20,0.145
101404,28,28,0,28,0,28,0,28,0,28,0,20.5,0.366,20.5,0.366,28,0,24.5,0.143,20,0.4
101405,28,28,0,28,0,23.9,0.172,23.9,0.172,28,0,28,0,28,0,28,0,24.5,0.143,20,0.4
101406,28,28,0,28,0,28,0,28,0,28,0,28,0,28,0,28,0,24.5,0.143,20,0.4
101410,,,,,,,,,,,,,,,,,,,,,
101412,,,,,,,,,,,,,,,,,,,,,
101413,,,,,,,,,,,,,,,,,,,,,
101414,61.5,61.5,0,61.5,0,61.5,0,61.5,0,61.5,0,61.5,0,61.5,0,50,0.23,50,0.23,38.5,0.597
101415,,,,,,,,,,,,,,,,,,,,,
101417,,,,,,,,,,,,,,,,,,,,,
101418,39.9,39.9,0,39.9,0,39.9,0,39.9,0,39.9,0,39.9,0,39.9,0,21.5,0.856,21.5,0.856,21.5,0.856
101419,93,93,0,93,0,93,0,93,0,93,0,93,0,93,0,49.5,0.879,49.5,0.879,49.5,0.879
101420,,,,,,,,,,,,,,,,,,,,,
101421,53,53,0,53,0,53,0,53,0,53,0,53,0,,,,,33.5,0.582,29.5,0.797
101422,,,,,,,,,,,,,,,,,,,,,
101423,70,70,0,70,0,70,0,70,0,70,0,70,0,70,0,55.5,0.261,55.5,0.261,,
101427,12,12,0,12,0,12,0,12,0,12,0,10.5,0.143,15.5,-0.226,15.5,-0.226,14,-0.143,10,0.2
101429,,,,,,,,,,,,,,,,,,,,,
101447,,,,,,,,,,,,,,,,,,,,,
101455,,,,,,,,,,,,,,,,,,,,,
101458,22.5,22.5,0,22.5,0,22.5,0,22.5,0,22.5,0,,,,,,,,,,
101475,75.6,75.6,0,75.6,0,75.6,0,75.6,0,75.6,0,,,,,,,,,,
101479,42,42,0,42,0,42,0,42,0,42,0,42,0,42,0,,,32,0.312,32,0.312
101482,24.5,24.5,0,24.5,0,24.5,0,24.5,0,24.5,0,24.5,0,24.5,0,24.5,0,19.5,0.256,17.8,0.376
101484,29.5,29.5,0,29.5,0,29.5,0,39.5,-0.253,39.5,-0.253,39.5,-0.253,39.5,-0.253,39.5,-0.253,29.5,0,,
101485,29.5,29.5,0,29.5,0,29.5,0,39.5,-0.253,39.5,-0.253,39.5,-0.253,39.5,-0.253,39.5,-0.253,29.5,0,,
101490,8.5,8.5,0,8.5,0,8.5,0,8.5,0,8.5,0,7.9,0.0759,7.9,0.0759,8.5,0,7,0.214,7,0.214
101491,31.8,31.8,0,31.8,0,31.8,0,31.8,0,31.8,0,31.8,0,31.8,0,,,,,,
101495,11.1,11.1,0,11.1,0,11.1,0,11.1,0,11.1,0,11.1,0,11.1,0,11.1,0,,,,
101505,,,,,,,,,,,,,,,,,,,,,
101506,16.5,16.5,0,16.5,0,16.5,0,16.5,0,16.5,0,16.5,0,16.5,0,,,15.5,0.0645,14.8,0.115
101507,16.9,16.9,0,16.9,0,16.9,0,16.9,0,16.9,0,16.9,0,,,16.9,0,15,0.127,15,0.127
101509,8.7,8.7,0,8.7,0,8.7,0,8.7,0,8.7,0,8.7,0,8.7,0,8.7,0,8.7,0,8.7,0
101511,10.5,10.5,0,10.5,0,10.5,0,10.5,0,10.5,0,10.5,0,10.5,0,10,0.05,10,0.05,10,0.05
101512,9,9,0,9,0,9,0,9,0,9,0,9,0,9,0,9,0,9,0,9,0
101515,65,65,0,65,0,65,0,65,0,65,0,,,65,0,,,50,0.3,50,0.3
101518,,,,,,,,,,,,,,,,,,,,,
101520,47,47,0,47,0,47,0,47,0,47,0,46.9,0.00213,46.9,0.00213,78,-0.397,36.1,0.302,29.5,0.593
101530,,,,,,,,,,,,,,,,,,,,,
101531,62,62,0,62,0,62,0,62,0,62,0,62,0,62,0,101,-0.387,84.5,-0.266,55,0.127
101533,20.9,20.9,0,20.9,0,20.9,0,20.9,0,23,-0.0913,23,-0.0913,23,-0.0913,23,-0.0913,18,0.161,18,0.161
101534,20.9,20.9,0,20.9,0,20.9,0,20.9,0,23,-0.0913,23,-0.0913,23,-0.0913,23,-0.0913,18,0.161,18,0.161
101535,20.9,20.9,0,20.9,0,20.9,0,20.9,0,23,-0.0913,23,-0.0913,23,-0.0913,23,-0.0913,18,0.161,18,0.161
101537,20.9,20.9,0,20.9,0,20.9,0,20.9,0,23,-0.0913,23,-0.0913,23,-0.0913,23,-0.0913,18,0.161,18,0.161
101538,14.3,14.3,0,14.3,0,14.3,0,14.3,0,14.3,0,14.3,0,14.3,0,14.3,0,12.5,0.144,10.5,0.362
101541,19.5,,,,,,,,,19.5,0,19.5,0,19.5,0,19.5,0,15,0.3,8.8,1.22
101548,10.2,10.2,0,10.2,0,10.2,0,10.2,0,10.2,0,10.2,0,10.2,0,10.2,0,9,0.133,7.5,0.36
101549,9.2,9.2,0,9.2,0,9.2,0,9.2,0,9.2,0,9.2,0,9.2,0,9.2,0,8,0.15,6.5,0.415
101551,36,36,0,36,0,36,0,36,0,31,0.161,31,0.161,31,0.161,31,0.161,31,0.161,27.5,0.309
101553,135,135,0,135,0,135,0,135,0,135,0,135,0,135,0,135,0,135,0,139,-0.0288
101564,20.9,20.9,0,20.9,0,20.9,0,20.9,0,23,-0.0913,23,-0.0913,23,-0.0913,23,-0.0913,18,0.161,18,0.161
101567,,,,,,,,,,,,,,,,,,,,,
101569,,,,,,,,,,,,,,,,,,,,,
101576,25,25,0,25,0,25,0,25,0,25,0,25,0,25,0,25,0,20.5,0.22,20.5,0.22
101583,159,159,0,159,0,159,0,159,0,204,-0.222,204,-0.222,204,-0.222,204,-0.222,180,-0.117,152,0.0461
101585,84.9,84.9,0,98,-0.134,98,-0.134,98,-0.134,98,-0.134,98,-0.134,98,-0.134,98,-0.134,98,-0.134,98,-0.134
101586,,,,,,,,,,,,,,,,,,,,,
101587,24.5,24.5,0,24.5,0,24.5,0,24.5,0,24.5,0,24.5,0,,,19.5,0.256,19.5,0.256,19.5,0.256
101619,,,,,,,,,,,,,,,,,,,,,
101620,8.5,8.5,0,8.5,0,8.5,0,8.5,0,8.5,0,8.5,0,8.5,0,9.8,-0.133,7.7,0.104,6.5,0.308
101621,8.5,8.5,0,8.5,0,8.5,0,8.5,0,8.5,0,8.5,0,8.5,0,9.8,-0.133,7.7,0.104,6.5,0.308
101622,8.5,8.5,0,8.5,0,8.5,0,8.5,0,8.5,0,8.5,0,8.5,0,9.8,-0.133,7.7,0.104,6.5,0.308
101623,8.5,8.5,0,8.5,0,8.5,0,8.5,0,8.5,0,8.5,0,8.5,0,9.8,-0.133,7.7,0.104,6.5,0.308
101631,,,,,,,,,,,,,,,,,,,,,
101635,35.5,35.5,0,35.5,0,56,-0.366,56,-0.366,56,-0.366,43.5,-0.184,55,-0.355,44.9,-0.209,43.5,-0.184,37.5,-0.0533
101643,15,15,0,15,0,15,0,13.5,0.111,13.5,0.111,13.5,0.111,13.5,0.111,13.5,0.111,13.5,0.111,13.5,0.111
101644,14,,,,,,,,,,,,,,,14,0,12.5,0.12,12.5,0.12
101650,,,,,,,,,,,,,,,,,,,,,
101651,13,13,0,13,0,16,-0.188,16,-0.188,16,-0.188,16,-0.188,12.5,0.04,16,-0.188,15,-0.133,14.4,-0.0972
101652,13,13,0,13,0,16,-0.188,16,-0.188,16,-0.188,16,-0.188,12.5,0.04,16,-0.188,15,-0.133,14.4,-0.0972
101653,13,13,0,13,0,16,-0.188,16,-0.188,16,-0.188,16,-0.188,12.5,0.04,16,-0.188,15,-0.133,14.4,-0.0972
101662,,,,,,,,,,,,,,,,,,,,,
101666,26.5,26.5,0,26.5,0,26.5,0,26.5,0,26.5,0,,,,,,,26.5,0,21.5,0.233
101672,,,,,,,,,,,,,,,,,,,,,
101673,,,,,,,,,,,,,,,,,,,,,
101688,11.3,11.3,0,11.3,0,11.3,0,11.3,0,11.3,0,,,,,11.3,0,8.5,0.329,,
101689,23,23,0,23,0,23,0,23,0,23,0,,,,,23,0,,,17.5,0.314
101690,44,44,0,44,0,44,0,44,0,44,0,,,44,0,44,0,,,33,0.333
101692,88.9,88.9,0,88.9,0,88.9,0,88.9,0,88.9,0,88.9,0,88.9,0,88.9,0,,,,
101693,37.5,37.5,0,37.5,0,37.5,0,37.5,0,37.5,0,37.5,0,37.5,0,40.3,-0.0695,39.2,-0.0434,30,0.25
101695,8,8,0,8,0,8,0,8,0,8,0,9,-0.111,9,-0.111,10.8,-0.259,9,-0.111,7.8,0.0256
101699,,,,,,,,,,,,,,,,,,,,,
101700,172,172,0,172,0,172,0,172,0,172,0,172,0,172,0,172,0,109,0.578,109,0.578
101703,,,,,,,,,,,,,,,,,,,,,
101704,102,102,0,102,0,102,0,102,0,102,0,102,0,102,0,102,0,102,0,102,0
101707,19,19,0,19,0,19,0,19,0,19,0,19,0,19,0,16.5,0.152,16,0.188,16,0.188
101708,10.5,10.5,0,10.5,0,10.5,0,10.5,0,10.5,0,10.5,0,10.5,0,10.5,0,9.5,0.105,9.5,0.105
101709,20,20,0,20,0,20,0,20,0,,,20,0,20,0,,,17.5,0.143,17.5,0.143
101711,16,16,0,16,0,16,0,16,0,16,0,16,0,16,0,16,0,13.4,0.194,13.4,0.194
101712,,,,,,,,,,,,,,,,,,,,,
101714,17,17,0,17,0,17,0,17,0,17,0,17,0,17,0,17,0,14.5,0.172,14.5,0.172
101715,13,13,0,13,0,13,0,13,0,13,0,13,0,22.5,-0.422,12.8,0.0156,11.5,0.13,11.5,0.13
101716,22,22,0,22,0,22,0,22,0,22,0,22,0,22,0,22,0,,,15.5,0.419
101718,,,,,,,,,,,,,,,,,,,,,
101722,,,,,,,,,,,,,,,,,,,,,
101729,,,,,,,,,,,,,,,,,,,,,
101734,20,20,0,20,0,20,0,20,0,20,0,20,0,20,0,20,0,16.9,0.183,13.5,0.481
101739,,,,,,,,,,,,,,,,,,,,,
101741,15.5,15.5,0,15.5,0,15.5,0,15.5,0,15.5,0,15.5,0,15.5,0,15.5,0,14.5,0.069,13.5,0.148
101742,15.5,15.5,0,15.5,0,15.5,0,15.5,0,15.5,0,15.5,0,15.5,0,15.5,0,13.5,0.148,13.5,0.148
101744,22,22,0,,,22,0,22,0,22,0,22,0,22,0,,,22,0,22,0
101754,25.5,25.5,0,25.5,0,25.5,0,25.5,0,25.5,0,25.5,0,25.5,0,25.5,0,21,0.214,21,0.214
101755,,,,,,,,,,,,,,,,,,,,,
101758,,,,,,,,,,,,,,,,,,,,,
101763,12,12,0,12,0,12,0,12,0,12,0,12,0,10.5,0.143,,,,,10,0.2
101764,,,,,,,,,,,,,,,,,,,,,
101804,15.5,15.5,0,15.5,0,15.5,0,15.5,0,15,0.0333,15,0.0333,15,0.0333,14.5,0.069,14.5,0.069,11.2,0.384
101831,40.5,40.5,0,40.5,0,40.5,0,40.5,0,40.5,0,40.5,0,40.5,0,40.5,0,34.5,0.174,34.5,0.174
101832,40.5,40.5,0,40.5,0,40.5,0,40.5,0,40.5,0,40.5,0,40.5,0,40.5,0,34.5,0.174,34.5,0.174
101833,40.5,40.5,0,40.5,0,40.5,0,40.5,0,40.5,0,40.5,0,40.5,0,40.5,0,34.5,0.174,34.5,0.174
101835,40.5,40.5,0,40.5,0,40.5,0,40.5,0,40.5,0,40.5,0,40.5,0,40.5,0,34.5,0.174,34.5,0.174
101836,40.5,40.5,0,40.5,0,40.5,0,40.5,0,40.5,0,40.5,0,40.5,0,40.5,0,34.5,0.174,34.5,0.174
101837,40.5,40.5,0,40.5,0,40.5,0,40.5,0,40.5,0,40.5,0,40.5,0,40.5,0,34.5,0.174,34.5,0.174
101839,,,,,,,,,,,,,,,,,,,,,
101840,,,,,,,,,,,,,,,,,,,,,
101843,75.5,75.5,0,75.5,0,75.5,0,75.5,0,75.5,0,72.5,0.0414,72.5,0.0414,68.5,0.102,68.5,0.102,65.5,0.153
101849,74,74,0,74,0,74,0,74,0,74,0,74,0,74,0,74,0,74,0,74,0
101857,,,,,,,,,,,,,,,,,,,,,
101858,,,,,,,,,,,,,,,,,,,,,
101859,,,,,,,,,,,,,,,,,,,,,
101860,,,,,,,,,,,,,,,,,,,,,
101861,,,,,,,,,,,,,,,,,,,,,
101863,27.5,27.5,0,27.5,0,27.5,0,24,0.146,24,0.146,24,0.146,24,0.146,24,0.146,24,0.146,24,0.146
101865,12.5,12.5,0,12.5,0,12.5,0,12.5,0,11.5,0.087,11.5,0.087,11.5,0.087,11.5,0.087,10,0.25,10,0.25
101866,11,11,0,11,0,11,0,11,0,,,,,,,,,,,,
101870,,,,,,,,,,,,,,,,,,,,,
101872,,,,,,,,,,,,,,,,,,,,,
101879,,,,,,,,,,,,,,,,,,,,,
101880,,,,,,,,,,,,,,,,,,,,,
101901,218,218,0,218,0,218,0,218,0,218,0,218,0,218,0,218,0,186,0.172,186,0.172
101902,123,123,0,123,0,123,0,123,0,123,0,123,0,123,0,123,0,111,0.108,111,0.108
101903,81,81,0,81,0,81,0,81,0,81,0,81,0,81,0,81,0,59.9,0.352,67.5,0.2
101904,74,74,0,81,-0.0864,81,-0.0864,81,-0.0864,81,-0.0864,69.9,0.0587,81,-0.0864,81,-0.0864,71,0.0423,71,0.0423
101905,,,,,,,,,,,,,,,,,,,,,
101911,23,23,0,23,0,23,0,23,0,23,0,,,,,23,0,,,17.5,0.314
101913,6.5,6.5,0,,,,,,,,,,,6.5,0,6,0.0833,6,0.0833,6,0.0833
101914,11.5,11.5,0,11.5,0,11.5,0,11.5,0,10.5,0.0952,10.5,0.0952,10.5,0.0952,9.5,0.211,8.5,0.353,8.5,0.353
101915,12.5,12.5,0,12.5,0,12.5,0,12.5,0,12,0.0417,12,0.0417,12,0.0417,9.5,0.316,9.5,0.316,9.5,0.316
101916,,,,,,,,,,,,,,,,,,,,,
101919,,,,,,,,,,,,,,,,,,,,,
101921,44.5,44.5,0,44.5,0,44.5,0,44.5,0,44.5,0,44.5,0,44.5,0,,,27,0.648,27,0.648
101923,9.9,9.9,0,13.8,-0.283,13.8,-0.283,13.8,-0.283,13.8,-0.283,10.9,-0.0917,13.8,-0.283,13.8,-0.283,,,9,0.1
101924,46.9,46.9,0,46.9,0,46.9,0,46.9,0,46.9,0,46.9,0,46.9,0,,,33,0.421,25,0.876
101925,44.5,44.5,0,44.5,0,44.5,0,44.5,0,44.5,0,44.5,0,44.5,0,34,0.309,34,0.309,27,0.648
101926,46.9,46.9,0,46.9,0,46.9,0,46.9,0,46.9,0,,,,,,,33,0.421,27,0.737
101927,31,31,0,31,0,31,0,31,0,31,0,31,0,31,0,,,21.5,0.442,16.5,0.879
101928,31,31,0,31,0,31,0,31,0,31,0,31,0,31,0,,,22,0.409,16.5,0.879
101929,48,48,0,48,0,48,0,48,0,48,0,48,0,48,0,,,26,0.846,26,0.846
101930,48.9,48.9,0,48.9,0,48.9,0,48.9,0,48.9,0,48.9,0,48.9,0,37.5,0.304,37.5,0.304,27,0.811
101931,69.5,69.5,0,69.5,0,69.5,0,69.5,0,69.5,0,69.5,0,69.5,0,,,61.5,0.13,,
101933,70,70,0,70,0,70,0,70,0,70,0,70,0,70,0,55.5,0.261,55.5,0.261,46.5,0.505
101934,56,56,0,56,0,56,0,56,0,56,0,56,0,56,0,39,0.436,39,0.436,29.5,0.898
101935,61.5,61.5,0,61.5,0,61.5,0,61.5,0,61.5,0,61.5,0,61.5,0,,,46.5,0.323,35,0.757
101936,72.5,72.5,0,72.5,0,72.5,0,72.5,0,72.5,0,72.5,0,72.5,0,49.5,0.465,49.5,0.465,37.5,0.933
101937,57,57,0,57,0,57,0,57,0,57,0,57,0,57,0,37.5,0.52,37.5,0.52,,
101938,44,44,0,44,0,44,0,44,0,44,0,44,0,44,0,29,0.517,29,0.517,22,1
101939,44,44,0,44,0,44,0,44,0,44,0,44,0,44,0,29,0.517,29,0.517,22,1
101940,15,15,0,15,0,15,0,15,0,15,0,15,0,14,0.0714,14,0.0714,14,0.0714,12.5,0.2
101948,70,70,0,70,0,70,0,70,0,70,0,,,,,,,,,,
101950,177,177,0,177,0,177,0,177,0,177,0,212,-0.166,212,-0.166,241,-0.266,234,-0.242,170,0.0412
101953,,,,,,,,,,,,,,,,,,,,,
101954,7,7,0,7,0,7,0,7,0,7,0,7,0,7,0,6,0.167,6,0.167,6.5,0.0769
101964,8,8,0,8,0,8,0,8,0,8,0,8,0,8,0,7.5,0.0667,7.5,0.0667,7.5,0.0667
101967,,,,,,,,,,,,,,,,,,,,,
101979,15.5,15.5,0,15.5,0,15.5,0,15.5,0,15.5,0,15.5,0,15.5,0,11.2,0.384,11.2,0.384,10,0.55
101980,28,28,0,28,0,28,0,28,0,28,0,28,0,,,28,0,24.5,0.143,22.5,0.244
101984,39.9,45,-0.113,45,-0.113,45,-0.113,45,-0.113,45,-0.113,51,-0.218,51,-0.218,53,-0.247,43,-0.0721,36,0.108
101994,13.5,13.5,0,13.5,0,13.5,0,13.5,0,13.5,0,13.5,0,13.5,0,9.5,0.421,9.5,0.421,9.5,0.421
101995,,,,,,,,,,,,,,,,,,,,,
101996,,,,,,,,,,,,,,,,,,,,,
101997,45,45,0,45,0,45,0,45,0,45,0,45,0,45,0,45,0,39.5,0.139,31,0.452
101998,45,45,0,45,0,45,0,45,0,45,0,45,0,45,0,45,0,39.5,0.139,31,0.452
101999,45,45,0,45,0,45,0,45,0,45,0,45,0,45,0,45,0,39.5,0.139,31,0.452
102003,,,,,,,,,,,,,,,,,,,,,
102005,,,,,,,,,,,,,,,,,,,,,
102006,,,,,,,,,,,,,,,,,,,,,
102007,,,,,,,,,,,,,,,,,,,,,
102009,63,63,0,63,0,63,0,63,0,63,0,63,0,63,0,63,0,63,0,63,0
102024,,,,,,,,,,,,,,,,,,,,,
102042,24.3,24.3,0,24.3,0,24.3,0,24.3,0,24.3,0,29.8,-0.185,29.8,-0.185,29.7,-0.182,28.1,-0.135,,
102046,182,182,0,182,0,182,0,182,0,182,0,182,0,182,0,,,,,,
102050,82.9,82.9,0,82.9,0,82.9,0,82.9,0,82.9,0,95.6,-0.133,95.6,-0.133,95.6,-0.133,93.8,-0.116,75,0.105
102056,72,72,0,72,0,72,0,72,0,72,0,72,0,72,0,49.5,0.455,49.5,0.455,37.5,0.92
102057,98,98,0,98,0,98,0,98,0,98,0,89.9,0.0901,98,0,,,93.5,0.0481,87.5,0.12
102058,62.5,62.5,0,62.5,0,62.5,0,62.5,0,62.5,0,62.5,0,62.5,0,,,50,0.25,43,0.453
102059,110,110,0,110,0,110,0,110,0,110,0,110,0,110,0,101,0.0891,90,0.222,80,0.375
102065,110,110,0,110,0,110,0,110,0,110,0,110,0,110,0,101,0.0891,90,0.222,80,0.375
102066,110,110,0,110,0,110,0,110,0,110,0,110,0,110,0,101,0.0891,90,0.222,80,0.375
102068,110,110,0,110,0,110,0,110,0,110,0,110,0,110,0,101,0.0891,90,0.222,80,0.375
102069,62.5,62.5,0,62.5,0,62.5,0,62.5,0,62.5,0,62.5,0,62.5,0,57.5,0.087,50,0.25,43,0.453
102072,62.5,62.5,0,62.5,0,62.5,0,62.5,0,62.5,0,62.5,0,62.5,0,57.5,0.087,50,0.25,43,0.453
102073,62.5,62.5,0,62.5,0,62.5,0,62.5,0,62.5,0,62.5,0,62.5,0,57.5,0.087,50,0.25,43,0.453
102079,,,,,,,,,,,,,,,,,,,,,
102091,,,,,,,,,,,,,,,,,,,,,
102093,85.6,85.6,0,85.6,0,85.6,0,85.6,0,85.6,0,85.6,0,85.6,0,85.6,0,70,0.223,,
102096,,,,,,,,,,,,,,,,,,,,,
102097,23.5,23.5,0,,,,,,,23.5,0,23.5,0,23.5,0,,,,,14.2,0.655
102099,,,,,,,,,,,,,,,,,,,,,
102109,,,,,,,,,,,,,,,,,,,,,
102111,,,,,,,,,,,,,,,,,,,,,
102118,,,,,,,,,,,,,,,,,,,,,
102124,,,,,,,,,,,,,,,,,,,,,
102125,6.5,6.5,0,6.5,0,6.5,0,6.5,0,6.5,0,6.5,0,6.5,0,6.5,0,5.5,0.182,5,0.3
102133,,,,,,,,,,,,,,,,,,,,,
102134,,,,,,,,,,,,,,,,,,,,,
102135,19.5,19.5,0,19.5,0,16.5,0.182,16.5,0.182,19.5,0,17,0.147,17,0.147,19.5,0,19.5,0,19.5,0
102153,32,32,0,32,0,32,0,32,0,32,0,32,0,32,0,32,0,32,0,32,0
102154,67,67,0,67,0,67,0,67,0,67,0,67,0,67,0,67,0,49.5,0.354,49.5,0.354
102157,38,38,0,38,0,38,0,38,0,38,0,38,0,38,0,38,0,29,0.31,29,0.31
102160,11,11,0,,,,,,,,,,,,,,,,,,
102161,10.5,10.5,0,,,,,,,,,,,,,,,7.5,0.4,7.5,0.4
102162,8,8,0,,,,,,,,,,,,,,,,,,
102163,109,109,0,109,0,109,0,109,0,109,0,109,0,109,0,109,0,88,0.239,51.6,1.11
102165,133,133,0,133,0,133,0,133,0,133,0,133,0,133,0,133,0,108,0.231,71,0.873
102169,,,,,,,,,,,,,,,,,,,,,
102176,16.5,16.5,0,16.5,0,16.5,0,16.5,0,16.5,0,16.5,0,16.5,0,16.5,0,16.5,0,16.5,0
102194,55.9,55.9,0,55.9,0,55.9,0,55.9,0,,,55.9,0,55.9,0,45.9,0.218,43.5,0.285,38.5,0.452
102201,65.4,65.4,0,65.4,0,65.4,0,65.4,0,65.4,0,65.4,0,65.4,0,70,-0.0657,70,-0.0657,55.6,0.176
102203,,,,,,,,,,,,,,,,,,,,,
102206,,,,,,,,,,,,,,,,,,,,,
102220,,,,,,,,,,,,,,,,,,,,,
102250,126,126,0,126,0,126,0,126,0,126,0,126,0,126,0,109,0.151,98,0.281,98,0.281
102505,8,8,0,8,0,8,0,8,0,8,0,8,0,8,0,8,0,6.5,0.231,6.5,0.231
102506,8,8,0,8,0,8,0,8,0,8,0,8,0,8,0,8,0,6.5,0.231,6.5,0.231
102507,8,8,0,8,0,8,0,8,0,8,0,8,0,8,0,8,0,6.5,0.231,6.5,0.231
102508,8,8,0,8,0,8,0,8,0,8,0,8,0,8,0,8,0,6.5,0.231,,
102509,20,20,0,20,0,20,0,20,0,20,0,20,0,,,20,0,,,,
102510,20,20,0,20,0,20,0,20,0,20,0,20,0,,,20,0,15,0.333,15,0.333
102511,20,20,0,20,0,20,0,20,0,20,0,20,0,,,20,0,15,0.333,15,0.333
102512,20,20,0,,,,,20,0,20,0,20,0,,,,,15,0.333,,
102541,,,,,,,,,,,,,,,,,,,,,
102573,4.5,4.5,0,4.5,0,4.5,0,4.5,0,4.5,0,4.5,0,4.5,0,,,,,4,0.125
102775,6,6,0,6,0,6,0,6,0,6,0,6,0,6,0,,,5,0.2,,
102779,,,,,,,,,,,,,,,,,,,,,
103020,112,129,-0.129,129,-0.129,129,-0.129,129,-0.129,129,-0.129,129,-0.129,129,-0.129,129,-0.129,112,0.00717,,
103050,,,,,,,,,,,,,,,,,,,,,
103060,24,24,0,24,0,24,0,24,0,24,0,24,0,,,24,0,20.5,0.171,20.5,0.171
103061,75,75,0,75,0,75,0,75,0,75,0,75,0,56.3,0.332,56,0.339,62,0.21,59,0.271
103080,23.6,23.6,0,23.6,0,23.6,0,34,-0.306,34,-0.306,34,-0.306,34,-0.306,34,-0.306,32.3,-0.269,26.5,-0.109
103512,,,,,,,,,,,,,,,,,,,,,
103730,88,88,0,88,0,88,0,88,0,88,0,88,0,88,0,88,0,88,0,88,0
103905,22.3,22.3,0,22.3,0,22.3,0,22.3,0,22.3,0,27.1,-0.177,27.1,-0.177,27.2,-0.18,23.9,-0.0669,19.6,0.138
103906,22.3,22.3,0,22.3,0,22.3,0,22.3,0,22.3,0,24.6,-0.0935,24.6,-0.0935,27.2,-0.18,23.9,-0.0669,19.6,0.138
103908,22.3,22.3,0,22.3,0,22.3,0,22.3,0,22.3,0,24.6,-0.0935,24.6,-0.0935,27.2,-0.18,23.9,-0.0666,19.6,0.138
103909,22.3,22.3,0,22.3,0,22.3,0,22.3,0,22.3,0,27.1,-0.177,27.1,-0.177,27.2,-0.18,23.9,-0.0669,19.6,0.138
104006,39.4,39.4,0,39.4,0,39.4,0,39.4,0,39.4,0,39.4,0,39.4,0,39.4,0,38,0.0368,34,0.159
104007,132,132,0,132,0,132,0,132,0,132,0,132,0,132,0,132,0,,,,
104008,132,132,0,132,0,132,0,132,0,132,0,132,0,132,0,132,0,,,92,0.43
104010,13.3,16.2,-0.179,,,,,,,16.2,-0.179,16.2,-0.179,,,16.2,-0.179,14,-0.05,14,-0.05
104011,16.2,16.2,0,,,,,,,16.2,0,16.2,0,,,16.2,0,14,0.157,,
104012,13.3,,,,,,,,,,,,,,,,,13.9,-0.0432,,
104013,13.3,16.2,-0.179,,,,,16.2,-0.179,16.2,-0.179,16.2,-0.179,16.2,-0.179,16.2,-0.179,13.9,-0.0432,13.9,-0.0432
104017,97,97,0,97,0,78.5,0.236,78.5,0.236,97,0,97,0,97,0,,,75,0.293,75,0.293
104018,97,97,0,97,0,97,0,97,0,97,0,97,0,97,0,97,0,75,0.293,75,0.293
104019,97,97,0,,,78.5,0.236,78.5,0.236,97,0,97,0,97,0,97,0,75,0.293,75,0.293
104067,,,,,,,,,,,,,,,,,,,,,
104090,43,43,0,43,0,43,0,43,0,43,0,43,0,43,0,57.5,-0.252,29,0.483,29,0.483
104095,45,45,0,45,0,45,0,45,0,45,0,,,,,57.5,-0.217,,,,
104157,,,,,,,,,,,,,,,,,,,,,
104210,188,188,0,188,0,188,0,188,0,188,0,188,0,188,0,205,-0.0829,197,-0.0437,143,0.316
104211,24.4,24.4,0,24.4,0,18,0.356,18,0.356,18,0.356,24.4,0,24.4,0,24.4,0,20.3,0.202,13.9,0.755
104212,,,,,,,,,,,,,,,,,,,,,
104214,10.4,10.4,0,10.4,0,10.4,0,10.4,0,10.4,0,10.4,0,,,,,,,,
104215,10.4,10.4,0,10.4,0,10.4,0,10.4,0,10.4,0,10.4,0,,,,,,,,
104217,9.9,9.9,0,9.9,0,9.9,0,9.9,0,,,,,,,,,,,,
104218,9.9,9.9,0,9.9,0,9.9,0,9.9,0,,,9.9,0,,,,,,,,
104219,11.6,11.6,0,11.6,0,11.6,0,11.6,0,11.6,0,11.6,0,,,,,,,,
104225,11.6,11.6,0,11.6,0,11.6,0,11.6,0,11.6,0,11.6,0,,,,,,,,
104226,11.6,11.6,0,11.6,0,11.6,0,11.6,0,11.6,0,11.6,0,,,,,,,,
104227,11.6,11.6,0,11.6,0,11.6,0,11.6,0,11.6,0,11.6,0,,,,,,,,
104228,6.1,6.1,0,6.1,0,6.1,0,6.1,0,6.1,0,6.1,0,,,,,,,,
104229,6.1,6.1,0,6.1,0,6.1,0,6.1,0,6.1,0,6.1,0,,,,,,,,
104230,6.1,6.1,0,6.1,0,6.1,0,6.1,0,6.1,0,6.1,0,,,,,,,,
104231,6.1,6.1,0,6.1,0,6.1,0,6.1,0,6.1,0,6.1,0,,,,,,,,
104250,,,,,,,,,,,,,,,,,,,,,
104251,,,,,,,,,,,,,,,,,,,,,
104253,,,,,,,,,,,,,,,,,,,,,
104260,56.9,56.9,0,56.9,0,56.9,0,56.9,0,56.9,0,56.9,0,56.9,0,56.9,0,54.5,0.044,35.9,0.585
104261,,,,,,,,,,,,,,,,,,,,,
104262,49,49,0,49,0,49,0,49,0,49,0,49,0,49,0,49,0,47.5,0.0316,33.3,0.471
104263,335,335,0,335,0,335,0,335,0,335,0,335,0,335,0,335,0,295,0.136,199,0.683
104414,237,237,0,237,0,237,0,237,0,237,0,237,0,237,0,237,0,199,0.191,199,0.191
104535,,,,,,,,,,,,,,,,,,,,,
104550,4.8,4.8,0,4.8,0,4.8,0,4.8,0,4.8,0,4.8,0,4.8,0,4.6,0.0435,4.6,0.0435,4.5,0.0667
104560,30,30,0,30,0,30,0,30,0,30,0,30,0,30,0,30,0,26,0.154,25,0.2
104561,30,30,0,30,0,30,0,30,0,30,0,30,0,30,0,30,0,,,25,0.2
104562,,,,,,,,,,,,,,,,,,,,,
104563,30,30,0,30,0,30,0,30,0,30,0,30,0,30,0,30,0,26,0.154,25,0.2
104564,30,30,0,30,0,30,0,30,0,30,0,30,0,30,0,30,0,26,0.154,25,0.2
104565,30,30,0,30,0,30,0,30,0,30,0,30,0,30,0,30,0,26,0.154,25,0.2
104567,30,30,0,30,0,30,0,30,0,30,0,30,0,30,0,30,0,26,0.154,25,0.2
104600,,,,,,,,,,,,,,,,,,,,,
104601,,,,,,,,,,,,,,,,,,,,,
104603,95,95,0,,,,,,,95,0,95,0,,,,,,,74,0.284
104605,53,53,0,53,0,53,0,53,0,53,0,53,0,,,53,0,40,0.325,40,0.325
104606,22,26.5,-0.17,26.5,-0.17,26.5,-0.17,26.5,-0.17,26.5,-0.17,26.5,-0.17,,,26.5,-0.17,19,0.158,19,0.158
104607,81.2,95,-0.145,95,-0.145,95,-0.145,95,-0.145,95,-0.145,95,-0.145,,,95,-0.145,74,0.0973,74,0.0973
104608,53,53,0,53,0,53,0,53,0,53,0,53,0,53,0,53,0,40,0.325,40,0.325
104609,95,95,0,95,0,95,0,95,0,95,0,95,0,,,,,74,0.284,,
104610,25,25,0,25,0,25,0,25,0,,,,,,,25,0,,,,
104611,,,,,,,,,,,,,,,,,,,,,
104613,44,44,0,44,0,44,0,44,0,44,0,44,0,,,,,33,0.333,33,0.333
104614,36.5,44,-0.17,44,-0.17,44,-0.17,44,-0.17,44,-0.17,44,-0.17,44,-0.17,44,-0.17,,,,
104615,44,44,0,44,0,44,0,44,0,44,0,44,0,38.6,0.14,44,0,33,0.333,33,0.333
104617,,,,,,,,,,,,,,,,,,,,,
104619,44,53,-0.17,53,-0.17,53,-0.17,53,-0.17,53,-0.17,53,-0.17,53,-0.17,53,-0.17,,,40,0.1
104628,22,26.5,-0.17,26.5,-0.17,26.5,-0.17,26.5,-0.17,26.5,-0.17,26.5,-0.17,26.5,-0.17,,,19,0.158,,
104629,19,19,0,19,0,19,0,19,0,19,0,19,0,19,0,19,0,13.2,0.439,13.2,0.439
104631,79.9,79.9,0,79.9,0,79.9,0,79.9,0,79.9,0,79.9,0,67.9,0.177,79.9,0,79.9,0,75.9,0.0527
104633,25,25,0,25,0,25,0,25,0,25,0,,,25,0,25,0,,,,
104634,31,31,0,31,0,31,0,31,0,31,0,25.5,0.216,25,0.24,25,0.24,,,22.9,0.354
104635,13,13,0,,,,,13,0,13,0,,,13,0,13,0,,,12,0.0833
104636,59.4,59.4,0,59.4,0,59.4,0,59.4,0,59.4,0,59.4,0,59.4,0,64.5,-0.0791,64.5,-0.0791,51,0.165
104637,80,80,0,80,0,80,0,80,0,80,0,80,0,,,,,,,59.5,0.345
104638,,,,,,,,,,,,,,,,,,,,,
104678,29.5,29.5,0,29.5,0,29.5,0,39.5,-0.253,39.5,-0.253,39.5,-0.253,39.5,-0.253,39.5,-0.253,29.5,0,27.5,0.0727
104681,80,80,0,80,0,80,0,80,0,80,0,80,0,80,0,80,0,69,0.159,65,0.231
104682,80,80,0,80,0,80,0,80,0,80,0,80,0,80,0,80,0,69,0.159,65,0.231
104683,80,80,0,80,0,80,0,80,0,80,0,80,0,80,0,80,0,69,0.159,65,0.231
104720,30,30,0,30,0,30,0,30,0,30,0,30,0,30,0,30,0,26,0.154,25,0.2
104721,,,,,,,,,,,,,,,,,,,,,
104750,,,,,,,,,,,,,,,,,,,,,
104751,,,,,,,,,,,,,,,,,,,,,
104754,,,,,,,,,,,,,,,,,,,,,
104757,,,,,,,,,,,,,,,,,,,,,
104758,,,,,,,,,,,,,,,,,,,,,
104796,20,20,0,20,0,20,0,20,0,20,0,20,0,20,0,20,0,,,15,0.333
104797,45.8,53.9,-0.15,53.9,-0.15,53.9,-0.15,53.9,-0.15,53.9,-0.15,43.1,0.0626,64.8,-0.293,80.9,-0.434,58.3,-0.214,48.4,-0.0537
104798,28.6,28.6,0,28.6,0,22.8,0.254,22.8,0.254,28.6,0,42.5,-0.327,30,-0.0467,32,-0.106,24,0.192,25.4,0.126
104799,46,46,0,46,0,46,0,46,0,46,0,63.9,-0.28,63.9,-0.28,68.9,-0.332,56.3,-0.183,56.3,-0.183
104800,32,32,0,32,0,32,0,32,0,32,0,43.9,-0.271,43.9,-0.271,47.9,-0.332,37.8,-0.153,37.8,-0.153
104802,,,,,,,,,,,,,,,,,,,,,
104806,,,,,,,,,,,,,,,,,,,,,
104807,69,69,0,69,0,69,0,69,0,69,0,69,0,69,0,69,0,59.3,0.164,,
104808,42.1,42.1,0,42.1,0,42.1,0,42.1,0,42.1,0,52.9,-0.204,52.9,-0.204,42,0.00238,50,-0.158,,
104810,25,25,0,25,0,25,0,25,0,25,0,,,25,0,25,0,,,,
104926,75,75,0,75,0,75,0,75,0,75,0,75,0,75,0,75,0,62,0.21,59,0.271
104927,75,75,0,75,0,75,0,75,0,75,0,75,0,75,0,75,0,62,0.21,59,0.271
104928,83,83,0,83,0,83,0,83,0,83,0,83,0,83,0,83,0,69,0.203,63,0.317
104935,98,98,0,98,0,98,0,98,0,98,0,98,0,98,0,98,0,82.5,0.188,75,0.307
104936,62,62,0,62,0,62,0,62,0,62,0,62,0,62,0,62,0,51.5,0.204,47,0.319
104937,98,98,0,98,0,98,0,98,0,98,0,98,0,98,0,98,0,82.5,0.188,75,0.307
104938,62,62,0,62,0,62,0,62,0,62,0,62,0,62,0,62,0,51.5,0.204,47,0.319
104939,78,78,0,78,0,78,0,78,0,78,0,78,0,78,0,78,0,64.9,0.202,59,0.322
104987,15.8,18,-0.122,18,-0.122,18,-0.122,18,-0.122,18,-0.122,14.9,0.0604,18,-0.122,14.5,0.0897,14.5,0.0897,14.5,0.0897
104988,87.5,87.5,0,87.5,0,87.5,0,87.5,0,87.5,0,87.5,0,87.5,0,98.3,-0.11,98.3,-0.11,76.5,0.144
104989,87.5,87.5,0,87.5,0,87.5,0,87.5,0,87.5,0,87.5,0,87.5,0,98.3,-0.11,98.3,-0.11,76.5,0.144
104990,60.5,60.5,0,60.5,0,60.5,0,60.5,0,60.5,0,60.5,0,60.5,0,65.8,-0.0805,65.8,-0.0805,51.6,0.172
104991,60.5,60.5,0,60.5,0,60.5,0,60.5,0,60.5,0,60.5,0,60.5,0,65.8,-0.0805,65.8,-0.0805,49.5,0.222
104992,,,,,,,,,,,,,,,,,,,,,
104993,60.5,60.5,0,60.5,0,60.5,0,60.5,0,60.5,0,60.5,0,60.5,0,65.8,-0.0805,65.8,-0.0805,51.6,0.172
104994,60.5,60.5,0,60.5,0,60.5,0,60.5,0,60.5,0,60.5,0,60.5,0,65.8,-0.0805,65.8,-0.0805,49.5,0.222
104995,43.8,43.8,0,43.8,0,43.8,0,43.8,0,43.8,0,43.8,0,43.8,0,47.8,-0.0837,47.8,-0.0837,36.9,0.187
105010,75,75,0,75,0,75,0,75,0,75,0,75,0,56.3,0.332,56,0.339,62,0.21,59,0.271
105011,27.6,27.6,0,27.6,0,27.6,0,27.6,0,27.6,0,27.6,0,27.6,0,,,,,22,0.255
105012,27.6,27.6,0,27.6,0,27.6,0,27.6,0,27.6,0,27.6,0,27.6,0,27.6,0,,,21.6,0.278
105013,,,,,,,,,,,,,,,,,,,,,
105014,30,30,0,30,0,30,0,30,0,30,0,30,0,,,30,0,30,0,24,0.25
105015,26,26,0,26,0,26,0,26,0,26,0,26,0,26,0,,,,,21,0.238
105016,,,,,,,,,,,,,,,,,,,,,
105049,65.9,65.9,0,65.9,0,65.9,0,65.9,0,65.9,0,65.9,0,65.9,0,66,-0.00152,52.5,0.255,52.5,0.255
105050,65.9,65.9,0,65.9,0,65.9,0,65.9,0,65.9,0,65.9,0,65.9,0,66,-0.00152,,,50.5,0.305
105053,,,,,,,,,,,,,,,,,,,,,
105055,,,,,,,,,,,,,,,,,,,,,
105060,,,,,,,,,,,,,,,,,,,,,
105092,15,17.8,-0.157,17.8,-0.157,17.8,-0.157,17.8,-0.157,17.8,-0.157,13,0.154,13.5,0.111,17,-0.118,15,0,,
105097,75,75,0,75,0,75,0,75,0,75,0,75,0,75,0,75,0,62,0.21,59,0.271
105098,75,75,0,75,0,75,0,75,0,75,0,75,0,75,0,75,0,62,0.21,59,0.271
105099,75,75,0,75,0,75,0,75,0,75,0,75,0,75,0,75,0,62,0.21,59,0.271
105260,165,165,0,165,0,165,0,165,0,165,0,165,0,165,0,,,,,,
105320,,,,,,,,,,,,,,,,,,,,,
105321,21,21,0,21,0,21,0,21,0,21,0,21,0,21,0,21,0,16.5,0.273,16.5,0.273
105322,,,,,,,,,,,,,,,,,,,,,
105323,,,,,,,,,,,,,,,,,,,,,
105341,149,149,0,149,0,149,0,149,0,149,0,149,0,149,0,149,0,,,,
105445,34.5,34.5,0,34.5,0,34.5,0,34.5,0,34.5,0,34.5,0,34.5,0,44.4,-0.223,37,-0.0676,24.5,0.408
105446,34.5,34.5,0,34.5,0,34.5,0,34.5,0,34.5,0,34.5,0,34.5,0,44.4,-0.223,37,-0.0676,24.5,0.408
105448,34.5,34.5,0,34.5,0,34.5,0,34.5,0,34.5,0,34.5,0,34.5,0,44.4,-0.223,37,-0.0676,24.5,0.408
105450,30,30,0,30,0,30,0,30,0,30,0,30,0,30,0,42.3,-0.291,35,-0.143,23,0.304
105452,24.5,24.5,0,24.5,0,24.5,0,24.5,0,24.5,0,24.5,0,36,-0.319,34.8,-0.296,28.9,-0.152,18.8,0.303
105453,29,29,0,29,0,29,0,29,0,29,0,29,0,29,0,36.6,-0.208,30.5,-0.0492,20,0.45
105454,29,29,0,29,0,29,0,29,0,29,0,29,0,29,0,36.6,-0.208,30.5,-0.0492,20,0.45
105455,36,36,0,36,0,36,0,36,0,36,0,36,0,36,0,46.1,-0.219,38.8,-0.0722,25.5,0.412
105461,46.1,46.1,0,46.1,0,46.1,0,46.1,0,46.1,0,46.1,0,46.1,0,46.1,0,38.8,0.188,25.5,0.808
105462,63.5,,,,,,,,,,,,,,,63.5,0,50.5,0.257,33.5,0.896
105471,,,,,,,,,,,,,,,,,,,,,
105485,48,48,0,48,0,48,0,48,0,48,0,,,,,48,0,30,0.6,20.5,1.34
105487,,,,,,,,,,,,,,,,,,,,,
105488,17.5,17.5,0,17.5,0,17.5,0,17.5,0,17.5,0,17.5,0,17.5,0,17.5,0,13,0.346,13,0.346
105630,,,,,,,,,,,,,,,,,,,,,
105646,41.9,41.9,0,41.9,0,41.9,0,41.9,0,41.9,0,41.9,0,41.9,0,41.9,0,41.9,0,39.9,0.0501
105647,41.9,41.9,0,41.9,0,41.9,0,41.9,0,,,41.9,0,41.9,0,41.9,0,41.9,0,39.9,0.0501
105683,132,132,0,132,0,132,0,132,0,132,0,132,0,132,0,157,-0.158,131,0.0107,96.1,0.374
105687,59,59,0,59,0,59,0,59,0,59,0,59,0,59,0,59,0,50,0.18,46,0.283
105710,,,,,,,,,,,,,,,,,,,,,
105711,59,59,0,59,0,59,0,59,0,59,0,59,0,,,59,0,50,0.18,46,0.283
105712,59,59,0,59,0,59,0,59,0,59,0,59,0,59,0,59,0,50,0.18,46,0.283
105715,8,8,0,8,0,8,0,8,0,8,0,10.9,-0.266,10.9,-0.266,16.9,-0.527,12.7,-0.37,12.7,-0.37
105718,,,,,,,,,,,,,,,,,,,,,
105720,,,,,,,,,,,,,,,,,,,,,
105725,,,,,,,,,,,,,,,,,,,,,
105727,182,182,0,182,0,182,0,182,0,182,0,182,0,182,0,260,-0.3,205,-0.114,152,0.199
105728,99.9,99.9,0,99.9,0,99.9,0,99.9,0,99.9,0,99.9,0,99.9,0,99.9,0,89.9,0.111,74.9,0.334
105730,20.6,20.6,0,20.6,0,20.6,0,20.6,0,20.6,0,20.6,0,20.6,0,22.9,-0.1,19,0.0842,14.8,0.392
105731,20.6,20.6,0,20.6,0,20.6,0,20.6,0,20.6,0,20.6,0,20.6,0,22.9,-0.1,,,14.8,0.392
105732,99.9,99.9,0,99.9,0,99.9,0,99.9,0,99.9,0,99.9,0,99.9,0,99.9,0,89.9,0.111,75,0.332
105735,67.5,67.5,0,67.5,0,67.5,0,67.5,0,,,,,67.5,0,,,,,,
105740,,,,,,,,,,,,,,,,,,,,,
105743,,,,,,,,,,,,,,,,,,,,,
105746,22.3,22.3,0,22.3,0,22.3,0,22.3,0,22.3,0,22.3,0,22.3,0,22.3,0,20,0.115,18.8,0.186
105748,,,,,,,,,,,,,,,,,,,,,
105762,37.3,37.3,0,37.3,0,37.3,0,37.3,0,37.3,0,37.3,0,37.3,0,37.3,0,31.1,0.199,28,0.332
105764,,,,,,,,,,,,,,,,,,,,,
105766,,,,,,,,,,,,,,,,,,,,,
105767,,,,,,,,,,,,,,,,,,,,,
105771,7.9,7.9,0,7.9,0,7.9,0,7.9,0,7.9,0,7.5,0.0533,7.9,0,7.9,0,6.8,0.162,6.8,0.162
105775,35.5,35.5,0,37.9,-0.0633,37.9,-0.0633,37.9,-0.0633,37.9,-0.0633,37.9,-0.0633,37.9,-0.0633,37.9,-0.0633,33,0.0758,33,0.0758
105778,6.2,6.2,0,,,6.2,0,6.2,0,6.2,0,6.2,0,6.2,0,6.2,0,4.9,0.265,4.9,0.265
105780,,,,,,,,,,,,,,,,,,,,,
105788,20.5,20.5,0,20.5,0,20.5,0,20.5,0,20.5,0,20.5,0,20.5,0,20.5,0,16.5,0.242,16.5,0.242
105789,11.5,11.5,0,11.5,0,11.5,0,11.5,0,11.5,0,11.5,0,11.5,0,11.5,0,9.2,0.25,9.2,0.25
105790,,,,,,,,,,,,,,,,,,,,,
105791,37.3,37.3,0,37.3,0,37.3,0,37.3,0,37.3,0,37.3,0,37.3,0,37.3,0,31.1,0.199,,
105810,61.3,61.3,0,61.3,0,61.3,0,61.3,0,61.3,0,61.3,0,61.3,0,80.6,-0.239,65.8,-0.0684,51.3,0.195
105821,132,132,0,132,0,132,0,132,0,132,0,132,0,132,0,132,0,132,0,128,0.0312
105823,,,,,,,,,,,,,,,,,,,,,
105831,9.2,9.2,0,9.2,0,9.2,0,9.2,0,9.2,0,9.2,0,9.2,0,10.3,-0.107,8,0.15,,
105840,20.9,20.9,0,20.9,0,20.9,0,20.9,0,28.5,-0.267,28.5,-0.267,28.5,-0.267,28.5,-0.267,18,0.161,18,0.161
105842,20.9,20.9,0,20.9,0,20.9,0,20.9,0,28.5,-0.267,28.5,-0.267,24.5,-0.147,28.5,-0.267,18,0.161,18,0.161
105843,,,,,,,,,,,,,,,,,,,,,
105844,20.9,20.9,0,20.9,0,20.9,0,20.9,0,28.5,-0.267,28.5,-0.267,28.5,-0.267,28.5,-0.267,18,0.161,18,0.161
105847,66,66,0,66,0,66,0,66,0,66,0,66,0,66,0,66,0,50.5,0.307,50.5,0.307
105848,66,66,0,66,0,66,0,66,0,66,0,66,0,66,0,66,0,50.5,0.307,50.5,0.307
105861,22,22,0,22,0,22,0,22,0,22,0,22,0,22,0,22,0,18.7,0.176,15,0.467
105862,8,8,0,8,0,8,0,8,0,8,0,8,0,8,0,8,0,5.3,0.509,4.5,0.778
105863,10,10,0,10,0,10,0,10,0,10,0,10,0,10,0,10,0,,,,
105864,,,,,,,,,,,,,,,,,,,,,
105865,,,,,,,,,,,,,,,,,,,,,
105866,,,,,,,,,,,,,,,,,,,,,
105868,42.5,42.5,0,42.5,0,42.5,0,42.5,0,42.5,0,42.5,0,42.5,0,45.4,-0.0639,45.4,-0.0639,36.5,0.164
105911,46.8,46.8,0,46.8,0,46.8,0,46.8,0,46.8,0,46.8,0,46.8,0,50.3,-0.0696,50.3,-0.0696,39.3,0.191
105912,,,,,,,,,,,,,,,,,,,,,
105931,6.9,6.9,0,6.9,0,6.9,0,6.9,0,6.9,0,6.9,0,6.9,0,,,,,,
105960,91,91,0,91,0,91,0,91,0,91,0,91,0,91,0,91,0,79,0.152,77,0.182
105963,,,,,,,,,,,,,,,,,,,,,
105965,,,,,,,,,,,,,,,,,,,,,
106010,,,,,,,,,,,,,,,,,,,,,
106011,,,,,,,,,,,,,,,,,,,,,
106012,103,103,0,103,0,103,0,103,0,103,0,103,0,109,-0.0559,156,-0.339,127,-0.189,87,0.185
106013,103,103,0,103,0,103,0,103,0,103,0,103,0,109,-0.0559,156,-0.339,127,-0.189,87,0.185
106014,,,,,,,,,,,,,,,,,,,,,
106023,,,,,,,,,,,,,,,,,,,,,
106054,,,,,,,,,,,,,,,,,,,,,
106070,,,,,,,,,,,,,,,,,,,,,
106071,,,,,,,,,,,,,,,,,,,,,
106072,60.5,60.5,0,60.5,0,60.5,0,60.5,0,60.5,0,60.5,0,60.5,0,65.8,-0.0805,65.8,-0.0805,51.6,0.172
106073,,,,,,,,,,,,,,,,,,,,,
106074,87.5,87.5,0,87.5,0,87.5,0,87.5,0,87.5,0,87.5,0,87.5,0,98.3,-0.11,98.3,-0.11,76.5,0.144
106075,38.9,38.9,0,38.9,0,38.9,0,38.9,0,38.9,0,38.9,0,38.9,0,41.9,-0.0716,41.9,-0.0716,32.5,0.197
106076,,,,,,,,,,,,,,,,,,,,,
106078,60.5,60.5,0,60.5,0,60.5,0,60.5,0,60.5,0,60.5,0,60.5,0,65.8,-0.0805,65.8,-0.0805,49.5,0.222
106079,60.5,60.5,0,60.5,0,60.5,0,60.5,0,60.5,0,60.5,0,60.5,0,65.8,-0.0805,65.8,-0.0805,49.5,0.222
106082,,,,,,,,,,,,,,,,,,,,,
106083,36.8,36.8,0,36.8,0,36.8,0,36.8,0,36.8,0,36.8,0,36.8,0,40,-0.08,40,-0.08,31,0.187
106084,59.4,59.4,0,59.4,0,59.4,0,59.4,0,59.4,0,59.4,0,59.4,0,64.5,-0.0791,64.5,-0.0791,51,0.165
106085,,,,,,,,,,,,,,,,,,,,,
106086,,,,,,,,,,,,,,,,,,,,,
106090,20.6,20.6,0,20.6,0,20.6,0,20.6,0,20.6,0,20.6,0,,,,,19,0.0842,14.8,0.392
106151,52.9,52.9,0,52.9,0,52.9,0,52.9,0,52.9,0,52.9,0,52.9,0,54.9,-0.0364,43,0.23,38,0.392
106152,46.9,46.9,0,46.9,0,46.9,0,46.9,0,46.9,0,52.9,-0.113,52.9,-0.113,49.5,-0.0525,43,0.0907,38,0.234
106153,46.9,46.9,0,46.9,0,46.9,0,46.9,0,46.9,0,52.9,-0.113,52.9,-0.113,54.9,-0.146,43,0.0907,38,0.234
106154,46.9,46.9,0,46.9,0,46.9,0,46.9,0,46.9,0,52.9,-0.113,52.9,-0.113,49.5,-0.0525,43,0.0907,38,0.234
106277,,,,,,,,,,,,,,,,,,,,,
106278,,,,,,,,,,,,,,,,,,,,,
106530,14,14,0,14,0,14,0,14,0,14,0,14,0,,,14,0,12,0.167,12,0.167
106531,,,,,,,,,,,,,,,,,,,,,
106532,14,14,0,14,0,14,0,14,0,14,0,14,0,,,14,0,12,0.167,12,0.167
106586,54,54,0,54,0,54,0,54,0,54,0,53.9,0.00186,53.9,0.00186,59.9,-0.0985,52.8,0.0227,50.3,0.0736
106588,28.6,28.6,0,28.6,0,22.8,0.254,22.8,0.254,28.6,0,42.5,-0.327,29,-0.0138,32,-0.106,24,0.192,25.4,0.126
106592,83,83,0,83,0,83,0,83,0,83,0,83,0,62.3,0.332,62,0.339,69,0.203,63,0.317
106607,186,186,0,186,0,186,0,186,0,186,0,186,0,186,0,186,0,,,,
106610,,,,,,,,,,,,,,,,,,,,,
106611,,,,,,,,,,,,,,,,,,,,,
106612,46,46,0,46,0,46,0,46,0,46,0,,,55,-0.164,55,-0.164,42,0.0952,35,0.314
106613,55,55,0,55,0,55,0,55,0,55,0,,,,,,,42,0.31,,
106678,10.2,10.2,0,10.2,0,10.2,0,10.2,0,,,,,10.2,0,10.2,0,8.8,0.159,7.5,0.36
106679,17.2,17.2,0,17.2,0,17.2,0,17.2,0,17.2,0,17.2,0,17.2,0,17.2,0,15,0.147,12.5,0.376
106680,10.2,10.2,0,10.2,0,10.2,0,10.2,0,10.2,0,10.2,0,10.2,0,10.2,0,8.8,0.159,,
106681,11.9,11.9,0,11.9,0,11.9,0,11.9,0,11.9,0,11.9,0,11.9,0,11.9,0,11,0.0818,8.8,0.352
106682,17.2,17.2,0,17.2,0,17.2,0,17.2,0,17.2,0,17.2,0,17.2,0,17.2,0,15,0.147,12.5,0.376
106683,17.2,17.2,0,17.2,0,17.2,0,17.2,0,17.2,0,17.2,0,17.2,0,17.2,0,15,0.147,12.5,0.376
106684,10.2,10.2,0,10.2,0,10.2,0,10.2,0,10.2,0,10.2,0,10.2,0,10.2,0,8.8,0.159,,
106685,28.6,28.6,0,28.6,0,22.8,0.254,22.8,0.254,28.6,0,42.5,-0.327,29,-0.0138,32,-0.106,24,0.192,25.4,0.126
106688,,,,,,,,,,,,,,,,,,,,,
106712,,,,,,,,,,,,,,,,,,,,,
106779,50,50,0,50,0,50,0,50,0,50,0,50,0,50,0,50,0,,,25,1
106831,35.6,41.9,-0.15,41.9,-0.15,41.9,-0.15,41.9,-0.15,41.9,-0.15,33.5,0.0627,49.5,-0.281,60,-0.407,34.4,0.0349,34.4,0.0349
106832,,,,,,,,,,,,,,,,,,,,,
106840,31.9,31.9,0,31.9,0,31.9,0,31.9,0,31.9,0,31.9,0,31.9,0,31.9,0,28.8,0.108,25,0.276
106910,46.8,46.8,0,46.8,0,46.8,0,46.8,0,46.8,0,46.8,0,,,50.3,-0.0696,50.3,-0.0696,39,0.2
107010,20.9,20.9,0,20.9,0,20.9,0,20.9,0,23,-0.0913,23,-0.0913,23,-0.0913,23,-0.0913,18,0.161,18,0.161
107011,17.3,20.9,-0.172,20.9,-0.172,20.9,-0.172,20.9,-0.172,23,-0.248,23,-0.248,19.1,-0.0942,23,-0.248,18,-0.0389,18,-0.0389
107012,20.9,20.9,0,20.9,0,20.9,0,20.9,0,28.5,-0.267,28.5,-0.267,28.5,-0.267,28.5,-0.267,18,0.161,18,0.161
107015,29.5,29.5,0,29.5,0,29.5,0,29.5,0,29.5,0,29.5,0,29.5,0,29.5,0,22,0.341,22,0.341
107016,29.5,29.5,0,29.5,0,29.5,0,29.5,0,29.5,0,29.5,0,29.5,0,29.5,0,22,0.341,22,0.341
107025,20,20,0,20,0,20,0,20,0,20,0,20,0,20,0,25,-0.2,25,-0.2,20,0
107027,20,20,0,20,0,20,0,20,0,20,0,20,0,,,20,0,20,0,20,0
107028,99.9,99.9,0,99.9,0,99.9,0,99.9,0,99.9,0,99.9,0,99.9,0,99.9,0,92.9,0.0753,89.9,0.111
107029,20,20,0,20,0,20,0,20,0,20,0,20,0,20,0,20,0,20,0,20,0
107031,89,89,0,,,,,89,0,89,0,89,0,89,0,89,0,89,0,89,0
107032,75,75,0,75,0,75,0,75,0,75,0,75,0,75,0,75,0,62,0.21,59,0.271
107033,75,75,0,75,0,75,0,75,0,75,0,75,0,75,0,75,0,62,0.21,59,0.271
107035,75,75,0,75,0,75,0,75,0,75,0,75,0,75,0,75,0,62,0.21,59,0.271
107093,,,,,,,,,,,,,,,,,,,,,
107118,,,,,,,,,,,,,,,,,,,,,
107120,19.9,19.9,0,19.9,0,15.9,0.252,15.9,0.252,19.9,0,19.9,0,19.9,0,26.5,-0.249,20,-0.005,17,0.171
107182,,,,,,,,,,,,,,,,,,,,,
107190,,,,,,,,,,,,,,,,,,,,,
107202,,,,,,,,,,,,,,,,,,,,,
107207,22.5,22.5,0,22.5,0,22.5,0,22.5,0,22.5,0,22.5,0,,,,,,,,
107213,24.5,24.5,0,24.5,0,24.5,0,,,33.5,-0.269,33.5,-0.269,33.5,-0.269,33.5,-0.269,23,0.0652,19.5,0.256
107216,10,10,0,10,0,10,0,10,0,10,0,10,0,10,0,10,0,7.5,0.333,8.5,0.176
107218,,,,,,,,,,,,,,,,,,,,,
107484,88.9,88.9,0,88.9,0,88.9,0,88.9,0,88.9,0,,,,,,,,,,
107492,,,,,,,,,,,,,,,,,,,,,
107715,,,,,,,,,,,,,,,,,,,,,
107717,21,21,0,21,0,21,0,21,0,21,0,21,0,21,0,21,0,16.7,0.257,15,0.4
107815,,,,,,,,,,,,,,,,,,,,,
107817,11.1,11.1,0,11.1,0,11.1,0,11.1,0,11.1,0,11.1,0,11.1,0,11.1,0,9,0.233,8.4,0.321
107818,11.1,11.1,0,11.1,0,11.1,0,11.1,0,11.1,0,11.1,0,11.1,0,11.1,0,9,0.233,8.4,0.321
107977,81,81,0,81,0,81,0,81,0,81,0,81,0,81,0,81,0,72.5,0.117,60,0.35
108030,25.5,25.5,0,25.5,0,25.5,0,29.5,-0.136,29.5,-0.136,29.5,-0.136,39.5,-0.354,39.5,-0.354,,,24,0.0625
108037,209,239,-0.126,239,-0.126,215,-0.0279,215,-0.0279,229,-0.0873,239,-0.126,260,-0.196,199,0.0513,261,-0.2,190,0.102
108038,209,239,-0.126,239,-0.126,215,-0.0279,215,-0.0279,229,-0.0873,239,-0.126,260,-0.196,199,0.0513,261,-0.2,190,0.102
108039,209,239,-0.126,239,-0.126,215,-0.0279,215,-0.0279,229,-0.0873,239,-0.126,260,-0.196,199,0.0513,261,-0.2,190,0.102
108050,,,,,,,,,,,,,,,,,,,,,
108074,,,,,,,,,,,,,,,,,,,,,
108090,37,37,0,37,0,37,0,37,0,37,0,37,0,37,0,29,0.276,30.2,0.225,24.5,0.51
108091,29.3,41,-0.285,41,-0.285,41,-0.285,41,-0.285,41,-0.285,41,-0.285,41,-0.285,42,-0.302,34.3,-0.146,27.5,0.0655
108120,21,21,0,21,0,21,0,21,0,21,0,21,0,21,0,21,0,18.5,0.135,16.5,0.273
108130,,,,,,,,,,,,,,,,,,,,,
108131,269,269,0,269,0,269,0,269,0,,,,,,,,,,,,
108185,43.5,43.5,0,43.5,0,43.5,0,43.5,0,43.5,0,43.5,0,43.5,0,51.5,-0.155,,,32.5,0.338
108186,51.5,51.5,0,51.5,0,51.5,0,51.5,0,51.5,0,51.5,0,51.5,0,51.5,0,44.5,0.157,32.5,0.585
108187,,,,,,,,,,,,,,,,,,,,,
108222,,,,,,,,,,,,,,,,,,,,,
108223,20,20,0,20,0,20,0,20,0,20,0,20,0,20,0,15.9,0.258,20,0,20,0
108520,,,,,,,,,,,,,,,,,,,,,
108530,80,96,-0.167,96,-0.167,99,-0.192,99,-0.192,99,-0.192,65,0.231,95,-0.158,,,84,-0.0476,69,0.159
108531,80,96,-0.167,96,-0.167,99,-0.192,99,-0.192,99,-0.192,65,0.231,95,-0.158,98.4,-0.187,84,-0.0476,74.4,0.0753
108532,99,114,-0.132,114,-0.132,118,-0.165,118,-0.165,118,-0.165,80,0.238,114,-0.132,,,,,93,0.0645
108533,,,,,,,,,,,,,,,,,,,,,
108534,,,,,,,,,,,,,,,,,,,,,
108535,10,10,0,10,0,10,0,10,0,10,0,10,0,,,10,0,9,0.111,8.4,0.19
108561,64.9,64.9,0,64.9,0,64.9,0,64.9,0,64.9,0,64.9,0,64.9,0,55,0.18,61.9,0.0485,59.9,0.0835
108565,,,,,,,,,,,,,,,,,,,,,
108566,,,,,,,,,,,,,,,,,,,,,
108591,25,25,0,25,0,25,0,25,0,25,0,25,0,25,0,25,0,25,0,16.9,0.479
108592,25,25,0,25,0,25,0,25,0,25,0,25,0,25,0,25,0,25,0,20,0.25
108632,68,68,0,68,0,68,0,68,0,,,75,-0.0933,75,-0.0933,80,-0.15,65,0.0462,56,0.214
108634,20,20,0,20,0,20,0,20,0,20,0,20,0,20,0,20,0,20,0,20,0
108635,24,24,0,24,0,24,0,24,0,24,0,24,0,24,0,24,0,24,0,,
108637,42.2,42.2,0,42.2,0,42.2,0,52.7,-0.199,52.7,-0.199,52.7,-0.199,52.7,-0.199,59.9,-0.295,58,-0.272,42,0.00476
108638,35.9,35.9,0,35.9,0,35.9,0,35.9,0,35.9,0,35.9,0,35.9,0,32.8,0.0945,31.5,0.14,30.5,0.177
108639,79.9,79.9,0,79.9,0,79.9,0,79.9,0,79.9,0,79.9,0,79.9,0,81.4,-0.0184,,,55,0.453
108655,86.4,86.4,0,86.4,0,86.4,0,86.4,0,86.4,0,86.4,0,,,86.4,0,86.4,0,86.4,0
108656,,,,,,,,,,,,,,,,,,,,,
108660,71.5,71.5,0,71.5,0,71.5,0,71.5,0,71.5,0,71.5,0,71.5,0,78,-0.0833,65,0.1,59.8,0.196
108661,,,,,,,,,,,,,,,,,,,,,
108663,71.5,71.5,0,71.5,0,71.5,0,71.5,0,71.5,0,71.5,0,71.5,0,79.3,-0.0984,62.4,0.146,59.8,0.196
108664,,,,,,,,,,,,,,,,,,,,,
108665,,,,,,,,,,,,,,,,,,,,,
108666,,,,,,,,,,,,,,,,,,,,,
108667,,,,,,,,,,,,,,,,,,,,,
108702,315,315,0,315,0,315,0,315,0,315,0,315,0,315,0,315,0,315,0,315,0
108705,45.8,53.9,-0.15,53.9,-0.15,53.9,-0.15,53.9,-0.15,53.9,-0.15,43.1,0.0626,64.8,-0.293,80.9,-0.434,58.3,-0.214,48.4,-0.0537
108706,45.8,53.9,-0.15,53.9,-0.15,53.9,-0.15,53.9,-0.15,53.9,-0.15,43.1,0.0626,64.8,-0.293,80.9,-0.434,58.3,-0.214,48.4,-0.0537
108715,,,,,,,,,,,,,,,,,,,,,
108720,61.5,61.5,0,61.5,0,61.5,0,61.5,0,61.5,0,61.5,0,61.5,0,66.3,-0.0724,66.3,-0.0724,51.9,0.185
108721,46.3,46.3,0,46.3,0,46.3,0,46.3,0,46.3,0,46.3,0,46.3,0,49.8,-0.0703,49.8,-0.0703,38.9,0.19
108730,34.4,34.4,0,34.4,0,34.4,0,34.4,0,34.4,0,43.3,-0.206,43.3,-0.206,43.3,-0.206,40,-0.14,31.2,0.103
108740,,,,,,,,,,,,,,,,,,,,,
108750,,,,,,,,,,,,,,,,,,,,,
108751,,,,,,,,,,,,,,,,,,,,,
108752,18,18,0,18,0,14,0.286,14,0.286,18,0,18,0,18,0,18,0,12.8,0.406,12.8,0.406
108753,97,97,0,97,0,78.5,0.236,78.5,0.236,97,0,97,0,97,0,97,0,75,0.293,75,0.293
108760,,,,,,,,,,,,,,,,,,,,,
108761,185,185,0,185,0,185,0,185,0,185,0,185,0,,,185,0,162,0.142,145,0.276
108768,,,,,,,,,,,,,,,,,,,,,
108769,,,,,,,,,,,,,,,,,,,,,
108788,,,,,,,,,,,,,,,,,,,,,
108820,15,15,0,15,0,15,0,15,0,15,0,15,0,19.5,-0.231,19.5,-0.231,18,-0.167,11.7,0.282
108821,15,15,0,15,0,15,0,15,0,15,0,15,0,19.5,-0.231,19.5,-0.231,18,-0.167,11.7,0.282
108830,,,,,,,,,,,,,,,,,,,,,
108861,,,,,,,,,,,,,,,,,,,,,
108863,10,10,0,10,0,10,0,10,0,10,0,10,0,10,0,10,0,6.9,0.449,6.9,0.449
108864,,,,,,,,,,,,,,,,,,,,,
108870,,,,,,,,,,,,,,,,,,,,,
108871,,,,,,,,,,,,,,,,,,,,,
108875,,,,,,,,,,,,,,,,,,,,,
108876,,,,,,,,,,,,,,,,,,,,,
108890,21,21,0,21,0,21,0,21,0,21,0,21,0,21,0,,,,,,
108893,21,21,0,21,0,21,0,21,0,21,0,21,0,21,0,,,,,,
108906,,,,,,,,,,,,,,,,,,,,,
108944,,,,,,,,,,,,,,,,,,,,,
109013,,,,,,,,,,,,,,,,,,,,,
109014,,,,,,,,,,,,,,,,,,,,,
109015,,,,,,,,,,,,,,,,,,,,,
109019,,,,,,,,,,,,,,,,,,,,,
109020,16.8,16.8,0,16.8,0,16.8,0,16.8,0,16.8,0,16.8,0,16.8,0,16.8,0,12.5,0.344,12.5,0.344
109021,16.8,16.8,0,16.8,0,16.8,0,16.8,0,16.8,0,16.8,0,,,16.8,0,12.5,0.344,12.5,0.344
109022,27.5,27.5,0,,,27.5,0,27.5,0,27.5,0,27.5,0,,,27.5,0,19,0.447,19,0.447
109023,63.7,63.7,0,63.7,0,63.7,0,63.7,0,63.7,0,,,74,-0.139,73.9,-0.138,84.4,-0.245,51,0.249
109024,67.5,67.5,0,67.5,0,67.5,0,67.5,0,67.5,0,67.5,0,67.5,0,,,,,,
109036,25,25,0,25,0,25,0,25,0,25,0,25,0,,,25,0,21.5,0.163,21.5,0.163
109037,25,25,0,25,0,25,0,25,0,25,0,25,0,,,25,0,18.3,0.366,18.3,0.366
109038,25,25,0,25,0,25,0,25,0,,,25,0,25,0,,,21.5,0.163,21.5,0.163
109039,,,,,,,,,,,,,,,,,,,,,
109040,,,,,,,,,,,,,,,,,,,,,
109044,,,,,,,,,,,,,,,,,,,,,
109045,,,,,,,,,,,,,,,,,,,,,
109060,83,83,0,83,0,83,0,83,0,83,0,83,0,83,0,83,0,69,0.203,63,0.317
109061,83,83,0,83,0,83,0,83,0,83,0,83,0,83,0,83,0,69,0.203,63,0.317
109062,83,83,0,83,0,83,0,83,0,83,0,83,0,83,0,83,0,69,0.203,63,0.317
109064,13,13,0,13,0,13,0,13,0,13,0,10.8,0.204,10.8,0.204,10.8,0.204,10.8,0.204,10.5,0.238
109070,32,32,0,32,0,32,0,32,0,32,0,32,0,32,0,32,0,23,0.391,,
109071,19.5,19.5,0,19.5,0,19.5,0,19.5,0,19.5,0,19.5,0,19.5,0,19.5,0,,,,
109072,,,,,,,,,,,,,,,,,,,,,
109073,19.5,19.5,0,19.5,0,19.5,0,19.5,0,19.5,0,19.5,0,19.5,0,19.5,0,,,,
109074,19.5,19.5,0,19.5,0,19.5,0,19.5,0,19.5,0,19.5,0,19.5,0,19.5,0,,,,
109076,,,,,,,,,,,,,,,,,,,,,
109078,59,59,0,59,0,59,0,59,0,59,0,59,0,67,-0.119,67,-0.119,57.3,0.0297,40.4,0.46
109081,24,24,0,24,0,24,0,24,0,24,0,24,0,24,0,33,-0.273,,,,
109090,,,,,,,,,,,,,,,,,,,,,
109091,,,,,,,,,,,,,,,,,,,,,
109092,,,,,,,,,,,,,,,,,,,,,
109093,188,188,0,188,0,188,0,188,0,188,0,188,0,188,0,208,-0.0938,164,0.151,150,0.261
109095,27.5,27.5,0,27.5,0,27.5,0,27.5,0,27.5,0,27.5,0,27.5,0,27.5,0,,,19,0.447
109116,17,17,0,17,0,17,0,17,0,17,0,,,17,0,17,0,15.1,0.126,12,0.417
109117,,,,,,,,,,,,,,,,,,,,,
109118,,,,,,,,,,,,,,,,,,,,,
109119,,,,,,,,,,,,,,,,,,,,,
109121,26.2,26.2,0,,,,,26.2,0,,,26.2,0,26.2,0,,,21.5,0.219,21.5,0.219
109122,26.2,26.2,0,26.2,0,26.2,0,26.2,0,,,26.2,0,,,,,,,21.5,0.219
109123,,,,,,,,,,,,,,,,,,,,,
109124,25,25,0,25,0,25,0,25,0,25,0,25,0,25,0,25,0,21.5,0.163,21.5,0.163
109125,66,66,0,66,0,66,0,66,0,66,0,,,66,0,66,0,,,,
109127,17,17,0,17,0,17,0,17,0,17,0,17,0,,,17,0,,,,
109211,,,,,,,,,,,,,,,,,,,,,
109212,,,,,,,,,,,,,,,,,,,,,
109213,10.1,10.1,0,10.1,0,10.1,0,10.1,0,10.1,0,12,-0.158,12,-0.158,15,-0.327,11,-0.0818,9,0.122
109216,25,25,0,25,0,25,0,25,0,25,0,25,0,,,,,,,,
109219,59,59,0,59,0,59,0,59,0,59,0,59,0,59,0,59,0,50,0.18,46,0.283
109222,,,,,,,,,,,,,,,,,,,,,
109223,,,,,,,,,,,,,,,,,,,,,
109228,,,,,,,,,,,,,,,,,,,,,
109229,,,,,,,,,,,,,,,,,,,,,
109230,14.4,14.4,0,14.4,0,14.4,0,14.4,0,14.4,0,14.4,0,14.4,0,14.4,0,13,0.108,10.6,0.358
109232,14.4,14.4,0,14.4,0,14.4,0,14.4,0,,,14.4,0,14.4,0,14.4,0,13,0.108,10.6,0.358
109233,38.8,38.8,0,38.8,0,38.8,0,38.8,0,38.8,0,38.8,0,38.8,0,,,,,,
109234,27.9,27.9,0,27.9,0,27.9,0,27.9,0,27.9,0,,,27.9,0,27.9,0,,,,
109240,29.3,29.3,0,29.3,0,29.3,0,29.3,0,29.3,0,29.3,0,29.3,0,29.3,0,,,,
109241,29.3,29.3,0,29.3,0,29.3,0,29.3,0,29.3,0,29.3,0,29.3,0,29.3,0,,,,
109242,29,29,0,29,0,29,0,29,0,29,0,29,0,24,0.208,,,,,,
109243,29,29,0,29,0,29.2,-0.00685,24.5,0.184,29,0,29,0,29,0,29,0,,,,
109245,20,20,0,20,0,20,0,20,0,20,0,20,0,20,0,20,0,13,0.538,13,0.538
109246,17,17,0,17,0,17,0,17,0,17,0,17,0,17,0,17,0,13,0.308,13,0.308
109247,,,,,,,,,,,,,,,,,,,,,
109248,,,,,,,,,,,,,,,,,,,,,
109249,15.5,19,-0.184,19,-0.184,19,-0.184,19,-0.184,19,-0.184,19,-0.184,19,-0.184,19,-0.184,,,,
109250,,,,,,,,,,,,,,,,,,,,,
109251,19.2,19.2,0,19.2,0,19.2,0,19.2,0,19.2,0,19.2,0,,,,,,,,
109252,19.2,19.2,0,19.2,0,19.2,0,19.2,0,19.2,0,19.2,0,19.2,0,19,0.0105,14,0.371,13,0.477
109253,15.5,19,-0.184,19,-0.184,19,-0.184,19,-0.184,19,-0.184,19,-0.184,19,-0.184,19,-0.184,,,,
109254,23.9,23.9,0,23.9,0,23.9,0,23.9,0,23.9,0,23.9,0,31,-0.229,31,-0.229,26,-0.0808,21,0.138
109255,23.9,23.9,0,23.9,0,23.9,0,23.9,0,23.9,0,23.9,0,31,-0.229,31,-0.229,26,-0.0808,21,0.138
109256,23.9,23.9,0,23.9,0,23.9,0,23.9,0,23.9,0,23.9,0,31,-0.229,31,-0.229,26,-0.0808,21,0.138
109257,23.9,23.9,0,23.9,0,23.9,0,23.9,0,23.9,0,23.9,0,31,-0.229,31,-0.229,26,-0.0808,21,0.138
109265,12,14.4,-0.167,14.4,-0.167,15,-0.2,15,-0.2,15,-0.2,15,-0.2,15,-0.2,15,-0.2,11,0.0909,12.5,-0.04
109266,57.5,57.5,0,57.5,0,57.5,0,57.5,0,57.5,0,57.5,0,57.5,0,62,-0.0726,62,-0.0726,47,0.223
109267,16,16,0,16,0,16,0,16,0,16,0,16,0,13.3,0.203,16,0,16,0,13,0.231
109268,20.9,20.9,0,20.9,0,20.9,0,20.9,0,20.9,0,20.9,0,16.3,0.282,20.9,0,,,16.9,0.237
109269,,,,,,,,,,,,,,,,,,,,,
109270,26.2,26.2,0,,,,,,,26.2,0,26.2,0,26.2,0,,,,,,
109271,13,13,0,13,0,13,0,13,0,13,0,13,0,,,13,0,13,0,13,0
109272,21.3,21.3,0,21.3,0,21.3,0,21.3,0,21.3,0,17.5,0.217,21,0.0143,,,16.5,0.291,16.5,0.291
109273,118,118,0,118,0,118,0,118,0,118,0,118,0,118,0,118,0,105,0.124,95,0.242
109274,118,118,0,118,0,118,0,118,0,118,0,118,0,118,0,118,0,105,0.124,95,0.242
109275,118,118,0,118,0,118,0,118,0,118,0,118,0,118,0,118,0,105,0.124,95,0.242
109276,118,118,0,118,0,118,0,118,0,118,0,118,0,118,0,118,0,105,0.124,95,0.242
109277,118,118,0,118,0,118,0,118,0,118,0,118,0,118,0,118,0,105,0.124,95,0.242
109279,28,28,0,28,0,28,0,28,0,28,0,28,0,28,0,28,0,22,0.273,18,0.556
109291,,,,,,,,,,,,,,,,,,,,,
109292,51,51,0,51,0,51,0,51,0,51,0,51,0,51,0,51,0,43.8,0.164,37.5,0.36
109294,,,,,,,,,,,,,,,,,,,,,
109295,68.8,68.8,0,,,,,63.1,0.0903,63.1,0.0903,,,,,,,,,,
109296,68.8,68.8,0,68.8,0,63.1,0.0903,63.1,0.0903,63.1,0.0903,89.3,-0.23,89.3,-0.23,89.2,-0.229,80,-0.14,65,0.0585
109297,,,,,,,,,,,,,,,,,,,,,
109298,,,,,,,,,,,,,,,,,,,,,
109299,,,,,,,,,,,,,,,,,,,,,
109308,,,,,,,,,,,,,,,,,,,,,
109310,227,227,0,227,0,160,0.414,160,0.414,227,0,227,0,193,0.176,193,0.176,226,0.00398,182,0.247
109311,227,227,0,227,0,160,0.414,160,0.414,227,0,227,0,193,0.176,193,0.176,226,0.00398,182,0.247
109312,227,227,0,227,0,160,0.414,160,0.414,227,0,227,0,193,0.176,193,0.176,226,0.00398,182,0.247
109313,227,227,0,227,0,160,0.414,160,0.414,227,0,227,0,193,0.176,193,0.176,226,0.00398,182,0.247
109314,20,20,0,20,0,20,0,20,0,20,0,20,0,20,0,20,0,,,15,0.333
109337,28.5,28.5,0,28.5,0,28.5,0,28.5,0,28.5,0,,,28.5,0,28.5,0,,,,
109410,,,,,,,,,,,,,,,,,,,,,
109411,41.3,41.3,0,41.3,0,41.3,0,41.3,0,41.3,0,41.3,0,,,,,44.5,-0.0719,34.9,0.183
109412,17.9,17.9,0,17.9,0,17.9,0,17.9,0,17.9,0,17.9,0,17.9,0,19.3,-0.0725,19.3,-0.0725,15,0.193
109413,78.3,78.3,0,78.3,0,78.3,0,78.3,0,78.3,0,78.3,0,78.3,0,84.1,-0.069,84.1,-0.069,66,0.186
109414,,,,,,,,,,,,,,,,,,,,,
109415,29,29,0,29,0,29,0,33,-0.121,33,-0.121,33,-0.121,36,-0.194,36,-0.194,,,26,0.115
109496,41.5,41.5,0,41.5,0,41.5,0,41.5,0,41.5,0,41.5,0,33.7,0.231,44.5,-0.0674,44,-0.0568,52.2,-0.205
109497,,,,,,,,,,,,,,,,,,,,,
109498,,,,,,,,,,,,,,,,,,,,,
109499,,,,,,,,,,,,,,,,,,,,,
109500,,,,,,,,,,,,,,,,,,,,,
109515,,,,,,,,,,,,,,,,,,,,,
109516,,,,,,,,,,,,,,,,,,,,,
109518,,,,,,,,,,,,,,,,,,,,,
109519,91.3,91.3,0,91.3,0,91.3,0,114,-0.199,114,-0.199,114,-0.199,114,-0.199,130,-0.295,126,-0.273,87.5,0.0434
109523,28.9,28.9,0,28.9,0,28.9,0,40.9,-0.293,40.9,-0.293,40.9,-0.293,40.9,-0.293,41.1,-0.297,37.5,-0.229,29.9,-0.0334
109524,23.6,23.6,0,23.6,0,23.6,0,30.5,-0.226,30.5,-0.226,30.5,-0.226,30.5,-0.226,34,-0.306,32.3,-0.269,26.9,-0.123
109526,23.6,23.6,0,23.6,0,23.6,0,33.6,-0.298,33.6,-0.298,33.6,-0.298,33.6,-0.298,34,-0.306,32.3,-0.269,26.9,-0.123
109530,48.5,48.5,0,48.5,0,48.5,0,48.5,0,48.5,0,61.2,-0.208,61.2,-0.208,,,58.8,-0.175,47.5,0.0211
109531,48.5,48.5,0,48.5,0,48.5,0,48.5,0,48.5,0,61.2,-0.208,61.2,-0.208,61.2,-0.208,58.8,-0.175,47.5,0.0211
109544,72.9,72.9,0,72.9,0,72.9,0,72.9,0,72.9,0,72.9,0,72.9,0,72.9,0,59.6,0.223,41.3,0.765
109550,,,,,,,,,,,,,,,,,,,,,
109551,75,75,0,75,0,75,0,75,0,75,0,75,0,,,75,0,65,0.154,62,0.21
109552,75,75,0,75,0,75,0,75,0,75,0,75,0,75,0,75,0,65,0.154,62,0.21
109553,75,75,0,75,0,75,0,75,0,75,0,75,0,,,75,0,65,0.154,62,0.21
109555,187,187,0,187,0,187,0,187,0,187,0,187,0,187,0,187,0,162,0.151,149,0.255
109556,187,187,0,187,0,187,0,187,0,187,0,187,0,187,0,187,0,162,0.151,149,0.255
109558,74,74,0,74,0,74,0,74,0,85,-0.129,85,-0.129,100,-0.26,,,,,,
109559,,,,,,,,,,,,,,,,,,,,,
109574,163,163,0,163,0,163,0,163,0,163,0,163,0,163,0,163,0,145,0.124,138,0.181
109575,163,163,0,163,0,163,0,163,0,163,0,163,0,163,0,163,0,145,0.124,138,0.181
109577,75,75,0,75,0,75,0,75,0,75,0,75,0,75,0,,,65,0.154,62,0.21
109578,61,61,0,61,0,61,0,61,0,61,0,61,0,61,0,61,0,53,0.151,,
109579,,,,,,,,,,,,,,,,,,,,,
109581,66.2,66.2,0,66.2,0,66.2,0,66.2,0,66.2,0,66.2,0,66.2,0,66.2,0,54,0.226,43.5,0.522
109582,,,,,,,,,,,,,,,,,,,,,
109583,,,,,,,,,,,,,,,,,,,,,
109620,,,,,,,,,,,,,,,,,,,,,
109621,18,18,0,18,0,18,0,18,0,18,0,18,0,18,0,18,0,15.9,0.132,12.9,0.395
109622,6.2,6.2,0,6.2,0,6.2,0,6.2,0,6.2,0,6.2,0,6.2,0,,,,,,
109623,8,8,0,8,0,8,0,8,0,8,0,8,0,8,0,8,0,,,5.9,0.356
109625,25,25,0,25,0,25,0,25,0,25,0,25,0,25,0,25,0,,,,
109626,25,25,0,25,0,25,0,25,0,25,0,25,0,25,0,25,0,,,,
109627,20.6,20.6,0,20.6,0,20.6,0,20.6,0,20.6,0,20.6,0,20.6,0,22.9,-0.1,19,0.0842,,
109628,20.6,20.6,0,20.6,0,20.6,0,20.6,0,20.6,0,20.6,0,20.6,0,22.9,-0.1,,,,
109642,23.6,23.6,0,23.6,0,23.6,0,30.5,-0.226,30.5,-0.226,30.5,-0.226,30.5,-0.226,34,-0.306,32.3,-0.269,26.9,-0.123
109643,,,,,,,,,,,,,,,,,,,,,
109644,22.5,22.5,0,22.5,0,22.5,0,28,-0.196,28,-0.196,28,-0.196,28,-0.196,29.2,-0.229,27.6,-0.185,20.5,0.0976
109645,28.9,28.9,0,28.9,0,28.9,0,38.3,-0.245,38.3,-0.245,38.3,-0.245,38.3,-0.245,41.4,-0.302,37.5,-0.229,,
109646,28.9,28.9,0,28.9,0,28.9,0,39.8,-0.274,39.8,-0.274,39.8,-0.274,39.8,-0.274,41.6,-0.305,37.5,-0.229,29.9,-0.0334
109648,18.5,18.5,0,18.5,0,18.5,0,26.1,-0.291,26.1,-0.291,26.1,-0.291,26.1,-0.291,26.1,-0.291,,,,
109649,18.5,18.5,0,18.5,0,18.5,0,23.4,-0.209,23.4,-0.209,23.4,-0.209,23.4,-0.209,26.1,-0.291,,,,
109650,28.9,28.9,0,,,28.9,0,35.4,-0.184,,,35.4,-0.184,35.4,-0.184,41.1,-0.297,37.5,-0.229,29.9,-0.0334
109651,28.9,28.9,0,,,28.9,0,39.5,-0.268,39.5,-0.268,39.5,-0.268,39.5,-0.268,41.1,-0.297,37.5,-0.229,29.9,-0.0334
109653,18.5,18.5,0,18.5,0,18.5,0,,,,,,,,,,,,,,
109654,18.5,18.5,0,18.5,0,18.5,0,26.1,-0.291,26.1,-0.291,26.1,-0.291,26.1,-0.291,26.1,-0.291,,,,
109655,23.6,23.6,0,23.6,0,23.6,0,34,-0.306,34,-0.306,34,-0.306,34,-0.306,34,-0.306,32.3,-0.269,26.9,-0.123
109656,23.6,23.6,0,23.6,0,23.6,0,34,-0.306,34,-0.306,34,-0.306,34,-0.306,34,-0.306,32.3,-0.269,26.9,-0.123
109658,23.6,23.6,0,23.6,0,23.6,0,34,-0.306,34,-0.306,34,-0.306,,,34,-0.306,32.3,-0.269,26.9,-0.123
109716,,,,,,,,,,,,,,,,,,,,,
109717,25.2,25.2,0,25.2,0,21.5,0.172,21.5,0.172,25.2,0,25.2,0,20,0.26,26,-0.0308,24,0.05,21.5,0.172
109732,,,,,,,,,,,,,,,,,,,,,
109733,,,,,,,,,,,,,,,,,,,,,
109734,,,,,,,,,,,,,,,,,,,,,
109751,,,,,,,,,,,,,,,,,,,,,
109752,,,,,,,,,,,,,,,,,,,,,
109755,,,,,,,,,,,,,,,,,,,,,
109760,32,32,0,32,0,32,0,32,0,32,0,32,0,32,0,32,0,23,0.391,23,0.391
109763,60,60,0,60,0,60,0,60,0,60,0,60,0,60,0,60,0,,,,
109800,47.5,47.5,0,47.5,0,47.5,0,47.5,0,47.5,0,47.5,0,47.5,0,47.5,0,43,0.105,,
109801,47.5,47.5,0,47.5,0,47.5,0,47.5,0,47.5,0,47.5,0,47.5,0,47.5,0,43,0.105,34.9,0.361
109802,47.5,47.5,0,47.5,0,47.5,0,47.5,0,47.5,0,47.5,0,47.5,0,47.5,0,43,0.105,34.9,0.361
109805,24.8,24.8,0,24.8,0,24.8,0,24.8,0,24.8,0,24.8,0,24.8,0,24.8,0,20.9,0.187,20,0.24
109809,90,90,0,90,0,90,0,90,0,90,0,90,0,90,0,,,90,0,90,0
109820,,,,,,,,,,,,,,,,,,,,,
109821,,,,,,,,,,,,,,,,,,,,,
109822,,,,,,,,,,,,,,,,,,,,,
109823,25,25,0,25,0,25,0,25,0,25,0,25,0,25,0,,,21.5,0.163,21.5,0.163
109824,,,,,,,,,,,,,,,,,,,,,
109956,18.6,18.6,0,18.6,0,18.6,0,18.6,0,,,,,18.6,0,18.6,0,15.6,0.192,,
109957,35,45.6,-0.232,45.6,-0.232,47.5,-0.263,47.5,-0.263,47.5,-0.263,37,-0.0541,47.5,-0.263,54,-0.352,39.6,-0.116,34,0.0294
109958,70,90,-0.222,90,-0.222,93.5,-0.251,93.5,-0.251,,,75,-0.0667,94.8,-0.262,94.8,-0.262,78,-0.103,69,0.0145
109959,18.6,18.6,0,18.6,0,18.6,0,18.6,0,,,,,,,18.6,0,,,,
109960,35,45.6,-0.232,45.6,-0.232,47.5,-0.263,47.5,-0.263,47.5,-0.263,37,-0.0541,47.5,-0.263,54,-0.352,,,32,0.0938
109961,70,90,-0.222,90,-0.222,93.5,-0.251,93.5,-0.251,93.5,-0.251,75,-0.0667,94.8,-0.262,,,78,-0.103,69,0.0145
110022,,,,,,,,,,,,,,,,,,,,,
110078,27.4,27.4,0,27.4,0,27.4,0,27.4,0,29.5,-0.0712,29.5,-0.0712,29.5,-0.0712,29.5,-0.0712,21.5,0.274,21.5,0.274
110151,27.5,27.5,0,27.5,0,27.5,0,27.5,0,27.5,0,27.5,0,,,27.5,0,23.5,0.17,23.5,0.17
110201,82,82,0,82,0,82,0,82,0,82,0,82,0,82,0,82,0,45,0.822,45,0.822
110202,39.5,39.5,0,39.5,0,39.5,0,39.5,0,39.5,0,39.5,0,39.5,0,39.5,0,,,,
110203,39.5,39.5,0,39.5,0,39.5,0,39.5,0,39.5,0,,,,,,,,,,
110204,,,,,,,,,,,,,,,,,,,,,
110205,39.5,39.5,0,39.5,0,39.5,0,39.5,0,39.5,0,39.5,0,39.5,0,39.5,0,,,21.5,0.837
110207,39.5,39.5,0,39.5,0,39.5,0,39.5,0,39.5,0,,,,,,,,,21.5,0.837
110208,39.5,39.5,0,39.5,0,39.5,0,39.5,0,39.5,0,39.5,0,39.5,0,39.5,0,,,,
110209,39.5,39.5,0,39.5,0,39.5,0,39.5,0,39.5,0,39.5,0,39.5,0,39.5,0,21.5,0.837,21.5,0.837
110210,39.5,39.5,0,39.5,0,39.5,0,39.5,0,39.5,0,39.5,0,39.5,0,39.5,0,21.5,0.837,21.5,0.837
110214,39.5,39.5,0,39.5,0,39.5,0,39.5,0,39.5,0,39.5,0,39.5,0,39.5,0,21.5,0.837,21.5,0.837
110215,39.5,39.5,0,39.5,0,39.5,0,39.5,0,39.5,0,39.5,0,39.5,0,39.5,0,21.5,0.837,21.5,0.837
110277,105,105,0,105,0,105,0,105,0,105,0,105,0,105,0,105,0,68.5,0.533,68.5,0.533
110435,13,13,0,13,0,13,0,13,0,13,0,13,0,13,0,13,0,10.5,0.238,10,0.3
110510,,,,,,,,,,,,,,,,,,,,,
110577,59,59,0,59,0,59,0,59,0,59,0,59,0,59,0,,,,,,
110701,,,,,,,,,,,,,,,,,,,,,
110877,31,31,0,31,0,31,0,31,0,31,0,31,0,31,0,27.5,0.127,25,0.24,,
110879,31,31,0,31,0,31,0,31,0,31,0,31,0,31,0,27.5,0.127,25,0.24,,
111001,,,,,,,,,,,,,,,,,,,,,
111003,46.8,46.8,0,46.8,0,46.8,0,46.8,0,46.8,0,49.9,-0.0621,49.9,-0.0621,56,-0.164,45,0.04,37,0.265
111004,46.8,46.8,0,46.8,0,46.8,0,46.8,0,46.8,0,49.9,-0.0621,49.9,-0.0621,56,-0.164,45,0.04,37,0.265
111007,,,,,,,,,,,,,,,,,,,,,
111010,,,,,,,,,,,,,,,,,,,,,
111054,36,36,0,36,0,36,0,36,0,36,0,36,0,36,0,36,0,34.3,0.0496,34.3,0.0496
111058,36,36,0,36,0,36,0,36,0,36,0,36,0,36,0,36,0,34.3,0.0496,34.3,0.0496
111062,10,10,0,10,0,10,0,10,0,10,0,10,0,10,0,10,0,9.5,0.0526,8,0.25
111087,41,41,0,41,0,41,0,41,0,41,0,41,0,41,0,,,36,0.139,30,0.367
111116,67.5,67.5,0,67.5,0,67.5,0,67.5,0,67.5,0,67.5,0,67.5,0,67.5,0,59,0.144,54.3,0.243
111118,67.5,67.5,0,67.5,0,67.5,0,67.5,0,67.5,0,67.5,0,67.5,0,67.5,0,59,0.144,,
111136,,,,,,,,,,,,,,,,,,,,,
111137,,,,,,,,,,,,,,,,,,,,,
111213,,,,,,,,,,,,,,,,,,,,,
111214,20,20,0,20,0,20,0,20,0,20,0,20,0,16.6,0.205,20,0,,,20,0
111219,59.9,59.9,0,59.9,0,59.9,0,59.9,0,59.9,0,59.9,0,,,60,-0.00167,50.9,0.177,49.9,0.2
111221,35,54,-0.352,54,-0.352,54,-0.352,54,-0.352,54,-0.352,59.9,-0.416,59.9,-0.416,59.9,-0.416,50.6,-0.308,50.6,-0.308
111224,29.5,36.9,-0.201,36.9,-0.201,36.9,-0.201,36.9,-0.201,36.9,-0.201,29.5,0,46,-0.359,56,-0.473,35,-0.157,35,-0.157
111226,56,56,0,56,0,41.9,0.337,41.9,0.337,56,0,82,-0.317,60,-0.0667,52,0.0769,36,0.556,40.1,0.397
111228,21,21,0,21,0,21,0,21,0,21,0,21,0,20.5,0.0244,18.9,0.111,18.9,0.111,17.2,0.221
111310,20.9,20.9,0,20.9,0,20.9,0,25.9,-0.193,25.9,-0.193,25.9,-0.193,30.9,-0.324,30.9,-0.324,23,-0.0913,19,0.1
111312,,,,,,,,,,,,,,,,,,,,,
111374,70.7,70.7,0,70.7,0,70.7,0,88.3,-0.199,88.3,-0.199,88.3,-0.199,88.3,-0.199,100,-0.293,97.2,-0.273,71,-0.00423
111512,,,,,,,,,,,,,,,,,,,,,
111561,5,5,0,5,0,5,0,5,0,5,0,4.8,0.0417,4.8,0.0417,5.5,-0.0909,5,0,4,0.25
111585,,,,,,,,,,,,,,,,,,,,,
111586,,,,,,,,,,,,,,,,,,,,,
111587,,,,,,,,,,,,,,,,,,,,,
111588,36.9,36.9,0,36.9,0,36.9,0,36.9,0,36.9,0,36.9,0,36.9,0,39.5,-0.0658,39.5,-0.0658,31,0.19
111590,71.9,71.9,0,71.9,0,71.9,0,71.9,0,71.9,0,71.9,0,71.9,0,77,-0.0662,77,-0.0662,61,0.179
111591,146,146,0,146,0,148,-0.00678,148,-0.00678,148,-0.00678,148,-0.00678,148,-0.00678,158,-0.0745,158,-0.0745,125,0.168
111611,,,,,,,,,,,,,,,,,,,,,
111612,,,,,,,,,,,,,,,,,,,,,
111613,108,108,0,108,0,108,0,108,0,108,0,108,0,108,0,108,0,91,0.187,80,0.35
111655,28.6,28.6,0,28.6,0,28.6,0,28.6,0,28.6,0,28.6,0,28.6,0,28,0.0214,24.9,0.149,24.9,0.149
111656,35,35,0,35,0,35,0,35,0,35,0,35,0,35,0,31.2,0.122,,,,
111666,13.5,13.5,0,13.5,0,13.5,0,13.5,0,13.5,0,13.5,0,13.5,0,13.5,0,12.3,0.0976,11.2,0.205
111668,22.5,22.5,0,22.5,0,22.5,0,22.5,0,22.5,0,22.5,0,22.5,0,22.5,0,20.9,0.0766,19.2,0.172
111670,14.6,14.6,0,14.6,0,14.6,0,14.6,0,14.6,0,14.6,0,14.6,0,14.6,0,13.7,0.0657,11.2,0.304
111674,8.8,8.8,0,8.8,0,8.8,0,8.8,0,8.8,0,8.8,0,8.8,0,8.8,0,8,0.1,7.3,0.205
111676,8.8,8.8,0,8.8,0,8.8,0,8.8,0,8.8,0,8.8,0,8.8,0,8.8,0,8,0.1,7.3,0.205
111685,126,126,0,126,0,126,0,126,0,126,0,126,0,126,0,126,-0.000792,110,0.148,,
111686,106,106,0,106,0,106,0,106,0,106,0,106,0,106,0,106,0.00283,93,0.142,86.9,0.222
111687,,,,,,,,,,,,,,,,,,,,,
111690,,,,,,,,,,,,,,,,,,,,,
111691,103,103,0,103,0,103,0,103,0,103,0,103,0,103,0,92,0.121,93,0.109,88.8,0.161
111692,62.5,62.5,0,62.5,0,62.5,0,62.5,0,62.5,0,62.5,0,62.5,0,62.5,0,45.6,0.371,51,0.225
111693,62.5,62.5,0,62.5,0,62.5,0,62.5,0,62.5,0,62.5,0,62.5,0,62.5,0,45.6,0.371,51,0.225
111694,58,,,,,58,0,58,0,50,0.16,50,0.16,,,,,,,,
111697,31.3,31.3,0,31.3,0,31.3,0,31.3,0,31.3,0,31.3,0,31.3,0,31.3,0,28.7,0.0906,23.1,0.355
111698,41.3,41.3,0,41.3,0,41.3,0,41.3,0,41.3,0,41.3,0,41.3,0,41.3,0,37.5,0.101,33.8,0.222
111699,31.3,31.3,0,31.3,0,31.3,0,31.3,0,31.3,0,31.3,0,31.3,0,31.3,0,28,0.118,26.9,0.164
111701,,,,,,,,,,,,,,,,,,,,,
111702,56.3,56.3,0,56.3,0,56.3,0,56.3,0,56.3,0,56.3,0,56.3,0,56.3,0,53.5,0.0523,,
111703,31,31,0,31,0,31,0,31,0,31,0,31,0,31,0,31,0,31,0,,
111800,61.2,61.2,0,61.2,0,61.2,0,61.2,0,61.2,0,61.2,0,61.2,0,87.5,-0.301,71.5,-0.144,50.5,0.212
111831,55.5,55.5,0,55.5,0,55.5,0,55.5,0,55.5,0,55.5,0,55.5,0,59.9,-0.0735,59.9,-0.0735,47,0.181
111832,,,,,,,,,,,,,,,,,,,,,
111835,43.3,43.3,0,43.3,0,43.3,0,43.3,0,43.3,0,43.3,0,,,46.5,-0.0688,46.5,-0.0688,36.5,0.186
111912,60,60,0,60,0,60,0,60,0,60,0,60,0,71,-0.155,51.3,0.17,51.3,0.17,42.9,0.399
111913,42.9,42.9,0,42.9,0,42.9,0,42.9,0,42.9,0,42.9,0,42.9,0,42.9,0,42.9,0,42.9,0
111936,,,,,,,,,,,,,,,,,,,,,
111990,64.9,64.9,0,64.9,0,64.9,0,64.9,0,64.9,0,64.9,0,51.9,0.25,64.9,0,46.4,0.399,59.9,0.0835
111993,,,,,,,,,,,,,,,,,,,,,
112014,,,,,,,,,,,,,,,,,,,,,
112017,45,45,0,45,0,45,0,45,0,45,0,45,0,45,0,45,0,45,0,36.3,0.24
112018,30.3,30.3,0,30.3,0,30.3,0,30.3,0,30.3,0,30.3,0,30.3,0,30.3,0,30.3,0,24.3,0.247
112176,,,,,,,,,,,,,,,,,,,,,
112177,,,,,,,,,,,,,,,,,,,,,
112189,12.9,12.9,0,12.9,0,12.9,0,12.9,0,12.9,0,9.2,0.402,11.1,0.162,14.7,-0.122,14.5,-0.11,11.7,0.103
112201,,,,,,,,,,,,,,,,,,,,,
112218,,,,,,,,,,,,,,,,,,,,,
112251,42.5,42.5,0,42.5,0,42.5,0,42.5,0,,,,,,,,,,,,
112255,65,65,0,65,0,65,0,65,0,65,0,65,0,65,0,60,0.0833,53,0.226,48,0.354
112259,,,,,,,,,,,,,,,,,,,,,
112276,,,,,,,,,,,,,,,,,,,,,
112277,31.2,31.2,0,31.2,0,31.2,0,31.2,0,31.2,0,,,31.2,0,,,,,,
112280,,,,,,,,,,,,,,,,,,,,,
112291,,,,,,,,,,,,,,,,,,,,,
112293,11.7,11.7,0,11.7,0,11.7,0,11.7,0,11.7,0,11.7,0,,,11.7,0,,,11.7,0
112294,11.7,11.7,0,11.7,0,11.7,0,11.7,0,,,11.7,0,,,11.7,0,,,11.7,0
112295,,,,,,,,,,,,,,,,,,,,,
112296,11.7,11.7,0,11.7,0,11.7,0,11.7,0,,,11.7,0,,,11.7,0,,,11.7,0
112297,11.7,11.7,0,11.7,0,11.7,0,11.7,0,,,11.7,0,11.7,0,11.7,0,,,11.7,0
112298,,,,,,,,,,,,,,,,,,,,,
112299,11.7,11.7,0,11.7,0,11.7,0,11.7,0,11.7,0,11.7,0,,,,,,,11.7,0
112301,,,,,,,,,,,,,,,,,,,,,
112302,14,14,0,14,0,14,0,14,0,14,0,,,,,,,,,,
112303,14,14,0,14,0,14,0,14,0,14,0,,,,,,,,,,
112304,14,14,0,14,0,14,0,14,0,14,0,,,,,,,,,,
112305,,,,,,,,,,,,,,,,,,,,,
112307,,,,,,,,,,,,,,,,,,,,,
112331,,,,,,,,,,,,,,,,,,,,,
112368,25.2,25.2,0,25.2,0,25.2,0,25.2,0,25.2,0,25.2,0,25.2,0,25.2,0,25.2,0,22,0.145
112382,,,,,,,,,,,,,,,,,,,,,
112385,,,,,,,,,,,,,,,,,,,,,
112388,45.6,45.6,0,45.6,0,45.6,0,45.6,0,45.6,0,45.6,0,45.6,0,45.6,0,45.6,0,,
112390,8.9,8.9,0,8.9,0,8.9,0,8.9,0,8.9,0,8.9,0,8.9,0,8.9,0,8.9,0,,
112391,10.9,10.9,0,10.9,0,10.9,0,10.9,0,10.9,0,10.9,0,10.9,0,10.9,0,10.9,0,,
112392,,,,,,,,,,,,,,,,,,,,,
112393,,,,,,,,,,,,,,,,,,,,,
112394,90,90,0,90,0,90,0,90,0,90,0,90,0,90,0,90,0,78,0.154,76,0.184
112395,90,90,0,90,0,90,0,90,0,90,0,90,0,90,0,90,0,78,0.154,76,0.184
112396,90,90,0,90,0,90,0,90,0,90,0,90,0,90,0,90,0,78,0.154,76,0.184
112397,90,90,0,90,0,90,0,90,0,90,0,90,0,90,0,90,0,78,0.154,76,0.184
112398,90,90,0,90,0,90,0,90,0,90,0,90,0,90,0,90,0,78,0.154,76,0.184
112406,148,148,0,148,0,148,0,148,0,148,0,148,0,148,0,148,0,132,0.121,128,0.156
112407,148,148,0,148,0,148,0,148,0,148,0,148,0,148,0,148,0,132,0.121,128,0.156
112416,,,,,,,,,,,,,,,,,,,,,
112423,42,42,0,42,0,42,0,42,0,42,0,42,0,42,0,42,0,38,0.105,38,0.105
112424,42,42,0,42,0,42,0,42,0,42,0,42,0,42,0,42,0,38,0.105,38,0.105
112431,55.9,55.9,0,55.9,0,55.9,0,55.9,0,55.9,0,55.9,0,60,-0.0683,53.9,0.0371,51,0.0961,48.4,0.155
112435,9,9,0,9,0,9,0,9,0,9,0,11.9,-0.244,11.9,-0.244,11.9,-0.244,9.8,-0.0816,9.8,-0.0816
112438,190,190,0,190,0,190,0,190,0,190,0,190,0,159,0.193,,,,,,
112439,190,190,0,190,0,190,0,190,0,190,0,190,0,159,0.193,,,,,,
112440,190,190,0,190,0,190,0,190,0,190,0,190,0,159,0.193,,,,,,
112500,,,,,,,,,,,,,,,,,,,,,
112501,,,,,,,,,,,,,,,,,,,,,
112503,14.9,14.9,0,14.9,0,14.9,0,14.9,0,,,,,,,,,,,,
112510,8.9,8.9,0,8.9,0,8.9,0,8.9,0,8.9,0,8.9,0,8.9,0,8.9,0,8.9,0,,
112513,,,,,,,,,,,,,,,,,,,,,
112514,,,,,,,,,,,,,,,,,,,,,
112515,,,,,,,,,,,,,,,,,,,,,
112540,24.9,28,-0.111,28,-0.111,28,-0.111,28,-0.111,28,-0.111,28,-0.111,28,-0.111,28,-0.111,24,0.0375,21,0.186
112541,28,28,0,28,0,28,0,28,0,28,0,28,0,28,0,28,0,24,0.167,21,0.333
112542,45.9,45.9,0,45.9,0,45.9,0,45.9,0,45.9,0,45.9,0,45.9,0,39,0.177,34.4,0.334,39.9,0.15
112544,79.9,79.9,0,79.9,0,79.9,0,79.9,0,79.9,0,79.9,0,79.9,0,79.9,0,79.9,0,75.9,0.0527
112545,79.9,79.9,0,79.9,0,79.9,0,79.9,0,79.9,0,79.9,0,79.9,0,79.9,0,79.9,0,75.9,0.0527
112570,15.4,15.4,0,15.4,0,15.4,0,15.4,0,15.4,0,15.4,0,15.4,0,15.4,0,13.2,0.167,12.2,0.262
112571,,,,,,,,,,,,,,,,,,,,,
112572,23.1,23.1,0,23.1,0,23.1,0,23.1,0,23.1,0,23.1,0,,,,,,,,
112573,13.5,13.5,0,13.5,0,13.5,0,13.5,0,13.5,0,13.5,0,13.5,0,13.5,0,11.7,0.154,11.5,0.174
112575,310,310,0,310,0,310,0,310,0,310,0,310,0,310,0,310,0,250,0.24,205,0.512
112577,310,310,0,310,0,310,0,310,0,310,0,310,0,310,0,310,0,250,0.24,205,0.512
112579,13,13,0,13,0,13,0,13,0,13,0,13,0,13,0,13,0,13,0,12.5,0.04
112580,20,20,0,20,0,20,0,20,0,20,0,20,0,20,0,20,0,20,0,20,0
112582,27.5,27.5,0,27.5,0,27.5,0,27.5,0,27.5,0,27.5,0,27.5,0,26.9,0.0223,26.9,0.0223,26.2,0.0496
112586,23.5,23.5,0,23.5,0,23.5,0,23.5,0,23.5,0,23.5,0,23.5,0,23,0.0217,17.8,0.32,22.3,0.0538
112590,26.9,26.9,0,26.9,0,26.9,0,26.9,0,26.9,0,26.9,0,26.9,0,27,-0.0037,22.9,0.175,20,0.345
112730,114,114,0,114,0,114,0,114,0,114,0,114,0,114,0,124,-0.0804,124,-0.0804,97.8,0.17
112731,102,102,0,102,0,102,0,102,0,,,,,,,,,,,,
112808,24.9,24.9,0,24.9,0,24.9,0,24.9,0,24.9,0,24.9,0,33,-0.245,33,-0.245,32,-0.222,25.5,-0.0235
112809,24.9,24.9,0,24.9,0,24.9,0,24.9,0,24.9,0,24.9,0,33,-0.245,33,-0.245,32,-0.222,25.5,-0.0235
112810,24.9,24.9,0,24.9,0,24.9,0,24.9,0,24.9,0,24.9,0,33,-0.245,33,-0.245,32,-0.222,25.5,-0.0235
112811,24.9,24.9,0,24.9,0,24.9,0,24.9,0,24.9,0,24.9,0,33,-0.245,33,-0.245,32,-0.222,25.5,-0.0235
112813,44.6,44.6,0,44.6,0,44.6,0,44.6,0,44.6,0,58,-0.231,58,-0.231,58,-0.231,56.3,-0.208,40,0.115
112814,44.6,44.6,0,44.6,0,44.6,0,44.6,0,44.6,0,58,-0.231,58,-0.231,58,-0.231,56.3,-0.208,40,0.115
112815,44.6,44.6,0,44.6,0,44.6,0,44.6,0,44.6,0,58,-0.231,58,-0.231,58,-0.231,56.3,-0.208,40,0.115
112860,,,,,,,,,,,,,,,,,,,,,
112871,63.8,63.8,0,63.8,0,63.8,0,63.8,0,63.8,0,63.8,0,63.8,0,65,-0.0185,53.2,0.199,43.5,0.467
112936,7.3,7.3,0,7.3,0,7.3,0,7.3,0,7.3,0,7.3,0,7.3,0,7.3,0,7.3,0,7.3,0
112938,14.6,14.6,0,14.6,0,14.6,0,14.6,0,,,14.6,0,14.6,0,14.6,0,13.7,0.0657,13.7,0.0657
112941,32.4,38.2,-0.152,38.2,-0.152,38.2,-0.152,62.1,-0.478,62.1,-0.478,62.1,-0.478,62.1,-0.478,54,-0.4,48.5,-0.332,36.8,-0.12
112967,23.2,23.2,0,23.2,0,23.2,0,32.3,-0.282,32.3,-0.282,22.1,0.0498,26.5,-0.125,35,-0.337,33.3,-0.303,30.8,-0.247
112970,23.6,23.6,0,23.6,0,23.6,0,34,-0.306,34,-0.306,34,-0.306,26,-0.0923,34,-0.306,32.3,-0.269,26.9,-0.123
112971,23.6,23.6,0,23.6,0,23.6,0,34,-0.306,34,-0.306,34,-0.306,34,-0.306,34,-0.306,32.3,-0.269,26.9,-0.123
112973,28.9,28.9,0,28.9,0,28.9,0,35.4,-0.184,35.4,-0.184,35.4,-0.184,35.4,-0.184,41.1,-0.297,37.5,-0.229,29.9,-0.0334
112975,28.9,28.9,0,28.9,0,28.9,0,39.4,-0.266,39.4,-0.266,39.4,-0.266,39.4,-0.266,41.2,-0.299,37.5,-0.229,29.9,-0.0334
112981,,,,,,,,,,,,,,,,,,,,,
113017,,,,,,,,,,,,,,,,,,,,,
113041,94,94,0,94,0,94,0,94,0,,,,,,,133,-0.292,103,-0.0865,75.9,0.238
113042,217,217,0,217,0,217,0,217,0,217,0,217,0,217,0,310,-0.3,249,-0.127,178,0.222
113043,290,290,0,290,0,290,0,290,0,290,0,246,0.176,246,0.176,352,-0.177,280,0.0365,201,0.44
113102,48.7,48.7,0,48.7,0,48.7,0,48.7,0,48.7,0,48.7,0,48.7,0,,,40.9,0.191,38,0.282
113103,48.7,48.7,0,48.7,0,48.7,0,48.7,0,48.7,0,48.7,0,48.8,-0.00205,,,,,37.5,0.299
113104,,,,,,,,,,,,,,,,,,,,,
113105,24.1,24.1,0,24.1,0,24.1,0,24.1,0,24.1,0,,,,,,,,,,
113106,24.1,24.1,0,24.1,0,24.1,0,24.1,0,,,24.1,0,24.1,0,24.1,0,21.8,0.106,21.8,0.106
113107,24.1,24.1,0,24.1,0,24.1,0,24.1,0,24.1,0,,,,,,,,,,
113115,19.5,19.5,0,19.5,0,19.5,0,19.5,0,19.5,0,19.5,0,19.5,0,19.5,0,17.5,0.114,17.5,0.114
113153,,,,,,,,,,,,,,,,,,,,,
113221,15.9,15.9,0,,,,,,,,,15.9,0,,,,,13.5,0.178,13.5,0.178
113222,15.9,15.9,0,15.9,0,15.9,0,15.9,0,15.9,0,15.9,0,15.9,0,,,13.5,0.178,13.5,0.178
113223,15.9,15.9,0,15.9,0,15.9,0,15.9,0,15.9,0,,,15.9,0,,,,,13.5,0.178
113224,,,,,,,,,,,,,,,,,,,,,
113225,24,24,0,24,0,24,0,24,0,24,0,24,0,24,0,24,0,20.5,0.171,20.5,0.171
113305,,,,,,,,,,,,,,,,,,,,,
113308,,,,,,,,,,,,,,,,,,,,,
113310,30.6,30.6,0,30.6,0,30.6,0,30.6,0,30.6,0,34.4,-0.11,34.4,-0.11,39.5,-0.225,35,-0.126,,
113311,30.6,30.6,0,30.6,0,30.6,0,30.6,0,30.6,0,39.5,-0.225,30,0.02,39.5,-0.225,26.3,0.163,26.2,0.168
113317,30,30,0,,,,,30,0,,,30,0,30,0,30,0,,,,
113340,32,32,0,32,0,32,0,32,0,23,0.391,32,0,32,0,32,0,21,0.524,15,1.13
113460,,,,,,,,,,,,,,,,,,,,,
113520,,,,,,,,,,,,,,,,,,,,,
113521,,,,,,,,,,,,,,,,,,,,,
113522,,,,,,,,,,,,,,,,,,,,,
113523,,,,,,,,,,,,,,,,,,,,,
113524,,,,,,,,,,,,,,,,,,,,,
113529,79.6,79.6,0,79.6,0,79.6,0,79.6,0,79.6,0,85,-0.0635,85,-0.0635,85,-0.0635,71,0.121,59,0.349
113530,79.6,79.6,0,79.6,0,79.6,0,79.6,0,79.6,0,85,-0.0635,85,-0.0635,85,-0.0635,71,0.121,59,0.349
113531,53.9,53.9,0,53.9,0,53.9,0,53.9,0,53.9,0,57.9,-0.0691,57.9,-0.0691,57.9,-0.0691,47,0.147,39,0.382
113532,,,,,,,,,,,,,,,,,,,,,
113533,,,,,,,,,,,,,,,,,,,,,
113534,53.9,53.9,0,53.9,0,53.9,0,53.9,0,53.9,0,57,-0.0544,57,-0.0544,57,-0.0544,47,0.147,39,0.382
113535,53.9,53.9,0,53.9,0,53.9,0,53.9,0,53.9,0,57,-0.0544,57,-0.0544,57,-0.0544,47,0.147,39,0.382
113537,79.6,79.6,0,79.6,0,79.6,0,79.6,0,79.6,0,85,-0.0635,85,-0.0635,85,-0.0635,71,0.121,59,0.349
113538,79.6,79.6,0,79.6,0,79.6,0,79.6,0,79.6,0,85,-0.0635,85,-0.0635,85,-0.0635,71,0.121,59,0.349
113540,209,239,-0.126,239,-0.126,215,-0.0279,215,-0.0279,229,-0.0873,239,-0.126,260,-0.196,199,0.0513,261,-0.2,190,0.102
113543,,,,,,,,,,,,,,,,,,,,,
113544,,,,,,,,,,,,,,,,,,,,,
113545,,,,,,,,,,,,,,,,,,,,,
113546,91,91,0,91,0,91,0,91,0,91,0,91,0,,,91,0,,,,
113547,91,91,0,91,0,91,0,91,0,91,0,91,0,,,,,,,,
113548,77.8,91,-0.145,91,-0.145,91,-0.145,91,-0.145,91,-0.145,91,-0.145,,,91,-0.145,,,,
113549,21,21,0,21,0,21,0,21,0,21,0,21,0,21,0,21,0,16.5,0.273,16.5,0.273
113550,21,21,0,21,0,21,0,21,0,21,0,21,0,,,21,0,16.5,0.273,16.5,0.273
113626,37.1,37.1,0,37.1,0,37.1,0,37.1,0,37.1,0,37.1,0,41,-0.0951,41,-0.0951,,,,
113629,,,,,,,,,,,,,,,,,,,,,
113630,,,,,,,,,,,,,,,,,,,,,
113631,,,,,,,,,,,,,,,,,,,,,
113632,,,,,,,,,,,,,,,,,,,,,
113633,,,,,,,,,,,,,,,,,,,,,
113635,88.9,88.9,0,88.9,0,88.9,0,88.9,0,88.9,0,88.9,0,88.9,0,88.9,0,75,0.185,75,0.185
113636,,,,,,,,,,,,,,,,,,,,,
113637,88.9,88.9,0,88.9,0,88.9,0,88.9,0,88.9,0,88.9,0,88.9,0,88.9,0,,,75,0.185
113638,75,75,0,75,0,75,0,75,0,75,0,75,0,75,0,75,0,75,0,75,0
113639,,,,,,,,,,,,,,,,,,,,,
113640,15,15,0,15,0,15,0,15,0,15,0,16.8,-0.107,16.8,-0.107,16.8,-0.107,,,14,0.0714
113680,34,34,0,34,0,34,0,34,0,34,0,39,-0.128,39,-0.128,39,-0.128,25.7,0.323,22.7,0.498
113683,31.7,31.7,0,31.7,0,31.7,0,31.7,0,31.7,0,31.7,0,31.7,0,31.7,0,25.7,0.233,22.7,0.396
113700,45.6,45.6,0,45.6,0,45.6,0,45.6,0,45.6,0,45.6,0,45.6,0,45.6,0,45.6,0,36,0.267
113701,,,,,,,,,,,,,,,,,,,,,
113813,41.2,41.2,0,41.2,0,41.2,0,41.2,0,41.2,0,51,-0.192,51,-0.192,41,0.00488,48.8,-0.156,37.5,0.0987
113814,41.2,41.2,0,41.2,0,41.2,0,41.2,0,41.2,0,51,-0.192,51,-0.192,41,0.00488,48.8,-0.156,37.5,0.0987
113815,21.7,21.7,0,21.7,0,21.7,0,21.7,0,21.7,0,21.7,0,21.7,0,,,18.8,0.154,,
113888,49.8,49.8,0,49.8,0,49.8,0,49.8,0,49.8,0,59.9,-0.169,59.9,-0.169,41,0.215,52.3,-0.0478,52.3,-0.0478
114060,64.9,64.9,0,64.9,0,64.9,0,64.9,0,64.9,0,64.9,0,51.9,0.25,55,0.18,61.9,0.0485,59.9,0.0835
114061,64.9,64.9,0,64.9,0,64.9,0,64.9,0,64.9,0,64.9,0,64.9,0,64.9,0,61.9,0.0485,59.9,0.0835
114064,132,132,0,132,0,132,0,132,0,132,0,132,0,132,0,132,0,99.9,0.32,113,0.171
114080,119,119,0,119,0,119,0,119,0,119,0,119,0,,,,,84.9,0.402,84.9,0.402
114085,59,59,0,59,0,59,0,59,0,59,0,59,0,59,0,59,0,33,0.788,33,0.788
114086,,,,,,,,,,,,,,,,,,,,,
114087,56,56,0,56,0,56,0,56,0,56,0,56,0,56,0,56,0,35,0.6,35,0.6
114089,39,39,0,39,0,39,0,39,0,39,0,39,0,39,0,,,31,0.258,31,0.258
114091,73,73,0,73,0,73,0,73,0,73,0,73,0,73,0,73,0,40,0.825,,
114098,53,53,0,53,0,53,0,53,0,53,0,53,0,53,0,,,,,,
114134,60,60,0,60,0,60,0,60,0,60,0,60,0,71,-0.155,71,-0.155,52.5,0.143,34,0.765
114135,60,60,0,60,0,60,0,60,0,60,0,60,0,71,-0.155,71,-0.155,36.8,0.63,34,0.765
114136,61.5,61.5,0,61.5,0,61.5,0,61.5,0,70.3,-0.125,,,83,-0.259,83,-0.259,61.3,0.00326,42,0.464
114155,39,39,0,39,0,39,0,39,0,39,0,39,0,39,0,39,0,33.7,0.157,32,0.219
114156,,,,,,,,,,,,,,,,,,,,,
114157,39,39,0,39,0,39,0,39,0,39,0,39,0,,,39,0,33.7,0.157,32,0.219
114158,38.2,38.2,0,38.2,0,38.2,0,38.2,0,38.2,0,38.2,0,38.2,0,38.2,0,33,0.158,31,0.232
114159,38.2,38.2,0,38.2,0,38.2,0,38.2,0,38.2,0,38.2,0,38.2,0,38.2,0,33,0.158,31,0.232
114166,,,,,,,,,,,,,,,,,,,,,
114201,247,247,0,247,0,247,0,247,0,247,0,247,0,247,0,247,0,308,-0.199,246,0.00366
114206,,,,,,,,,,,,,,,,,,,,,
114216,28.2,28.2,0,28.2,0,28.2,0,28.2,0,28.2,0,28.2,0,39.6,-0.288,39.6,-0.288,32.4,-0.13,23.4,0.205
114218,36,36,0,36,0,36,0,36,0,36,0,36,0,36,0,37,-0.027,29,0.241,29,0.241
114219,36,36,0,36,0,36,0,36,0,36,0,36,0,36,0,37,-0.027,29,0.241,29,0.241
114223,,,,,,,,,,,,,,,,,,,,,
114224,,,,,,,,,,,,,,,,,,,,,
114226,,,,,,,,,,,,,,,,,,,,,
114227,,,,,,,,,,,,,,,,,,,,,
114228,36,36,0,36,0,36,0,36,0,36,0,36,0,36,0,37,-0.027,29,0.241,29,0.241
114229,31,31,0,31,0,31,0,31,0,31,0,31,0,31,0,31,0,23.5,0.319,21,0.476
114231,31,31,0,31,0,31,0,31,0,31,0,31,0,31,0,31,0,23,0.348,21,0.476
114232,31,31,0,31,0,31,0,31,0,31,0,31,0,31,0,31,0,23,0.348,21,0.476
114233,31,31,0,31,0,31,0,31,0,31,0,31,0,31,0,,,22.5,0.378,21,0.476
114236,13.4,13.4,0,13.4,0,13.4,0,13.4,0,13.4,0,13.4,0,13.4,0,13.4,0,12,0.117,9.4,0.426
114237,13.4,13.4,0,13.4,0,13.4,0,13.4,0,13.4,0,13.4,0,13.4,0,13.4,0,12,0.117,9.4,0.426
114238,13.4,13.4,0,13.4,0,13.4,0,13.4,0,13.4,0,13.4,0,13.4,0,13.4,0,12,0.117,9.4,0.426
114239,13.4,13.4,0,13.4,0,13.4,0,13.4,0,13.4,0,13.4,0,13.4,0,13.4,0,12,0.117,9.4,0.426
114240,8.9,8.9,0,8.9,0,8.9,0,8.9,0,8.9,0,8.9,0,8.9,0,8.9,0,7.5,0.187,6.3,0.413
114241,8.9,8.9,0,8.9,0,8.9,0,8.9,0,8.9,0,8.9,0,8.9,0,8.9,0,7.5,0.187,6.3,0.413
114242,36.8,36.8,0,36.8,0,36.8,0,36.8,0,,,,,,,40,-0.08,40,-0.08,31,0.187
114246,15.9,15.9,0,15.9,0,15.9,0,15.9,0,15.9,0,15.9,0,15.9,0,,,15.5,0.0258,13.5,0.178
114247,35,35,0,35,0,35,0,35,0,35,0,35,0,35,0,,,,,,
114251,,,,,,,,,,,,,,,,,,,,,
114252,42,42,0,42,0,42,0,42,0,42,0,42,0,,,42,0,,,,
114255,128,128,0,128,0,128,0,128,0,128,0,128,0,128,0,128,0,116,0.103,108,0.185
114263,128,128,0,128,0,128,0,128,0,128,0,128,0,128,0,128,0,116,0.103,108,0.185
114270,27,27,0,27,0,27,0,27,0,27,0,27,0,27,0,27,0,21,0.286,21,0.286
114271,27,27,0,27,0,27,0,27,0,27,0,27,0,27,0,27,0,21,0.286,21,0.286
114272,,,,,,,,,,,,,,,,,,,,,
114274,,,,,,,,,,,,,,,,,,,,,
114275,,,,,,,,,,,,,,,,,,,,,
114276,,,,,,,,,,,,,,,,,,,,,
114277,27,27,0,27,0,27,0,27,0,27,0,27,0,27,0,27,0,21,0.286,21,0.286
114278,21,21,0,21,0,21,0,21,0,21,0,21,0,21,0,21,0,21,0,21,0
114279,27,27,0,27,0,27,0,27,0,27,0,27,0,27,0,27,0,21,0.286,21,0.286
114280,20,20,0,20,0,20,0,20,0,20,0,20,0,20,0,,,,,,
114281,27,27,0,27,0,27,0,27,0,27,0,27,0,27,0,27,0,21,0.286,21,0.286
114290,266,266,0,266,0,266,0,266,0,266,0,266,0,266,0,266,0,233,0.142,215,0.237
114295,,,,,,,,,,,,,,,,,,,,,
114310,10.5,10.5,0,10.5,0,10.5,0,10.5,0,10.5,0,10.5,0,10.5,0,10.5,0,8.5,0.235,7.5,0.4
114311,7.5,7.5,0,7.5,0,7.5,0,7.5,0,7.5,0,7.5,0,7.5,0,7.5,0,5.5,0.364,4,0.875
114318,20.6,20.6,0,20.6,0,20.6,0,20.6,0,20.6,0,20.6,0,20.6,0,22.9,-0.1,19,0.0842,,
114319,20.6,20.6,0,20.6,0,20.6,0,20.6,0,20.6,0,20.6,0,20.6,0,22.9,-0.1,19,0.0842,,
114320,19,19,0,19,0,19,0,19,0,19,0,19,0,20.6,-0.0777,22.9,-0.17,19,0,14.9,0.275
114321,19,19,0,19,0,19,0,19,0,19,0,19,0,20.6,-0.0777,21.5,-0.116,,,,
114356,56,56,0,56,0,56,0,56,0,56,0,56,0,56,0,56,0,,,,
114360,45.4,45.4,0,45.4,0,45.4,0,45.4,0,45.4,0,45.4,0,45.4,0,45.4,0,,,,
114378,,,,,,,,,,,,,,,,,,,,,
114379,42.9,42.9,0,42.9,0,42.9,0,42.9,0,42.9,0,42.9,0,,,43,-0.00233,36.4,0.179,35.9,0.195
114390,59.9,59.9,0,59.9,0,59.9,0,59.9,0,59.9,0,59.9,0,59.9,0,64,-0.0641,61,-0.018,46,0.302
114445,,,,,,,,,,,,,,,,,,,,,
114446,,,,,,,,,,,,,,,,,,,,,
114447,,,,,,,,,,,,,,,,,,,,,
114455,67.6,67.6,0,67.6,0,67.6,0,67.6,0,67.6,0,67.6,0,67.6,0,67.6,0,66.3,0.0196,,
114471,18.4,18.4,0,18.4,0,18.4,0,18.4,0,,,,,,,,,,,13,0.415
114540,81.3,81.3,0,81.3,0,81.3,0,81.3,0,81.3,0,81.3,0,81.3,0,81.3,0,63,0.29,47.7,0.704
114656,42.4,42.4,0,42.4,0,42.4,0,42.4,0,42.4,0,42.4,0,42.4,0,43.1,-0.0162,35.5,0.194,25,0.696
114657,42.4,42.4,0,42.4,0,42.4,0,42.4,0,42.4,0,42.4,0,42.4,0,,,,,25,0.696
114760,,,,,,,,,,,,,,,,,,,,,
114790,,,,,,,,,,,,,,,,,,,,,
114791,,,,,,,,,,,,,,,,,,,,,
114792,75,,,,,75,0,75,0,75,0,75,0,75,0,75,0,65,0.154,58,0.293
114806,,,,,,,,,,,,,,,,,,,,,
114807,,,,,,,,,,,,,,,,,,,,,
114841,56.5,56.5,0,56.5,0,56.5,0,56.5,0,56.5,0,56.5,0,62.9,-0.102,70,-0.193,62,-0.0887,56,0.00893
114895,,,,,,,,,,,,,,,,,,,,,
114910,38,38,0,38,0,38,0,38,0,38,0,44.5,-0.146,44.5,-0.146,40,-0.05,37.3,0.0188,33.7,0.128
114911,20.8,20.8,0,20.8,0,18.5,0.124,18.5,0.124,20.9,-0.00478,23.3,-0.107,23.3,-0.107,25.8,-0.194,21,-0.00952,20.1,0.0348
114912,11,11,0,11,0,9.9,0.111,9.9,0.111,11,0,12,-0.0833,12.1,-0.0909,13.6,-0.191,11.3,-0.0265,10.6,0.0377
114913,7.5,7.5,0,7.5,0,7.5,0,7.5,0,7.5,0,6.7,0.119,6.7,0.119,6.7,0.119,6.3,0.19,6,0.25
114914,3.7,3.7,0,,,3.7,0,3.7,0,3.7,0,3.7,0,3.7,0,3.7,0,3.3,0.121,3,0.233
114985,42,42,0,42,0,42,0,42,0,42,0,57.2,-0.266,57.2,-0.266,55,-0.236,39,0.0769,48.9,-0.141
114995,22,22,0,22,0,17.5,0.257,17.5,0.257,22,0,31.8,-0.308,23,-0.0435,31.9,-0.31,22,0,26.5,-0.17
115001,20,20,0,20,0,20,0,20,0,20,0,20,0,20,0,20,0,17,0.176,17,0.176
115011,20,20,0,20,0,16.5,0.212,16.5,0.212,20,0,20,0,20,0,20,0,17,0.176,17,0.176
115017,20,20,0,20,0,16.5,0.212,16.5,0.212,20,0,20,0,20,0,20,0,17,0.176,17,0.176
115020,36.4,36.4,0,36.4,0,36.4,0,36.4,0,36.4,0,36.4,0,49,-0.257,49,-0.257,,,,
115050,152,152,0,152,0,152,0,152,0,152,0,152,0,152,0,138,0.101,125,0.21,102,0.492
115051,152,152,0,152,0,152,0,152,0,152,0,152,0,152,0,,,125,0.21,86.7,0.749
115060,14,14,0,14,0,14,0,14,0,14,0,14,0,14,0,14,0,12,0.167,12,0.167
115110,25.1,25.1,0,25.1,0,25.1,0,25.1,0,25.1,0,25.1,0,,,25.1,0,21.7,0.157,20,0.255
115111,25.1,25.1,0,25.1,0,25.1,0,25.1,0,25.1,0,25.1,0,25.1,0,25.1,0,21.7,0.157,20,0.255
115112,25.1,25.1,0,25.1,0,25.1,0,25.1,0,25.1,0,25.1,0,,,25.1,0,21.7,0.157,20,0.255
115113,25.1,25.1,0,,,,,25.1,0,25.1,0,25.1,0,25.1,0,25.1,0,21.7,0.157,20,0.255
115116,25.1,25.1,0,25.1,0,25.1,0,25.1,0,25.1,0,25.1,0,25.1,0,25.1,0,21.7,0.157,20,0.255
115117,26.5,26.5,0,26.5,0,26.5,0,26.5,0,26.5,0,26.5,0,26.5,0,26.5,0,23,0.152,21,0.262
115150,59.5,59.5,0,59.5,0,59.5,0,74.5,-0.201,74.5,-0.201,74.5,-0.201,74.5,-0.201,84.5,-0.296,82,-0.274,57.8,0.0294
115151,39,39,0,39,0,39,0,48.9,-0.202,48.9,-0.202,48.9,-0.202,48.9,-0.202,55.5,-0.297,53.8,-0.275,37.9,0.029
115220,35.7,35.7,0,35.7,0,35.7,0,35.7,0,35.7,0,44,-0.189,44,-0.189,43.9,-0.187,42.5,-0.16,37.5,-0.048
115250,40,40,0,40,0,29.9,0.338,29.9,0.338,40,0,49.9,-0.198,49.9,-0.198,49.9,-0.198,28,0.429,37.4,0.0695
115350,194,194,0,194,0,194,0,194,0,194,0,,,194,0,194,0,170,0.141,152,0.276
115352,215,215,0,215,0,215,0,215,0,215,0,215,0,215,0,215,0,197,0.0914,180,0.194
115353,,,,,,,,,,,,,,,,,,,,,
115354,215,215,0,215,0,215,0,215,0,215,0,215,0,215,0,215,0,,,,
115357,,,,,,,,,,,,,,,,,,,,,
115363,173,173,0,173,0,173,0,173,0,,,,,,,,,,,,
115368,,,,,,,,,,,,,,,,,,,,,
115602,49.9,49.9,0,49.9,0,49.9,0,49.9,0,49.9,0,49.9,0,49.9,0,56,-0.109,45,0.109,37,0.349
115603,13.9,13.9,0,13.9,0,13.9,0,13.9,0,13.9,0,13.9,0,23,-0.396,23,-0.396,18,-0.228,14,-0.00714
115707,19,19,0,19,0,19,0,19,0,19,0,19,0,19,0,19,0,16.5,0.152,14,0.357
115710,,,,,,,,,,,,,,,,,,,,,
115777,,,,,,,,,,,,,,,,,,,,,
115800,19.9,19.9,0,19.9,0,19.9,0,19.9,0,19.9,0,19.9,0,19.9,0,19.9,0,18.7,0.0642,,
115802,19.9,19.9,0,19.9,0,19.9,0,19.9,0,,,,,,,19.9,0,18.7,0.0642,,
115906,,,,,,,,,,,,,,,,,,,,,
115907,,,,,,,,,,,,,,,,,,,,,
115912,28,28,0,28,0,28,0,28,0,28,0,28,0,28,0,28,0,22,0.273,,
115917,,,,,,,,,,,,,,,,,,,,,
115919,,,,,,,,,,,,,,,,,,,,,
115920,,,,,,,,,,,,,,,,,,,,,
116010,,,,,,,,,,,,,,,,,,,,,
116013,,,,,,,,,,,,,,,,,,,,,
116014,51,51,0,51,0,51,0,51,0,51,0,51,0,51,0,51,0,47.5,0.0737,47.5,0.0737
116015,98,98,0,98,0,98,0,98,0,98,0,98,0,98,0,98,0,62.5,0.568,62.5,0.568
116016,68,68,0,68,0,68,0,68,0,68,0,68,0,68,0,68,0,39,0.744,39,0.744
116019,94,94,0,94,0,94,0,94,0,94,0,94,0,94,0,94,0,80,0.175,73,0.288
116038,67.6,67.6,0,67.6,0,67.6,0,67.6,0,67.6,0,67.6,0,67.6,0,67.6,0,66.2,0.0211,50,0.352
116040,20.5,20.5,0,20.5,0,20.5,0,20.5,0,20.5,0,20.5,0,20.5,0,,,,,,
116057,,,,,,,,,,,,,,,,,,,,,
116058,4.5,4.5,0,4.5,0,4.5,0,4.5,0,4.5,0,4.5,0,4.5,0,4.5,0,3.5,0.286,3.5,0.286
116059,20,20,0,20,0,20,0,20,0,20,0,20,0,20,0,20,0,12,0.667,12,0.667
116060,11,11,0,11,0,11,0,11,0,11,0,11,0,11,0,11,0,8.5,0.294,,
116061,4,4,0,4,0,4,0,4,0,4,0,4,0,4,0,4,0,3.5,0.143,3.5,0.143
116062,5,5,0,5,0,5,0,5,0,5,0,5,0,5,0,5,0,3.5,0.429,3.5,0.429
116063,13,13,0,13,0,13,0,13,0,13,0,13,0,13,0,13,0,9.2,0.413,,
116065,23,23,0,23,0,23,0,23,0,23,0,23,0,23,0,,,13.5,0.704,13.5,0.704
116083,,,,,,,,,,,,,,,,,,,,,
116102,50,50,0,50,0,50,0,50,0,50,0,50,0,50,0,,,50,0,50,0
116103,62,62,0,62,0,62,0,62,0,62,0,62,0,62,0,62,0,35,0.771,,
116130,40.8,40.8,0,40.8,0,40.8,0,40.8,0,40.8,0,40.8,0,40.8,0,40.8,0,40,0.02,,
116301,15.5,15.5,0,15.5,0,15.5,0,15.5,0,15.5,0,15.5,0,15.5,0,17,-0.0882,14,0.107,,
116302,24,24,0,24,0,24,0,24,0,24,0,24,0,24,0,26,-0.0769,23.5,0.0213,,
116304,40.3,40.3,0,40.3,0,40.3,0,40.3,0,40.3,0,40.3,0,33,0.221,40.4,-0.00248,34.2,0.178,29.6,0.361
116340,29.7,29.7,0,29.7,0,29.7,0,29.7,0,29.7,0,29.7,0,29.7,0,29.7,0,22,0.35,22,0.35
116341,,,,,,,,,,,,,,,,,,,,,
116347,97.5,97.5,0,97.5,0,97.5,0,97.5,0,97.5,0,97.5,0,97.5,0,97.5,0,,,,
116408,10.5,10.5,0,10.5,0,10.5,0,10.5,0,10.5,0,10.5,0,,,11.5,-0.087,11,-0.0455,8,0.312
116450,8.3,8.3,0,8.3,0,8.3,0,8.3,0,8.3,0,8.3,0,8.3,0,,,7.2,0.153,7.2,0.153
116500,104,104,0,104,0,104,0,104,0,104,0,104,0,104,0,104,0,104,0,81,0.278
116501,104,104,0,104,0,104,0,104,0,104,0,104,0,104,0,104,0,104,0,81,0.278
116620,,,,,,,,,,,,,,,,,,,,,
116621,,,,,,,,,,,,,,,,,,,,,
116624,,,,,,,,,,,,,,,,,,,,,
116690,28,28,0,28,0,28,0,28,0,28,0,28,0,28,0,28,0,24,0.167,21,0.333
116696,10.4,10.4,0,10.4,0,10.4,0,10.4,0,10.4,0,10.4,0,10.4,0,10.4,0,10.4,0,8.4,0.238
116840,9.5,9.5,0,9.5,0,9.5,0,9.5,0,9.5,0,9.5,0,9.5,0,9.5,0,9.5,0,7.6,0.25
116908,,,,,,,,,,,,,,,,,,,,,
116998,16.5,16.5,0,16.5,0,16.5,0,16.5,0,16.5,0,16.5,0,16.5,0,16.5,0,16.5,0,13.3,0.241
117006,,,,,,,,,,,,,,,,,,,,,
117007,105,105,0,105,0,105,0,105,0,105,0,105,0,105,0,105,0,95,0.105,77.5,0.355
117031,59,59,0,59,0,59,0,59,0,59,0,59,0,59,0,,,32.5,0.815,27,1.19
117071,10.9,10.9,0,10.9,0,10.9,0,10.9,0,10.9,0,10.9,0,10.9,0,,,,,,
117072,10.9,10.9,0,10.9,0,10.9,0,10.9,0,10.9,0,10.9,0,10.9,0,,,,,,
117073,10.9,10.9,0,10.9,0,10.9,0,10.9,0,10.9,0,10.9,0,10.9,0,,,,,,
117074,10.9,10.9,0,10.9,0,10.9,0,10.9,0,10.9,0,10.9,0,10.9,0,9.5,0.147,9.5,0.147,,
117077,15.5,15.5,0,15.5,0,15.5,0,15.5,0,15.5,0,15.5,0,15.5,0,13,0.192,13,0.192,10.5,0.476
117101,5,5,0,5,0,5,0,5,0,5,0,5,0,5,0,5,0,4.3,0.163,4.3,0.163
117103,6.5,6.5,0,7.5,-0.133,7.5,-0.133,7.5,-0.133,7.5,-0.133,7.5,-0.133,6.5,0,7.1,-0.0845,6,0.0833,6,0.0833
117140,52.2,52.2,0,52.2,0,52.2,0,52.2,0,52.2,0,52.2,0,52.2,0,52.2,0,45.1,0.157,,
117141,52.2,52.2,0,52.2,0,52.2,0,52.2,0,52.2,0,52.2,0,52.2,0,52.2,0,45.1,0.157,34.9,0.496
117144,24,24,0,24,0,24,0,24,0,24,0,24,0,24,0,24,0,22,0.0909,22,0.0909
117151,90.4,90.4,0,90.4,0,90.4,0,90.4,0,90.4,0,90.4,0,90.4,0,90.4,0,78.2,0.156,55.2,0.638
117170,,,,,,,,,,,,,,,,,,,,,
117196,14.5,14.5,0,14.5,0,14.5,0,14.5,0,14.5,0,14.5,0,14.5,0,14.5,0,13,0.115,13,0.115
117226,8.8,8.8,0,8.8,0,8.8,0,8.8,0,8.8,0,8.8,0,8.8,0,8.8,0,7.5,0.173,7.5,0.173
117560,79.9,79.9,0,79.9,0,79.9,0,79.9,0,79.9,0,79.9,0,79.9,0,79.9,0,67.5,0.184,54,0.48
117757,12.5,12.5,0,12.5,0,12.5,0,12.5,0,12.5,0,12.5,0,12.5,0,12.5,0,11.5,0.087,11.5,0.087
117773,11.5,11.5,0,11.5,0,11.5,0,11.5,0,11.5,0,11.5,0,11.5,0,11.5,0,11.5,0,9.3,0.237
117781,3.6,3.6,0,3.6,0,3.6,0,3.6,0,3.6,0,3.6,0,3.6,0,3.6,0,3.6,0,2.9,0.241
117820,,,,,,,,,,,,,,,,,,,,,
117977,13.5,13.5,0,13.5,0,13.5,0,13.5,0,13.5,0,13.5,0,13.5,0,13.5,0,12.5,0.08,11.5,0.174
117994,11.5,11.5,0,11.5,0,11.5,0,11.5,0,11.5,0,11.5,0,11.5,0,11.5,0,11.5,0,9.3,0.237
118001,3.9,3.9,0,3.9,0,3.9,0,3.9,0,3.9,0,3.9,0,3.9,0,3.9,0,3.9,0,3,0.3
118020,,,,,,,,,,,,,,,,,,,,,
118026,94,94,0,94,0,94,0,94,0,94,0,94,0,94,0,94,0,80,0.175,73,0.288
118027,94,94,0,94,0,94,0,94,0,94,0,94,0,94,0,94,0,80,0.175,73,0.288
118028,4,4,0,4,0,4,0,4,0,4,0,4,0,4,0,4,0,4,0,3.3,0.212
118029,66,66,0,66,0,66,0,66,0,66,0,66,0,66,0,66,0,57,0.158,51,0.294
118030,,,,,,,,,,,,,,,,,,,,,
118031,,,,,,,,,,,,,,,,,,,,,
118035,128,128,0,128,0,128,0,128,0,128,0,128,0,128,0,128,0,116,0.103,108,0.185
118036,,,,,,,,,,,,,,,,,,,,,
118037,128,128,0,128,0,128,0,128,0,128,0,128,0,128,0,128,0,116,0.103,108,0.185
118039,173,173,0,173,0,173,0,173,0,173,0,173,0,173,0,173,0,150,0.153,145,0.193
118040,173,173,0,173,0,173,0,173,0,173,0,173,0,173,0,173,0,150,0.153,145,0.193
118116,39.6,39.6,0,39.6,0,39.6,0,39.6,0,39.6,0,39.6,0,30,0.32,39.6,0,34.4,0.151,28.6,0.385
118140,40.8,40.8,0,40.8,0,40.8,0,40.8,0,40.8,0,40.8,0,40.8,0,40.8,0,40,0.02,,
118141,67.6,67.6,0,67.6,0,67.6,0,67.6,0,67.6,0,67.6,0,67.6,0,67.6,0,66.3,0.0196,,
118144,12.8,12.8,0,12.8,0,12.8,0,12.8,0,12.8,0,15.3,-0.163,15.3,-0.163,15.3,-0.163,14.6,-0.123,12.5,0.024
118188,40.5,40.5,0,40.5,0,40.5,0,40.5,0,40.5,0,40.5,0,40.5,0,31.5,0.286,28,0.446,28,0.446
118400,52,52,0,52,0,52,0,52,0,52,0,52,0,52,0,,,,,,
118410,50.9,50.9,0,50.9,0,50.9,0,50.9,0,50.9,0,50.9,0,50.9,0,50.9,0,42.8,0.189,38.5,0.322
118411,45.2,45.2,0,45.2,0,45.2,0,45.2,0,45.2,0,45.2,0,45.2,0,45.2,0,37.7,0.199,34.5,0.31
118557,,,,,,,,,,,,,,,,,,,,,
118558,,,,,,,,,,,,,,,,,,,,,
118705,,,,,,,,,,,,,,,,,,,,,
118707,,,,,,,,,,,,,,,,,,,,,
118708,,,,,,,,,,,,,,,,,,,,,
118709,,,,,,,,,,,,,,,,,,,,,
118711,,,,,,,,,,,,,,,,,,,,,
118712,,,,,,,,,,,,,,,,,,,,,
118713,,,,,,,,,,,,,,,,,,,,,
118714,,,,,,,,,,,,,,,,,,,,,
118715,,,,,,,,,,,,,,,,,,,,,
118717,,,,,,,,,,,,,,,,,,,,,
118800,,,,,,,,,,,,,,,,,,,,,
118870,81.5,81.5,0,81.5,0,81.5,0,81.5,0,81.5,0,,,76.5,0.0654,66.5,0.226,49.5,0.646,25,2.26
118871,49,49,0,49,0,49,0,49,0,49,0,49,0,49,0,47.5,0.0316,35.5,0.38,22.5,1.18
118872,,,,,,,,,,,,,,,,,,,,,
118873,,,,,,,,,,,,,,,,,,,,,
118874,19.5,19.5,0,19.5,0,19.5,0,19.5,0,19.5,0,,,19.5,0,,,14.5,0.345,13.5,0.444
118875,37.5,37.5,0,37.5,0,37.5,0,37.5,0,37.5,0,37.5,0,37.5,0,37.5,0,22.5,0.667,,
118879,62,62,0,62,0,62,0,62,0,62,0,62,0,62,0,62,0,37.5,0.653,36,0.722
118900,94,94,0,94,0,94,0,94,0,94,0,94,0,70.5,0.333,69,0.362,80,0.175,73,0.288
118923,18.8,18.8,0,18.8,0,18.8,0,18.8,0,18.8,0,18.8,0,18.8,0,18.8,0,18.8,0,15.1,0.245
119001,45,45,0,45,0,45,0,45,0,45,0,45,0,45,0,57.5,-0.217,,,29,0.552
119008,30.7,30.7,0,30.7,0,30.7,0,30.7,0,30.7,0,,,30.7,0,30.7,0,,,,
119009,8.8,8.8,0,8.8,0,8.8,0,8.8,0,8.8,0,8.8,0,8.8,0,8.8,0,8,0.1,7.3,0.205
119012,63.8,63.8,0,63.8,0,63.8,0,63.8,0,63.8,0,77.8,-0.18,78,-0.182,78,-0.182,72.5,-0.12,62.5,0.0208
119013,63.8,63.8,0,63.8,0,63.8,0,63.8,0,63.8,0,78,-0.182,78,-0.182,78,-0.182,72.5,-0.12,62.5,0.0208
119023,76,76,0,76,0,76,0,76,0,76,0,76,0,76,0,59,0.288,51.9,0.464,43,0.767
119032,18.8,18.8,0,18.8,0,18.8,0,18.8,0,18.8,0,18.8,0,18.8,0,18.8,0,18.8,0,15.1,0.245
119040,26.5,26.5,0,26.5,0,26.5,0,26.5,0,26.5,0,26.5,0,26.5,0,26.5,0,22,0.205,20.5,0.293
119067,20.6,20.6,0,20.6,0,20.6,0,20.6,0,20.6,0,20.6,0,20.6,0,20.6,0,20.6,0,16.6,0.241
119100,25,25,0,25,0,25,0,25,0,25,0,25,0,25,0,25,0,25,0,25,0
119120,,,,,,,,,,,,,,,,,,,,,
119122,,,,,,,,,,,,,,,,,,,,,
119145,,,,,,,,,,,,,,,,,,,,,
119148,12.5,12.5,0,12.5,0,12.5,0,12.5,0,12.5,0,12.5,0,12.5,0,12.5,0,12.5,0,10.1,0.238
119156,4.6,4.6,0,4.6,0,4.6,0,4.6,0,4.6,0,4.6,0,4.6,0,4.6,0,4.6,0,3.8,0.211
119190,43,43,0,43,0,43,0,43,0,43,0,43,0,43,0,43,0,33.9,0.268,27,0.593
119229,19.4,19.4,0,19.4,0,19.4,0,19.4,0,19.4,0,19.4,0,19.4,0,19.4,0,19.4,0,16,0.212
119325,30,30,0,30,0,23.5,0.277,23.5,0.277,30,0,30,0,30,0,30,0,23.1,0.299,23.1,0.299
119327,35,35,0,35,0,35,0,35,0,35,0,35,0,,,35,0,24.7,0.417,,
119351,24,24,0,24,0,19.1,0.257,19.1,0.257,24,0,32.6,-0.264,32.6,-0.264,34.9,-0.312,29.1,-0.175,29.1,-0.175
119355,14,14,0,14,0,14,0,14,0,14,0,14,0,14,0,14,0,14,0,11.5,0.217
119356,14,14,0,14,0,14,0,14,0,14,0,14,0,14,0,14,0,14,0,11.5,0.217
119380,,,,,,,,,,,,,,,,,,,,,
119381,,,,,,,,,,,,,,,,,,,,,
119395,,,,,,,,,,,,,,,,,,,,,
119396,23.4,30,-0.22,30,-0.22,30,-0.22,30,-0.22,30,-0.22,23,0.0174,30,-0.22,,,,,30,-0.22
119397,23.4,30,-0.22,30,-0.22,30,-0.22,30,-0.22,30,-0.22,,,,,,,,,,
119398,30,30,0,30,0,30,0,30,0,30,0,23,0.304,30,0,,,,,30,0
119427,45.9,45.9,0,45.9,0,45.9,0,45.9,0,45.9,0,32.1,0.43,,,,,56.3,-0.185,53.9,-0.148
119436,85,85,0,85,0,85,0,85,0,85,0,85,0,85,0,85,0,66,0.288,,
119437,,,,,,,,,,,,,,,,,,,,,
119441,,,,,,,,,,,,,,,,,,,,,
119443,,,,,,,,,,,,,,,,,,,,,
119446,,,,,,,,,,,,,,,,,,,,,
119448,,,,,,,,,,,,,,,,,,,,,
119449,,,,,,,,,,,,,,,,,,,,,
119450,152,152,0,152,0,152,0,152,0,152,0,152,0,152,0,138,0.1,125,0.21,86.7,0.749
119452,,,,,,,,,,,,,,,,,,,,,
119453,,,,,,,,,,,,,,,,,,,,,
119454,44.8,44.8,0,44.8,0,44.8,0,44.8,0,44.8,0,44.8,0,44.8,0,89.6,-0.5,72.4,-0.381,51.9,-0.137
119460,13,13,0,13,0,13,0,13,0,13,0,13,0,13,0,13,0,10.6,0.226,9,0.444
119491,25.5,25.5,0,25.5,0,25.5,0,29.5,-0.136,29.5,-0.136,29.5,-0.136,39.9,-0.361,39.5,-0.354,27,-0.0556,24,0.0625
119500,,,,,,,,,,,,,,,,,,,,,
119501,18,18,0,18,0,18,0,18,0,18,0,18,0,18,0,18,0,8.5,1.12,8.5,1.12
119502,158,158,0,158,0,158,0,158,0,158,0,158,0,158,0,158,0,84,0.881,84,0.881
119543,68,68,0,68,0,68,0,68,0,68,0,68,0,68,0,,,,,45.5,0.495
119544,,,,,,,,,,,,,,,,,,,,,
119545,65,65,0,65,0,65,0,65,0,65,0,65,0,65,0,45.5,0.429,45.5,0.429,45.5,0.429
119546,65,65,0,65,0,65,0,65,0,65,0,65,0,65,0,,,,,45.5,0.429
119547,68,68,0,68,0,68,0,68,0,68,0,68,0,68,0,45.5,0.495,45.5,0.495,45.5,0.495
119555,,,,,,,,,,,,,,,,,,,,,
119556,,,,,,,,,,,,,,,,,,,,,
119557,,,,,,,,,,,,,,,,,,,,,
119558,,,,,,,,,,,,,,,,,,,,,
119570,30,30,0,,,30,0,30,0,30,0,30,0,30,0,30,0,,,,
119572,30,30,0,30,0,30,0,30,0,30,0,30,0,30,0,30,0,,,,
119573,,,,,,,,,,,,,,,,,,,,,
119574,30,30,0,30,0,30,0,30,0,30,0,30,0,30,0,30,0,,,14.6,1.05
119576,30,30,0,30,0,30,0,30,0,30,0,30,0,30,0,30,0,14.6,1.05,,
119578,20,20,0,20,0,20,0,20,0,20,0,20,0,20,0,20,0,9.5,1.11,,
119602,,,,,,,,,,,,,,,,,,,,,
119603,,,,,,,,,,,,,,,,,,,,,
119759,20,20,0,20,0,20,0,20,0,20,0,20,0,,,20,0,9.5,1.11,9.5,1.11
119760,36.8,36.8,0,36.8,0,36.8,0,36.8,0,36.8,0,36.8,0,36.8,0,40,-0.08,40,-0.08,31,0.187
119785,23,23,0,23,0,23,0,23,0,23,0,23,0,,,23,0,22,0.0455,,
119786,20,20,0,20,0,20,0,20,0,20,0,20,0,20,0,19.5,0.0256,19.5,0.0256,19.5,0.0256
119832,,,,,,,,,,,,,,,,,,,,,
119906,18,18,0,18,0,18,0,18,0,18,0,18,0,18,0,18,0,12.8,0.406,,
119990,49,49,0,49,0,49,0,49,0,49,0,49,0,49,0,49,0,40.3,0.216,33.5,0.463
119991,,,,,,,,,,,,,,,,,,,,,
120003,,,,,,,,,,,,,,,,,,,,,
120004,,,,,,,,,,,,,,,,,,,,,
120019,,,,,,,,,,,,,,,,,,,,,
120020,,,,,,,,,,,,,,,,,,,,,
120045,29.5,29.5,0,29.5,0,29.5,0,39.5,-0.253,39.5,-0.253,39.5,-0.253,39.5,-0.253,39.5,-0.253,29.5,0,,
120065,14.9,14.9,0,14.9,0,14.9,0,14.9,0,14.9,0,13.9,0.0719,15.9,-0.0629,15.9,-0.0629,13.9,0.0719,13.9,0.0719
120120,199,199,0,199,0,199,0,199,0,199,0,199,0,199,0,178,0.116,178,0.116,178,0.116
120121,,,,,,,,,,,,,,,,,,,,,
120123,,,,,,,,,,,,,,,,,,,,,
120523,31,31,0,31,0,31,0,31,0,31,0,31,0,26.5,0.17,31,0,25,0.24,25,0.24
120524,31,31,0,31,0,31,0,31,0,31,0,31,0,26.5,0.17,31,0,25,0.24,25,0.24
120525,31,31,0,31,0,31,0,31,0,31,0,31,0,,,31,0,25,0.24,25,0.24
120526,31,31,0,,,31,0,31,0,31,0,31,0,31,0,31,0,25,0.24,25,0.24
120527,31,31,0,31,0,31,0,31,0,31,0,31,0,,,31,0,25,0.24,25,0.24
120528,20.7,25,-0.172,25,-0.172,25,-0.172,25,-0.172,25,-0.172,25,-0.172,25,-0.172,19.5,0.0615,,,,
120545,,,,,,,,,,,,,,,,,,,,,
120550,36,36,0,36,0,36,0,36,0,36,0,36,0,36,0,36,0,31,0.161,31,0.161
120551,36,36,0,36,0,36,0,36,0,36,0,36,0,36,0,36,0,31,0.161,31,0.161
120552,36,36,0,36,0,36,0,36,0,36,0,36,0,36,0,36,0,31,0.161,31,0.161
120554,36,36,0,36,0,36,0,36,0,36,0,36,0,36,0,36,0,31,0.161,31,0.161
120555,36,36,0,36,0,36,0,36,0,36,0,36,0,36,0,,,,,,
120556,36,36,0,36,0,36,0,36,0,36,0,36,0,36,0,36,0,31,0.161,31,0.161
120557,36,36,0,36,0,36,0,36,0,36,0,36,0,36,0,36,0,31,0.161,31,0.161
120569,,,,,,,,,,,,,,,,,,,,,
120573,15.5,15.5,0,15.5,0,15.5,0,15.5,0,15.5,0,15.5,0,15.5,0,16.8,-0.0774,16.8,-0.0774,13,0.192
120574,159,159,0,159,0,159,0,159,0,159,0,159,0,159,0,180,-0.115,180,-0.115,140,0.137
120580,,,,,,,,,,,,,,,,,,,,,
120581,,,,,,,,,,,,,,,,,,,,,
120582,,,,,,,,,,,,,,,,,,,,,
120583,,,,,,,,,,,,,,,,,,,,,
120584,,,,,,,,,,,,,,,,,,,,,
120586,,,,,,,,,,,,,,,,,,,,,
120717,15.5,15.5,0,,,15.5,0,15.5,0,15.5,0,15.5,0,15.5,0,12.5,0.24,12.5,0.24,12.5,0.24
120718,18.5,18.5,0,18.5,0,18.5,0,18.5,0,18.5,0,18.5,0,18.5,0,18.5,0,18.5,0,18.5,0
120719,25.5,25.5,0,25.5,0,25.5,0,25.5,0,25.5,0,25.5,0,25.5,0,,,19.5,0.308,19.5,0.308
120720,23.5,23.5,0,23.5,0,23.5,0,23.5,0,23.5,0,23.5,0,23.5,0,20,0.175,20,0.175,20,0.175
120726,20,20,0,20,0,20,0,20,0,20,0,20,0,20,0,16.5,0.212,16.5,0.212,16.5,0.212
121000,,,,,,,,,,,,,,,,,,,,,
121353,34.9,34.9,0,34.9,0,34.9,0,34.9,0,34.9,0,34.9,0,34.9,0,34.9,0,21.9,0.594,20.9,0.67
121359,15,15,0,15,0,15,0,15,0,15,0,15,0,15,0,15,0,15,0,15,0
121392,,,,,,,,,,,,,,,,,,,,,
121452,49,49,0,49,0,49,0,49,0,45,0.0889,47,0.0426,47,0.0426,47,0.0426,47,0.0426,47,0.0426
121537,,,,,,,,,,,,,,,,,,,,,
121538,49,49,0,49,0,49,0,49,0,49,0,49,0,49,0,49,0,42.6,0.15,42.6,0.15
121563,54,54,0,54,0,56,-0.0357,56,-0.0357,54,0,54,0,54,0,54,0,45,0.2,39,0.385
121564,54,54,0,54,0,57.5,-0.0609,57.5,-0.0609,57.5,-0.0609,57.5,-0.0609,57.5,-0.0609,,,43.9,0.23,45,0.2
121573,30,30,0,30,0,30,0,30,0,30,0,30,0,30,0,30,0,30,0,30,0
121873,22,22,0,22,0,22,0,22,0,22,0,,,22,0,22,0,16,0.375,16,0.375
121874,23,23,0,23,0,23,0,,,23,0,23,0,23,0,,,18.5,0.243,18.5,0.243
121875,26.5,26.5,0,26.5,0,26.5,0,26.5,0,26.5,0,26.5,0,26.5,0,26.5,0,26.5,0,26.5,0
121876,34.5,34.5,0,34.5,0,34.5,0,34.5,0,34.5,0,,,34.5,0,34.5,0,27.5,0.255,27.5,0.255
121877,19.9,19.9,0,19.9,0,19.9,0,19.9,0,19.9,0,,,19.9,0,19.9,0,20.5,-0.0293,20.5,-0.0293
121878,29.9,29.9,0,29.9,0,29.9,0,29.9,0,29.9,0,29.9,0,29.9,0,29.9,0,,,22.5,0.329
121879,,,,,,,,,,,,,,,,,,,,,
121880,15,15,0,15,0,15,0,15,0,15,0,15,0,15,0,15,0,12.5,0.2,12.5,0.2
121881,12,12,0,12,0,12,0,12,0,12,0,12,0,12,0,15,-0.2,12,0,12,0
121882,20,20,0,20,0,20,0,20,0,20,0,20,0,20,0,20,0,16,0.25,16,0.25
121883,,,,,,,,,,,,,,,,,,,,,
121884,22,22,0,22,0,22,0,22,0,22,0,22,0,22,0,,,18.5,0.189,18.5,0.189
121886,21,21,0,21,0,21,0,21,0,21,0,21,0,21,0,21,0,21,0,17.1,0.228
121888,21.5,21.5,0,21.5,0,21.5,0,21.5,0,21.5,0,21.5,0,21.5,0,21.5,0,20.3,0.0591,20.3,0.0591
121889,15,15,0,15,0,15,0,15,0,15,0,15,0,15,0,15,0,11.6,0.293,11.6,0.293
121890,15,15,0,15,0,15,0,15,0,15,0,15,0,15,0,15,0,11.6,0.293,11.6,0.293
121891,15,15,0,15,0,15,0,15,0,15,0,15,0,15,0,15,0,11.6,0.293,11.6,0.293
121892,15,15,0,15,0,15,0,15,0,15,0,15,0,15,0,15,0,11.6,0.293,11.6,0.293
121893,15,15,0,15,0,15,0,,,15,0,15,0,15,0,15,0,11.6,0.293,11.6,0.293
121894,15,15,0,15,0,15,0,15,0,15,0,15,0,15,0,,,13.8,0.087,13.8,0.087
121895,15,15,0,15,0,15,0,15,0,15,0,,,15,0,15,0,11.6,0.293,11.6,0.293
121896,15,15,0,15,0,,,,,15,0,15,0,15,0,15,0,11.6,0.293,,
121897,15,15,0,15,0,15,0,,,15,0,15,0,15,0,15,0,11.6,0.293,11.6,0.293
121899,13.9,13.9,0,13.9,0,13.9,0,13.9,0,13.9,0,13.9,0,13.9,0,13.9,0,13.9,0,13.9,0
121915,31.5,31.5,0,31.5,0,31.5,0,,,31.5,0,31.5,0,31.5,0,31.5,0,27.5,0.145,26,0.212
121916,69.9,69.9,0,69.9,0,69.9,0,69.9,0,69.9,0,57.9,0.207,69.5,0.00576,69.5,0.00576,57,0.226,,
121930,58.9,58.9,0,58.9,0,58.9,0,58.9,0,58.9,0,49.9,0.18,56.5,0.0425,,,,,46.9,0.256
121945,22,22,0,22,0,22,0,22,0,22,0,22,0,22,0,22,0,20,0.1,20,0.1
122009,,,,,,,,,,,,,,,,,,,,,
122016,,,,,,,,,,,,,,,,,,,,,
122018,,,,,,,,,,,,,,,,,,,,,
122022,18.6,18.6,0,18.6,0,18.6,0,18.6,0,18.6,0,18.6,0,18.6,0,,,,,12,0.55
122050,69,69,0,73.9,-0.0663,73.9,-0.0663,73.9,-0.0663,73.9,-0.0663,73.9,-0.0663,73.9,-0.0663,73.9,-0.0663,49.9,0.383,54.5,0.266
122078,,,,,,,,,,,,,,,,,,,,,
122079,,,,,,,,,,,,,,,,,,,,,
122097,10,10,0,10,0,10,0,10,0,10,0,10,0,10,0,8.5,0.176,8.7,0.149,9,0.111
122112,,,,,,,,,,,,,,,,,,,,,
122192,95,95,0,95,0,95,0,95,0,,,95,0,95,0,95,0,85,0.118,75,0.267
122305,60,60,0,60,0,60,0,60,0,60,0,60,0,60,0,60,0,52,0.154,52,0.154
122307,,,,,,,,,,,,,,,,,,,,,
122309,19.5,19.5,0,19.5,0,19.5,0,19.5,0,19.5,0,19.5,0,19.5,0,19.5,0,19.5,0,19.5,0
122310,,,,,,,,,,,,,,,,,,,,,
122311,,,,,,,,,,,,,,,,,,,,,
122312,36,36,0,36,0,36,0,36,0,36,0,36,0,36,0,36,0,31,0.161,31,0.161
122329,36,36,0,36,0,36,0,36,0,36,0,36,0,,,36,0,31,0.161,31,0.161
122330,36,36,0,36,0,36,0,36,0,36,0,36,0,36,0,36,0,31,0.161,31,0.161
122331,36,36,0,36,0,36,0,36,0,36,0,36,0,36,0,36,0,31,0.161,31,0.161
122332,36,36,0,36,0,36,0,36,0,36,0,36,0,36,0,36,0,31,0.161,31,0.161
122333,36,36,0,36,0,36,0,36,0,36,0,36,0,36,0,36,0,31,0.161,31,0.161
122334,36,36,0,36,0,36,0,36,0,36,0,36,0,36,0,36,0,31,0.161,31,0.161
122336,36,36,0,36,0,36,0,36,0,36,0,36,0,36,0,36,0,31,0.161,31,0.161
122731,,,,,,,,,,,,,,,,,,,,,
122740,53.8,53.8,0,53.8,0,53.8,0,53.8,0,53.8,0,53.8,0,,,,,41.5,0.296,41.5,0.296
122745,99.9,99.9,0,99.9,0,99.9,0,99.9,0,99.9,0,99.9,0,99.9,0,99.9,0,92.9,0.0753,89.9,0.111
122747,29,29,0,29,0,29,0,29,0,29,0,38,-0.237,38,-0.237,45.5,-0.363,32.6,-0.11,32.6,-0.11
122748,22.9,22.9,0,22.9,0,22.9,0,22.9,0,22.9,0,28.5,-0.196,28.5,-0.196,36.9,-0.379,25.5,-0.102,19.9,0.151
122767,131,131,0,131,0,131,0,131,0,131,0,131,0,131,0,,,,,102,0.284
122768,185,185,0,185,0,185,0,185,0,185,0,185,0,,,,,165,0.121,147,0.259
122770,185,185,0,185,0,185,0,185,0,185,0,185,0,185,0,,,,,,
122772,,,,,,,,,,,,,,,,,,,,,
122774,,,,,,,,,,,,,,,,,,,,,
122775,185,185,0,185,0,185,0,185,0,185,0,185,0,185,0,185,0,165,0.121,147,0.259
122815,8,8,0,8,0,7,0.143,7,0.143,7,0.143,7,0.143,7,0.143,8,0,8,0,8,0
122880,243,243,0,243,0,243,0,243,0,243,0,243,0,243,0,243,0,211,0.152,193,0.259
122881,62,62,0,62,0,62,0,62,0,62,0,62,0,62,0,62,0,51.5,0.204,47,0.319
122883,98,98,0,98,0,98,0,98,0,98,0,98,0,98,0,98,0,82.5,0.188,75,0.307
122884,62,62,0,62,0,62,0,62,0,62,0,62,0,62,0,62,0,51.5,0.204,47,0.319
122885,83,83,0,83,0,83,0,83,0,83,0,83,0,83,0,83,0,69,0.203,67,0.239
122886,,,,,,,,,,,,,,,,,,,,,
122887,,,,,,,,,,,,,,,,,,,,,
122901,,,,,,,,,,,,,,,,,,,,,
122902,36,36,0,36,0,36,0,36,0,36,0,36,0,36,0,36,0,31,0.161,31,0.161
122903,36,36,0,36,0,36,0,36,0,36,0,36,0,36,0,36,0,31,0.161,31,0.161
122905,,,,,,,,,,,,,,,,,,,,,
122906,36,36,0,36,0,36,0,36,0,36,0,36,0,36,0,36,0,31,0.161,31,0.161
122907,,,,,,,,,,,,,,,,,,,,,
122908,,,,,,,,,,,,,,,,,,,,,
122911,19.5,19.5,0,19.5,0,19.5,0,19.5,0,19.5,0,19.5,0,19.5,0,19.5,0,19.5,0,19.5,0
122913,21,21,0,21,0,21,0,21,0,21,0,21,0,21,0,19.5,0.0769,19.5,0.0769,19.5,0.0769
122914,21,21,0,21,0,21,0,21,0,21,0,21,0,21,0,19.5,0.0769,19.5,0.0769,19.5,0.0769
122915,21,21,0,21,0,21,0,21,0,21,0,21,0,21,0,19.5,0.0769,19.5,0.0769,19.5,0.0769
122916,19.5,19.5,0,19.5,0,19.5,0,19.5,0,19.5,0,19.5,0,19.5,0,19.5,0,19.5,0,19.5,0
122917,21,21,0,21,0,21,0,21,0,21,0,21,0,21,0,19.5,0.0769,19.5,0.0769,19.5,0.0769
122918,21,21,0,21,0,21,0,21,0,21,0,21,0,19.5,0.0769,19.5,0.0769,19.5,0.0769,19.5,0.0769
122919,21,21,0,21,0,21,0,21,0,21,0,21,0,21,0,19.5,0.0769,19.5,0.0769,19.5,0.0769
122921,21,21,0,21,0,21,0,21,0,21,0,21,0,21,0,19.5,0.0769,19.5,0.0769,19.5,0.0769
122922,21,21,0,21,0,21,0,21,0,21,0,21,0,,,19.5,0.0769,19.5,0.0769,19.5,0.0769
122923,21,21,0,21,0,21,0,21,0,21,0,21,0,21,0,19.5,0.0769,19.5,0.0769,19.5,0.0769
122924,21,21,0,21,0,21,0,21,0,21,0,21,0,21,0,19.5,0.0769,19.5,0.0769,19.5,0.0769
122925,21,21,0,21,0,21,0,21,0,21,0,21,0,21,0,19.5,0.0769,19.5,0.0769,19.5,0.0769
122926,21,21,0,21,0,21,0,21,0,21,0,21,0,21,0,19.5,0.0769,19.5,0.0769,19.5,0.0769
122927,21,21,0,21,0,21,0,21,0,21,0,21,0,21,0,19.5,0.0769,19.5,0.0769,19.5,0.0769
122928,,,,,,,,,,,,,,,,,,,,,
122929,21,21,0,21,0,21,0,21,0,21,0,21,0,21,0,19.5,0.0769,19.5,0.0769,19.5,0.0769
122930,21,21,0,21,0,21,0,21,0,21,0,21,0,21,0,19.5,0.0769,19.5,0.0769,19.5,0.0769
122931,21,21,0,21,0,21,0,21,0,21,0,21,0,21,0,19.5,0.0769,19.5,0.0769,19.5,0.0769
122949,21,21,0,21,0,21,0,21,0,21,0,21,0,21,0,19.5,0.0769,19.5,0.0769,19.5,0.0769
122950,21,21,0,21,0,21,0,21,0,21,0,21,0,21,0,19.5,0.0769,19.5,0.0769,19.5,0.0769
122951,21,21,0,21,0,21,0,21,0,21,0,21,0,21,0,19.5,0.0769,19.5,0.0769,19.5,0.0769
122952,,,,,,,,,,,,,,,,,,,,,
122953,21,21,0,21,0,21,0,21,0,21,0,21,0,,,19.5,0.0769,19.5,0.0769,19.5,0.0769
122954,21,21,0,21,0,21,0,21,0,21,0,21,0,21,0,19.5,0.0769,19.5,0.0769,19.5,0.0769
122955,21,21,0,21,0,21,0,21,0,21,0,21,0,21,0,19.5,0.0769,19.5,0.0769,19.5,0.0769
122956,,,,,,,,,,,,,,,,,,,,,
122957,23,23,0,23,0,23,0,23,0,23,0,23,0,23,0,23,0,19.5,0.179,19.5,0.179
122958,48,48,0,48,0,48,0,48,0,48,0,48,0,48,0,48,0,41,0.171,41,0.171
122959,48,48,0,48,0,48,0,48,0,48,0,48,0,48,0,48,0,41,0.171,41,0.171
122960,36,36,0,36,0,36,0,36,0,36,0,36,0,36,0,36,0,31,0.161,31,0.161
122961,36,36,0,36,0,36,0,36,0,36,0,36,0,36,0,36,0,31,0.161,31,0.161
122962,36,36,0,36,0,36,0,36,0,36,0,36,0,,,36,0,31,0.161,31,0.161
122963,36,36,0,36,0,36,0,36,0,36,0,36,0,36,0,36,0,31,0.161,31,0.161
122964,31,31,0,31,0,31,0,31,0,31,0,31,0,31,0,31,0,31,0,31,0
122974,31,31,0,31,0,31,0,31,0,31,0,31,0,31,0,31,0,31,0,31,0
122975,36,36,0,36,0,36,0,36,0,36,0,36,0,36,0,36,0,31,0.161,31,0.161
122976,36,36,0,36,0,36,0,36,0,36,0,36,0,36,0,36,0,31,0.161,31,0.161
122977,19.5,19.5,0,19.5,0,19.5,0,19.5,0,19.5,0,19.5,0,19.5,0,19.5,0,19.5,0,19.5,0
122978,21,21,0,21,0,21,0,21,0,21,0,21,0,21,0,19.5,0.0769,19.5,0.0769,19.5,0.0769
122979,21,21,0,21,0,21,0,21,0,21,0,21,0,21,0,19.5,0.0769,19.5,0.0769,19.5,0.0769
122980,21,21,0,21,0,21,0,21,0,21,0,21,0,21,0,19.5,0.0769,19.5,0.0769,19.5,0.0769
122981,36,36,0,36,0,36,0,36,0,36,0,36,0,36,0,36,0,31,0.161,31,0.161
122982,36,36,0,36,0,36,0,36,0,36,0,36,0,36,0,36,0,31,0.161,31,0.161
122983,29,29,0,29,0,29,0,29,0,29,0,29,0,29,0,29,0,25,0.16,25,0.16
122984,29,29,0,29,0,29,0,29,0,29,0,29,0,29,0,29,0,25,0.16,25,0.16
122985,29,29,0,29,0,29,0,29,0,29,0,29,0,29,0,29,0,25,0.16,25,0.16
122986,29,29,0,29,0,29,0,29,0,29,0,29,0,29,0,29,0,25,0.16,25,0.16
122991,,,,,,,,,,,,,,,,,,,,,
123059,3.7,3.7,0,3.7,0,3.7,0,3.7,0,3.7,0,3,0.233,3.8,-0.0263,3.8,-0.0263,3.3,0.121,2.9,0.276
123061,299,299,0,299,0,299,0,299,0,299,0,299,0,299,0,299,0,299,0,299,0
123333,,,,,,,,,,,,,,,,,,,,,
123334,,,,,,,,,,,,,,,,,,,,,
123405,,,,,,,,,,,,,,,,,,,,,
123418,8,8,0,8,0,8,0,8,0,8,0,8,0,8,0,8,0,8,0,8,0
123419,,,,,,,,,,,,,,,,,,,,,
123617,30.9,30.9,0,30.9,0,30.9,0,30.9,0,30.9,0,,,30.9,0,30.9,0,16,0.931,,
123655,,,,,,,,,,,,,,,,,,,,,
123692,,,,,,,,,,,,,,,,,,,,,
124060,70,70,0,70,0,70,0,70,0,56,0.25,56,0.25,73,-0.0411,,,58,0.207,52,0.346
124111,,,,,,,,,,,,,,,,,,,,,
125026,6.9,6.9,0,6.9,0,6.9,0,6.9,0,6.9,0,,,,,,,,,,
125050,,,,,,,,,,,,,,,,,,,,,
125462,26,26,0,26,0,26,0,26,0,26,0,26,0,26,0,26,0,23,0.13,23,0.13
125717,6.8,6.8,0,6.8,0,6.8,0,6.8,0,6.8,0,6.8,0,6.8,0,6.8,0,6,0.133,6,0.133
125719,6.8,6.8,0,6.8,0,6.8,0,6.8,0,6.8,0,6.8,0,6.8,0,6.8,0,6,0.133,6,0.133
126011,19,19,0,19,0,19,0,21,-0.0952,21,-0.0952,21,-0.0952,24,-0.208,24,-0.208,,,16,0.188
126012,25,25,0,25,0,25,0,27,-0.0741,27,-0.0741,27,-0.0741,29,-0.138,29,-0.138,24,0.0417,21,0.19
126013,101,101,0,101,0,101,0,101,0,101,0,101,0,101,0,,,93,0.086,90,0.122
126024,55.7,55.7,0,55.7,0,55.7,0,62.8,-0.113,62.8,-0.113,62.8,-0.113,62.8,-0.113,85.8,-0.351,,,,
126046,,,,,,,,,,,,,,,,,,,,,
126047,,,,,,,,,,,,,,,,,,,,,
126051,,,,,,,,,,,,,,,,,,,,,
126489,12.5,12.5,0,12.5,0,12.5,0,12.5,0,12.5,0,12.5,0,,,,,,,,
126587,83,83,0,83,0,83,0,83,0,83,0,83,0,83,0,,,,,,
127878,,,,,,,,,,,,,,,,,,,,,
127970,,,,,,,,,,,,,,,,,,,,,
127971,,,,,,,,,,,,,,,,,,,,,
128317,26.5,26.5,0,26.5,0,26.5,0,26.5,0,26.5,0,19.5,0.359,26.5,0,12.5,1.12,12.5,1.12,15.5,0.71
128538,75,75,0,75,0,75,0,75,0,75,0,75,0,75,0,75,0,65,0.154,62,0.21
129097,,,,,,,,,,,,,,,,,,,,,
129240,8.7,8.7,0,8.7,0,7.5,0.16,7.5,0.16,8.7,0,8.7,0,8.7,0,6.9,0.261,7.5,0.16,7.5,0.16
129267,,,,,,,,,,,,,,,,,,,,,
129275,37.9,37.9,0,37.9,0,37.9,0,37.9,0,37.9,0,37.9,0,37.9,0,37.9,0,32.9,0.152,32.9,0.152
129283,8,8,0,8,0,8,0,8,0,8,0,8,0,8,0,8,0,6,0.333,,
129348,7.6,7.6,0,7.6,0,7.6,0,7.6,0,7.6,0,6,0.267,,,,,,,,
129380,,,,,,,,,,,,,,,,,,,,,
129399,8.2,8.2,0,8.2,0,8.2,0,8.2,0,8.2,0,8.2,0,8.2,0,8.2,0,,,,
129429,15.3,15.3,0,15.3,0,15.3,0,15.3,0,15.3,0,15.3,0,15.3,0,15.3,0,12.9,0.186,12.9,0.186
129437,42.5,42.5,0,42.5,0,42.5,0,41,0.0366,41,0.0366,41,0.0366,41,0.0366,41,0.0366,37,0.149,,
129445,23,23,0,23,0,23,0,21.5,0.0698,21.5,0.0698,17.5,0.314,21.5,0.0698,17.9,0.285,,,18.9,0.217
129461,9.2,9.2,0,9.2,0,9.2,0,9.2,0,9.2,0,9.2,0,9.2,0,7.9,0.165,8,0.15,8,0.15
129470,8.2,8.2,0,8.2,0,8.2,0,8.2,0,8.2,0,8.2,0,8.2,0,8.2,0,6.5,0.262,,
129608,20.7,20.7,0,20.7,0,20.7,0,20.7,0,20.7,0,20.7,0,20.7,0,20.7,0,18,0.15,,
130100,17.5,17.5,0,17.5,0,17.5,0,17.5,0,17.5,0,17.5,0,17.5,0,,,13,0.346,10,0.75
130431,24.5,24.5,0,24.5,0,24.5,0,24.5,0,24.5,0,24.5,0,24.5,0,27.5,-0.109,20.5,0.195,,
130432,,,,,,,,,,,,,,,,,,,,,
130577,,,,,,,,,,,,,,,,,,,,,
131131,,,,,,,,,,,,,,,,,,,,,
131132,104,104,0,104,0,104,0,104,0,104,0,104,0,104,0,104,0,104,0,81,0.278
131134,104,104,0,104,0,104,0,104,0,104,0,104,0,104,0,104,0,104,0,81,0.278
131135,104,104,0,104,0,104,0,104,0,104,0,104,0,104,0,104,0,104,0,81,0.278
131136,104,104,0,104,0,104,0,104,0,104,0,104,0,104,0,104,0,104,0,81,0.278
131138,,,,,,,,,,,,,,,,,,,,,
131241,18.1,18.1,0,18.1,0,18.1,0,25.9,-0.301,25.9,-0.301,25.9,-0.301,25.9,-0.301,28,-0.354,24.9,-0.273,18,0.00556
131292,106,106,0,106,0,106,0,193,-0.451,193,-0.451,193,-0.451,193,-0.451,219,-0.516,212,-0.501,155,-0.316
131423,63,63,0,63,0,63,0,63,0,63,0,63,0,63,0,63,0,62.5,0.008,51,0.235
131431,63,63,0,63,0,63,0,63,0,63,0,63,0,63,0,63,0,62.5,0.008,51,0.235
131458,27,27,0,27,0,27,0,27,0,27,0,26.5,0.0189,26.5,0.0189,26.5,0.0189,15.9,0.698,14.5,0.862
131466,53.5,53.5,0,53.5,0,53.5,0,53.5,0,53.5,0,53.5,0,53.5,0,53.5,0,31.9,0.677,29,0.845
131474,12.5,12.5,0,12.5,0,12.5,0,12.5,0,12.5,0,12.5,0,12.5,0,12.5,0,9,0.389,9,0.389
131502,,,,,,,,,,,,,,,,,,,,,
131820,36.8,36.8,0,36.8,0,36.8,0,36.8,0,36.8,0,36.8,0,36.8,0,40,-0.08,40,-0.08,31,0.187
131821,59.4,59.4,0,59.4,0,59.4,0,59.4,0,59.4,0,59.4,0,59.4,0,64.5,-0.0791,64.5,-0.0791,51,0.165
131823,,,,,,,,,,,,,,,,,,,,,
131824,,,,,,,,,,,,,,,,,,,,,
131825,,,,,,,,,,,,,,,,,,,,,
131827,59.4,59.4,0,59.4,0,59.4,0,,,,,,,,,64.5,-0.0791,64.5,-0.0791,51,0.165
131828,,,,,,,,,,,,,,,,,,,,,
131829,38.9,38.9,0,38.9,0,38.9,0,38.9,0,38.9,0,38.9,0,38.9,0,41.9,-0.0716,41.9,-0.0716,32.5,0.197
131830,38.9,38.9,0,38.9,0,38.9,0,38.9,0,38.9,0,38.9,0,38.9,0,41.9,-0.0716,41.9,-0.0716,32.5,0.197
131831,43.3,43.3,0,43.3,0,43.3,0,43.3,0,43.3,0,43.3,0,43.3,0,46.5,-0.0688,46.5,-0.0688,36.5,0.186
131832,43.3,43.3,0,43.3,0,43.3,0,43.3,0,43.3,0,43.3,0,43.3,0,46.5,-0.0688,46.5,-0.0688,36.5,0.186
131857,11.5,11.5,0,11.5,0,11.5,0,11.5,0,11.5,0,11.5,0,11.5,0,10,0.15,10,0.15,9.5,0.211
131908,,,,,,,,,,,,,,,,,,,,,
131941,50.3,50.3,0,50.3,0,50.3,0,50.3,0,50.3,0,50.3,0,50.3,0,50.3,0,50.3,0,39,0.29
131970,68,68,0,68,0,68,0,68,0,68,0,,,,,,,,,,
131993,,,,,,,,,,,,,,,,,,,,,
132270,42.8,42.8,0,42.8,0,42.8,0,42.8,0,42.8,0,42.8,0,42.8,0,,,,,,
132271,36.7,36.7,0,36.7,0,36.7,0,36.7,0,36.7,0,36.7,0,36.7,0,36.7,0,30.6,0.199,28,0.311
132272,41.5,41.5,0,41.5,0,41.5,0,41.5,0,41.5,0,,,41.5,0,41.5,0,34.5,0.203,,
132275,47.9,47.9,0,47.9,0,47.9,0,47.9,0,47.9,0,47.9,0,47.9,0,47.9,0,39.9,0.201,36.5,0.312
132277,47.9,47.9,0,47.9,0,47.9,0,47.9,0,47.9,0,47.9,0,47.9,0,47.9,0,,,36.5,0.312
132443,,,,,,,,,,,,,,,,,,,,,
132477,112,112,0,112,0,112,0,112,0,112,0,112,0,106,0.0664,106,0.0664,83,0.355,83,0.355
132478,112,112,0,112,0,112,0,112,0,112,0,112,0,106,0.0664,106,0.0664,83,0.355,83,0.355
132489,81.9,81.9,0,81.9,0,81.9,0,81.9,0,,,79.5,0.0302,79.5,0.0302,,,72.5,0.13,70,0.17
132519,30,30,0,30,0,30,0,30,0,30,0,30,0,,,,,33,-0.0909,33,-0.0909
132527,28,28,0,28,0,28,0,28,0,,,28,0,,,29.5,-0.0508,29.5,-0.0508,29.5,-0.0508
132608,7.5,7.5,0,7.5,0,7.5,0,6.9,0.087,6.9,0.087,6.9,0.087,6.9,0.087,6.5,0.154,6.5,0.154,6.5,0.154
132624,11,11,0,,,11,0,10,0.1,10,0.1,10,0.1,10,0.1,9.5,0.158,9.5,0.158,9.5,0.158
133566,57,57,0,57,0,57,0,57,0,57,0,57,0,57,0,57,0,50,0.14,45.5,0.253
133795,195,195,0,195,0,195,0,195,0,195,0,195,0,195,0,195,0,195,0,,
134261,20.9,20.9,0,20.9,0,20.9,0,20.9,0,20.9,0,20.9,0,20.9,0,17.5,0.194,17.5,0.194,17.5,0.194
135135,160,160,0,160,0,160,0,160,0,160,0,160,0,160,0,129,0.24,112,0.421,112,0.421
135143,179,179,0,179,0,179,0,179,0,179,0,179,0,179,0,149,0.201,135,0.326,135,0.326
135151,32.5,32.5,0,32.5,0,32.5,0,32.5,0,32.5,0,32.5,0,32.5,0,,,23.5,0.383,,
135186,,,,,,,,,,,,,,,,,,,,,
135194,37,37,0,37,0,37,0,37,0,37,0,37,0,37,0,32.5,0.138,30,0.233,30,0.233
135208,23.5,23.5,0,23.5,0,23.5,0,23.5,0,23.5,0,23.5,0,23.5,0,21,0.119,,,19.5,0.205
135216,34.9,34.9,0,34.9,0,34.9,0,34.9,0,34.9,0,34.9,0,34.9,0,30,0.163,28,0.246,28,0.246
135259,,,,,,,,,,,,,,,,,,,,,
135623,49.7,,,,,49.7,0,49.7,0,49.7,0,49.7,0,49.7,0,49.7,0,41.4,0.2,38,0.308
135675,,,,,,,,,,,,,,,,,,,,,
136344,,,,,,,,,,,,,,,,,,,,,
136450,43.5,43.5,0,43.5,0,43.5,0,43.5,0,43.5,0,43.5,0,43.5,0,,,36,0.208,,
136501,31,31,0,31,0,31,0,31,0,31,0,31,0,31,0,27.5,0.127,25,0.24,,
136522,,,,,,,,,,,,,,,,,,,,,
136523,,,,,,,,,,,,,,,,,,,,,
136524,31,31,0,31,0,31,0,31,0,31,0,31,0,,,27.5,0.127,25,0.24,,
136576,220,220,0,220,0,220,0,220,0,220,0,220,0,220,0,190,0.157,168,0.31,185,0.189
137022,21.5,21.5,0,21.5,0,21.5,0,21.5,0,21.5,0,21.5,0,21.5,0,21.5,0,21.5,0,21.5,0
137120,,,,,,,,,,,,,,,,,,,,,
137170,,,,,,,,,,,,,,,,,,,,,
137228,,,,,,,,,,,,,,,,,,,,,
137677,,,,,,,,,,,,,,,,,,,,,
138058,223,223,0,223,0,223,0,223,0,223,0,223,0,223,0,223,0,149,0.494,142,0.568
138215,13,13,0,13,0,13,0,13,0,13,0,13,0,13,0,15.5,-0.161,14.5,-0.103,12,0.0833
138223,12.9,12.9,0,12.9,0,12.9,0,12.9,0,12.9,0,17,-0.241,17,-0.241,17,-0.241,14.5,-0.11,12,0.075
138231,12.9,12.9,0,12.9,0,12.9,0,12.9,0,12.9,0,17,-0.241,17,-0.241,17,-0.241,14.5,-0.11,11.9,0.084
138304,59.5,59.5,0,59.5,0,59.5,0,67.5,-0.119,67.5,-0.119,67.5,-0.119,67.5,-0.119,,,,,,
138517,69.9,69.9,0,69.9,0,69.9,0,69.9,0,69.9,0,69.9,0,69.9,0,69.9,0,69.9,0,60,0.165
138550,,,,,,,,,,,,,,,,,,,,,
138614,6.8,6.8,0,6.8,0,6.8,0,6.8,0,6.8,0,6.8,0,6.8,0,6.6,0.0303,6.4,0.0625,5.4,0.259
138711,,,,,,,,,,,,,,,,,,,,,
138860,12.2,12.2,0,12.2,0,12.2,0,12.2,0,12.2,0,12.2,0,12.2,0,12.2,0,10.5,0.162,8,0.525
139033,,,,,,,,,,,,,,,,,,,,,
139386,57,,,,,,,,,,,57,0,57,0,57,0,52.5,0.0857,37.5,0.52
139653,76,76,0,76,0,76,0,76,0,76,0,76,0,76,0,60.9,0.248,43,0.767,43,0.767
139718,56.1,56.1,0,56.1,0,56.1,0,56.1,0,56.1,0,56.1,0,56.1,0,56.1,0,47.5,0.181,47.5,0.181
139807,50,50,0,50,0,50,0,50,0,50,0,50,0,50,0,50,0,44,0.136,50,0
140058,,,,,,,,,,,,,,,,,,,,,
140198,,,,,,,,,,,,,,,,,,,,,
140228,,,,,,,,,,,,,,,,,,,,,
140260,,,,,,,,,,,,,,,,,,,,,
140287,,,,,,,,,,,,,,,,,,,,,
140309,,,,,,,,,,,,,,,,,,,,,
140317,,,,,,,,,,,,,,,,,,,,,
140376,28.1,28.1,0,28.1,0,28.1,0,28.1,0,28.1,0,28.1,0,28.1,0,28.1,0,24.5,0.147,21,0.338
140465,19.5,19.5,0,19.5,0,19.5,0,19.5,0,33,-0.409,18.5,0.0541,18,0.0833,32,-0.391,22.5,-0.133,19,0.0263
140805,26.5,26.5,0,26.5,0,26.5,0,26.5,0,26.5,0,29.9,-0.114,29.9,-0.114,34.9,-0.241,21,0.262,21,0.262
141100,8.9,8.9,0,8.9,0,8.9,0,8.9,0,8.9,0,8.9,0,8.9,0,8.9,0,8.9,0,8.9,0
141421,,,,,,,,,,,,,,,,,,,,,
141424,,,,,,,,,,,,,,,,,,,,,
141428,,,,,,,,,,,,,,,,,,,,,
141429,,,,,,,,,,,,,,,,,,,,,
141433,9.4,9.4,0,9.4,0,9.4,0,9.4,0,9.4,0,9.4,0,9.4,0,,,,,,
141515,,,,,,,,,,,,,,,,,,,,,
141958,109,109,0,109,0,109,0,109,0,109,0,,,109,0,109,0,99,0.101,99,0.101
141959,49.9,49.9,0,49.9,0,49.9,0,49.9,0,49.9,0,49.9,0,,,49.9,0,46.5,0.0731,42.1,0.185
141999,,,,,,,,,,,,,,,,,,,,,
142233,39.5,39.5,0,39.5,0,39.5,0,39.5,0,39.5,0,39.5,0,39.5,0,39.5,0,29,0.362,24,0.646
142542,10,10,0,10,0,10,0,10,0,10,0,10,0,10,0,10,0,9.5,0.0526,9.5,0.0526
142786,,,,,,,,,,,,,,,,,,,,,
142956,18.4,18.4,0,18.4,0,18.4,0,18.4,0,,,18.4,0,,,,,,,,
143006,42.9,42.9,0,42.9,0,42.9,0,42.9,0,42.9,0,42.9,0,42.9,0,35,0.226,29.9,0.435,29.9,0.435
143049,8,8,0,8,0,8,0,8,0,8,0,8,0,8,0,8,0,7,0.143,7,0.143
143051,8,8,0,8,0,8,0,8,0,8,0,8,0,8,0,8,0,8,0,,
143322,18.5,18.5,0,18.5,0,18.5,0,18.5,0,18.5,0,18.5,0,18.5,0,18.5,0,18.5,0,15,0.233
143487,,,,,,,,,,,,,,,,,,,,,
143804,38.3,38.3,0,38.3,0,38.3,0,38.3,0,38.3,0,45.9,-0.166,45.9,-0.166,45.9,-0.166,42.5,-0.0988,37.5,0.0213
143863,128,128,0,128,0,128,0,128,0,128,0,128,0,149,-0.142,149,-0.142,120,0.0667,,
143871,56.9,56.9,0,56.9,0,56.9,0,56.9,0,56.9,0,56.9,0,56.9,0,55.5,0.0252,54.9,0.0364,53,0.0736
144320,19.5,19.5,0,19.5,0,19.5,0,19.5,0,19.5,0,17.5,0.114,19.5,0,,,21,-0.0714,15.8,0.234
144460,70.4,70.4,0,70.4,0,70.4,0,70.4,0,70.4,0,70.4,0,70.4,0,66.4,0.0602,63.9,0.102,60,0.173
144872,,,,,,,,,,,,,,,,,,,,,
144940,,,,,,,,,,,,,,,,,,,,,
145432,51,51,0,51,0,51,0,51,0,51,0,51,0,51,0,51,0,50,0.02,35,0.457
146064,6,6,0,6,0,6,0,6,0,6,0,6,0,6,0,5.5,0.0909,4.7,0.277,4.2,0.429
146200,27.4,27.4,0,27.4,0,27.4,0,27.4,0,,,27.4,0,27.4,0,,,,,,
146366,43.9,43.9,0,43.9,0,43.9,0,43.9,0,43.9,0,43.9,0,43.9,0,43.9,0,37.5,0.171,30,0.463
146455,38.8,38.8,0,38.8,0,38.8,0,38.8,0,38.8,0,38.8,0,38.8,0,38.8,0,36.5,0.063,19.8,0.96
146536,45.5,45.5,0,45.5,0,45.5,0,45.5,0,45.5,0,45.5,0,45.5,0,45.5,0,38,0.197,34.5,0.319
146625,19,19,0,19,0,19,0,19,0,19,0,19,0,19,0,19,0,16,0.188,12.3,0.545
146633,19,19,0,19,0,19,0,19,0,19,0,19,0,14.2,0.338,19,0,16,0.188,12.3,0.545
146749,49.6,49.6,0,49.6,0,49.6,0,49.6,0,49.6,0,49.6,0,49.6,0,49.6,0,44.5,0.115,35.2,0.409
147206,212,212,0,212,0,212,0,212,0,212,0,212,0,212,0,195,0.0886,152,0.393,152,0.393
147447,153,153,0,153,0,153,0,153,0,153,0,153,0,153,0,153,0,150,0.02,138,0.113
147893,,,,,,,,,,,,,,,,,,,,,
149101,48.5,48.5,0,48.5,0,48.5,0,48.5,0,48.5,0,48.5,0,48.5,0,48.5,0,47.5,0.0211,43.8,0.107
149268,38.2,38.2,0,38.2,0,38.2,0,47.7,-0.199,47.7,-0.199,47.7,-0.199,47.7,-0.199,54,-0.293,52.4,-0.271,36.8,0.038
149659,33,33,0,33,0,33,0,33,0,33,0,33,0,33,0,33,0,32,0.0312,22.5,0.467
150001,,,,,,,,,,,,,,,,,,,,,
150006,193,193,0,193,0,193,0,193,0,193,0,193,0,193,0,,,,,151,0.278
150180,18,18,0,18,0,18,0,16,0.125,16,0.125,16,0.125,16,0.125,16,0.125,15,0.2,15,0.2
150182,29.8,29.8,0,29.8,0,29.8,0,27,0.104,27,0.104,27,0.104,,,27,0.104,24.5,0.216,24.5,0.216
150187,32,32,0,32,0,32,0,29.5,0.0847,29.5,0.0847,29.5,0.0847,29.5,0.0847,29.5,0.0847,25,0.28,25,0.28
150418,21,21,0,21,0,21,0,21,0,21,0,21,0,21,0,21,0,17.5,0.2,14.4,0.458
150521,166,166,0,,,,,,,166,0,166,0,166,0,166,0,131,0.264,,
150534,,,,,,,,,,,,,,,,,,,,,
150536,,,,,,,,,,,,,,,,,,,,,
150544,,,,,,,,,,,,,,,,,,,,,
150560,,,,,,,,,,,,,,,,,,,,,
150561,31.5,31.5,0,31.5,0,31.5,0,31.5,0,31.5,0,31.5,0,31.5,0,29.6,0.0642,26.3,0.198,25.9,0.216
150677,60,60,0,60,0,60,0,60,0,46.9,0.279,46.9,0.279,46.9,0.279,43.8,0.37,37.5,0.6,35,0.714
150681,4,4,0,4,0,4,0,4,0,4,0,4,0,4,0,4,0,3.5,0.143,3.5,0.143
150682,43.8,43.8,0,43.8,0,43.8,0,43.8,0,30.6,0.431,30.6,0.431,30.6,0.431,,,26.3,0.665,25,0.752
150695,87.5,87.5,0,87.5,0,87.5,0,87.5,0,87.5,0,87.5,0,97.5,-0.103,97.5,-0.103,83.8,0.0442,72.5,0.207
150697,,,,,,,,,,,,,,,,,,,,,
150783,,,,,,,,,,,,,,,,,,,,,
150795,20.5,20.5,0,20.5,0,20.5,0,20.5,0,20.5,0,20.5,0,20.5,0,20.5,0,17,0.206,17,0.206
150812,,,,,,,,,,,,,,,,,,,,,
150816,,,,,,,,,,,,,,,,,,,,,
150817,,,,,,,,,,,,,,,,,,,,,
150871,,,,,,,,,,,,,,,,,,,,,
150875,,,,,,,,,,,,,,,,,,,,,
150876,,,,,,,,,,,,,,,,,,,,,
150877,,,,,,,,,,,,,,,,,,,,,
150888,,,,,,,,,,,,,,,,,,,,,
150947,23.3,23.3,0,23.3,0,23.3,0,23.3,0,23.3,0,23.3,0,23.3,0,23.3,0,,,18.5,0.259
150949,,,,,,,,,,,,,,,,,,,,,
151031,18.5,18.5,0,18.5,0,18.5,0,18.5,0,18.5,0,18.5,0,18.5,0,18.5,0,18.5,0,18.5,0
151087,46.6,46.6,0,46.6,0,46.6,0,46.6,0,46.6,0,,,,,,,,,,
151117,76,76,0,76,0,76,0,70,0.0857,70,0.0857,70,0.0857,76.5,-0.00654,85.2,-0.108,,,72,0.0556
151128,52.5,52.5,0,52.5,0,52.5,0,46.3,0.134,46.3,0.134,46.3,0.134,52.5,0,60.5,-0.132,50,0.05,50,0.05
151131,75,75,0,75,0,75,0,75,0,75,0,75,0,,,,,,,,
151199,45,45,0,45,0,45,0,45,0,45,0,45,0,45,0,45,0,42.3,0.0638,42.3,0.0638
151212,14,14,0,,,,,14,0,14,0,14,0,,,,,,,,
151302,76,76,0,76,0,76,0,70,0.0857,70,0.0857,70,0.0857,76.5,-0.00654,85.2,-0.108,71,0.0704,71,0.0704
151384,,,,,,,,,,,,,,,,,,,,,
151390,,,,,,,,,,,,,,,,,,,,,
151395,32.6,32.6,0,32.6,0,32.6,0,32.6,0,32.6,0,32.6,0,32.6,0,30.4,0.0724,30.4,0.0724,26.8,0.216
151396,,,,,,,,,,,,,,,,,,,,,
151398,,,,,,,,,,,,,,,,,,,,,
151555,,,,,,,,,,,,,,,,,,,,,
151576,25.9,25.9,0,25.9,0,25.9,0,25.9,0,25.9,0,25.9,0,25.9,0,,,21.6,0.199,20,0.295
151594,77.5,77.5,0,77.5,0,77.5,0,77.5,0,,,77.5,0,,,76.6,0.0117,65.5,0.183,77.5,0
151713,14.2,14.2,0,14.2,0,14.2,0,14.2,0,14.2,0,,,14.2,0,14.2,0,12,0.183,11.2,0.268
152202,71.4,71.4,0,71.4,0,71.4,0,71.4,0,71.4,0,99.5,-0.282,99.5,-0.282,99.4,-0.282,77,-0.0727,77,-0.0727
152204,35,35,0,35,0,35,0,35,0,35,0,35,0,35,0,35,0,28.9,0.211,28.9,0.211
152281,,,,,,,,,,,,,,,,,,,,,
152293,2,2,0,2,0,2,0,2,0,2,0,2,0,,,,,2,0,2,0
152310,54.1,54.1,0,54.1,0,54.1,0,54.1,0,54.1,0,45,0.202,54.1,0,54.1,0,34.5,0.568,34.5,0.568
152420,33,33,0,33,0,33,0,33,0,33,0,33,0,33,0,33,0,25,0.32,25,0.32
152684,14.5,14.5,0,14.5,0,14.5,0,14.5,0,14.5,0,14.5,0,14.5,0,17,-0.147,15,-0.0333,13,0.115
152820,61.9,61.9,0,61.9,0,61.9,0,61.9,0,61.9,0,61.9,0,61.9,0,59.5,0.0403,53.5,0.157,46.5,0.331
152824,12.5,12.5,0,15,-0.167,15,-0.167,15,-0.167,,,15,-0.167,12.9,-0.031,14,-0.107,12.5,0,,
153017,6.9,6.9,0,6.9,0,6.9,0,6.9,0,6.9,0,6.9,0,6.9,0,,,,,,
153021,,,,,,,,,,,,,,,,,,,,,
153026,6.9,6.9,0,6.9,0,6.9,0,6.9,0,6.9,0,6.9,0,6.9,0,,,,,,
153110,3.5,3.5,0,3.5,0,3.5,0,3.5,0,3.5,0,3.5,0,3.5,0,3.5,0,3.5,0,3.5,0
153112,8.5,8.5,0,8.5,0,8.5,0,8.5,0,8.5,0,8.5,0,8.5,0,6.5,0.308,6.5,0.308,6.5,0.308
153119,15.5,15.5,0,15.5,0,15.5,0,15.5,0,15.5,0,,,,,,,,,,
153312,50,50,0,50,0,50,0,50,0,50,0,50,0,50,0,,,43.8,0.142,,
153462,10.7,10.7,0,10.7,0,10.7,0,10.7,0,10.7,0,10.7,0,10.7,0,10.7,0,10.7,0,10,0.07
153648,30,30,0,30,0,30,0,30,0,30,0,30,0,30,0,30,0,25,0.2,,
153700,16,16,0,16,0,16,0,16,0,16,0,16,0,16,0,16,0,13.5,0.185,12.5,0.28
153702,27.5,27.5,0,27.5,0,27.5,0,27.5,0,35,-0.214,35,-0.214,35,-0.214,35,-0.214,26,0.0577,26,0.0577
153705,10.5,10.5,0,10.5,0,10.5,0,10.5,0,10.5,0,10.5,0,10.5,0,10.5,0,8.5,0.235,8,0.312
153710,52.5,52.5,0,52.5,0,52.5,0,52.5,0,65,-0.192,65,-0.192,65,-0.192,65,-0.192,48.5,0.0825,48.5,0.0825
153761,57.5,57.5,0,57.5,0,57.5,0,57.5,0,57.5,0,57.5,0,57.5,0,62,-0.0726,62,-0.0726,47,0.223
153821,38.9,38.9,0,38.9,0,38.9,0,38.9,0,38.9,0,38.9,0,38.9,0,41.9,-0.0716,,,32.5,0.197
153823,38.9,38.9,0,38.9,0,38.9,0,38.9,0,38.9,0,38.9,0,38.9,0,41.9,-0.0716,41.9,-0.0716,32.5,0.197
153907,3.5,3.5,0,3.5,0,3.5,0,3.5,0,3.5,0,3.5,0,3.5,0,,,,,,
154270,134,134,0,134,0,134,0,134,0,178,-0.25,178,-0.25,178,-0.25,230,-0.418,,,135,-0.0111
154326,133,133,0,133,0,133,0,133,0,165,-0.192,165,-0.192,165,-0.192,160,-0.167,188,-0.289,132,0.00985
154717,28.1,28.1,0,28.1,0,28.1,0,28.1,0,28.1,0,28.1,0,28.1,0,28.1,0,24.5,0.147,20.5,0.371
155150,37,37,0,37,0,37,0,37,0,37,0,37,0,37,0,37,0,,,,
155462,44.5,44.5,0,44.5,0,44.5,0,44.5,0,44.5,0,44.5,0,44.5,0,,,50.5,-0.119,33.5,0.328
155713,5,5,0,5,0,5,0,5,0,5,0,5,0,5,0,5,0,5,0,4,0.25
155720,58,58,0,58,0,58,0,58,0,58,0,58,0,58,0,58,0,35,0.657,35,0.657
155726,,,,,,,,,,,,,,,,,,,,,
155758,,,,,,,,,,,,,,,,,,,,,
155759,,,,,,,,,,,,,,,,,,,,,
155760,,,,,,,,,,,,,,,,,,,,,
155787,75,75,0,75,0,75,0,75,0,75,0,75,0,75,0,75,0,62,0.21,59,0.271
155788,75,75,0,75,0,75,0,75,0,75,0,75,0,75,0,75,0,62,0.21,59,0.271
155789,76,76,0,76,0,76,0,76,0,76,0,76,0,76,0,76,0,63,0.206,59,0.288
155790,83,83,0,83,0,83,0,83,0,83,0,83,0,83,0,83,0,69,0.203,63,0.317
155791,,,,,,,,,,,,,,,,,,,,,
155793,,,,,,,,,,,,,,,,,,,,,
155809,225,225,0,225,0,225,0,225,0,225,0,288,-0.219,230,-0.0217,270,-0.167,190,0.184,178,0.264
155810,225,225,0,225,0,225,0,225,0,225,0,288,-0.219,230,-0.0217,270,-0.167,190,0.184,178,0.264
155812,60,60,0,60,0,60,0,60,0,60,0,60,0,60,0,60,0,55,0.0909,40,0.5
155813,85.4,85.4,0,85.4,0,85.4,0,85.4,0,85.4,0,85.4,0,85.4,0,85.4,0,76.3,0.119,58.7,0.455
155928,23,23,0,23,0,23,0,23,0,23,0,,,,,,,,,19,0.211
155930,,,,,,,,,,,,,,,,,,,,,
156130,17.5,17.5,0,17.5,0,17.5,0,17.5,0,17.5,0,17.5,0,17.5,0,17.5,0,17.5,0,16,0.0938
156200,,,,,,,,,,,,,,,,,,,,,
156201,,,,,,,,,,,,,,,,,,,,,
156202,,,,,,,,,,,,,,,,,,,,,
156203,264,264,0,264,0,264,0,264,0,264,0,197,0.339,260,0.0146,224,0.178,197,0.338,209,0.262
156204,264,264,0,264,0,264,0,264,0,264,0,197,0.339,260,0.0146,224,0.178,197,0.338,209,0.262
156205,135,135,0,135,0,135,0,135,0,135,0,98.4,0.372,92,0.467,154,-0.123,136,-0.00662,109,0.239
156206,135,135,0,135,0,135,0,135,0,135,0,98.4,0.372,92,0.467,154,-0.123,136,-0.00662,109,0.239
156207,135,135,0,135,0,135,0,135,0,135,0,98.4,0.372,92,0.467,154,-0.123,136,-0.00662,109,0.239
156208,135,135,0,135,0,135,0,135,0,135,0,98.4,0.372,92,0.467,,,136,-0.00662,109,0.239
156209,,,,,,,,,,,,,,,,,,,,,
156210,,,,,,,,,,,,,,,,,,,,,
156211,264,264,0,264,0,264,0,264,0,264,0,197,0.339,260,0.0146,224,0.178,197,0.338,209,0.262
156212,299,299,0,299,0,299,0,299,0,299,0,299,0,299,0,272,0.0993,259,0.154,194,0.541
156213,299,299,0,299,0,299,0,299,0,299,0,299,0,299,0,272,0.0993,,,194,0.541
156214,244,244,0,244,0,244,0,244,0,244,0,244,0,244,0,,,232,0.0513,,
156240,17,17,0,17,0,17,0,17,0,17,0,17,0,17,0,17,0,17,0,,
156248,11.5,11.5,0,11.5,0,11.5,0,11.5,0,11.5,0,11.5,0,,,11.5,0,10,0.15,10,0.15
157108,,,,,,,,,,,,,,,,,,,,,
157147,16.5,16.5,0,16.5,0,16.5,0,16.5,0,13.9,0.187,13.9,0.187,13.9,0.187,13.9,0.187,13.9,0.187,13.9,0.187
157264,12,12,0,12,0,12,0,12,0,12,0,12,0,12,0,12,0,12,0,11.5,0.0435
157700,25.5,25.5,0,25.5,0,25.5,0,25.5,0,25.5,0,25.5,0,25.5,0,36,-0.292,25,0.02,25,0.02
157721,225,225,0,225,0,225,0,225,0,225,0,288,-0.219,230,-0.0217,270,-0.167,190,0.184,178,0.264
157722,,,,,,,,,,,,,,,,,,,,,
157731,,,,,,,,,,,,,,,,,,,,,
157732,209,250,-0.164,250,-0.164,219,-0.0457,219,-0.0457,225,-0.0711,250,-0.164,250,-0.164,254,-0.179,229,-0.0873,178,0.172
158012,61.3,61.3,0,61.3,0,61.3,0,61.3,0,61.3,0,,,,,,,,,,
158039,,,,,,,,,,,,,,,,,,,,,
158470,8.8,8.8,0,8.8,0,8.8,0,8.8,0,8.8,0,8.8,0,8.8,0,8.8,0,8.8,0,8.8,0
158526,,,,,,,,,,,,,,,,,,,,,
158550,,,,,,,,,,,,,,,,,,,,,
158569,,,,,,,,,,,,,,,,,,,,,
158718,11,11,0,11,0,11,0,11,0,11,0,11,0,11,0,11,0,,,,
158739,49.5,49.5,0,49.5,0,58,-0.147,58,-0.147,,,,,,,,,,,,
158747,44,44,0,44,0,44,0,44,0,,,,,,,,,,,,
158815,,,,,,,,,,,,,,,,,,,,,
158828,4.5,4.5,0,4.5,0,4.5,0,,,,,,,,,,,,,4.5,0
158829,4.5,4.5,0,4.5,0,4.5,0,4.5,0,4.5,0,4.5,0,4.5,0,4.5,0,4.5,0,4.5,0
158830,4.5,4.5,0,4.5,0,4.5,0,4.5,0,4.5,0,4.5,0,4.5,0,4.5,0,4.5,0,4.5,0
158895,79.9,79.9,0,79.9,0,79.9,0,79.9,0,79.9,0,79.9,0,79.9,0,79.9,0,67.5,0.184,61,0.31
159012,46.6,46.6,0,46.6,0,46.6,0,,,46.6,0,,,,,,,,,,
160148,38.6,38.6,0,38.6,0,38.6,0,38.6,0,,,,,,,,,,,,
160431,,,,,,,,,,,,,,,,,,,,,
160512,,,,,,,,,,,,,,,,,,,,,
160931,,,,,,,,,,,,,,,,,,,,,
160932,,,,,,,,,,,,,,,,,,,,,
161060,,,,,,,,,,,,,,,,,,,,,
161061,,,,,,,,,,,,,,,,,,,,,
161071,18,18,0,18,0,18,0,17.5,0.0286,17.5,0.0286,17.5,0.0286,17.5,0.0286,17.5,0.0286,16.3,0.104,15.6,0.154
161928,49.9,49.9,0,49.9,0,42.5,0.174,42.5,0.174,49.9,0,49.9,0,49.9,0,49.9,0,47.9,0.0418,47.9,0.0418
161929,61.5,61.5,0,61.5,0,61.5,0,61.5,0,61.5,0,61.5,0,61.5,0,61.5,0,55.9,0.1,55.9,0.1
162035,75.2,75.2,0,75.2,0,75.2,0,75.2,0,75.2,0,75.2,0,75.2,0,75.2,0,72.5,0.0372,58.7,0.281
162036,31.9,31.9,0,,,31.9,0,31.9,0,31.9,0,39.5,-0.192,39.5,-0.192,39.5,-0.192,37.5,-0.149,28.7,0.111
162041,,,,,,,,,,,,,,,,,,,,,
162042,,,,,,,,,,,,,,,,,,,,,
162043,28.1,28.1,0,28.1,0,28.1,0,28.1,0,28.1,0,35.1,-0.199,35.1,-0.199,38.2,-0.264,33.8,-0.169,30.2,-0.0695
162068,,,,,,,,,,,,,,,,,,,,,
162434,,,,,,,,,,,,,,,,,,,,,
162450,,,,,,,,,,,,,,,,,,,,,
162515,83,83,0,83,0,83,0,83,0,83,0,83,0,83,0,83,0,69,0.203,67,0.239
163032,,,,,,,,,,,,,,,,,,,,,
163155,29.5,29.5,0,29.5,0,29.5,0,29.5,0,29.5,0,29.5,0,,,,,,,,
164216,14.5,14.5,0,14.5,0,14.5,0,14.5,0,14.5,0,14.5,0,14.5,0,14.5,0,14,0.0357,,
164224,,,,,,,,,,,,,,,,,,,,,
164330,,,,,,,,,,,,,,,,,,,,,
164372,6,6,0,6,0,6,0,6,0,6,0,6,0,6,0,6,0,5,0.2,4.5,0.333
164380,22.5,22.5,0,22.5,0,22.5,0,22.5,0,22.5,0,22.5,0,22.5,0,,,,,19.8,0.136
165019,,,,,,,,,,,,,,,,,,,,,
165021,,,,,,,,,,,,,,,,,,,,,
165022,,,,,,,,,,,,,,,,,,,,,
165024,,,,,,,,,,,,,,,,,,,,,
165025,,,,,,,,,,,,,,,,,,,,,
165027,,,,,,,,,,,,,,,,,,,,,
165028,,,,,,,,,,,,,,,,,,,,,
165029,,,,,,,,,,,,,,,,,,,,,
165030,,,,,,,,,,,,,,,,,,,,,
165031,,,,,,,,,,,,,,,,,,,,,
165182,13,13,0,13,0,13,0,13,0,13,0,13,0,13,0,15.5,-0.161,14.5,-0.103,12,0.0833
165310,29.5,29.5,0,29.5,0,29.5,0,29.5,0,29.5,0,29.5,0,29.5,0,29.5,0,23.5,0.255,18.5,0.595
165735,49.5,49.5,0,49.5,0,49.5,0,49.5,0,49.5,0,49.5,0,49.5,0,49.5,0,,,,
165743,58,58,0,58,0,58,0,58,0,58,0,58,0,58,0,58,0,,,,
165751,,,,,,,,,,,,,,,,,,,,,
165890,24.9,24.9,0,24.9,0,24.9,0,24.9,0,24.9,0,24.9,0,24.9,0,24.9,0,,,24.9,0
165921,,,,,,,,,,,,,,,,,,,,,
165971,39,39,0,39,0,39,0,48.9,-0.202,48.9,-0.202,48.9,-0.202,48.9,-0.202,55.5,-0.297,53.8,-0.275,37.9,0.029
165972,50.7,59.5,-0.148,59.5,-0.148,59.5,-0.148,74.6,-0.32,74.6,-0.32,74.6,-0.32,74.6,-0.32,84.5,-0.4,82,-0.382,57.9,-0.124
166332,16,16,0,16,0,16,0,16,0,16,0,16,0,16,0,16,0,11.9,0.345,11.9,0.345
168270,70,70,0,70,0,70,0,70,0,70,0,70,0,70,0,58,0.207,55,0.273,50,0.4
168816,,,,,,,,,,,,,,,,,,,,,
169102,69,69,0,69,0,69,0,69,0,69,0,69,0,69,0,,,,,37.5,0.84
169856,33,33,0,33,0,33,0,33,0,33,0,43.9,-0.248,43.9,-0.248,53.9,-0.388,53.9,-0.388,53.9,-0.388
170232,315,315,0,315,0,315,0,315,0,419,-0.248,419,-0.248,419,-0.248,419,-0.248,349,-0.0974,295,0.0678
170240,,,,,,,,,,,,,,,,,,,,,
170429,,,,,,,,,,,,,,,,,,,,,
170712,171,171,0,,,,,,,171,0,171,0,171,0,171,0,154,0.113,130,0.318
171093,9.9,9.9,0,9.9,0,9.9,0,9.9,0,,,,,,,15.9,-0.377,14,-0.293,10.3,-0.0388
171824,,,,,,,,,,,,,,,,,,,,,
173363,,,,,,,,,,,,,,,,,,,,,
174645,76.8,76.8,0,76.8,0,76.8,0,76.8,0,,,,,,,,,,,,
174661,36.9,36.9,0,36.9,0,36.9,0,36.9,0,36.9,0,36.9,0,36.9,0,37.9,-0.0264,33.2,0.111,33.2,0.111
174670,7.5,7.5,0,7.5,0,7.5,0,7.5,0,7.5,0,7.5,0,7.5,0,7.8,-0.0385,6.7,0.119,6.7,0.119
174700,279,279,0,279,0,279,0,279,0,279,0,279,0,329,-0.152,329,-0.152,279,0,229,0.218
174726,205,205,0,205,0,205,0,205,0,205,0,205,0,,,205,0,,,149,0.376
174755,19.9,23.4,-0.15,23.4,-0.15,23.4,-0.15,23.4,-0.15,29,-0.314,29,-0.314,23.4,-0.15,29,-0.314,18.5,0.0757,,
174756,19.9,23.4,-0.15,23.4,-0.15,23.4,-0.15,23.4,-0.15,29,-0.314,29,-0.314,,,29,-0.314,18.5,0.0757,16.8,0.185
174757,19.9,23.4,-0.15,23.4,-0.15,23.4,-0.15,23.4,-0.15,29,-0.314,29,-0.314,23.4,-0.15,29,-0.314,18.5,0.0757,16.8,0.185
174758,,,,,,,,,,,,,,,,,,,,,
174759,,,,,,,,,,,,,,,,,,,,,
174760,,,,,,,,,,,,,,,,,,,,,
174763,,,,,,,,,,,,,,,,,,,,,
174780,,,,,,,,,,,,,,,,,,,,,
174782,,,,,,,,,,,,,,,,,,,,,
174783,,,,,,,,,,,,,,,,,,,,,
174784,114,114,0,114,0,114,0,114,0,114,0,114,0,114,0,150,-0.24,122,-0.068,86.1,0.322
175020,27,27,0,27,0,27,0,27,0,27,0,27,0,27,0,27,0,23,0.174,,
175021,27,27,0,27,0,27,0,27,0,27,0,27,0,27,0,27,0,,,,
175023,27,27,0,27,0,27,0,27,0,27,0,27,0,27,0,27,0,20,0.35,,
175024,27,27,0,27,0,27,0,27,0,27,0,27,0,,,27,0,20,0.35,,
175025,27,27,0,27,0,27,0,27,0,27,0,,,27,0,27,0,20,0.35,,
175026,42,42,0,42,0,42,0,42,0,42,0,42,0,57.4,-0.268,,,41,0.0244,,
175027,42,42,0,42,0,42,0,42,0,,,42,0,,,57.4,-0.268,41,0.0244,,
175028,31,31,0,31,0,31,0,31,0,31,0,31,0,36.5,-0.151,36.5,-0.151,,,,
175029,44.5,44.5,0,44.5,0,44.5,0,44.5,0,44.5,0,44.5,0,44.5,0,,,33,0.348,,
175031,31,31,0,31,0,31,0,31,0,31,0,31,0,31,0,31,0,23,0.348,,
175032,31,31,0,31,0,31,0,31,0,31,0,,,31,0,31,0,23,0.348,,
175033,31,31,0,31,0,31,0,31,0,31,0,31,0,31,0,31,0,23,0.348,,
175034,31,31,0,31,0,31,0,31,0,31,0,31,0,31,0,31,0,23,0.348,,
175756,20.6,20.6,0,20.6,0,20.6,0,20.6,0,20.6,0,20.6,0,20.6,0,22.9,-0.1,19,0.0842,,
176133,889,889,0,889,0,889,0,889,0,889,0,889,0,889,0,889,0,780,0.14,599,0.484
176508,,,,,,,,,,,,,,,,,,,,,
176559,13.5,13.5,0,13.5,0,13.5,0,13.5,0,14.5,-0.069,14.5,-0.069,14.5,-0.069,15,-0.1,14.8,-0.0878,10.5,0.286
176567,15,15,0,15,0,13.5,0.111,13.5,0.111,15,0,15,0,15,0,15,0,14.8,0.0135,10.5,0.429
176850,,,,,,,,,,,,,,,,,,,,,
177113,95,110,-0.136,110,-0.136,110,-0.136,110,-0.136,110,-0.136,110,-0.136,110,-0.136,94.9,0.00105,94.9,0.00105,,
177871,16.9,16.9,0,16.9,0,13.9,0.216,13.9,0.216,16.9,0,16.9,0,16.9,0,16.9,0,16.9,0,15.5,0.0903
177881,220,220,0,220,0,220,0,220,0,220,0,220,0,220,0,207,0.0608,169,0.303,169,0.303
178039,107,107,0,107,0,107,0,107,0,107,0,107,0,83.8,0.282,107,0,87.9,0.222,66.3,0.62
178047,107,107,0,107,0,107,0,107,0,107,0,107,0,,,107,0,87.9,0.222,66.3,0.62
178136,265,265,0,265,0,265,0,265,0,265,0,265,0,265,0,265,0,224,0.183,,
180092,17,17,0,17,0,17,0,17,0,17,0,17,0,17,0,17,0,12.1,0.405,12.1,0.405
180100,168,168,0,168,0,168,0,168,0,,,,,,,,,168,0,168,0
181704,18,18,0,18,0,18,0,18,0,18,0,18,0,18,0,18,0,16.5,0.0909,15,0.2
181710,26.8,26.8,0,26.8,0,26.8,0,26.8,0,26.8,0,26.8,0,26.8,0,,,,,,
181711,68,68,0,68,0,68,0,68,0,68,0,68,0,68,0,,,,,34.5,0.971
182036,23.9,32,-0.253,32,-0.253,32,-0.253,32,-0.253,32,-0.253,39.9,-0.401,29,-0.176,39.9,-0.401,28.4,-0.158,24.9,-0.0402
182287,75.5,75.5,0,75.5,0,75.5,0,75.5,0,75.5,0,72.5,0.0414,72.5,0.0414,68.5,0.102,68.5,0.102,65.5,0.153
183018,61,61,0,61,0,61,0,61,0,61,0,61,0,61,0,61,0,43.2,0.412,39.9,0.529
183020,79,92.7,-0.148,92.7,-0.148,79,0,79,0,85,-0.0706,92.7,-0.148,92.7,-0.148,101,-0.216,93.5,-0.155,66.6,0.186
187818,22,22,0,22,0,22,0,20.5,0.0732,20.5,0.0732,20.5,0.0732,19.5,0.128,18.5,0.189,18.5,0.189,17.5,0.257
187877,81,81,0,81,0,81,0,81,0,,,81,0,81,0,81,0,72.5,0.117,60,0.35
187971,6.5,6.5,0,,,6.5,0,6.5,0,,,,,,,6,0.0833,5.5,0.182,5.5,0.182
189359,234,234,0,234,0,234,0,234,0,234,0,234,0,234,0,224,0.0414,186,0.255,186,0.255
189375,212,212,0,212,0,212,0,212,0,212,0,212,0,212,0,195,0.0886,148,0.441,148,0.441
191630,25.5,25.5,0,25.5,0,25.5,0,25.5,0,25.5,0,25.5,0,25.5,0,25.5,0,22.5,0.133,16.9,0.509
192044,,,,,,,,,,,,,,,,,,,,,
192045,,,,,,,,,,,,,,,,,,,,,
192046,,,,,,,,,,,,,,,,,,,,,
192643,,,,,,,,,,,,,,,,,,,,,
192686,,,,,,,,,,,,,,,,,,,,,
192996,,,,,,,,,,,,,,,,,,,,,
193380,14.5,14.5,0,14.5,0,14.5,0,14.5,0,14.5,0,14.5,0,13.5,0.0741,13.5,0.0741,13.5,0.0741,,
193402,14.5,14.5,0,14.5,0,14.5,0,14.5,0,14.5,0,14.5,0,13.5,0.0741,12.5,0.16,12.5,0.16,11.5,0.261
193410,14.5,14.5,0,14.5,0,14.5,0,14.5,0,14.5,0,14.5,0,13.5,0.0741,12.5,0.16,12.5,0.16,11,0.318
193828,28.1,28.1,0,28.1,0,28.1,0,28.1,0,28.1,0,38.3,-0.266,38.3,-0.266,38.2,-0.264,33.8,-0.169,30.2,-0.0695
193946,35.5,35.5,0,35.5,0,35.5,0,35.5,0,35.5,0,35.5,0,35.5,0,35.5,0,29.6,0.199,27,0.315
194175,61,61,0,61,0,61,0,61,0,,,61,0,61,0,61,0,53,0.151,,
194456,34.9,34.9,0,34.9,0,34.9,0,34.9,0,34.9,0,34.9,0,34.9,0,34.9,0,30.9,0.129,27.5,0.269
194457,34.9,34.9,0,34.9,0,34.9,0,34.9,0,34.9,0,34.9,0,34.9,0,34.9,0,30.9,0.129,,
194778,45,45,0,45,0,45,0,45,0,,,,,,,,,,,,
195447,48.7,48.7,0,48.7,0,48.7,0,48.7,0,,,48.7,0,,,,,43,0.133,,
195588,23.5,23.5,0,23.5,0,23.5,0,23.5,0,31,-0.242,31,-0.242,31,-0.242,31,-0.242,25,-0.06,,
195626,,,,,,,,,,,,,,,,,,,,,
195634,,,,,,,,,,,,,,,,,,,,,
197487,98.5,98.5,0,98.5,0,98.5,0,98.5,0,,,89.5,0.101,89.5,0.101,79.9,0.233,91,0.0824,89,0.107
198002,14.3,14.3,0,14.3,0,14.3,0,14.3,0,14.3,0,14.3,0,,,,,12.5,0.144,10.6,0.349
198005,33.5,33.5,0,33.5,0,33.5,0,33.5,0,33.5,0,33.5,0,33.5,0,25,0.34,25,0.34,25,0.34
198011,,,,,,,,,,,,,,,,,,,,,
198012,,,,,,,,,,,,,,,,,,,,,
198480,220,220,0,220,0,220,0,220,0,220,0,220,0,220,0,220,0,172,0.273,172,0.273
198596,60,60,0,60,0,60,0,60,0,60,0,60,0,71,-0.155,51.3,0.17,51.3,0.17,39,0.538
198597,95,95,0,95,0,95,0,95,0,95,0,95,0,94.9,0.00105,95,0,70,0.357,44,1.16
198598,,,,,,,,,,,,,,,,,,,,,
198600,39.9,39.9,0,39.9,0,39.9,0,39.9,0,39.9,0,39.9,0,39.9,0,32,0.247,39.9,0,33.9,0.177
198610,132,132,0,132,0,132,0,132,0,132,0,132,0,132,0,132,0,132,0,128,0.0312
200018,,,,,,,,,,,,,,,,,,,,,
200185,14.8,14.8,0,14.8,0,14.8,0,14.8,0,14.8,0,14.8,0,14.8,0,13,0.138,13,0.138,,
200204,,,,,,,,,,,,,,,,,,,,,
200242,,,,,,,,,,,,,,,,,,,,,
200254,16.9,18.9,-0.106,18.9,-0.106,18.9,-0.106,18.9,-0.106,18.9,-0.106,16.9,0,16.9,0,23.9,-0.293,14.9,0.134,13.9,0.216
200258,,,,,,,,,,,,,,,,,,,,,
200260,,,,,,,,,,,,,,,,,,,,,
200278,6.9,6.9,0,6.9,0,6.9,0,6.9,0,6.9,0,6.9,0,6.5,0.0615,6.5,0.0615,6.5,0.0615,,
200304,,,,,,,,,,,,,,,,,,,,,
200311,,,,,,,,,,,,,,,,,,,,,
200317,,,,,,,,,,,,,,,,,,,,,
200318,,,,,,,,,,,,,,,,,,,,,
200326,,,,,,,,,,,,,,,,,,,,,
200327,,,,,,,,,,,,,,,,,,,,,
200339,,,,,,,,,,,,,,,,,,,,,
200345,8,8,0,8,0,8,0,8,0,8,0,8,0,8,0,8,0,6.5,0.231,,
200400,35.9,35.9,0,35.9,0,35.9,0,35.9,0,35.9,0,35.9,0,39.9,-0.1,39.9,-0.1,39.9,-0.1,39.9,-0.1
200421,,,,,,,,,,,,,,,,,,,,,
200435,21,21,0,21,0,21,0,21,0,21,0,21,0,21,0,20.4,0.0294,19,0.105,14.5,0.448
200449,8,8,0,8,0,8,0,8,0,8,0,8,0,8,0,8,0,6.5,0.231,,
200450,,,,,,,,,,,,,,,,,,,,,
200496,85,85,0,85,0,85,0,85,0,85,0,85,0,85,0,,,,,,
200714,,,,,,,,,,,,,,,,,,,,,
200715,,,,,,,,,,,,,,,,,,,,,
200733,,,,,,,,,,,,,,,,,,,,,
200753,8,8,0,8,0,8,0,8,0,8,0,8,0,8,0,8,0,7,0.143,7,0.143
201014,20,20,0,20,0,20,0,20,0,20,0,19.5,0.0256,19.5,0.0256,19.5,0.0256,17.5,0.143,17.5,0.143
201015,20,20,0,20,0,20,0,20,0,20,0,19.5,0.0256,19.5,0.0256,19.5,0.0256,17.5,0.143,17.5,0.143
201016,,,,,,,,,,,,,,,,,,,,,
201112,26.5,26.5,0,26.5,0,26.5,0,29.5,-0.102,29.5,-0.102,29.5,-0.102,29.5,-0.102,29.5,-0.102,27,-0.0185,22.5,0.178
201187,,,,,,,,,,,,,,,,,,,,,
201188,26.5,26.5,0,26.5,0,26.5,0,26.5,0,,,26.5,0,20,0.325,,,,,,
201210,,,,,,,,,,,,,,,,,,,,,
201212,,,,,,,,,,,,,,,,,,,,,
201228,,,,,,,,,,,,,,,,,,,,,
201269,,,,,,,,,,,,,,,,,,,,,
201280,30,30,0,30,0,30,0,30,0,30,0,30,0,30,0,30,0,22,0.364,,
201281,43,43,0,43,0,43,0,43,0,43,0,43,0,43,0,43,0,32,0.344,32,0.344
201282,21.9,21.9,0,21.9,0,21.9,0,21.9,0,21.9,0,21.9,0,21.9,0,21.9,0,16,0.369,16,0.369
201283,,,,,,,,,,,,,,,,,,,,,
201284,,,,,,,,,,,,,,,,,,,,,
201285,45.5,45.5,0,45.5,0,45.5,0,45.5,0,45.5,0,45.5,0,45.5,0,45.5,0,33.5,0.358,33.5,0.358
201288,45.5,45.5,0,45.5,0,45.5,0,45.5,0,45.5,0,45.5,0,45.5,0,45.5,0,33.5,0.358,33.5,0.358
201289,43,43,0,43,0,43,0,43,0,43,0,43,0,43,0,43,0,30.5,0.41,,
201290,45.5,45.5,0,45.5,0,45.5,0,45.5,0,45.5,0,45.5,0,45.5,0,45.5,0,33.5,0.358,,
201291,45.5,45.5,0,45.5,0,45.5,0,45.5,0,45.5,0,45.5,0,45.5,0,45.5,0,33.5,0.358,33.5,0.358
201292,52,52,0,52,0,52,0,52,0,52,0,52,0,52,0,52,0,38.5,0.351,38.5,0.351
201293,52,52,0,52,0,52,0,52,0,52,0,52,0,52,0,52,0,38.5,0.351,38.5,0.351
201339,,,,,,,,,,,,,,,,,,,,,
201341,16.5,16.5,0,16.5,0,16.5,0,16.5,0,16.5,0,16.5,0,16.5,0,14.9,0.107,14.9,0.107,14.9,0.107
201350,2.9,2.9,0,2.9,0,2.9,0,2.9,0,2.9,0,2.9,0,2.9,0,2.9,0,2.9,0,2.5,0.16
201354,39.9,39.9,0,48,-0.169,37.9,0.0528,37.9,0.0528,48,-0.169,39.9,0,48,-0.169,48,-0.169,38.9,0.0257,44.5,-0.103
201383,57.5,57.5,0,57.5,0,57.5,0,57.5,0,57.5,0,57.5,0,57.5,0,57.5,0,,,,
201487,,,,,,,,,,,,,,,,,,,,,
201540,,,,,,,,,,,,,,,,,,,,,
201543,,,,,,,,,,,,,,,,,,,,,
201701,,,,,,,,,,,,,,,,,,,,,
201702,,,,,,,,,,,,,,,,,,,,,
201703,,,,,,,,,,,,,,,,,,,,,
201704,51.5,51.5,0,51.5,0,51.5,0,51.5,0,51.5,0,51.5,0,51.5,0,51.5,0,38.5,0.338,38.5,0.338
201778,14.7,14.7,0,14.7,0,14.7,0,14.7,0,14.7,0,11.9,0.235,14.7,0,14.7,0,13,0.131,11.7,0.256
201789,,,,,,,,,,,,,,,,,,,,,
201816,78.5,78.5,0,78.5,0,78.5,0,78.5,0,78.5,0,78.5,0,78.5,0,67.5,0.163,59.5,0.319,59.5,0.319
201863,37.5,37.5,0,37.5,0,37.5,0,37.5,0,37.5,0,37.5,0,37.5,0,37.5,0,37.5,0,,
201898,,,,,,,,,,,,,,,,,,,,,
201971,10,10,0,10,0,10,0,10,0,10,0,10,0,10,0,10,0,10,0,10,0
201978,49,49,0,49,0,49,0,49,0,44.9,0.0913,52,-0.0577,52,-0.0577,52,-0.0577,42.5,0.153,37.5,0.307
202002,78,78,0,78,0,78,0,78,0,78,0,78,0,,,,,,,,
202088,20.4,20.4,0,20.4,0,20.4,0,20.4,0,20.4,0,20.4,0,20.4,0,20.4,0,,,15,0.36
202097,82.5,82.5,0,82.5,0,82.5,0,,,,,,,,,,,,,,
202098,,,,,,,,,,,,,,,,,,,,,
202131,32.9,38,-0.134,38,-0.134,38,-0.134,38,-0.134,38,-0.134,42,-0.217,42,-0.217,42,-0.217,34,-0.0324,,
202132,20,20,0,20,0,20,0,20,0,20,0,21.5,-0.0698,21.5,-0.0698,21.5,-0.0698,,,,
202133,39.9,45,-0.113,45,-0.113,45,-0.113,45,-0.113,45,-0.113,51,-0.218,51,-0.218,53,-0.247,43,-0.0721,,
202135,20,20,0,20,0,20,0,20,0,20,0,21.5,-0.0698,21.5,-0.0698,21.5,-0.0698,,,,
202136,28.8,28.8,0,28.8,0,28.8,0,28.8,0,28.8,0,31.9,-0.0972,31.9,-0.0972,34.5,-0.165,28.5,0.0105,,
202137,28.8,28.8,0,28.8,0,28.8,0,28.8,0,28.8,0,31.9,-0.0972,31.9,-0.0972,34.5,-0.165,28.5,0.0105,,
202140,26.9,35.9,-0.251,35.9,-0.251,35.9,-0.251,35.9,-0.251,35.9,-0.251,23.3,0.155,46.9,-0.426,69.9,-0.615,54.9,-0.51,54.9,-0.51
202155,8.5,8.5,0,10.2,-0.167,8.5,0,8.5,0,10.2,-0.167,8.9,-0.0449,10.2,-0.167,10.2,-0.167,9.4,-0.0957,7,0.214
202167,40.5,40.5,0,40.5,0,40.5,0,40.5,0,40.5,0,40.5,0,40.5,0,40.5,0,30,0.35,18.9,1.14
202170,39.5,39.5,0,39.5,0,39.5,0,39.5,0,39.5,0,39.5,0,39.5,0,39.5,0,33.5,0.179,22,0.795
202175,32,32,0,32,0,32,0,32,0,32,0,32,0,32,0,32,0,27,0.185,22,0.455
202273,19.9,19.9,0,19.9,0,19.9,0,19.9,0,19.9,0,19.5,0.0205,19.5,0.0205,19.5,0.0205,19.5,0.0205,,
202276,99,99,0,99,0,99,0,99,0,99,0,94.9,0.0432,99,0,99,0,99,0,,
202501,,,,,,,,,,,,,,,,,,,,,
202504,18.1,18.1,0,18.1,0,18.1,0,26.7,-0.322,26.7,-0.322,26.7,-0.322,26.7,-0.322,27.9,-0.351,,,13,0.392
202618,17.6,20.7,-0.15,20.7,-0.15,20.7,-0.15,20.7,-0.15,20.7,-0.15,20.7,-0.15,20.7,-0.15,20.7,-0.15,,,,
202775,,,,,,,,,,,,,,,,,,,,,
202781,41.9,41.9,0,41.9,0,41.9,0,41.9,0,41.9,0,41.9,0,41.9,0,39,0.0744,39,0.0744,30.9,0.356
202782,,,,,,,,,,,,,,,,,,,,,
202783,41.9,41.9,0,41.9,0,41.9,0,41.9,0,41.9,0,41.9,0,41.9,0,39,0.0744,39,0.0744,30.9,0.356
203038,,,,,,,,,,,,,,,,,,,,,
203040,,,,,,,,,,,,,,,,,,,,,
203080,19.1,19.1,0,19.1,0,19.1,0,19.1,0,19.1,0,24.2,-0.211,24.2,-0.211,24.2,-0.211,22.5,-0.151,18.1,0.0552
203138,39.9,45,-0.113,45,-0.113,45,-0.113,45,-0.113,45,-0.113,51,-0.218,51,-0.218,53,-0.247,43,-0.0721,,
203139,,,,,,,,,,,,,,,,,,,,,
203227,29.5,29.5,0,29.5,0,29.5,0,29.5,0,29.5,0,29.5,0,29.5,0,29.5,0,23,0.283,,
203522,,,,,,,,,,,,,,,,,,,,,
203582,93,93,0,93,0,93,0,93,0,93,0,93,0,93,0,93,0,93,0,95,-0.0211
203707,16.9,16.9,0,16.9,0,16.9,0,16.9,0,16.9,0,,,16.9,0,16.9,0,14.5,0.166,,
203710,13.8,13.8,0,13.8,0,13.8,0,13.8,0,13.8,0,13.8,0,13.8,0,13.8,0,11,0.255,,
203912,25,25,0,25,0,25,0,25,0,25,0,25,0,25,0,,,,,21.5,0.163
204015,,,,,,,,,,,,,,,,,,,,,
204017,,,,,,,,,,,,,,,,,,,,,
204026,,,,,,,,,,,,,,,,,,,,,
204028,39.5,39.5,0,39.5,0,39.5,0,39.5,0,39.5,0,39.5,0,39.5,0,39.5,0,21.5,0.837,21.5,0.837
204035,49,49,0,49,0,49,0,49,0,49,0,49,0,49,0,49,0,27.5,0.782,27.5,0.782
204109,53.5,53.5,0,53.5,0,53.5,0,53.5,0,53.5,0,53.5,0,53.5,0,,,48.5,0.103,40,0.337
204154,,,,,,,,,,,,,,,,,,,,,
204199,,,,,,,,,,,,,,,,,,,,,
204251,6.5,6.5,0,6.5,0,6.5,0,6.5,0,6.5,0,6.5,0,6,0.0833,6,0.0833,6,0.0833,5.6,0.161
204279,78.5,78.5,0,78.5,0,78.5,0,78.5,0,78.5,0,78.5,0,78.5,0,72,0.0903,63,0.246,63,0.246
204310,32,32,0,32,0,32,0,32,0,32,0,32,0,32,0,36.5,-0.123,29.5,0.0847,24,0.333
204311,15,15,0,15,0,15,0,15,0,15,0,15,0,15,0,15,0,15,0,15,0
204313,19.5,19.5,0,19.5,0,19.5,0,19.5,0,19.5,0,19.5,0,19.5,0,19.5,0,17,0.147,12.8,0.523
204314,,,,,,,,,,,,,,,,,,,,,
204316,56,56,0,56,0,56,0,56,0,56,0,56,0,56,0,56,0,45,0.244,38,0.474
204318,29.9,29.9,0,29.9,0,29.9,0,29.9,0,29.9,0,29.9,0,29.9,0,36.5,-0.181,29.5,0.0136,24,0.246
204319,45,45,0,45,0,45,0,45,0,45,0,45,0,45,0,49.5,-0.0909,39.5,0.139,34,0.324
204322,49,49,0,49,0,49,0,49,0,44.9,0.0913,52,-0.0577,52,-0.0577,52,-0.0577,42.5,0.153,37.5,0.307
204447,,,,,,,,,,,,,,,,,,,,,
204487,32.5,32.5,0,32.5,0,32.5,0,32.5,0,32.5,0,32.5,0,32.5,0,32.5,0,32.5,0,32.5,0
204550,26,26,0,26,0,26,0,26,0,26,0,26,0,26,0,26,0,18.5,0.405,,
204580,,,,,,,,,,,,,,,,,,,,,
204728,,,,,,,,,,,,,,,,,,,,,
204761,18.5,18.5,0,18.5,0,18.5,0,18.5,0,18.5,0,18.5,0,18.5,0,18.5,0,18.5,0,18.5,0
204762,7,7,0,7,0,7,0,7,0,7,0,7,0,7,0,7,0,5.9,0.186,5,0.4
204763,7,7,0,7,0,7,0,7,0,7,0,7,0,7,0,7,0,5.9,0.186,5,0.4
204764,7,7,0,7,0,7,0,7,0,7,0,7,0,7,0,7,0,5.9,0.186,5,0.4
204767,7,7,0,7,0,7,0,7,0,7,0,7,0,7,0,7,0,5.9,0.186,5,0.4
204768,7,7,0,7,0,7,0,7,0,7,0,7,0,7,0,7,0,5.9,0.186,5,0.4
204777,,,,,,,,,,,,,,,,,,,,,
204811,11.9,11.9,0,11.9,0,11.9,0,11.9,0,11.9,0,11.9,0,11.2,0.0625,11.2,0.0625,11.2,0.0625,11,0.0818
204812,11.9,11.9,0,11.9,0,11.9,0,11.9,0,11.9,0,11.9,0,11.2,0.0625,11.2,0.0625,11.2,0.0625,11,0.0818
204817,15,15,0,15,0,15,0,15,0,15,0,15,0,15.5,-0.0323,14,0.0714,14,0.0714,12.5,0.2
204872,,,,,,,,,,,,,,,,,,,,,
204991,48,48,0,48,0,48,0,48,0,48,0,48,0,48,0,48,0,44,0.0909,33.5,0.433
205177,68,68,0,68,0,94.9,-0.283,94.9,-0.283,110,-0.382,110,-0.382,110,-0.382,110,-0.382,73.5,-0.0748,73.5,-0.0748
205213,206,206,0,206,0,206,0,206,0,206,0,206,0,206,0,189,0.0894,156,0.321,156,0.321
205415,174,174,0,174,0,174,0,174,0,174,0,174,0,174,0,,,,,,
205723,,,,,,,,,,,,,,,,,,,,,
205776,31,31,0,31,0,31,0,31,0,31,0,31,0,,,27.5,0.127,25,0.24,,
205871,48,48,0,48,0,48,0,48,0,48,0,48,0,48,0,47.5,0.0105,47.5,0.0105,47.5,0.0105
205877,48,48,0,48,0,48,0,48,0,48,0,48,0,,,47.5,0.0105,47.5,0.0105,47.5,0.0105
205975,36.5,36.5,0,36.5,0,36.5,0,45.5,-0.198,45.5,-0.198,45.5,-0.198,45.5,-0.198,51.5,-0.291,50.1,-0.271,35.4,0.0311
205976,36.5,36.5,0,36.5,0,36.5,0,45.5,-0.198,45.5,-0.198,45.5,-0.198,45.5,-0.198,51.5,-0.291,50.1,-0.271,35.3,0.034
205981,10,10,0,10,0,10,0,10,0,,,10,0,10,0,10,0,7.5,0.333,8.5,0.176
206578,,,,,,,,,,,,,,,,,,,,,
206587,,,,,,,,,,,,,,,,,,,,,
206718,17.5,17.5,0,17.5,0,17.5,0,17.5,0,17.5,0,17.5,0,17.5,0,16.8,0.0417,12.5,0.4,14.5,0.207
206779,1.1e+03,1.1e+03,0,1.1e+03,0,1.1e+03,0,1.1e+03,0,1.1e+03,0,1.22e+03,-0.103,1.22e+03,-0.103,1.22e+03,-0.103,1.09e+03,0.00826,,
206879,34,34,0,34,0,34,0,34,0,34,0,34,0,34,0,34,0,24,0.417,,
207174,19,19,0,19,0,19,0,19,0,19,0,19,0,18.9,0.00529,18.5,0.027,18.8,0.0106,18.8,0.0106
207365,6,6,0,6,0,6,0,6,0,6,0,,,,,,,,,,
207373,6,6,0,6,0,6,0,6,0,6,0,,,,,,,,,,
207477,,,,,,,,,,,,,,,,,,,,,
207710,17.5,17.5,0,17.5,0,17.5,0,17.5,0,,,17.5,0,17.5,0,17.5,0,16.3,0.0736,16.3,0.0736
207795,19.5,19.5,0,19.5,0,19.5,0,19.5,0,19.5,0,15.9,0.226,19.8,-0.0152,19.8,-0.0152,17,0.147,15.5,0.258
207797,25,25,0,25,0,25,0,25,0,25,0,19.9,0.256,25,0,25,0,22,0.136,20,0.25
207901,10,10,0,10,0,10,0,10,0,10,0,10,0,10,0,10,0,10,0,10,0
208118,,,,,,,,,,,,,,,,,,,,,
208178,5.9,5.9,0,,,,,5.5,0.0727,5.5,0.0727,5.5,0.0727,5.5,0.0727,,,,,5,0.18
208612,,,,,,,,,,,,,,,,,,,,,
208639,26.8,26.8,0,26.8,0,26.8,0,26.8,0,26.8,0,31.9,-0.16,31.9,-0.16,31.8,-0.157,30,-0.107,22.9,0.17
208717,51,51,0,51,0,51,0,51,0,51,0,51,0,51,0,51,0,49,0.0408,36.5,0.397
208971,98.5,98.5,0,98.5,0,98.5,0,98.5,0,98.5,0,93,0.0591,93,0.0591,82.5,0.194,82.5,0.194,79.5,0.239
209051,225,225,0,225,0,225,0,225,0,225,0,225,0,225,0,,,,,,
209052,225,225,0,225,0,225,0,225,0,225,0,225,0,225,0,,,,,,
209053,225,225,0,225,0,225,0,225,0,,,,,,,,,,,,
209054,225,225,0,225,0,225,0,225,0,,,,,,,,,,,,
209062,,,,,,,,,,,,,,,,,,,,,
209063,,,,,,,,,,,,,,,,,,,,,
209068,,,,,,,,,,,,,,,,,,,,,
209069,,,,,,,,,,,,,,,,,,,,,
209070,35,35,0,35,0,35,0,35,0,35,0,35,0,,,35,0,35,0,,
209072,18,18,0,18,0,18,0,18,0,18,0,18,0,17.9,0.00559,18,0,,,,
209077,,,,,,,,,,,,,,,,,,,,,
209079,,,,,,,,,,,,,,,,,,,,,
209080,,,,,,,,,,,,,,,,,,,,,
209087,20.7,25,-0.172,25,-0.172,25,-0.172,25,-0.172,25,-0.172,25,-0.172,25,-0.172,19.5,0.0615,,,,
209088,20.7,25,-0.172,25,-0.172,25,-0.172,25,-0.172,25,-0.172,25,-0.172,25,-0.172,25,-0.172,,,,
209092,,,,,,,,,,,,,,,,,,,,,
209093,,,,,,,,,,,,,,,,,,,,,
209094,,,,,,,,,,,,,,,,,,,,,
209095,,,,,,,,,,,,,,,,,,,,,
209120,20.6,20.6,0,20.6,0,20.6,0,20.6,0,20.6,0,20.6,0,20.6,0,22.9,-0.1,,,,
209121,56.2,56.2,0,56.2,0,56.2,0,56.2,0,56.2,0,56.2,0,,,,,,,,
209122,68.8,68.8,0,68.8,0,63.1,0.0903,63.1,0.0903,63.1,0.0903,89.3,-0.23,89.3,-0.23,,,,,,
209123,68.8,68.8,0,68.8,0,63.1,0.0903,63.1,0.0903,63.1,0.0903,,,89.3,-0.23,89.2,-0.229,,,,
209124,48.5,48.5,0,48.5,0,48.5,0,48.5,0,48.5,0,48.5,0,48.5,0,48.5,0,,,,
209126,,,,,,,,,,,,,,,,,,,,,
209127,10.2,10.2,0,10.2,0,10.2,0,10.2,0,10.2,0,,,10.2,0,,,,,,
209128,20,20,0,20,0,20,0,20,0,20,0,21.5,-0.0698,21.5,-0.0698,21.5,-0.0698,,,,
209129,20,20,0,20,0,20,0,20,0,20,0,21.5,-0.0698,21.5,-0.0698,21.5,-0.0698,,,,
209273,21,21,0,21,0,21,0,21,0,21,0,21,0,,,21,0,16.5,0.273,16.5,0.273
209274,22.4,22.4,0,22.4,0,22.4,0,22.4,0,22.4,0,22.4,0,22.4,0,22.4,0,16.5,0.358,16.5,0.358
209325,31,31,0,31,0,31,0,31,0,31,0,31,0,31,0,31,0,31,0,24.5,0.265
209456,225,225,0,225,0,225,0,225,0,,,,,,,,,,,,
209458,225,225,0,225,0,,,,,,,,,,,,,,,,
209459,225,225,0,225,0,,,,,,,,,,,,,,,,
209530,,,,,,,,,,,,,,,,,,,,,
209531,270,270,0,270,0,270,0,270,0,270,0,270,0,270,0,270,0,337,-0.199,,
209533,23.8,23.8,0,23.8,0,23.8,0,23.8,0,23.8,0,23.8,0,23.8,0,,,,,,
209534,72.5,72.5,0,72.5,0,72.5,0,72.5,0,72.5,0,72.5,0,72.5,0,72.5,0,,,,
209537,,,,,,,,,,,,,,,,,,,,,
209539,89.9,89.9,0,89.9,0,89.9,0,89.9,0,89.9,0,,,,,89.9,0,,,,
209542,42,42,0,42,0,40,0.05,40,0.05,40,0.05,40,0.05,,,,,,,,
209543,68.5,68.5,0,68.5,0,68.5,0,68.5,0,68.5,0,68.5,0,68.5,0,,,,,,
209544,31,31,0,31,0,31,0,31,0,31,0,31,0,31,0,31,0,25,0.24,,
209545,31,31,0,,,,,31,0,31,0,31,0,,,31,0,25,0.24,,
209547,31,31,0,31,0,31,0,31,0,31,0,31,0,31,0,31,0,,,,
209549,24.2,24.2,0,24.2,0,24.2,0,24.2,0,24.2,0,20.5,0.18,24.2,0,21,0.152,20,0.21,,
209551,167,167,0,167,0,167,0,167,0,,,167,0,,,,,,,,
209552,167,167,0,167,0,167,0,167,0,,,,,,,167,0,,,,
209560,225,225,0,225,0,225,0,225,0,225,0,225,0,225,0,,,,,,
209678,17.5,17.5,0,17.5,0,17.5,0,17.5,0,17.5,0,17.5,0,,,,,,,,
209701,,,,,,,,,,,,,,,,,,,,,
209703,15,15,0,15,0,15,0,15,0,15,0,15,0,15,0,,,12.5,0.2,12,0.25
209705,15,15,0,15,0,15,0,15,0,15,0,15,0,15,0,14,0.0714,12.5,0.2,12,0.25
209718,6.2,6.2,0,,,6.2,0,6.2,0,6.2,0,6.2,0,6.2,0,6,0.0333,4.3,0.442,4.2,0.476
209730,15.5,15.5,0,15.5,0,15.5,0,15.5,0,15.5,0,15.5,0,15.5,0,14,0.107,13.5,0.148,,
209731,15.5,15.5,0,15.5,0,15.5,0,15.5,0,15.5,0,15.5,0,15.5,0,14,0.107,13.5,0.148,,
209735,6.2,6.2,0,6.2,0,6.2,0,6.2,0,6.2,0,6.2,0,6.2,0,6,0.0333,4.3,0.442,4.2,0.476
209736,6.2,6.2,0,6.2,0,6.2,0,6.2,0,6.2,0,6.2,0,6.2,0,6,0.0333,4.3,0.442,4.2,0.476
209741,8,8,0,8,0,8,0,8,0,8,0,8,0,8,0,8,0,7,0.143,7,0.143
209775,6.5,6.5,0,6.5,0,6.5,0,6.5,0,6.5,0,6.5,0,6.5,0,6.4,0.0156,6,0.0833,6,0.0833
209777,5.5,5.5,0,5.5,0,5.5,0,5.5,0,5.5,0,5.5,0,5.5,0,5,0.1,,,,
209778,,,,,,,,,,,,,,,,,,,,,
210153,30.5,30.5,0,30.5,0,30.5,0,30.5,0,30.5,0,30.5,0,30.5,0,30.5,0,27.5,0.109,23,0.326
210157,33.5,33.5,0,33.5,0,33.5,0,33.5,0,33.5,0,33.5,0,33.5,0,33.5,0,28.5,0.175,25.5,0.314
210500,12,12,0,12,0,12,0,12,0,12,0,12,0,,,12,0,11,0.0909,11,0.0909
210502,8.5,8.5,0,8.5,0,8.5,0,8.5,0,8.5,0,7.9,0.0759,7.9,0.0759,8.5,0,7,0.214,7,0.214
210504,5,5,0,5,0,5,0,5,0,5,0,5,0,5,0,5,0,,,,
210505,10.4,10.4,0,10.4,0,10.4,0,10.4,0,,,10.4,0,10.4,0,10.5,-0.00952,9.5,0.0947,9.5,0.0947
210529,,,,,,,,,,,,,,,,,,,,,
210531,,,,,,,,,,,,,,,,,,,,,
210532,,,,,,,,,,,,,,,,,,,,,
210571,,,,,,,,,,,,,,,,,,,,,
210577,,,,,,,,,,,,,,,,,,,,,
210718,80,80,0,80,0,80,0,80,0,80,0,80,0,80,0,,,68,0.176,57.5,0.391
210986,56.9,56.9,0,56.9,0,56.9,0,56.9,0,56.9,0,56.9,0,56.9,0,56.9,0,49.9,0.14,49.9,0.14
211338,20,20,0,20,0,20,0,20,0,20,0,20,0,,,,,,,,
211346,37.5,37.5,0,37.5,0,37.5,0,37.5,0,,,37.5,0,37.5,0,36,0.0417,33.5,0.119,,
213015,27.4,27.4,0,27.4,0,27.4,0,27.4,0,29.5,-0.0712,29.5,-0.0712,24.5,0.118,29.5,-0.0712,21.5,0.274,21.5,0.274
213016,27.4,27.4,0,27.4,0,27.4,0,27.4,0,29.5,-0.0712,29.5,-0.0712,29.5,-0.0712,24,0.142,21.5,0.274,21.5,0.274
213101,28,28,0,28,0,28,0,28,0,28,0,28,0,28,0,28,0,21.5,0.302,21.5,0.302
213312,63.8,,,,,63.8,0,63.8,0,63.8,0,63.8,0,63.8,0,63.8,0,74,-0.138,66.5,-0.0406
213610,,,,,,,,,,,,,,,,,,,,,
213611,,,,,,,,,,,,,,,,,,,,,
213764,115,115,0,158,-0.273,158,-0.273,158,-0.273,158,-0.273,158,-0.273,130,-0.115,158,-0.273,130,-0.116,118,-0.0263
214077,,,,,,,,,,,,,,,,,,,,,
214491,,,,,,,,,,,,,,,,,,,,,
215152,,,,,,,,,,,,,,,,,,,,,
215252,2.5,2.5,0,2.5,0,2.5,0,2.5,0,2.5,0,2.5,0,2.5,0,2.5,0,,,2.1,0.19
215414,46,46,0,46,0,46,0,46,0,46,0,46,0,46,0,46,0,34,0.353,34,0.353
215422,85,85,0,85,0,85,0,78.5,0.0828,78.5,0.0828,78.5,0.0828,78.5,0.0828,78.5,0.0828,71.9,0.182,65,0.308
215732,,,,,,,,,,,,,,,,,,,,,
215777,,,,,,,,,,,,,,,,,,,,,
215787,,,,,,,,,,,,,,,,,,,,,
215996,6.7,6.7,0,6.7,0,6.7,0,6.7,0,6.7,0,6.7,0,6.7,0,6.7,0,5.6,0.196,5.7,0.175
216046,30.6,30.6,0,30.6,0,30.6,0,30.6,0,30.6,0,30.6,0,30.6,0,30.6,0,,,19,0.611
216771,21,21,0,21,0,21,0,21,0,21,0,21,0,21,0,20,0.05,20,0.05,18.1,0.16
217042,39,39,0,39,0,39,0,39,0,39,0,39,0,39,0,39,0,35,0.114,28,0.393
217122,,,,,,,,,,,,,,,,,,,,,
217125,5.5,5.5,0,5.5,0,5.5,0,5.5,0,5.5,0,5.5,0,5.5,0,5.5,0,4.3,0.279,,
217126,5.5,5.5,0,5.5,0,5.5,0,5.5,0,5.5,0,5.5,0,5.5,0,5.5,0,4.3,0.279,3.8,0.447
217127,5.5,5.5,0,5.5,0,5.5,0,5.5,0,5.5,0,5.5,0,5.5,0,5.5,0,4.3,0.279,,
217129,,,,,,,,,,,,,,,,,,,,,
217133,17,17,0,17,0,17,0,17,0,17,0,17,0,,,17,0,13.5,0.259,15.3,0.111
217136,15,15,0,15,0,15,0,15,0,15,0,15,0,15,0,15,0,11,0.364,9.5,0.579
217137,16,16,0,16,0,16,0,16,0,16,0,16,0,16,0,16,0,13.2,0.212,12,0.333
217138,23.5,23.5,0,23.5,0,23.5,0,23.5,0,23.5,0,23.5,0,23.5,0,23.5,0,18,0.306,17.9,0.313
217188,,,,,,,,,,,,,,,,,,,,,
217196,,,,,,,,,,,,,,,,,,,,,
217433,41,41,0,41,0,41,0,41,0,41,0,41,0,41,0,,,35,0.171,,
217441,4.5,4.5,0,4.5,0,4.5,0,4.5,0,4.5,0,4.5,0,4.5,0,4.5,0,4.5,0,4.5,0
217735,219,219,0,219,0,219,0,219,0,219,0,219,0,219,0,205,0.0673,172,0.268,172,0.268
217743,18.2,18.2,0,18.2,0,18.2,0,18.2,0,18.2,0,18.2,0,18.2,0,18,0.0111,17,0.0706,15.6,0.167
217791,16.5,16.5,0,16.5,0,16.5,0,16.5,0,,,16.5,0,,,16.5,0,11.9,0.387,,
217882,,,,,,,,,,,,,,,,,,,,,
217885,,,,,,,,,,,,,,,,,,,,,
217886,,,,,,,,,,,,,,,,,,,,,
218177,,,,,,,,,,,,,,,,,,,,,
218187,,,,,,,,,,,,,,,,,,,,,
218480,6.5,6.5,0,6.5,0,6.5,0,6.5,0,,,6.5,0,6.5,0,6.5,0,6,0.0833,6,0.0833
218634,24,24,0,24,0,24,0,24,0,24,0,24,0,24,0,24,0,19.6,0.224,19.6,0.224
218780,43,43,0,43,0,43,0,43,0,43,0,43,0,43,0,43,0,31,0.387,31,0.387
218781,43,43,0,43,0,43,0,43,0,43,0,43,0,43,0,43,0,31,0.387,,
219747,15,15,0,15,0,15,0,15,0,15,0,15,0,15,0,,,15,0,14,0.0714
219748,8.5,8.5,0,8.5,0,8.5,0,8.5,0,6.5,0.308,6.5,0.308,6.5,0.308,6.5,0.308,6.5,0.308,6.5,0.308
219776,,,,,,,,,,,,,,,,,,,,,
219777,16,16,0,16,0,16,0,16,0,16,0,16,0,16,0,,,11.5,0.391,11.5,0.391
219920,,,,,,,,,,,,,,,,,,,,,
219979,52,52,0,52,0,52,0,52,0,52,0,52,0,52,0,52,0,40,0.3,25,1.08
220069,16.5,16.5,0,16.5,0,16.5,0,16.5,0,16.5,0,16.5,0,16.5,0,16.5,0,15,0.1,,
220110,24.5,24.5,0,24.5,0,24.5,0,24.5,0,24.5,0,24.5,0,,,,,,,20.5,0.195
220111,42.4,42.4,0,42.4,0,42.4,0,42.4,0,42.4,0,42.4,0,42.4,0,,,35.5,0.194,25,0.696
220130,38,43.3,-0.122,43.3,-0.122,38,0,38,0,38,0,43.3,-0.122,43.3,-0.122,43.3,-0.122,34,0.118,26.3,0.445
220132,,,,,,,,,,,,,,,,,,,,,
220302,24.5,24.5,0,24.5,0,24.5,0,23.8,0.0294,23.8,0.0294,23.8,0.0294,23.8,0.0294,23.8,0.0294,21.9,0.119,20.6,0.189
220365,245,245,0,245,0,245,0,245,0,245,0,245,0,245,0,245,0,,,195,0.256
220370,21.5,21.5,0,21.5,0,21.5,0,21.5,0,21.5,0,22.5,-0.0444,29.9,-0.281,34.5,-0.377,,,21,0.0238
220376,34,34,0,34,0,34,0,34,0,,,,,,,,,,,,
220389,31.9,31.9,0,31.9,0,31.9,0,31.9,0,31.9,0,31.9,0,31.9,0,31.8,0.00314,30,0.0633,22.9,0.393
220390,26.8,26.8,0,26.8,0,26.8,0,26.8,0,26.8,0,31.9,-0.16,31.9,-0.16,31.8,-0.157,30,-0.107,22.9,0.17
220403,,,,,,,,,,,,,,,,,,,,,
220411,,,,,,,,,,,,,,,,,,,,,
220412,,,,,,,,,,,,,,,,,,,,,
220413,,,,,,,,,,,,,,,,,,,,,
220414,37.5,37.5,0,37.5,0,37.5,0,37.5,0,37.5,0,37.5,0,37.5,0,37.5,0,24.5,0.531,,
220419,,,,,,,,,,,,,,,,,,,,,
220454,28.5,28.5,0,28.5,0,28.5,0,28.5,0,28.5,0,28.5,0,28.5,0,28.5,0,,,,
220495,,,,,,,,,,,,,,,,,,,,,
220496,,,,,,,,,,,,,,,,,,,,,
220498,,,,,,,,,,,,,,,,,,,,,
220501,,,,,,,,,,,,,,,,,,,,,
220504,,,,,,,,,,,,,,,,,,,,,
220508,,,,,,,,,,,,,,,,,,,,,
220511,56.2,56.2,0,56.2,0,56.2,0,56.2,0,56.2,0,,,,,62.5,-0.101,,,,
220513,88.9,88.9,0,88.9,0,88.9,0,88.9,0,88.9,0,88.9,0,88.9,0,88.9,0,88.9,0,85.9,0.0349
220514,88.9,88.9,0,88.9,0,88.9,0,88.9,0,88.9,0,88.9,0,88.9,0,88.9,0,88.9,0,85.9,0.0349
220517,29.9,29.9,0,29.9,0,29.9,0,29.9,0,29.9,0,,,,,26.1,0.146,,,,
220518,29.9,29.9,0,29.9,0,29.9,0,29.9,0,29.9,0,29.9,0,,,26.1,0.146,,,,
220519,32.7,32.7,0,32.7,0,32.7,0,32.7,0,32.7,0,32.7,0,32.7,0,32.7,0,29.9,0.0936,,
220520,,,,,,,,,,,,,,,,,,,,,
220521,8.1,8.1,0,8.1,0,8.1,0,8.1,0,8.1,0,8.1,0,8.1,0,9.2,-0.12,6.3,0.286,6.3,0.286
220522,19.4,19.4,0,19.4,0,19.4,0,19.4,0,19.4,0,19.4,0,19.4,0,18.4,0.0543,22,-0.118,22.5,-0.138
220524,9,9,0,9,0,9,0,9,0,9,0,9,0,,,9,0,8.7,0.0345,7,0.286
220525,,,,,,,,,,,,,,,,,,,,,
220526,18.1,18.1,0,18.1,0,18.1,0,18.1,0,18.1,0,18.1,0,18.1,0,20.4,-0.113,19.7,-0.0812,14.9,0.215
220529,186,186,0,186,0,186,0,186,0,186,0,186,0,186,0,266,-0.3,213,-0.127,151,0.235
220571,42.5,42.5,0,42.5,0,42.5,0,42.5,0,42.5,0,42.5,0,,,42.5,0,,,29,0.466
220577,23.5,23.5,0,23.5,0,23.5,0,23.5,0,23.5,0,23.5,0,23.5,0,,,19,0.237,14.5,0.621
220580,85,85,0,85,0,85,0,85,0,85,0,85,0,85,0,85,0,71,0.197,66,0.288
220581,14.9,14.9,0,14.9,0,14.9,0,14.9,0,,,,,11.9,0.252,20.9,-0.287,14.9,0,14.9,0
220600,25.5,25.5,0,25.5,0,25.5,0,25.5,0,25.5,0,25.5,0,25.5,0,25.5,0,16.7,0.527,22.5,0.133
220633,,,,,,,,,,,,,,,,,,,,,
220640,9.5,9.5,0,9.5,0,9.5,0,9.5,0,9.5,0,,,9.5,0,9.5,0,8.5,0.118,8,0.188
220658,,,,,,,,,,,,,,,,,,,,,
220678,14.4,14.4,0,14.4,0,14.4,0,14.4,0,14.4,0,14.4,0,,,14.4,0,,,,
220679,,,,,,,,,,,,,,,,,,,,,
220700,13,21,-0.381,21,-0.381,15,-0.133,15,-0.133,21,-0.381,21,-0.381,15,-0.133,18,-0.278,15.6,-0.167,15,-0.133
220702,13,21,-0.381,21,-0.381,15,-0.133,15,-0.133,21,-0.381,21,-0.381,15,-0.133,18,-0.278,15.6,-0.167,15,-0.133
220703,13,21,-0.381,21,-0.381,15,-0.133,15,-0.133,21,-0.381,21,-0.381,15,-0.133,18,-0.278,15.6,-0.167,15,-0.133
220704,13,21,-0.381,21,-0.381,15,-0.133,15,-0.133,21,-0.381,21,-0.381,15,-0.133,18,-0.278,15.6,-0.167,15,-0.133
220705,13,21,-0.381,21,-0.381,15,-0.133,15,-0.133,21,-0.381,21,-0.381,15,-0.133,18,-0.278,15.6,-0.167,15,-0.133
220706,13,21,-0.381,21,-0.381,15,-0.133,15,-0.133,21,-0.381,21,-0.381,15,-0.133,,,15.6,-0.167,15,-0.133
220707,14.4,14.4,0,14.4,0,14.4,0,14.4,0,14.4,0,14.4,0,14.4,0,14.4,0,12.6,0.143,9.6,0.5
220708,20.4,20.4,0,20.4,0,20.4,0,20.4,0,20.4,0,20.4,0,20.4,0,20.4,0,,,15.6,0.308
220709,20.4,20.4,0,20.4,0,20.4,0,20.4,0,20.4,0,,,,,20.4,0,,,15.6,0.308
220711,20.4,20.4,0,20.4,0,20.4,0,20.4,0,20.4,0,20.4,0,20.4,0,20.4,0,,,15.6,0.308
220712,20.4,20.4,0,20.4,0,20.4,0,20.4,0,20.4,0,20.4,0,20.4,0,17,0.2,18,0.133,16.6,0.229
220713,20.4,20.4,0,20.4,0,20.4,0,20.4,0,20.4,0,20.4,0,20.4,0,17,0.2,18,0.133,16.5,0.236
220714,20.4,20.4,0,20.4,0,20.4,0,20.4,0,20.4,0,20.4,0,20.4,0,17,0.2,18,0.133,16.5,0.236
220718,77.8,77.8,0,77.8,0,77.8,0,77.8,0,77.8,0,77.8,0,68.5,0.136,87.9,-0.115,79.9,-0.0263,62.5,0.245
220719,97.8,97.8,0,97.8,0,71.5,0.368,71.5,0.368,97.8,0,97.8,0,86.1,0.136,83,0.178,100,-0.022,79.8,0.226
220725,37.3,37.3,0,37.3,0,37.3,0,37.3,0,37.3,0,37.3,0,37.3,0,37.3,0,30.9,0.207,28.1,0.327
220726,37.3,37.3,0,37.3,0,37.3,0,37.3,0,37.3,0,37.3,0,37.3,0,37.3,0,30.9,0.207,28.1,0.327
220727,37.3,37.3,0,37.3,0,37.3,0,37.3,0,37.3,0,37.3,0,37.3,0,37.3,0,30.9,0.207,28.1,0.327
220729,170,170,0,170,0,170,0,170,0,170,0,170,0,170,0,170,0,,,,
220740,15.9,15.9,0,15.9,0,15.9,0,15.9,0,15.9,0,8.7,0.828,15.9,0,14.9,0.0671,14.5,0.0966,11.9,0.336
220741,18.7,24.9,-0.249,,,,,24.9,-0.249,24.9,-0.249,16.6,0.127,21.3,-0.122,21.3,-0.122,27.5,-0.32,22.7,-0.176
220742,,,,,,,,,,,,,,,,,,,,,
220743,15,15,0,15,0,15,0,15,0,15,0,15,0,15,0,15,0,10,0.5,10,0.5
220746,,,,,,,,,,,,,,,,,,,,,
220747,,,,,,,,,,,,,,,,,,,,,
220749,,,,,,,,,,,,,,,,,,,,,
220755,,,,,,,,,,,,,,,,,,,,,
220756,,,,,,,,,,,,,,,,,,,,,
220761,14.9,14.9,0,14.9,0,14.9,0,14.9,0,14.9,0,14.9,0,,,,,,,,
220762,,,,,,,,,,,,,,,,,,,,,
220763,26.8,26.8,0,26.8,0,26.8,0,26.8,0,26.8,0,26.8,0,26.8,0,26.8,0,24,0.117,20.6,0.301
220780,15.3,15.3,0,15.3,0,15.3,0,15.3,0,15.3,0,17.9,-0.145,17.9,-0.145,17.9,-0.145,16.2,-0.0556,16.2,-0.0556
220783,47.9,47.9,0,47.9,0,47.9,0,47.9,0,47.9,0,47.9,0,47.9,0,47.9,0,,,29.2,0.64
220791,,,,,,,,,,,,,,,,,,,,,
220792,46.4,46.4,0,46.4,0,46.4,0,46.4,0,,,,,46.4,0,49.6,-0.0645,49.6,-0.0645,39,0.19
220793,,,,,,,,,,,,,,,,,,,,,
220810,105,105,0,105,0,105,0,105,0,105,0,105,0,105,0,117,-0.103,107,-0.0187,89,0.179
220871,,,,,,,,,,,,,,,,,,,,,
220877,130,130,0,130,0,130,0,130,0,,,,,,,130,0,79,0.646,79,0.646
220878,130,130,0,130,0,130,0,130,0,,,130,0,130,0,130,0,79,0.646,79,0.646
220906,52,52,0,52,0,52,0,52,0,52,0,52,0,52,0,,,,,33.9,0.534
220907,132,132,0,132,0,132,0,132,0,132,0,132,0,132,0,157,-0.158,134,-0.0135,96,0.375
220911,12.5,12.5,0,12.5,0,12.5,0,12.5,0,12.5,0,12.5,0,12.5,0,12.5,0,,,7.5,0.667
220912,12.5,12.5,0,12.5,0,12.5,0,12.5,0,12.5,0,12.5,0,12.5,0,12.5,0,,,7.5,0.667
220914,,,,,,,,,,,,,,,,,,,,,
220915,,,,,,,,,,,,,,,,,,,,,
220916,,,,,,,,,,,,,,,,,,,,,
220921,,,,,,,,,,,,,,,,,,,,,
220924,,,,,,,,,,,,,,,,,,,,,
220970,31.9,31.9,0,31.9,0,31.9,0,35.9,-0.111,35.9,-0.111,35.9,-0.111,45.5,-0.299,45.5,-0.299,33,-0.0333,28,0.139
220971,31.9,31.9,0,31.9,0,31.9,0,35.9,-0.111,35.9,-0.111,35.9,-0.111,45.5,-0.299,45.5,-0.299,33,-0.0333,28,0.139
220976,31.9,31.9,0,31.9,0,31.9,0,35.9,-0.111,35.9,-0.111,35.9,-0.111,45.5,-0.299,45.5,-0.299,33,-0.0333,28,0.139
220977,31.9,31.9,0,31.9,0,31.9,0,35.9,-0.111,35.9,-0.111,35.9,-0.111,45.5,-0.299,45.5,-0.299,33,-0.0333,28,0.139
221031,,,,,,,,,,,,,,,,,,,,,
221077,,,,,,,,,,,,,,,,,,,,,
221107,137,137,0,137,0,137,0,137,0,137,0,137,0,137,0,137,0,108,0.269,88.5,0.548
221108,137,137,0,137,0,137,0,137,0,137,0,137,0,137,0,137,0,108,0.269,88.5,0.548
221109,137,137,0,137,0,137,0,137,0,137,0,137,0,137,0,137,0,108,0.269,88.5,0.548
221212,192,192,0,192,0,192,0,192,0,192,0,192,0,192,0,185,0.0379,154,0.244,117,0.632
221376,13,13,0,13,0,13,0,13,0,13,0,13,0,13,0,12.5,0.04,,,11,0.182
221505,39,39,0,39,0,39,0,39,0,39,0,39,0,39,0,,,,,,
221506,37,37,0,37,0,37,0,37,0,37,0,37,0,37,0,37,0,30.9,0.197,28,0.321
221718,15,15,0,15,0,15,0,15,0,15,0,15,0,15,0,,,15,0,15,0
221767,,,,,,,,,,,,,,,,,,,,,
221871,125,125,0,125,0,125,0,125,0,125,0,125,0,125,0,125,0,125,0,125,0
221922,121,121,0,121,0,121,0,121,0,121,0,121,0,129,-0.062,132,-0.0798,122,-0.00738,86.6,0.397
221923,,,,,,,,,,,,,,,,,,,,,
221924,49,97.4,-0.497,97.4,-0.497,97.4,-0.497,97.4,-0.497,97.4,-0.497,97.4,-0.497,97.4,-0.497,97.4,-0.497,83.2,-0.411,58.8,-0.167
221925,83.7,83.7,0,83.7,0,83.7,0,83.7,0,83.7,0,83.7,0,83.7,0,83.7,0,72.5,0.154,,
221926,83.7,83.7,0,83.7,0,83.7,0,83.7,0,83.7,0,83.7,0,83.7,0,83.7,0,72.5,0.154,56.2,0.489
222070,24,24,0,24,0,24,0,24,0,24,0,24,0,24,0,24,0,19.6,0.224,19.6,0.224
222120,,,,,,,,,,,,,,,,,,,,,
222121,,,,,,,,,,,,,,,,,,,,,
222128,56.3,56.3,0,56.3,0,56.3,0,56.3,0,56.3,0,56.3,0,56.3,0,44.8,0.257,44.8,0.257,44.8,0.257
222129,56.3,56.3,0,56.3,0,56.3,0,56.3,0,56.3,0,56.3,0,56.3,0,44.8,0.257,44.8,0.257,44.8,0.257
222130,56.3,56.3,0,56.3,0,56.3,0,56.3,0,56.3,0,56.3,0,56.3,0,44.8,0.257,44.8,0.257,44.8,0.257
222132,56.3,56.3,0,56.3,0,56.3,0,56.3,0,56.3,0,56.3,0,56.3,0,44.8,0.257,44.8,0.257,44.8,0.257
222133,56.3,56.3,0,56.3,0,56.3,0,56.3,0,56.3,0,56.3,0,56.3,0,44.8,0.257,44.8,0.257,44.8,0.257
222134,56.3,56.3,0,56.3,0,56.3,0,56.3,0,56.3,0,56.3,0,56.3,0,44.8,0.257,44.8,0.257,44.8,0.257
222136,56.3,56.3,0,56.3,0,56.3,0,56.3,0,56.3,0,56.3,0,56.3,0,44.8,0.257,44.8,0.257,44.8,0.257
222137,56.3,56.3,0,56.3,0,56.3,0,56.3,0,56.3,0,56.3,0,56.3,0,,,44.8,0.257,44.8,0.257
222139,,,,,,,,,,,,,,,,,,,,,
222140,100,,,,,100,0,100,0,100,0,119,-0.16,119,-0.16,119,-0.16,110,-0.0909,,
222141,115,115,0,115,0,115,0,115,0,115,0,131,-0.122,131,-0.122,131,-0.122,100,0.15,,
222142,140,140,0,140,0,140,0,140,0,140,0,175,-0.2,175,-0.2,175,-0.2,140,0,,
222144,,,,,,,,,,,,,,,,,,,,,
222145,110,110,0,110,0,110,0,110,0,110,0,132,-0.167,132,-0.167,132,-0.167,120,-0.0833,102,0.0784
222147,53.8,53.8,0,53.8,0,53.8,0,53.8,0,53.8,0,53.8,0,53.8,0,53.8,0,41.5,0.296,41.5,0.296
222153,22.5,22.5,0,22.5,0,22.5,0,22.5,0,22.5,0,22.5,0,22.5,0,22.5,0,22.5,0,22.5,0
222156,45.9,45.9,0,45.9,0,45.9,0,45.9,0,45.9,0,45.9,0,45.9,0,45.9,0,41.3,0.111,31.3,0.466
222157,,,,,,,,,,,,,,,,,,,,,
222159,,,,,,,,,,,,,,,,,,,,,
222163,24.9,24.9,0,24.9,0,24.9,0,27.9,-0.108,27.9,-0.108,27.9,-0.108,33,-0.245,33,-0.245,24,0.0375,21.5,0.158
222164,,,,,,,,,,,,,,,,,,,,,
222165,79.6,79.6,0,79.6,0,79.6,0,79.6,0,79.6,0,85,-0.0635,85,-0.0635,85,-0.0635,71,0.121,59,0.349
222167,,,,,,,,,,,,,,,,,,,,,
222168,27.9,27.9,0,27.9,0,27.9,0,27.9,0,27.9,0,,,27.9,0,27.9,0,,,,
222169,38.8,38.8,0,38.8,0,38.8,0,38.8,0,38.8,0,38.8,0,38.8,0,,,,,,
222170,26.4,26.4,0,26.4,0,26.4,0,26.4,0,26.4,0,26.4,0,26.4,0,22,0.2,24,0.1,22,0.2
222173,36,36,0,36,0,36,0,36,0,36,0,36,0,36,0,36,0,31,0.161,31,0.161
222180,36,36,0,36,0,36,0,36,0,36,0,36,0,36,0,36,0,31,0.161,31,0.161
222181,21,21,0,21,0,21,0,21,0,21,0,21,0,21,0,19.5,0.0769,19.5,0.0769,19.5,0.0769
222183,21,21,0,21,0,21,0,21,0,21,0,21,0,21,0,19.5,0.0769,19.5,0.0769,19.5,0.0769
222184,21,21,0,21,0,21,0,21,0,21,0,21,0,21,0,19.5,0.0769,19.5,0.0769,19.5,0.0769
222185,,,,,,,,,,,,,,,,,,,,,
222190,61.3,61.3,0,61.3,0,61.3,0,61.3,0,61.3,0,61.3,0,61.3,0,,,,,,
222196,45,45,0,45,0,45,0,45,0,45,0,45,0,45,0,,,,,,
222197,,,,,,,,,,,,,,,,,,,,,
222198,7.5,7,0.0714,7,0.0714,7,0.0714,7,0.0714,7,0.0714,7,0.0714,7,0.0714,,,5.5,0.364,4,0.875
222199,7.5,7,0.0714,7,0.0714,7,0.0714,7,0.0714,7,0.0714,7,0.0714,7,0.0714,7,0.0714,5.5,0.364,,
222200,53,53,0,53,0,55,-0.0364,55,-0.0364,62.4,-0.151,62.4,-0.151,53,0,57.6,-0.0799,28,0.893,37.8,0.402
222201,49,98,-0.5,98,-0.5,49,0,49,0,49,0,98,-0.5,98,-0.5,65,-0.246,83.2,-0.411,58.1,-0.157
222203,365,387,-0.0578,387,-0.0578,387,-0.0578,387,-0.0578,387,-0.0578,,,,,387,-0.0578,,,226,0.611
222204,,,,,,,,,,,,,,,,,,,,,
222206,45,45,0,45,0,45,0,45,0,45,0,45,0,37,0.216,46,-0.0217,29,0.552,32.8,0.372
222209,,,,,,,,,,,,,,,,,,,,,
222210,156,156,0,156,0,156,0,156,0,156,0,156,0,156,0,156,0,139,0.122,128,0.219
222217,,,,,,,,,,,,,,,,,,,,,
222218,,,,,,,,,,,,,,,,,,,,,
222219,,,,,,,,,,,,,,,,,,,,,
222220,185,185,0,185,0,185,0,185,0,185,0,185,0,185,0,185,0,165,0.121,145,0.276
222221,,,,,,,,,,,,,,,,,,,,,
222225,128,128,0,,,128,0,128,0,128,0,128,0,128,0,128,0,112,0.133,,
222226,,,,,,,,,,,,,,,,,,,,,
222227,81,81,0,81,0,81,0,81,0,81,0,81,0,81,0,81,0,70.5,0.149,67,0.209
222228,81,81,0,81,0,81,0,81,0,81,0,81,0,81,0,81,0,70.5,0.149,67,0.209
222229,81,81,0,81,0,81,0,81,0,81,0,81,0,,,81,0,70.5,0.149,67,0.209
222230,81,81,0,81,0,81,0,81,0,81,0,81,0,81,0,81,0,70.5,0.149,67,0.209
222231,81,81,0,81,0,81,0,81,0,81,0,81,0,,,81,0,70.5,0.149,67,0.209
222233,81,81,0,81,0,81,0,81,0,81,0,81,0,81,0,81,0,70.5,0.149,67,0.209
222234,81,81,0,81,0,81,0,81,0,81,0,81,0,,,81,0,70.5,0.149,67,0.209
222235,10,10.5,-0.0476,10.5,-0.0476,10.5,-0.0476,10.5,-0.0476,10.5,-0.0476,13.1,-0.237,12.7,-0.213,18,-0.444,21,-0.524,17,-0.412
222236,15,15,0,15,0,15,0,15,0,15,0,15.2,-0.0132,22,-0.318,22,-0.318,20.8,-0.279,17,-0.118
222240,24,24,0,24,0,24,0,24,0,24,0,24,0,24,0,24,0,19.6,0.224,19.6,0.224
222248,15.3,15.3,0,15.3,0,15.3,0,15.3,0,15.3,0,15.3,0,15.3,0,15.3,0,15,0.02,,
222249,94.9,111,-0.145,111,-0.145,111,-0.145,111,-0.145,111,-0.145,111,-0.145,111,-0.145,,,,,92,0.0315
222252,37,37,0,37,0,37,0,37,0,37,0,37,0,37,0,37,0,25,0.48,25,0.48
222254,66,66,0,66,0,66,0,66,0,66,0,66,0,66,0,66,0,53.7,0.229,44.8,0.473
222261,53.8,53.8,0,53.8,0,55,-0.0218,55,-0.0218,55,-0.0218,55,-0.0218,55,-0.0218,,,44,0.223,41.5,0.296
222262,53.8,53.8,0,53.8,0,55,-0.0218,55,-0.0218,55,-0.0218,55,-0.0218,,,55,-0.0218,44,0.223,44,0.223
222264,18.5,18.5,0,18.5,0,18.5,0,18.5,0,18.5,0,18.5,0,18.5,0,,,,,,
222265,64.9,64.9,0,64.9,0,64.9,0,64.9,0,64.9,0,64.9,0,64.9,0,55,0.18,46.4,0.399,59.9,0.0835
222266,64.9,64.9,0,64.9,0,64.9,0,64.9,0,64.9,0,64.9,0,64.9,0,64.9,0,46.4,0.399,59.9,0.0835
222268,99.9,99.9,0,99.9,0,99.9,0,99.9,0,99.9,0,99.9,0,99.9,0,99.9,0,92.9,0.0753,89.9,0.111
222269,,,,,,,,,,,,,,,,,,,,,
222270,,,,,,,,,,,,,,,,,,,,,
222272,,,,,,,,,,,,,,,,,,,,,
222274,,,,,,,,,,,,,,,,,,,,,
222276,,,,,,,,,,,,,,,,,,,,,
222277,140,140,0,140,0,140,0,140,0,140,0,140,0,140,0,140,0,133,0.0526,123,0.138
222278,140,140,0,140,0,140,0,140,0,140,0,140,0,140,0,140,0,133,0.0526,123,0.138
222279,140,140,0,140,0,140,0,140,0,140,0,140,0,140,0,140,0,133,0.0526,123,0.138
222280,140,140,0,140,0,140,0,140,0,140,0,140,0,140,0,140,0,133,0.0526,123,0.138
222281,,,,,,,,,,,,,,,,,,,,,
222282,,,,,,,,,,,,,,,,,,,,,
222284,123,123,0,123,0,123,0,123,0,123,0,123,0,123,0,123,0,123,0,123,0
222285,199,199,0,199,0,199,0,199,0,227,-0.123,227,-0.123,227,-0.123,267,-0.255,228,-0.126,164,0.213
222288,46,46,0,46,0,46,0,46,0,46,0,,,,,,,42,0.0952,,
222305,22,22,0,22,0,22,0,22,0,22,0,22,0,22,0,22,0,18,0.222,18,0.222
222306,23,23,0,23,0,23,0,23,0,23,0,23,0,23,0,23,0,18,0.278,18,0.278
222337,29.5,29.5,0,29.5,0,29.5,0,29.5,0,29.5,0,29,0.0172,29,0.0172,,,,,,
222338,,,,,,,,,,,,,,,,,,,,,
222339,29.3,29.3,0,29.3,0,29.3,0,29.3,0,29.3,0,29.3,0,29.3,0,29,0.0103,,,,
222382,37.2,37.2,0,37.2,0,37.2,0,37.2,0,,,37.2,0,37.2,0,37.2,0,,,26.9,0.383
222384,19.5,19.5,0,19.5,0,19.5,0,19.5,0,19.5,0,19.5,0,19.5,0,19.5,0,15.7,0.242,15.1,0.291
222399,7.7,7.7,0,7.7,0,7.7,0,7.7,0,7.7,0,7.7,0,7.7,0,,,7.3,0.0548,6,0.283
222487,,,,,,,,,,,,,,,,,,,,,
222505,21,21,0,21,0,21,0,21,0,21,0,21,0,14,0.5,21,0,19.2,0.0938,18,0.167
222506,25.2,25.2,0,25.2,0,25.2,0,25.2,0,25.2,0,25.2,0,,,26,-0.0308,20,0.26,21.5,0.172
222507,25.2,25.2,0,25.2,0,21.5,0.172,21.5,0.172,25.2,0,25.2,0,20,0.26,26,-0.0308,24,0.05,21.5,0.172
222508,14.7,14.7,0,14.7,0,14.7,0,14.7,0,14.7,0,14.7,0,14.7,0,14.7,0,13.2,0.114,12.6,0.167
222509,25.2,25.2,0,25.2,0,25.2,0,25.2,0,25.2,0,25.2,0,,,26,-0.0308,20,0.26,21.5,0.172
222608,,,,,,,,,,,,,,,,,,,,,
222615,10.5,10.5,0,10.5,0,10.5,0,8.8,0.193,8.8,0.193,8.8,0.193,8.8,0.193,8.8,0.193,8.8,0.193,8.8,0.193
222619,,,,,,,,,,,,,,,,,,,,,
222621,,,,,,,,,,,,,,,,,,,,,
222716,61,61,0,61,0,61,0,61,0,61,0,61,0,61,0,,,,,51,0.196
222757,,,,,,,,,,,,,,,,,,,,,
222759,17,17,0,17,0,17,0,17,0,17,0,17,0,17,0,17,0,17,0,17,0
222760,64.9,64.9,0,64.9,0,64.9,0,64.9,0,64.9,0,64.9,0,64.9,0,64.9,0,61.9,0.0485,59.9,0.0835
222765,,,,,,,,,,,,,,,,,,,,,
222791,,,,,,,,,,,,,,,,,,,,,
222792,,,,,,,,,,,,,,,,,,,,,
222802,,,,,,,,,,,,,,,,,,,,,
222807,,,,,,,,,,,,,,,,,,,,,
222813,15,15,0,15,0,15,0,15,0,15,0,15,0,19.5,-0.231,19.5,-0.231,18,-0.167,11.7,0.282
222825,12,12,0,12,0,12,0,12,0,12,0,12,0,12,0,,,,,,
222830,,,,,,,,,,,,,,,,,,,,,
222831,,,,,,,,,,,,,,,,,,,,,
222833,,,,,,,,,,,,,,,,,,,,,
222894,,,,,,,,,,,,,,,,,,,,,
222896,,,,,,,,,,,,,,,,,,,,,
222920,22,22,0,22,0,22,0,22,0,22,0,22,0,,,22,0,,,,
222927,15,15,0,15,0,15,0,15,0,,,15,0,,,15,0,14,0.0714,,
222931,,,,,,,,,,,,,,,,,,,,,
222932,,,,,,,,,,,,,,,,,,,,,
222934,,,,,,,,,,,,,,,,,,,,,
222971,22,26.4,-0.167,26.4,-0.167,19.8,0.111,19.8,0.111,19.8,0.111,19.8,0.111,26.4,-0.167,26.4,-0.167,24,-0.0833,21.6,0.0185
223035,12.5,12.5,0,12.5,0,12.5,0,12.5,0,12.5,0,12.5,0,12.5,0,12.5,0,8.5,0.471,8.5,0.471
223036,12,12,0,12,0,12,0,12,0,12,0,12,0,12,0,12,0,9,0.333,8.5,0.412
223038,20,20,0,20,0,20,0,20,0,20,0,20,0,20,0,20,0,14,0.429,14,0.429
223044,,,,,,,,,,,,,,,,,,,,,
223045,57.5,57.5,0,57.5,0,57.5,0,57.5,0,57.5,0,57.5,0,57.5,0,62,-0.0726,62,-0.0726,47,0.223
223046,57.5,57.5,0,57.5,0,57.5,0,57.5,0,57.5,0,57.5,0,57.5,0,62,-0.0726,62,-0.0726,47,0.223
223093,9.5,9.5,0,9.5,0,9.5,0,9.5,0,12.5,-0.24,12.5,-0.24,12.5,-0.24,8.7,0.092,8.7,0.092,7.5,0.267
223603,,,,,,,,,,,,,,,,,,,,,
223608,,,,,,,,,,,,,,,,,,,,,
223611,15,15,0,15,0,15,0,15,0,15,0,15,0,15,0,15,0,15,0,12,0.25
223615,101,101,0,101,0,101,0,101,0,101,0,101,0,,,,,,,,
223616,118,118,0,118,0,118,0,118,0,118,0,118,0,122,-0.0328,,,99.8,0.182,79,0.494
223617,39.9,39.9,0,39.9,0,39.9,0,39.9,0,,,,,,,39.9,0,34.9,0.143,,
223619,96.9,96.9,0,96.9,0,96.9,0,96.9,0,96.9,0,,,96.9,0,96.9,0,84,0.154,84,0.154
223620,38.9,38.9,0,38.9,0,38.9,0,44.9,-0.134,44.9,-0.134,44.9,-0.134,51.9,-0.25,51.9,-0.25,38,0.0237,35.5,0.0958
223621,33.9,33.9,0,33.9,0,33.9,0,39.9,-0.15,39.9,-0.15,39.9,-0.15,44.9,-0.245,44.9,-0.245,32,0.0594,30.5,0.111
223622,33.9,33.9,0,33.9,0,33.9,0,39.9,-0.15,39.9,-0.15,39.9,-0.15,44.9,-0.245,44.9,-0.245,32,0.0594,30.5,0.111
223624,,,,,,,,,,,,,,,,,,,,,
223626,10.5,10.5,0,10.5,0,10.5,0,10.5,0,10.5,0,10.5,0,,,,,10.5,0,10,0.05
223627,10.5,10.5,0,10.5,0,10.5,0,10.5,0,10.5,0,,,,,,,10.5,0,10,0.05
223628,10.5,10.5,0,10.5,0,10.5,0,10.5,0,10.5,0,,,,,,,10.5,0,10,0.05
223638,48,48,0,48,0,48,0,48,0,48,0,48,0,48.1,-0.00208,48.1,-0.00208,45.7,0.0503,,
223655,,,,,,,,,,,,,,,,,,,,,
223656,65.9,65.9,0,65.9,0,65.9,0,65.9,0,65.9,0,65.9,0,49.4,0.334,72.5,-0.091,,,,
223658,41.9,41.9,0,41.9,0,41.9,0,41.9,0,,,,,41.9,0,41.9,0,41.9,0,39.9,0.0501
223659,,,,,,,,,,,,,,,,,,,,,
223660,,,,,,,,,,,,,,,,,,,,,
223661,,,,,,,,,,,,,,,,,,,,,
223662,,,,,,,,,,,,,,,,,,,,,
223663,21,21,0,21,0,21,0,21,0,21,0,21,0,21,0,21,0,10,1.1,10,1.1
223664,21,21,0,21,0,21,0,21,0,21,0,21,0,,,21,0,10,1.1,,
223665,21,21,0,21,0,21,0,21,0,21,0,21,0,21,0,21,0,10,1.1,10,1.1
223666,,,,,,,,,,,,,,,,,,,,,
223667,,,,,,,,,,,,,,,,,,,,,
223668,,,,,,,,,,,,,,,,,,,,,
223669,57.3,57.3,0,57.3,0,57.3,0,57.3,0,57.3,0,57.3,0,57.3,0,,,50,0.146,40,0.432
223671,,,,,,,,,,,,,,,,,,,,,
223674,,,,,,,,,,,,,,,,,,,,,
223675,,,,,,,,,,,,,,,,,,,,,
223676,,,,,,,,,,,,,,,,,,,,,
223678,20.1,20.1,0,20.1,0,20.1,0,28.5,-0.295,28.5,-0.295,28.5,-0.295,28.5,-0.295,,,,,,
223679,,,,,,,,,,,,,,,,,,,,,
223681,15,15,0,15,0,15,0,15,0,15,0,16.8,-0.107,16.8,-0.107,16.8,-0.107,14,0.0714,,
223682,15,15,0,,,15,0,15,0,15,0,16.8,-0.107,16.8,-0.107,16.8,-0.107,14,0.0714,,
223683,,,,,,,,,,,,,,,,,,,,,
223685,,,,,,,,,,,,,,,,,,,,,
223686,,,,,,,,,,,,,,,,,,,,,
223709,8.5,8.5,0,8.5,0,8.5,0,8.5,0,8.5,0,8.5,0,7,0.214,8.5,0,8.5,0,,
223710,8.5,8.5,0,8.5,0,8.5,0,8.5,0,8.5,0,8.5,0,7,0.214,8.5,0,8.5,0,3.9,1.18
223711,8.5,8.5,0,8.5,0,8.5,0,8.5,0,8.5,0,8.5,0,7,0.214,8.5,0,8.5,0,,
223712,8.5,8.5,0,8.5,0,8.5,0,8.5,0,8.5,0,8.5,0,7,0.214,8.5,0,8.5,0,3.9,1.18
223713,,,,,,,,,,,,,,,,,,,,,
223716,,,,,,,,,,,,,,,,,,,,,
223717,52.5,52.5,0,52.5,0,52.5,0,52.5,0,52.5,0,52.5,0,52.5,0,52.5,0,,,48.1,0.0915
223718,24.9,24.9,0,24.9,0,24.9,0,24.9,0,24.9,0,24.9,0,24.9,0,24.9,0,22.5,0.107,22,0.132
223719,144,144,0,144,0,144,0,144,0,144,0,,,144,0,,,127,0.132,116,0.236
223720,194,194,0,194,0,194,0,194,0,194,0,194,0,194,0,175,0.107,,,,
223722,48.2,48.2,0,48.2,0,48.2,0,48.2,0,48.2,0,56.8,-0.151,56.8,-0.151,,,,,,
223723,55.5,55.5,0,55.5,0,,,,,,,,,69.3,-0.199,78.5,-0.293,76.3,-0.273,53.9,0.0297
223724,78.5,78.5,0,78.5,0,78.5,0,78.5,0,78.5,0,78.5,0,69,0.138,78.5,0,76.3,0.0288,53.9,0.456
223725,36.5,36.5,0,36.5,0,36.5,0,45.5,-0.198,45.5,-0.198,45.5,-0.198,45.5,-0.198,51.5,-0.291,46.4,-0.213,35.3,0.034
223727,16.6,16.6,0,16.6,0,16.6,0,16.6,0,16.6,0,16.6,0,16.6,0,16.6,0,16.6,0,,
223728,,,,,,,,,,,,,,,,,,,,,
223729,,,,,,,,,,,,,,,,,,,,,
223730,42.4,42.4,0,42.4,0,42.4,0,42.4,0,42.4,0,42.4,0,42.4,0,42.4,0,42.4,0,,
223731,31.1,31.1,0,31.1,0,31.1,0,31.1,0,31.1,0,31.1,0,31.1,0,31.1,0,31.1,0,,
223732,,,,,,,,,,,,,,,,,,,,,
223733,27.4,27.4,0,27.4,0,27.4,0,27.4,0,27.4,0,27.4,0,27.4,0,27.4,0,27.4,0,,
223734,22.9,22.9,0,22.9,0,22.9,0,22.9,0,22.9,0,28.5,-0.196,28.5,-0.196,36.9,-0.379,25.5,-0.102,19,0.205
223763,18.5,18.5,0,18.5,0,18.5,0,18.5,0,18.5,0,15,0.233,18.5,0,21,-0.119,13.8,0.341,13,0.423
223764,18.5,18.5,0,18.5,0,18.5,0,18.5,0,18.5,0,15,0.233,18.5,0,21,-0.119,13.8,0.341,13,0.423
223765,18.5,18.5,0,18.5,0,18.5,0,18.5,0,18.5,0,15,0.233,18.5,0,21,-0.119,,,13,0.423
223766,18.5,18.5,0,18.5,0,18.5,0,18.5,0,18.5,0,15,0.233,18.5,0,21,-0.119,,,13,0.423
223778,,,,,,,,,,,,,,,,,,,,,
223779,,,,,,,,,,,,,,,,,,,,,
223780,,,,,,,,,,,,,,,,,,,,,
223798,,,,,,,,,,,,,,,,,,,,,
223805,6.7,9,-0.256,9,-0.256,9,-0.256,9,-0.256,9,-0.256,6,0.117,9,-0.256,10.5,-0.362,9.9,-0.323,7.6,-0.118
223810,,,,,,,,,,,,,,,,,,,,,
223811,94,94,0,94,0,94,0,94,0,94,0,94,0,96.9,-0.0299,92,0.0217,82,0.146,84,0.119
223812,94,94,0,94,0,94,0,94,0,94,0,96.9,-0.0299,96.9,-0.0299,92,0.0217,82,0.146,,
223813,,,,,,,,,,,,,,,,,,,,,
223817,20.9,20.9,0,20.9,0,20.9,0,20.9,0,,,,,,,,,,,,
223819,88,88,0,88,0,88,0,88,0,88,0,87.9,0.00114,87.9,0.00114,87.9,0.00114,64.3,0.369,64.3,0.369
223820,54,54,0,54,0,54,0,54,0,54,0,53.9,0.00186,53.9,0.00186,53.9,0.00186,38.9,0.388,33.9,0.593
223821,85,85,0,85,0,85,0,85,0,85,0,84.9,0.00118,84.9,0.00118,84.9,0.00118,62.8,0.354,62.8,0.354
223822,,,,,,,,,,,,,,,,,,,,,
223825,167,167,0,167,0,167,0,167,0,167,0,167,0,,,167,0,149,0.121,138,0.21
223826,167,167,0,167,0,167,0,167,0,167,0,167,0,167,0,167,0,149,0.121,138,0.21
223830,,,,,,,,,,,,,,,,,,,,,
223832,17,17,0,17,0,17,0,17,0,17,0,17,0,,,,,,,,
223833,17,17,0,17,0,17,0,17,0,17,0,17,0,,,,,,,,
223834,17,17,0,17,0,17,0,17,0,17,0,17,0,,,,,,,,
223835,17,17,0,17,0,17,0,17,0,17,0,17,0,,,,,,,,
223836,17.5,17.5,0,17.5,0,17.5,0,17.5,0,17.5,0,17.5,0,,,,,,,,
223837,17.5,17.5,0,17.5,0,17.5,0,17.5,0,17.5,0,17.5,0,,,,,,,,
223838,17,17,0,17,0,17,0,17,0,17,0,17,0,,,,,,,,
223839,167,190,-0.121,190,-0.121,169,-0.0118,169,-0.0118,169,-0.0118,169,-0.0118,190,-0.121,200,-0.165,168,-0.00595,125,0.336
223840,167,190,-0.121,190,-0.121,190,-0.121,190,-0.121,190,-0.121,,,187,-0.107,200,-0.165,168,-0.00595,125,0.336
223853,13.2,,,,,,,,,,,,,,,,,,,,
223856,13.2,,,,,,,,,,,,,,,,,,,,
223858,13.2,13.2,0,13.2,0,13.2,0,13.2,0,13.2,0,13.2,0,,,,,,,,
223859,13.2,13.2,0,13.2,0,13.2,0,13.2,0,13.2,0,13.2,0,,,,,,,,
223861,,,,,,,,,,,,,,,,,,,,,
223868,65,65,0,65,0,65,0,65,0,65,0,65,0,65,0,65,0,65,0,65,0
223869,38.5,65,-0.408,65,-0.408,65,-0.408,65,-0.408,65,-0.408,65,-0.408,65,-0.408,65,-0.408,65,-0.408,,
223870,38.5,65,-0.408,65,-0.408,65,-0.408,65,-0.408,65,-0.408,65,-0.408,65,-0.408,65,-0.408,65,-0.408,65,-0.408
223871,38.5,65,-0.408,65,-0.408,65,-0.408,65,-0.408,65,-0.408,65,-0.408,65,-0.408,65,-0.408,65,-0.408,65,-0.408
223872,38.5,65,-0.408,65,-0.408,65,-0.408,65,-0.408,65,-0.408,65,-0.408,65,-0.408,65,-0.408,65,-0.408,65,-0.408
223873,38.5,65,-0.408,65,-0.408,65,-0.408,65,-0.408,65,-0.408,65,-0.408,65,-0.408,65,-0.408,65,-0.408,65,-0.408
223874,38.5,65,-0.408,65,-0.408,65,-0.408,65,-0.408,65,-0.408,65,-0.408,65,-0.408,65,-0.408,65,-0.408,65,-0.408
223879,105,105,0,105,0,105,0,105,0,105,0,105,0,105,0,105,0,,,44,1.4
223880,,,,,,,,,,,,,,,,,,,,,
223881,163,163,0,163,0,163,0,163,0,163,0,163,0,163,0,163,0,142,0.148,127,0.283
223882,163,163,0,163,0,163,0,163,0,163,0,163,0,163,0,163,0,142,0.148,127,0.283
223883,131,131,0,131,0,131,0,131,0,131,0,131,0,,,131,0,114,0.149,102,0.284
223884,185,185,0,185,0,185,0,185,0,185,0,185,0,185,0,185,0,162,0.142,145,0.276
223885,20.9,20.9,0,20.9,0,20.9,0,20.9,0,28.5,-0.267,28.5,-0.267,28.5,-0.267,28.5,-0.267,18,0.161,18,0.161
223897,48.1,48.1,0,48.1,0,48.1,0,48.1,0,48.1,0,65.3,-0.263,65.3,-0.263,65.3,-0.263,58.2,-0.174,53.7,-0.104
223904,,,,,,,,,,,,,,,,,,,,,
223906,28.3,28.3,0,28.3,0,28.3,0,37.1,-0.237,37.1,-0.237,37.1,-0.237,37.1,-0.237,46.1,-0.386,43.5,-0.349,32.9,-0.14
223908,38.9,38.9,0,38.9,0,38.9,0,43.9,-0.114,43.9,-0.114,43.9,-0.114,44.9,-0.134,44.9,-0.134,35,0.111,33.5,0.161
223909,38.9,38.9,0,38.9,0,38.9,0,43.9,-0.114,43.9,-0.114,43.9,-0.114,44.9,-0.134,44.9,-0.134,35,0.111,33.5,0.161
223910,20,20,0,20,0,20,0,20,0,20,0,20,0,,,20,0,20,0,20,0
223911,15.9,15.9,0,15.9,0,15.9,0,15.9,0,15.9,0,15.9,0,,,,,,,13.5,0.178
223912,66,66,0,,,,,,,66,0,,,66,0,,,52,0.269,,
223913,47,47,0,47,0,47,0,47,0,47,0,47,0,47,0,47,0,38.8,0.211,37.5,0.253
223914,163,163,0,163,0,163,0,163,0,163,0,163,0,163,0,163,0,145,0.124,133,0.226
223915,149,149,0,149,0,149,0,149,0,149,0,149,0,,,149,0,135,0.104,125,0.192
223916,149,149,0,149,0,149,0,149,0,,,,,,,,,,,,
223917,62,62,0,62,0,62,0,62,0,62,0,62,0,62,0,62,0,51.5,0.204,47,0.319
223918,98,98,0,98,0,98,0,98,0,,,98,0,98,0,98,0,82.5,0.188,75,0.307
223919,62,62,0,62,0,62,0,62,0,62,0,62,0,62,0,62,0,51.5,0.204,47,0.319
223920,83,83,0,83,0,83,0,83,0,83,0,83,0,83,0,83,0,69,0.203,67,0.239
223921,78,78,0,78,0,78,0,78,0,78,0,78,0,78,0,78,0,64.9,0.202,59,0.322
223922,,,,,,,,,,,,,,,,,,,,,
223923,21.5,21.5,0,21.5,0,21.5,0,21.5,0,21.5,0,21.5,0,23.5,-0.0851,21.5,0,,,21.5,0
223926,12,12,0,12,0,12,0,12,0,12,0,12,0,12,0,12,0,12,0,12,0
223927,,,,,,,,,,,,,,,,,,,,,
223928,,,,,,,,,,,,,,,,,,,,,
223950,,,,,,,,,,,,,,,,,,,,,
223953,25,48,-0.479,48,-0.479,37,-0.324,37,-0.324,48,-0.479,48,-0.479,48,-0.479,48,-0.479,41,-0.39,,
223954,108,108,0,108,0,108,0,108,0,108,0,108,0,108,0,130,-0.169,111,-0.0261,79.5,0.358
223955,19.2,19.2,0,19.2,0,19.2,0,19.2,0,19.2,0,19.2,0,19.2,0,16,0.2,15,0.28,16.8,0.143
223956,,,,,,,,,,,,,,,,,,,,,
223976,309,309,0,309,0,309,0,309,0,309,0,309,0,309,0,309,0,270,0.142,250,0.236
223977,38,38,0,38,0,38,0,38,0,38,0,42,-0.0952,42,-0.0952,42,-0.0952,34,0.118,27,0.407
223978,28.8,28.8,0,28.8,0,28.8,0,28.8,0,28.8,0,31.9,-0.0972,31.9,-0.0972,34.5,-0.165,28.5,0.0105,23.5,0.226
223979,45,45,0,45,0,45,0,45,0,45,0,51,-0.118,51,-0.118,53,-0.151,43,0.0465,36,0.25
223980,28.8,28.8,0,28.8,0,28.8,0,28.8,0,28.8,0,31.9,-0.0972,31.9,-0.0972,34.5,-0.165,28.5,0.0105,23.5,0.226
223981,,,,,,,,,,,,,,,,,,,,,
223982,,,,,,,,,,,,,,,,,,,,,
223983,,,,,,,,,,,,,,,,,,,,,
223984,,,,,,,,,,,,,,,,,,,,,
223985,,,,,,,,,,,,,,,,,,,,,
223986,46.9,46.9,0,46.9,0,46.9,0,46.9,0,46.9,0,52.9,-0.113,52.9,-0.113,54.9,-0.146,43,0.0907,38,0.234
223987,,,,,,,,,,,,,,,,,,,,,
223988,,,,,,,,,,,,,,,,,,,,,
223989,,,,,,,,,,,,,,,,,,,,,
223990,,,,,,,,,,,,,,,,,,,,,
223991,,,,,,,,,,,,,,,,,,,,,
223992,177,177,0,177,0,177,0,177,0,177,0,177,0,177,0,253,-0.3,195,-0.0933,140,0.264
223993,117,117,0,,,,,,,117,0,117,0,117,0,117,0,117,0,117,0
223995,144,144,0,144,0,144,0,144,0,144,0,144,0,144,0,,,120,0.205,115,0.252
223996,75,75,0,75,0,75,0,75,0,75,0,75,0,75,0,75,0,75,0,69,0.087
223997,75,75,0,75,0,75,0,75,0,75,0,75,0,75,0,75,0,75,0,69,0.087
223998,,,,,,,,,,,,,,,,,,,,,
224005,,,,,,,,,,,,,,,,,,,,,
224007,13.8,13.8,0,13.8,0,13.8,0,13.8,0,13.8,0,13.8,0,,,13.8,0,8.5,0.624,8.5,0.624
224009,,,,,,,,,,,,,,,,,,,,,
224010,37.9,37.9,0,37.9,0,37.9,0,37.9,0,37.9,0,37.9,0,,,37.9,0,25,0.516,25,0.516
224011,,,,,,,,,,,,,,,,,,,,,
224012,,,,,,,,,,,,,,,,,,,,,
224019,,,,,,,,,,,,,,,,,,,,,
224020,,,,,,,,,,,,,,,,,,,,,
224021,,,,,,,,,,,,,,,,,,,,,
224023,99,99,0,99,0,99,0,99,0,99,0,99,0,99,0,99,0,74,0.338,74,0.338
224035,,,,,,,,,,,,,,,,,,,,,
224036,,,,,,,,,,,,,,,,,,,,,
224041,138,138,0,138,0,138,0,138,0,138,0,138,0,138,0,138,0,125,0.101,118,0.165
224042,28.1,28.1,0,28.1,0,28.1,0,28.1,0,28.1,0,35.1,-0.199,35.1,-0.199,38.2,-0.264,33.8,-0.169,30.2,-0.0695
224043,28.1,28.1,0,28.1,0,28.1,0,28.1,0,28.1,0,35.1,-0.199,35.1,-0.199,38.2,-0.264,33.8,-0.169,30.2,-0.0695
224044,,,,,,,,,,,,,,,,,,,,,
224047,,,,,,,,,,,,,,,,,,,,,
224048,120,120,0,120,0,120,0,120,0,120,0,120,0,120,0,120,0,120,0,120,0
224050,,,,,,,,,,,,,,,,,,,,,
224051,,,,,,,,,,,,,,,,,,,,,
224075,40.9,40.9,0,40.9,0,40.9,0,40.9,0,,,,,,,,,,,,
224076,,,,,,,,,,,,,,,,,,,,,
224077,,,,,,,,,,,,,,,,,,,,,
224082,,,,,,,,,,,,,,,,,,,,,
224083,88.9,88.9,0,88.9,0,88.9,0,88.9,0,88.9,0,88.9,0,,,85.9,0.0349,85.9,0.0349,85.9,0.0349
224084,54.9,54.9,0,54.9,0,54.9,0,54.9,0,54.9,0,54.9,0,54.9,0,45,0.22,49.9,0.1,49.9,0.1
224085,88.9,88.9,0,88.9,0,88.9,0,88.9,0,88.9,0,88.9,0,,,88.9,0,88.9,0,85.9,0.0349
224091,,,,,,,,,,,,,,,,,,,,,
224092,,,,,,,,,,,,,,,,,,,,,
224095,20.6,20.6,0,20.6,0,20.6,0,20.6,0,20.6,0,20.6,0,20.6,0,22.9,-0.1,,,,
224096,231,231,0,231,0,231,0,231,0,231,0,231,0,231,0,231,0,202,0.144,180,0.283
224097,97,97,0,97,0,97,0,97,0,97,0,97,0,97,0,97,0,80,0.212,80,0.212
224098,96.5,96.5,0,96.5,0,96.5,0,120,-0.199,120,-0.199,120,-0.199,120,-0.199,136,-0.293,132,-0.272,92,0.0489
224101,,,,,,,,,,,,,,,,,,,,,
224140,20.5,20.5,0,20.5,0,20.5,0,20.5,0,20.5,0,20.5,0,20.5,0,20.5,0,16.5,0.242,16.5,0.242
224141,,,,,,,,,,,,,,,,,,,,,
224187,22.5,22.5,0,22.5,0,22.5,0,22.5,0,22.5,0,22.5,0,22.5,0,22.5,0,22.5,0,22.5,0
224471,26,26,0,26,0,26,0,26,0,26,0,26,0,26,0,26,0,23.5,0.106,19.5,0.333
224479,28.5,28.5,0,28.5,0,28.5,0,28.5,0,28.5,0,28.5,0,28.5,0,28.5,0,23.8,0.197,22.5,0.267
224798,28.5,28.5,0,28.5,0,28.5,0,28.5,0,28.5,0,28.5,0,28.5,0,,,27,0.0556,27,0.0556
224823,,,,,,,,,,,,,,,,,,,,,
224827,,,,,,,,,,,,,,,,,,,,,
224904,27.2,27.2,0,27.2,0,27.2,0,27.2,0,27.2,0,27.2,0,27.2,0,33,-0.176,29.6,-0.0811,21.3,0.277
224917,,,,,,,,,,,,,,,,,,,,,
225010,,,,,,,,,,,,,,,,,,,,,
225035,20.9,20.9,0,20.9,0,20.9,0,20.9,0,20.9,0,,,,,,,,,,
225037,,,,,,,,,,,,,,,,,,,,,
225048,65.6,65.6,0,65.6,0,65.6,0,65.6,0,65.6,0,65.6,0,65.6,0,70.8,-0.0734,70.8,-0.0734,56,0.171
225049,87.5,87.5,0,87.5,0,87.5,0,87.5,0,87.5,0,87.5,0,87.5,0,98.3,-0.11,98.3,-0.11,76,0.151
225120,87.5,87.5,0,87.5,0,87.5,0,87.5,0,87.5,0,87.5,0,87.5,0,98.3,-0.11,98.3,-0.11,76,0.151
225121,72,72,0,72,0,72,0,72,0,72,0,72,0,72,0,75.4,-0.0451,75.4,-0.0451,59,0.22
225130,54.9,54.9,0,54.9,0,,,,,,,,,,,,,,,,
225132,32,32,0,32,0,32,0,32,0,32,0,,,,,,,,,,
225133,21.3,21.3,0,21.3,0,21.3,0,21.3,0,21.3,0,,,,,,,,,,
225135,20.9,20.9,0,20.9,0,20.9,0,20.9,0,20.9,0,,,,,,,,,,
225136,20.9,20.9,0,20.9,0,20.9,0,20.9,0,20.9,0,,,,,,,,,,
225137,,,,,,,,,,,,,,,,,,,,,
225142,7.5,7.5,0,7.5,0,7.5,0,7.5,0,7.5,0,7.5,0,7.5,0,7.5,0,7.5,0,7.5,0
225150,38.5,38.5,0,38.5,0,38.5,0,38.5,0,38.5,0,38.5,0,38.5,0,38.5,0,30,0.283,30,0.283
225155,98,98,0,98,0,98,0,98,0,,,,,,,,,,,,
225156,98,98,0,98,0,98,0,98,0,,,,,,,,,,,,
225157,62,62,0,62,0,62,0,62,0,,,,,,,,,,,,
225158,62,62,0,62,0,62,0,62,0,,,,,,,,,,,,
225159,83,83,0,83,0,83,0,83,0,,,,,,,,,,,,
225164,37.9,37.9,0,37.9,0,37.9,0,37.9,0,,,,,,,,,,,,
225177,7.5,7.5,0,7.5,0,7.5,0,7.5,0,7.5,0,7.5,0,7.5,0,7.5,0,7.5,0,7.5,0
225183,8.4,8.4,0,8.4,0,,,,,,,,,,,,,,,,
225184,,,,,,,,,,,,,,,,,,,,,
225185,7.5,7.5,0,7.5,0,7.5,0,7.5,0,7.5,0,7.5,0,7.5,0,7.5,0,7.5,0,7.5,0
225186,21,21,0,21,0,21,0,21,0,,,,,,,,,,,,
225193,7.5,7.5,0,7.5,0,7.5,0,7.5,0,7.5,0,7.5,0,7.5,0,7.5,0,7.5,0,7.5,0
225194,8,8,0,8,0,8,0,8,0,8,0,8,0,8,0,8,0,8,0,8,0
225225,45,45,0,,,45,0,45,0,,,45,0,45,0,45,0,,,38,0.184
225401,4.5,4.5,0,4.5,0,4.5,0,4.5,0,3.7,0.216,,,3.7,0.216,3.7,0.216,3.7,0.216,3,0.5
225505,36.4,36.4,0,36.4,0,36.4,0,36.4,0,36.4,0,36.4,0,,,,,,,,
225506,,,,,,,,,,,,,,,,,,,,,
225510,39.5,39.5,0,39.5,0,39.5,0,39.5,0,39.5,0,39.5,0,39.5,0,39.5,0,37.5,0.0533,29.3,0.348
225517,15.5,15.5,0,15.5,0,15.5,0,15.5,0,15.5,0,15.5,0,15.5,0,17,-0.0882,8.2,0.89,8.2,0.89
225531,,,,,,,,,,,,,,,,,,,,,
225557,61,61,0,61,0,61,0,61,0,61,0,61,0,61,0,56,0.0893,56,0.0893,51,0.196
225580,36,36,0,36,0,36,0,36,0,36,0,,,36,0,,,,,,
225581,15,15,0,15,0,15,0,15,0,15,0,15,0,,,,,,,,
225582,43.9,43.9,0,43.9,0,43.9,0,,,,,,,,,,,,,24,0.829
225585,,,,,,,,,,,,,,,,,,,,,
225630,33.5,33.5,0,33.5,0,33.5,0,33.5,0,33.5,0,33.5,0,33.5,0,33.5,0,28,0.196,28,0.196
225673,36,36,0,36,0,36,0,36,0,36,0,36,0,36,0,36,0,30,0.2,30,0.2
225681,33.5,33.5,0,33.5,0,33.5,0,33.5,0,33.5,0,33.5,0,33.5,0,33.5,0,26,0.288,26,0.288
225690,31,31,0,31,0,31,0,31,0,31,0,31,0,31,0,31,0,,,26,0.192
225703,11,11,0,11,0,11,0,11,0,11,0,11,0,11,0,11,0,9.4,0.17,9.4,0.17
225789,16.9,16.9,0,16.9,0,16.9,0,16.9,0,14.5,0.166,12.9,0.31,14.5,0.166,14.5,0.166,13.8,0.225,13.8,0.225
225959,14.5,14.5,0,14.5,0,14.5,0,14.5,0,14.5,0,14.5,0,14.5,0,14.5,0,,,13.8,0.0507
226010,14.7,14.7,0,14.7,0,14.7,0,14.7,0,14.7,0,14.7,0,14.7,0,14.7,0,13.2,0.114,12.5,0.176
226014,76.8,76.8,0,76.8,0,76.8,0,76.8,0,76.8,0,76.8,0,76.8,0,76.8,0,69.6,0.103,64,0.2
226018,15,15,0,,,15,0,15,0,15,0,15,0,15,0,,,13.2,0.136,12.5,0.2
226019,15,15,0,15,0,15,0,15,0,15,0,15,0,15,0,15,0,13.2,0.136,12.5,0.2
226020,,,,,,,,,,,,,,,,,,,,,
226021,59,59,0,,,,,,,59,0,59,0,,,,,55.2,0.0688,,
226022,28,28,0,28,0,28,0,28,0,28,0,28,0,28,0,28,0,28,0,25,0.12
226023,22.8,22.8,0,22.8,0,22.8,0,22.8,0,22.8,0,22.8,0,22.8,0,22.8,0,22.8,0,20.5,0.112
226024,18.6,18.6,0,18.6,0,18.6,0,18.6,0,18.6,0,18.6,0,18.6,0,18.6,0,15.5,0.2,17,0.0941
226026,15.6,15.6,0,15.6,0,15.6,0,15.6,0,15.6,0,15.6,0,15.6,0,15.6,0,15.6,0,15,0.04
226027,21.6,21.6,0,21.6,0,21.6,0,21.6,0,21.6,0,21.6,0,21.6,0,21.6,0,21.6,0,20,0.08
226477,41,41,0,41,0,41,0,41,0,41,0,41,0,41,0,41,0,36.5,0.123,36.5,0.123
226700,,,,,,,,,,,,,,,,,,,,,
226877,,,,,,,,,,,,,,,,,,,,,
226998,13.7,13.7,0,13.7,0,13.7,0,13.7,0,13.7,0,13.7,0,13.7,0,13.7,0,,,,
227094,,,,,,,,,,,,,,,,,,,,,
227095,17.9,17.9,0,17.9,0,17.9,0,17.9,0,17.9,0,22.3,-0.197,22.3,-0.197,22.3,-0.197,20,-0.105,,
227096,190,228,-0.167,228,-0.167,228,-0.167,228,-0.167,228,-0.167,228,-0.167,230,-0.174,155,0.226,153,0.24,,
227100,110,110,0,110,0,110,0,110,0,110,0,110,0,110,0,110,0,,,,
227101,76.8,76.8,0,76.8,0,76.8,0,76.8,0,76.8,0,76.8,0,,,76.8,0,,,,
227103,24.2,24.2,0,24.2,0,24.2,0,24.2,0,24.2,0,20.5,0.18,24.2,0,24.2,0,20,0.21,20,0.21
227104,209,250,-0.164,250,-0.164,219,-0.0457,219,-0.0457,225,-0.0711,250,-0.164,250,-0.164,254,-0.179,229,-0.0873,178,0.172
227105,209,250,-0.164,250,-0.164,219,-0.0457,219,-0.0457,225,-0.0711,250,-0.164,250,-0.164,254,-0.179,229,-0.0873,178,0.172
227109,158,158,0,158,0,158,0,158,0,158,0,158,0,158,0,158,0,132,0.197,120,0.311
227112,31,31,0,31,0,31,0,31,0,31,0,31,0,,,31,0,25,0.24,25,0.24
227113,31,31,0,31,0,31,0,31,0,31,0,31,0,,,31,0,25,0.24,,
227122,31.9,31.9,0,31.9,0,31.9,0,35.9,-0.111,35.9,-0.111,35.9,-0.111,45.5,-0.299,45.5,-0.299,29,0.1,28,0.139
227124,27,27,0,27,0,27,0,27,0,27,0,,,27,0,27,0,21.9,0.233,17.5,0.543
227128,,,,,,,,,,,,,,,,,,,,,
227130,,,,,,,,,,,,,,,,,,,,,
227134,,,,,,,,,,,,,,,,,,,,,
227135,14,14,0,14,0,14,0,14,0,14,0,14,0,14,0,14,0,14,0,11.5,0.217
227136,14,14,0,14,0,14,0,14,0,14,0,14,0,14,0,14,0,14,0,11.5,0.217
227141,,,,,,,,,,,,,,,,,,,,,
227142,143,143,0,143,0,143,0,143,0,143,0,143,0,143,0,,,,,110,0.3
227143,232,232,0,232,0,232,0,232,0,232,0,232,0,232,0,,,,,,
227144,,,,,,,,,,,,,,,,,,,,,
227146,,,,,,,,,,,,,,,,,,,,,
227147,,,,,,,,,,,,,,,,,,,,,
227148,244,244,0,244,0,244,0,244,0,244,0,244,0,214,0.139,183,0.332,215,0.134,167,0.463
227149,244,244,0,244,0,244,0,244,0,244,0,244,0,214,0.139,183,0.332,215,0.134,167,0.463
227150,216,216,0,216,0,216,0,216,0,216,0,216,0,214,0.00888,183,0.18,215,0.00419,167,0.296
227156,,,,,,,,,,,,,,,,,,,,,
227157,60.5,60.5,0,60.5,0,60.5,0,60.5,0,60.5,0,60.5,0,60.5,0,65.8,-0.0805,65.8,-0.0805,49.5,0.222
227158,87.5,87.5,0,87.5,0,87.5,0,87.5,0,87.5,0,87.5,0,87.5,0,98.3,-0.11,98.3,-0.11,76,0.151
227159,64,64,0,64,0,64,0,64,0,64,0,64,0,64,0,68.3,-0.063,68.3,-0.063,54,0.185
227160,36.8,36.8,0,36.8,0,36.8,0,36.8,0,36.8,0,36.8,0,36.8,0,,,40,-0.08,31,0.187
227162,43.3,43.3,0,43.3,0,43.3,0,43.3,0,43.3,0,43.3,0,43.3,0,46.5,-0.0688,,,36.5,0.186
227163,43.3,43.3,0,43.3,0,43.3,0,43.3,0,43.3,0,43.3,0,43.3,0,46.5,-0.0688,46.5,-0.0688,36.5,0.186
227164,38.9,38.9,0,38.9,0,38.9,0,38.9,0,38.9,0,38.9,0,38.9,0,41.9,-0.0716,41.9,-0.0716,32.5,0.197
227165,,,,,,,,,,,,,,,,,,,,,
227166,60.5,60.5,0,60.5,0,60.5,0,60.5,0,60.5,0,60.5,0,60.5,0,65.8,-0.0805,65.8,-0.0805,51.6,0.172
227167,87.5,87.5,0,87.5,0,87.5,0,87.5,0,87.5,0,87.5,0,87.5,0,98.3,-0.11,98.3,-0.11,76.5,0.144
227168,87.5,87.5,0,87.5,0,87.5,0,87.5,0,87.5,0,87.5,0,87.5,0,98.3,-0.11,98.3,-0.11,76.5,0.144
227169,60.5,60.5,0,60.5,0,60.5,0,60.5,0,60.5,0,60.5,0,60.5,0,65.8,-0.0805,65.8,-0.0805,49.5,0.222
227172,,,,,,,,,,,,,,,,,,,,,
227174,10,10,0,10,0,10,0,10,0,10,0,10,0,,,,,9,0.111,8.5,0.176
227176,,,,,,,,,,,,,,,,,,,,,
227179,,,,,,,,,,,,,,,,,,,,,
227182,19.2,19.2,0,19.2,0,19.2,0,19.2,0,19.2,0,19.2,0,,,19.2,0,18,0.0667,16.8,0.143
227183,64.9,64.9,0,64.9,0,64.9,0,64.9,0,64.9,0,64.9,0,64.9,0,64.9,0,44.9,0.445,55.9,0.161
227487,171,171,0,171,0,171,0,171,0,171,0,171,0,171,0,171,0,154,0.113,130,0.318
227702,,,,,,,,,,,,,,,,,,,,,
227712,189,189,0,189,0,189,0,189,0,189,0,189,0,189,0,224,-0.155,191,-0.00839,137,0.381
227785,66.2,66.2,0,66.2,0,66.2,0,66.2,0,66.2,0,66.2,0,66.2,0,66.2,0,54,0.226,43.5,0.522
227786,66.2,66.2,0,66.2,0,66.2,0,66.2,0,66.2,0,66.2,0,66.2,0,66.2,0,54,0.226,43,0.54
227787,,,,,,,,,,,,,,,,,,,,,
227791,47.5,47.5,0,47.5,0,47.5,0,47.5,0,47.5,0,47.5,0,47.5,0,,,44.9,0.0579,39,0.218
227819,10.5,10.5,0,10.5,0,,,,,,,,,9.8,0.0714,,,,,,
227820,158,158,0,158,0,158,0,158,0,158,0,158,0,158,0,158,0,130,0.215,116,0.362
227830,,,,,,,,,,,,,,,,,,,,,
227838,13,13,0,13,0,13,0,13,0,13,0,13,0,13,0,13,0,13,0,11.8,0.102
227878,29,29,0,29,0,29,0,29,0,29,0,29,0,29,0,36.6,-0.208,30.5,-0.0492,20,0.45
227919,8.9,8.9,0,11.5,-0.226,11.5,-0.226,11.5,-0.226,11.5,-0.226,11.5,-0.226,9.5,-0.0632,8.9,0,11.5,-0.226,7.3,0.219
228011,75.9,75.9,0,75.9,0,75.9,0,75.9,0,,,,,75.9,0,,,,,,
228012,75.9,75.9,0,75.9,0,75.9,0,75.9,0,,,,,,,,,,,,
228014,,,,,,,,,,,,,,,,,,,,,
228015,19.5,19.5,0,19.5,0,19.5,0,19.5,0,,,,,,,,,,,,
228023,48.9,48.9,0,48.9,0,48.9,0,59.9,-0.184,59.9,-0.184,59.9,-0.184,,,,,,,,
228028,,,,,,,,,,,,,,,,,,,,,
228032,75,75,0,75,0,75,0,75,0,75,0,75,0,75,0,75,0,,,,
228033,75,75,0,75,0,75,0,75,0,75,0,75,0,75,0,75,0,,,,
228034,83,83,0,83,0,83,0,83,0,83,0,83,0,83,0,83,0,,,,
228035,36,36,0,36,0,36,0,36,0,36,0,36,0,36,0,,,,,,
228037,36,36,0,36,0,36,0,36,0,36,0,36,0,36,0,,,,,,
228038,,,,,,,,,,,,,,,,,,,,,
228039,36,36,0,36,0,36,0,36,0,36,0,36,0,36,0,,,,,,
228040,36,36,0,36,0,36,0,36,0,36,0,36,0,36,0,,,,,,
228041,36,36,0,36,0,36,0,36,0,36,0,36,0,36,0,,,,,,
228042,36,36,0,36,0,36,0,36,0,36,0,36,0,36,0,,,,,,
228043,170,170,0,170,0,170,0,170,0,170,0,170,0,170,0,188,-0.0957,,,,
228045,170,170,0,170,0,170,0,170,0,170,0,170,0,170,0,188,-0.0957,,,,
228049,12.9,12.9,0,12.9,0,12.9,0,12.9,0,12.9,0,12.9,0,12.5,0.032,12.5,0.032,,,,
228056,18.5,18.5,0,18.5,0,18.5,0,26.1,-0.291,26.1,-0.291,26.1,-0.291,26.1,-0.291,26.1,-0.291,,,,
228057,18.5,18.5,0,18.5,0,18.5,0,,,26.1,-0.291,26.1,-0.291,26.1,-0.291,26.1,-0.291,,,,
228058,,,,,,,,,,,,,,,,,,,,,
228059,18.5,18.5,0,18.5,0,18.5,0,26.1,-0.291,26.1,-0.291,26.1,-0.291,26.1,-0.291,26.1,-0.291,,,,
228061,,,,,,,,,,,,,,,,,,,,,
228062,18.5,18.5,0,18.5,0,18.5,0,,,,,,,26.1,-0.291,26.1,-0.291,,,,
228063,18.5,18.5,0,18.5,0,18.5,0,,,,,26.1,-0.291,26.1,-0.291,26.1,-0.291,,,,
228071,50,50,0,50,0,50,0,50,0,50,0,50,0,50,0,50,0,,,,
228083,60,60,0,60,0,60,0,60,0,60,0,60,0,96,-0.375,93,-0.355,,,,
228084,6.6,6.6,0,6.6,0,6.6,0,6.6,0,6.6,0,6.6,0,6.6,0,6.6,0,,,,
228085,15.8,15.8,0,15.8,0,15.8,0,15.8,0,15.8,0,15.8,0,15.8,0,15.8,0,,,,
228086,31,31,0,31,0,31,0,31,0,31,0,,,31,0,31,0,,,,
228088,35.9,35.9,0,35.9,0,35.9,0,35.9,0,35.9,0,35.9,0,28,0.282,30.9,0.162,,,,
228089,21,21,0,21,0,21,0,21,0,21,0,21,0,21,0,21,0,,,,
228090,21,21,0,21,0,21,0,21,0,21,0,21,0,21,0,21,0,,,,
228091,,,,,,,,,,,,,,,,,,,,,
228096,60.9,55.9,0.0894,55.9,0.0894,55.9,0.0894,55.9,0.0894,55.9,0.0894,,,,,,,,,,
228097,43.5,40.3,0.0794,40.3,0.0794,,,,,,,,,,,,,,,,
228098,60.9,55.9,0.0894,55.9,0.0894,55.9,0.0894,55.9,0.0894,55.9,0.0894,55.9,0.0894,,,,,,,,
228099,43.5,40.3,0.0794,40.3,0.0794,40.3,0.0794,40.3,0.0794,,,,,40.3,0.0794,,,,,,
228101,36,36,0,36,0,36,0,36,0,,,,,36,0,,,,,,
228102,36,36,0,36,0,36,0,36,0,36,0,,,36,0,,,,,,
228113,26,26,0,26,0,26,0,26,0,26,0,26,0,26,0,32.8,-0.207,,,,
228114,10.9,10.9,0,10.9,0,10.9,0,10.9,0,10.9,0,,,,,,,,,,
228115,16.4,16.4,0,16.4,0,16.4,0,16.4,0,16.4,0,16.4,0,16.4,0,16.4,0,,,,
228119,,,,,,,,,,,,,,,,,,,,,
228120,20,20,0,20,0,20,0,20,0,20,0,20,0,20,0,,,,,,
228121,20,20,0,20,0,20,0,20,0,20,0,20,0,20,0,,,,,,
228122,20,20,0,20,0,20,0,20,0,20,0,20,0,20,0,,,,,,
228123,20,20,0,20,0,20,0,20,0,20,0,20,0,20,0,,,,,,
228126,60.5,60.5,0,60.5,0,60.5,0,60.5,0,60.5,0,60.5,0,60.5,0,,,,,,
228127,,,,,,,,,,,,,,,,,,,,,
228128,60.5,60.5,0,60.5,0,60.5,0,60.5,0,60.5,0,60.5,0,60.5,0,,,,,,
228129,,,,,,,,,,,,,,,,,,,,,
228130,87.5,87.5,0,87.5,0,87.5,0,87.5,0,87.5,0,87.5,0,87.5,0,98.3,-0.11,,,,
228131,87.5,87.5,0,87.5,0,87.5,0,87.5,0,87.5,0,87.5,0,87.5,0,98.3,-0.11,,,,
228132,59.4,59.4,0,59.4,0,59.4,0,59.4,0,59.4,0,59.4,0,59.4,0,64.5,-0.0791,,,,
228134,36.8,36.8,0,36.8,0,36.8,0,36.8,0,36.8,0,36.8,0,36.8,0,40,-0.08,,,,
228137,65,65,0,65,0,65,0,65,0,65,0,65,0,65,0,65,0,,,,
228139,9.8,14.6,-0.329,14.6,-0.329,14.6,-0.329,14.6,-0.329,14.6,-0.329,14.6,-0.329,,,14.6,-0.329,,,,
228140,24.4,36.5,-0.332,36.5,-0.332,36.5,-0.332,36.5,-0.332,,,,,36.5,-0.332,36.5,-0.332,,,,
228142,32,32,0,,,,,,,,,,,,,,,,,,
228143,32,32,0,,,,,,,,,,,,,,,,,,
228144,36.7,47,-0.219,47,-0.219,47,-0.219,47,-0.219,47,-0.219,47,-0.219,47,-0.219,47,-0.219,,,,
228145,129,129,0,129,0,129,0,139,-0.0719,139,-0.0719,139,-0.0719,139,-0.0719,139,-0.0719,104,0.24,89,0.449
228146,7.5,7.5,0,7.5,0,7.5,0,7.5,0,7.5,0,,,7.5,0,,,,,,
228147,7.5,7.5,0,7.5,0,7.5,0,7.5,0,7.5,0,7.5,0,7.5,0,,,,,,
228148,7.5,7.5,0,7.5,0,7.5,0,7.5,0,7.5,0,7.5,0,,,,,,,,
228149,34,34,0,34,0,34,0,34,0,,,,,34,0,34,0,,,,
228151,34,34,0,34,0,34,0,34,0,,,,,,,34,0,,,,
228152,34,34,0,34,0,34,0,34,0,,,,,34,0,,,,,,
228153,16.4,21,-0.219,21,-0.219,21,-0.219,21,-0.219,21,-0.219,21,-0.219,17.4,-0.0575,21,-0.219,,,,
228154,10.5,10.5,0,10.5,0,10.5,0,10.5,0,10.5,0,10.5,0,10.5,0,10.5,0,,,,
228155,41.5,41.5,0,41.5,0,41.5,0,41.5,0,41.5,0,41.5,0,41.5,0,46.5,-0.108,,,,
228156,16,16,0,16,0,16,0,16,0,16,0,16,0,16,0,16,0,,,,
228157,10.9,10.9,0,10.9,0,10.9,0,10.9,0,10.9,0,,,,,,,,,,
228158,16.4,16.4,0,16.4,0,16.4,0,16.4,0,16.4,0,16.4,0,,,,,,,,
228161,,,,,,,,,,,,,,,,,,,,,
228162,,,,,,,,,,,,,,,,,,,,,
228163,,,,,,,,,,,,,,,,,,,,,
228164,,,,,,,,,,,,,,,,,,,,,
228165,14.5,14.5,0,14.5,0,14.5,0,14.5,0,14.5,0,,,,,19,-0.237,,,,
228166,8.4,8.4,0,8.4,0,8.4,0,8.4,0,,,,,,,,,,,,
228167,5.2,5.2,0,5.2,0,5.2,0,5.2,0,,,,,,,,,,,,
228169,33,33,0,33,0,33,0,33,0,33,0,,,33,0,33,0,,,,
228178,98,98,0,98,0,98,0,98,0,98,0,98,0,98,0,98,0,,,,
228179,62,62,0,62,0,62,0,62,0,62,0,62,0,62,0,62,0,,,,
228180,62,62,0,62,0,62,0,62,0,62,0,62,0,62,0,62,0,,,,
228181,98,98,0,98,0,98,0,98,0,98,0,98,0,98,0,,,,,,
228182,78,78,0,78,0,78,0,78,0,78,0,78,0,78,0,,,,,,
228183,83,83,0,83,0,83,0,83,0,83,0,83,0,83,0,,,,,,
228185,,,,,,,,,,,,,,,,,,,,,
228186,,,,,,,,,,,,,,,,,,,,,
228187,,,,,,,,,,,,,,,,,,,,,
228188,,,,,,,,,,,,,,,,,,,,,
228189,,,,,,,,,,,,,,,,,,,,,
228190,,,,,,,,,,,,,,,,,,,,,
228191,31.9,,,,,31.9,0,31.9,0,31.9,0,,,,,,,,,,
228193,,,,,,,,,,,,,,,,,,,,,
228221,266,266,0,266,0,266,0,266,0,266,0,266,0,266,0,,,,,,
228223,22.9,22.9,0,22.9,0,22.9,0,22.9,0,22.9,0,22.9,0,22.9,0,,,,,,
228224,14.3,14.3,0,14.3,0,14.3,0,14.3,0,14.3,0,14.3,0,14.3,0,,,,,,
228225,,,,,,,,,,,,,,,,,,,,,
228226,,,,,,,,,,,,,,,,,,,,,
228228,27.3,27.3,0,27.3,0,27.3,0,27.3,0,27.3,0,27.3,0,27.3,0,27.3,0,,,,
228229,36.5,36.5,0,36.5,0,36.5,0,48.9,-0.254,48.9,-0.254,,,36,0.0139,48.9,-0.254,,,,
228231,55.5,55.5,0,55.5,0,55.5,0,69.4,-0.2,69.4,-0.2,,,,,,,,,,
228233,63.8,63.8,0,63.8,0,63.8,0,63.8,0,63.8,0,63.8,0,63.8,0,63.8,0,,,,
228239,,,,,,,,,,,,,,,,,,,,,
228240,40.8,40.8,0,40.8,0,40.8,0,40.8,0,40.8,0,40.8,0,40.8,0,,,,,,
228241,27,27,0,27,0,27,0,27,0,27,0,19.5,0.385,27,0,,,,,,
228242,70.3,90,-0.219,90,-0.219,100,-0.297,100,-0.297,100,-0.297,100,-0.297,100,-0.297,,,,,,
228243,98.4,126,-0.219,126,-0.219,140,-0.297,140,-0.297,140,-0.297,140,-0.297,140,-0.297,,,,,,
228244,45,45,0,45,0,45,0,45,0,45,0,45,0,,,,,,,,
228245,,,,,,,,,,,,,,,,,,,,,
228246,22.4,22.4,0,22.4,0,22.4,0,22.4,0,22.4,0,22.4,0,22.4,0,,,,,,
228247,,,,,,,,,,,,,,,,,,,,,
228248,38.7,38.7,0,38.7,0,38.7,0,38.7,0,38.7,0,38.7,0,,,,,,,,
228250,38.7,38.7,0,38.7,0,38.7,0,38.7,0,38.7,0,38.7,0,,,,,,,,
228291,167,167,0,167,0,167,0,167,0,167,0,,,,,,,,,,
228296,,,,,,,,,,,,,,,,,,,,,
228297,,,,,,,,,,,,,,,,,,,,,
228298,18.6,18.6,0,18.6,0,18.6,0,22.2,-0.162,22.2,-0.162,22.2,-0.162,22,-0.155,,,,,,
228299,,,,,,,,,,,,,,,,,,,,,
228300,,,,,,,,,,,,,,,,,,,,,
228301,,,,,,,,,,,,,,,,,,,,,
228302,28.3,28.3,0,28.3,0,28.3,0,37.1,-0.237,37.1,-0.237,37.1,-0.237,38,-0.255,,,,,,
228304,,,,,,,,,,,,,,,,,,,,,
228306,79,79,0,79,0,79,0,79,0,79,0,85,-0.0706,,,,,,,,
228307,37,45,-0.178,45,-0.178,45,-0.178,45,-0.178,45,-0.178,45,-0.178,45,-0.178,,,,,,
228319,57,57,0,57,0,57,0,57,0,57,0,57,0,57,0,,,,,,
228321,,,,,,,,,,,,,,,,,,,,,
228322,14.8,14.8,0,14.8,0,14.8,0,14.8,0,14.8,0,14.8,0,14.8,0,,,,,,
228323,11,11,0,11,0,10.5,0.0476,10.5,0.0476,11,0,11,0,11,0,,,,,,
228324,,,,,,,,,,,,,,,,,,,,,
228325,13.5,13.5,0,13.3,0.015,12.3,0.0976,12.3,0.0976,13.3,0.015,13.3,0.015,13.3,0.015,,,,,,
228326,,,,,,,,,,,,,,,,,,,,,
228332,150,150,0,150,0,150,0,150,0,,,,,,,,,,,,
228334,170,170,0,170,0,170,0,170,0,170,0,170,0,170,0,,,,,,
228336,13,13,0,13,0,13,0,13,0,13,0,,,,,,,,,,
228337,208,208,0,208,0,208,0,298,-0.302,298,-0.302,298,-0.302,298,-0.302,,,,,,
228345,45,45,0,45,0,45,0,45,0,45,0,45,0,,,,,,,,
228347,45,45,0,45,0,45,0,45,0,45,0,45,0,45,0,,,,,,
228349,45,45,0,45,0,45,0,45,0,45,0,45,0,,,,,,,,
228350,45,45,0,45,0,45,0,45,0,38.5,0.169,,,,,,,,,,
228351,45,45,0,45,0,45,0,45,0,38.5,0.169,45,0,45,0,,,,,,
228352,45,45,0,45,0,45,0,45,0,45,0,45,0,,,,,,,,
228353,45,45,0,45,0,45,0,45,0,45,0,45,0,,,,,,,,
228360,36,36,0,36,0,36,0,36,0,36,0,36,0,36,0,,,,,,
228361,36,36,0,36,0,36,0,36,0,36,0,36,0,36,0,,,,,,
228365,36,36,0,36,0,36,0,36,0,36,0,36,0,36,0,,,,,,
228366,36,36,0,36,0,36,0,36,0,36,0,36,0,36,0,,,,,,
228367,36,36,0,36,0,36,0,36,0,36,0,36,0,36,0,,,,,,
228368,36,36,0,36,0,36,0,36,0,36,0,36,0,36,0,,,,,,
228377,30,30,0,30,0,30,0,30,0,30,0,,,30,0,,,,,,
228378,2.8,2.8,0,2.8,0,2.8,0,2.8,0,2.8,0,2.8,0,,,,,,,,
228379,15.5,15.5,0,15.5,0,15.5,0,15.5,0,15.5,0,15.5,0,,,,,,,,
228380,14,14,0,14,0,14,0,14,0,14,0,14,0,,,,,,,,
228384,47.8,47.8,0,47.8,0,47.8,0,47.8,0,47.8,0,47.8,0,,,,,,,,
228391,,,,,,,,,,,,,,,,,,,,,
228392,,,,,,,,,,,,,,,,,,,,,
228393,15.4,15.4,0,15.4,0,15.4,0,15.4,0,16.4,-0.061,16.4,-0.061,16.4,-0.061,,,,,,
228394,27.2,27.2,0,27.2,0,27.2,0,27.2,0,29.6,-0.0811,29.6,-0.0811,29.6,-0.0811,,,,,,
228398,60,60,0,60,0,60,0,60,0,64.3,-0.0669,64.3,-0.0669,,,,,,,,
228450,,,,,,,,,,,,,,,,,,,,,
228452,21,21,0,21,0,21,0,21,0,21,0,,,,,,,,,,
228457,50,50,0,50,0,50,0,50,0,50,0,50,0,,,,,,,,
228458,31,31,0,31,0,31,0,31,0,31,0,31,0,,,,,,,,
228459,,,,,,,,,,,,,,,,,,,,,
228540,20,20,0,20,0,20,0,20,0,20,0,20,0,,,,,,,,
228670,,,,,,,,,,,,,,,,,,,,,
228671,51,51,0,,,,,51,0,51,0,51,0,51,0,,,,,,
228725,16.1,16.1,0,16.1,0,16.1,0,16.1,0,16.1,0,16.1,0,16.1,0,16.1,0,,,11.5,0.4
228771,33.5,33.5,0,33.5,0,33.5,0,33.5,0,33.5,0,33.5,0,33.5,0,33.5,0,33.5,0,25.8,0.298
228772,49.9,49.9,0,49.9,0,49.9,0,49.9,0,49.9,0,49.9,0,49.9,0,49.9,0,49.5,0.00808,,
228780,,,,,,,,,,,,,,,,,,,,,
228810,,,,,,,,,,,,,,,,,,,,,
228888,12,12,0,12,0,12,0,12,0,12,0,,,12,0,,,12,0,10,0.2
228975,65.9,65.9,0,65.9,0,65.9,0,65.9,0,65.9,0,65.9,0,,,,,,,,
228976,17,17,0,17,0,17,0,17,0,17,0,21.9,-0.224,,,,,,,,
228977,15.5,15.5,0,15.5,0,15.5,0,15.5,0,15.5,0,15.5,0,,,,,,,,
228978,22.5,22.5,0,22.5,0,18.9,0.19,18.9,0.19,22.5,0,18.9,0.19,,,,,,,,
228979,36,36,0,36,0,31.5,0.143,31.5,0.143,36,0,31.5,0.143,,,,,,,,
228980,75,75,0,75,0,70.6,0.0623,70.6,0.0623,75,0,,,,,,,,,,
228981,18.5,18.5,0,18.5,0,16,0.156,16,0.156,18.5,0,16,0.156,,,,,,,,
228983,19.1,23,-0.17,,,23,-0.17,23,-0.17,23,-0.17,,,,,,,,,,
228984,19.1,23,-0.17,,,,,23,-0.17,23,-0.17,,,,,,,,,,
228985,19.1,23,-0.17,,,23,-0.17,23,-0.17,23,-0.17,,,,,,,,,,
228986,19.1,23,-0.17,,,23,-0.17,23,-0.17,23,-0.17,,,,,,,,,,
229006,17,17,0,17,0,17,0,17,0,17,0,17,0,,,,,,,,
229014,5,5,0,5,0,4.2,0.19,4.2,0.19,,,,,,,,,,,,
229016,19.9,19.9,0,19.9,0,17.9,0.112,17.9,0.112,21,-0.0524,18,0.106,,,,,,,,
229017,50.9,50.9,0,50.9,0,46,0.107,46,0.107,50.9,0,50.9,0,,,,,,,,
229018,105,105,0,105,0,100,0.05,100,0.05,105,0,,,,,,,,,,
229019,19.9,19.9,0,19.9,0,17.9,0.112,17.9,0.112,21,-0.0524,18,0.106,,,,,,,,
229025,50.9,50.9,0,50.9,0,46,0.107,46,0.107,50.9,0,50.9,0,,,,,,,,
229026,105,105,0,105,0,100,0.05,100,0.05,105,0,105,0,,,,,,,,
229027,19.9,19.9,0,19.9,0,17.9,0.112,17.9,0.112,21,-0.0524,18,0.106,,,,,,,,
229028,50.9,50.9,0,50.9,0,46,0.107,46,0.107,50.9,0,,,,,,,,,,
229029,105,105,0,105,0,100,0.05,100,0.05,105,0,,,,,,,,,,
229030,19.9,19.9,0,19.9,0,17.9,0.112,17.9,0.112,19.9,0,18,0.106,,,,,,,,
229031,50.9,50.9,0,50.9,0,46,0.107,46,0.107,50.9,0,50.9,0,,,,,,,,
229033,105,105,0,105,0,100,0.05,100,0.05,105,0,,,,,,,,,,
229034,14.7,14.7,0,14.7,0,14.7,0,14.7,0,16.8,-0.125,16.8,-0.125,,,,,,,,
229048,207,207,0,207,0,207,0,207,0,,,,,,,,,,,,
229049,165,165,0,165,0,165,0,165,0,,,,,,,,,,,,
229073,28,28,0,28,0,28,0,28,0,28,0,28,0,28,0,21,0.333,28,0,27.9,0.00358
229074,27.9,27.9,0,27.9,0,27.9,0,27.9,0,27.9,0,27.9,0,27.9,0,27.9,0,27.9,0,27.9,0
229100,108,108,0,108,0,108,0,108,0,,,,,,,,,,,,
229101,108,108,0,108,0,108,0,108,0,,,,,,,,,,,,
229102,108,108,0,108,0,108,0,108,0,,,,,,,,,,,,
229104,79,79,0,79,0,79,0,79,0,,,,,,,,,,,,
229115,,,,,,,,,,,,,,,,,,,,,
229118,51,51,0,51,0,51,0,51,0,51,0,,,,,,,,,,
229119,83,83,0,83,0,83,0,83,0,83,0,,,,,,,,,,
229124,57,57,0,57,0,57,0,57,0,,,,,,,,,,,,
229125,57,57,0,57,0,57,0,57,0,,,,,,,,,,,,
229126,216,216,0,216,0,216,0,216,0,,,,,,,,,,,,
229131,30,30,0,30,0,30,0,30,0,,,,,,,,,,,,
229134,27,27,0,27,0,27,0,27,0,,,,,,,,,,,,
229146,230,230,0,230,0,230,0,230,0,230,0,,,,,,,,,,
229147,81.9,91,-0.1,91,-0.1,91,-0.1,91,-0.1,91,-0.1,,,,,,,,,,
229149,,,,,,,,,,,,,,,,,,,,,
229151,118,118,0,118,0,118,0,118,0,118,0,,,,,,,,,,
229152,44,44,0,44,0,44,0,48,-0.0833,48,-0.0833,,,,,,,,,,
229153,58.5,58.5,0,58.5,0,58.5,0,64,-0.0859,64,-0.0859,,,,,,,,,,
229154,52.5,52.5,0,52.5,0,52.5,0,57,-0.0789,57,-0.0789,,,,,,,,,,
229155,55.5,55.5,0,55.5,0,55.5,0,69,-0.196,69,-0.196,,,,,,,,,,
229157,,,,,,,,,,,,,,,,,,,,,
229158,31.9,31.9,0,31.9,0,31.9,0,31.9,0,,,,,,,,,,,,
229159,15.2,17,-0.106,17,-0.106,17,-0.106,16.9,-0.101,,,,,,,,,,,,
229160,34.4,45.9,-0.251,45.9,-0.251,45.9,-0.251,45.9,-0.251,,,,,,,,,,,,
229601,,,,,,,,,,,,,,,,,,,,,
229718,104,104,0,,,,,,,104,0,99,0.0455,85,0.218,85,0.218,85,0.218,85,0.218
229776,,,,,,,,,,,,,,,,,,,,,
229865,10,10,0,10,0,10,0,10,0,,,10,0,,,,,9,0.111,9,0.111
229874,10,10,0,10,0,10,0,10,0,10,0,10,0,10.5,-0.0476,10,0,9,0.111,9,0.111
230090,198,198,0,198,0,198,0,198,0,198,0,198,0,198,0,179,0.105,178,0.11,173,0.143
230103,191,191,0,191,0,191,0,191,0,191,0,191,0,191,0,179,0.0699,178,0.0747,152,0.263
230200,,,,,,,,,,,,,,,,,,,,,
230219,,,,,,,,,,,,,,,,,,,,,
230260,248,248,0,248,0,248,0,248,0,248,0,248,0,248,0,230,0.0814,215,0.156,175,0.42
230278,252,252,0,252,0,252,0,252,0,252,0,252,0,252,0,200,0.265,167,0.512,,
230324,129,129,0,129,0,129,0,129,0,129,0,129,0,129,0,125,0.0271,120,0.0698,120,0.0698
230367,129,129,0,129,0,129,0,129,0,129,0,129,0,129,0,125,0.0271,120,0.0698,120,0.0698
230383,189,189,0,189,0,189,0,189,0,,,,,,,182,0.0374,160,0.177,160,0.177
230411,30.1,30.1,0,30.1,0,30.1,0,30.1,0,30.1,0,30.1,0,30.1,0,30.1,0,30.1,0,30.1,0
230421,164,164,0,164,0,164,0,164,0,,,164,0,,,152,0.0771,132,0.242,127,0.291
230430,152,152,0,152,0,152,0,152,0,,,152,0,152,0,146,0.0424,127,0.201,127,0.201
230464,140,140,0,140,0,140,0,140,0,140,0,140,0,140,0,134,0.044,129,0.0845,129,0.0845
230478,,,,,,,,,,,,,,,,,,,,,
230479,75,75,0,75,0,69,0.087,69,0.087,69,0.087,69,0.087,75,0,79.5,-0.0566,85.2,-0.12,52.3,0.434
230481,75,75,0,75,0,69,0.087,69,0.087,69,0.087,69,0.087,75,0,79.5,-0.0566,85.2,-0.12,52.3,0.434
230482,75,75,0,75,0,69,0.087,69,0.087,69,0.087,69,0.087,75,0,79.5,-0.0566,85.2,-0.12,52.3,0.434
230483,75,75,0,75,0,69,0.087,69,0.087,69,0.087,69,0.087,75,0,79.5,-0.0566,85.2,-0.12,52.3,0.434
230487,,,,,,,,,,,,,,,,,,,,,
230488,19.4,22.9,-0.153,22.9,-0.153,22.9,-0.153,22.9,-0.153,22.9,-0.153,28.5,-0.319,28.5,-0.319,36.9,-0.474,25.5,-0.239,19.5,-0.00513
230489,56,56,0,56,0,56,0,56,0,56,0,56,0,56,0,56,0,56,0,,
230490,56,56,0,56,0,56,0,56,0,56,0,56,0,56,0,56,0,56,0,50,0.12
230491,74.9,74.9,0,74.9,0,74.9,0,74.9,0,,,,,,,,,,,,
230492,74.9,74.9,0,74.9,0,74.9,0,74.9,0,,,,,,,,,,,,
230493,144,144,0,144,0,144,0,144,0,144,0,144,0,144,0,144,0,102,0.411,81.5,0.764
230494,144,144,0,144,0,144,0,144,0,144,0,144,0,144,0,144,0,102,0.411,81.5,0.764
230495,181,181,0,181,0,181,0,,,,,,,,,,,,,,
230499,25.6,25.6,0,25.6,0,25.6,0,25.6,0,25.6,0,25.6,0,25.6,0,25,0.024,21.5,0.191,21.5,0.191
230514,39.9,39.9,0,39.9,0,39.9,0,39.9,0,39.9,0,39.9,0,39.9,0,30,0.33,29.9,0.334,39.9,0
230517,216,216,0,216,0,216,0,216,0,216,0,216,0,214,0.00841,183,0.179,215,0.00372,139,0.554
230522,,,,,,,,,,,,,,,,,,,,,
230524,18,18,0,18,0,18,0,18,0,18,0,18,0,18,0,,,19,-0.0526,,
230540,36.9,36.9,0,36.9,0,36.9,0,36.9,0,36.9,0,36.9,0,46.9,-0.213,46.9,-0.213,34,0.0853,29,0.272
230541,24.9,24.9,0,24.9,0,24.9,0,27.9,-0.108,27.9,-0.108,27.9,-0.108,33,-0.245,33,-0.245,24,0.0375,21.5,0.158
230542,33.9,33.9,0,33.9,0,33.9,0,41.9,-0.191,41.9,-0.191,41.9,-0.191,45.5,-0.255,45.5,-0.255,35,-0.0314,29.5,0.149
230543,,,,,,,,,,,,,,,,,,,,,
230547,58,58,0,58,0,58,0,58,0,58,0,58,0,58,0,,,,,,
230550,45,45,0,45,0,45,0,45,0,45,0,45,0,45,0,45,0,45,0,36.3,0.24
230551,30.3,30.3,0,30.3,0,30.3,0,30.3,0,30.3,0,30.3,0,30.3,0,30.3,0,30.3,0,24.3,0.247
230552,45,45,0,45,0,45,0,45,0,45,0,45,0,45,0,45,0,45,0,36.3,0.24
230554,30.3,30.3,0,30.3,0,30.3,0,30.3,0,30.3,0,30.3,0,30.3,0,30.3,0,30.3,0,24.3,0.247
230555,23.6,23.6,0,,,23.6,0,30.5,-0.226,30.5,-0.226,30.5,-0.226,30.5,-0.226,34,-0.306,32.3,-0.269,,
230556,,,,,,,,,,,,,,,,,,,,,
230558,23.6,23.6,0,23.6,0,23.6,0,34,-0.306,34,-0.306,34,-0.306,34,-0.306,34,-0.306,32.3,-0.269,26.9,-0.123
230559,28.9,28.9,0,28.9,0,28.9,0,36.7,-0.213,36.7,-0.213,27.5,0.0509,30,-0.0367,40.7,-0.29,37.5,-0.229,29.9,-0.0334
230560,28.9,28.9,0,28.9,0,28.9,0,37.3,-0.225,37.3,-0.225,37.3,-0.225,37.3,-0.225,40.5,-0.286,37.5,-0.229,29.9,-0.0334
230580,,,,,,,,,,,,,,,,,,,,,
230591,9.5,9.5,0,9.5,0,9.5,0,9.5,0,8,0.188,8,0.188,8,0.188,14.3,-0.336,10.2,-0.0686,9,0.0556
230592,,,,,,,,,,,,,,,,,,,,,
230593,,,,,,,,,,,,,,,,,,,,,
230594,,,,,,,,,,,,,,,,,,,,,
230595,9.5,9.5,0,9.5,0,9.5,0,9.5,0,8,0.188,8,0.188,8,0.188,14.3,-0.336,,,9,0.0556
230597,9.5,9.5,0,9.5,0,9.5,0,9.5,0,8,0.188,8,0.188,8,0.188,14.3,-0.336,8.9,0.0674,9,0.0556
230640,79.2,79.2,0,79.2,0,79.2,0,79.2,0,79.2,0,79.2,0,79.2,0,,,,,61,0.298
230641,57,57,0,57,0,57,0,57,0,57,0,57,0,57,0,57,0,47.5,0.2,44,0.295
230643,,,,,,,,,,,,,,,,,,,,,
230645,55,55,0,55,0,55,0,55,0,55,0,,,55,0,,,,,,
230646,80,80,0,80,0,80,0,80,0,80,0,80,0,80,0,,,,,,
230648,18.5,18.5,0,18.5,0,18.5,0,18.5,0,18.5,0,18.5,0,20.5,-0.0976,20.5,-0.0976,16.5,0.121,15.5,0.194
230649,,,,,,,,,,,,,,,,,,,,,
230700,128,128,0,128,0,128,0,128,0,,,,,,,,,,,,
230701,40.8,40.8,0,40.8,0,40.8,0,40.8,0,40.8,0,40.8,0,40.8,0,40.8,0,38.8,0.0515,31.3,0.304
230702,169,169,0,169,0,169,0,169,0,169,0,169,0,169,0,169,0,138,0.227,99.8,0.69
230703,,,,,,,,,,,,,,,,,,,,,
230704,,,,,,,,,,,,,,,,,,,,,
230705,91.1,91.1,0,91.1,0,91.1,0,91.1,0,91.1,0,91.1,0,96.6,-0.0569,127,-0.283,,,,
230811,75,75,0,75,0,75,0,75,0,75,0,75,0,75,0,75,0,65,0.154,62,0.21
230850,,,,,,,,,,,,,,,,,,,,,
230851,6.9,6.9,0,8,-0.137,6.9,0,6.9,0,8,-0.137,8,-0.137,8,-0.137,7.8,-0.115,7,-0.0143,6,0.15
230950,42.4,42.4,0,42.4,0,42.4,0,42.4,0,42.4,0,42.4,0,42.4,0,,,35.5,0.194,,
231001,27.9,27.9,0,27.9,0,27.9,0,31.9,-0.125,31.9,-0.125,34.9,-0.201,39.9,-0.301,39.9,-0.301,29,-0.0379,24.5,0.139
231002,27.9,27.9,0,27.9,0,27.9,0,31.9,-0.125,31.9,-0.125,31.9,-0.125,39.9,-0.301,39.9,-0.301,29,-0.0379,24.5,0.139
231006,39.9,39.9,0,39.9,0,39.9,0,39.9,0,39.9,0,39.9,0,51.9,-0.231,51.9,-0.231,41.5,-0.0386,39,0.0231
231008,11,11,0,11,0,11,0,11,0,11,0,15.5,-0.29,17.9,-0.385,17.9,-0.385,12.9,-0.147,9.9,0.111
231009,10,10,0,10,0,10,0,10,0,10,0,10,0,13.9,-0.281,13.9,-0.281,10.9,-0.0826,8,0.25
231020,259,284,-0.088,284,-0.088,284,-0.088,284,-0.088,284,-0.088,284,-0.088,284,-0.088,299,-0.134,275,-0.0578,192,0.352
231037,,,,,,,,,,,,,,,,,,,,,
231215,8.8,8.8,0,8.8,0,8.8,0,8.8,0,8.8,0,8.8,0,8.8,0,8.8,0,8,0.1,7,0.257
231258,,,,,,,,,,,,,,,,,,,,,
231445,27.4,27.4,0,27.4,0,27.4,0,27.4,0,27.4,0,27.4,0,27.4,0,33,-0.17,29.6,-0.0743,21.5,0.274
231673,,,,,,,,,,,,,,,,,,,,,
231681,,,,,,,,,,,,,,,,,,,,,
231890,24.5,24.5,0,24.5,0,24.5,0,24.5,0,24.5,0,24.5,0,24.5,0,,,,,,
232003,20,20,0,20,0,20,0,20,0,20,0,20,0,20,0,20,0,17.5,0.143,17.5,0.143
232006,6,6,0,6,0,6,0,6,0,6,0,6,0,6,0,,,5,0.2,,
232084,150,150,0,150,0,150,0,150,0,150,0,,,150,0,119,0.256,108,0.384,108,0.384
232234,29.5,29.5,0,29.5,0,29.5,0,29.5,0,29.5,0,29,0.0172,29,0.0172,29,0.0172,,,,
232235,,,,,,,,,,,,,,,,,,,,,
232236,24.9,29,-0.141,29,-0.141,29,-0.141,29,-0.141,29,-0.141,29,-0.141,29,-0.141,,,,,,
232491,27.4,27.4,0,27.4,0,27.4,0,27.4,0,29.5,-0.0712,29.5,-0.0712,29.5,-0.0712,29.5,-0.0712,21.5,0.274,21.5,0.274
232513,,,,,,,,,,,,,,,,,,,,,
232750,53.5,53.5,0,53.5,0,53.5,0,53.5,0,53.5,0,,,,,,,,,,
232939,27.4,27.4,0,27.4,0,27.4,0,27.4,0,29.5,-0.0712,29.5,-0.0712,29.5,-0.0712,29.5,-0.0712,21.5,0.274,21.5,0.274
233048,52.8,52.8,0,52.8,0,52.8,0,52.8,0,52.8,0,52.8,0,52.8,0,52.8,0,45.7,0.155,,
233137,16.5,16.5,0,16.5,0,16.5,0,16.5,0,16.5,0,16.5,0,16.5,0,16.5,0,15,0.1,,
233471,,,,,,,,,,,,,,,,,,,,,
234011,,,,,,,,,,,,,,,,,,,,,
234015,46.8,46.8,0,46.8,0,46.8,0,46.8,0,46.8,0,49.9,-0.0621,49.9,-0.0621,56,-0.164,45,0.04,37,0.265
234016,55,55,0,55,0,55,0,55,0,55,0,60.9,-0.0969,61,-0.0984,61,-0.0984,49,0.122,,
234017,55,55,0,55,0,55,0,55,0,55,0,60.9,-0.0969,61,-0.0984,61,-0.0984,49,0.122,41,0.341
234018,65,65,0,65,0,65,0,65,0,65,0,72.9,-0.108,73,-0.11,73,-0.11,59,0.102,50,0.3
234019,34.9,34.9,0,34.9,0,34.9,0,34.9,0,34.9,0,36.9,-0.0542,36.9,-0.0542,42,-0.169,34,0.0265,28,0.246
234020,231,231,0,231,0,231,0,231,0,231,0,231,0,218,0.0596,218,0.0596,145,0.593,,
234021,9,9,0,9,0,9,0,9,0,9,0,9,0,9,0,9,0,8,0.125,8,0.125
234022,10.5,10.5,0,10.5,0,10.5,0,10.5,0,10.5,0,10.5,0,10.5,0,10.5,0,8,0.312,8,0.312
234023,144,144,0,144,0,144,0,144,0,144,0,144,0,144,0,144,0,120,0.205,115,0.252
234024,118,118,0,118,0,118,0,118,0,,,,,,,,,,,,
234025,118,118,0,118,0,118,0,118,0,118,0,118,0,118,0,118,0,105,0.124,95,0.242
234026,118,118,0,118,0,118,0,118,0,118,0,118,0,118,0,,,,,95,0.242
234043,118,118,0,118,0,118,0,118,0,118,0,118,0,118,0,118,0,105,0.124,95,0.242
234044,118,118,0,118,0,118,0,118,0,118,0,118,0,118,0,118,0,105,0.124,95,0.242
234045,140,140,0,140,0,140,0,140,0,,,,,,,,,,,,
234046,,,,,,,,,,,,,,,,,,,,,
234047,140,140,0,140,0,140,0,140,0,140,0,140,0,140,0,140,0,133,0.0526,123,0.138
234048,,,,,,,,,,,,,,,,,,,,,
234049,140,140,0,140,0,140,0,140,0,,,,,,,,,,,,
234053,62,62,0,62,0,62,0,62,0,62,0,62,0,62,0,62,0,54,0.148,54,0.148
234060,83,83,0,83,0,83,0,83,0,83,0,83,0,83,0,83,0,69,0.203,67,0.239
234061,98,98,0,98,0,98,0,98,0,98,0,98,0,,,98,0,82.5,0.188,75,0.307
234062,98,98,0,98,0,98,0,98,0,98,0,98,0,98,0,98,0,82.5,0.188,75,0.307
234063,62,62,0,62,0,62,0,62,0,62,0,62,0,62,0,62,0,51.5,0.204,47,0.319
234064,78,78,0,78,0,78,0,78,0,78,0,78,0,78,0,78,0,64.9,0.202,59,0.322
234066,,,,,,,,,,,,,,,,,,,,,
234067,132,132,0,132,0,132,0,132,0,132,0,132,0,132,0,132,0,165,-0.2,160,-0.175
234068,92,92,0,92,0,92,0,92,0,92,0,92,0,92,0,92,0,115,-0.2,110,-0.164
234069,76,76,0,76,0,76,0,76,0,76,0,76,0,76,0,76,0,95,-0.2,90,-0.156
234070,,,,,,,,,,,,,,,,,,,,,
234071,110,110,0,110,0,110,0,110,0,110,0,110,0,110,0,110,0,100,0.1,95,0.158
234072,,,,,,,,,,,,,,,,,,,,,
234073,84,84,0,84,0,84,0,84,0,84,0,84,0,84,0,84,0,105,-0.2,100,-0.16
234074,116,116,0,116,0,116,0,116,0,116,0,116,0,116,0,116,0,145,-0.2,140,-0.171
234075,,,,,,,,,,,,,,,,,,,,,
234076,,,,,,,,,,,,,,,,,,,,,
234077,34,34,0,34,0,34,0,34,0,34,0,34,0,34,0,34,0,32.3,0.0526,,
234591,,,,,,,,,,,,,,,,,,,,,
234923,33.5,33.5,0,33.5,0,33.5,0,33.5,0,37.5,-0.107,37.5,-0.107,37.5,-0.107,37.5,-0.107,,,,
234931,33.5,33.5,0,33.5,0,33.5,0,33.5,0,37.5,-0.107,37.5,-0.107,37.5,-0.107,37.5,-0.107,,,,
235013,128,128,0,128,0,128,0,128,0,128,0,148,-0.134,148,-0.134,148,-0.134,120,0.0658,84.8,0.509
235180,22.5,22.5,0,22.5,0,22.5,0,22.5,0,22.5,0,22.5,0,22,0.0227,22,0.0227,22,0.0227,,
236415,,,,,,,,,,,,,,,,,,,,,
236900,54,54,0,54,0,54,0,54,0,54,0,54,0,54,0,54,0,45,0.2,37.5,0.44
237124,78.9,78.9,0,78.9,0,78.9,0,78.9,0,78.9,0,78.9,0,78.9,0,78.9,0,74.5,0.0591,,
237171,31,31,0,31,0,31,0,31,0,31,0,31,0,31,0,,,,,26,0.192
237277,40.5,40.5,0,40.5,0,40.5,0,26.9,0.506,26.9,0.506,26.9,0.506,26.9,0.506,26.9,0.506,26.9,0.506,24.5,0.653
237507,27.4,27.4,0,27.4,0,27.4,0,27.4,0,27.4,0,,,27.4,0,27.4,0,22.8,0.202,21,0.305
238024,,,,,,,,,,,,,,,,,,,,,
238406,120,120,0,120,0,120,0,120,0,120,0,,,,,140,-0.143,140,-0.143,99.9,0.2
238562,6,6,0,6,0,6,0,6,0,6,0,6,0,6,0,,,5,0.2,5,0.2
238570,6,6,0,6,0,6,0,6,0,6,0,6,0,6,0,,,5,0.2,5,0.2
238589,6,6,0,6,0,6,0,6,0,6,0,6,0,6,0,,,5,0.2,5,0.2
238619,20,20,0,20,0,20,0,20,0,20,0,20,0,20,0,20,0,18,0.111,16.9,0.183
238880,16.8,16.8,0,16.8,0,16.8,0,16.8,0,16.8,0,16.8,0,16.8,0,16.8,0,15.6,0.0769,14.5,0.159
238945,26.7,26.7,0,26.7,0,26.7,0,26,0.0269,26,0.0269,26,0.0269,26,0.0269,26,0.0269,23.6,0.131,,
239038,23,23,0,23,0,23,0,23,0,23,0,23,0,23,0,23,0,19.5,0.179,,
239062,23,23,0,23,0,23,0,23,0,23,0,23,0,23,0,23,0,19.8,0.162,19.8,0.162
239240,26,26,0,26,0,26,0,26,0,26,0,26,0,26,0,26,0,23.6,0.102,23.6,0.102
239259,24,24,0,24,0,24,0,24,0,24,0,24,0,24,0,24,0,20,0.2,20,0.2
240123,39.9,39.9,0,48,-0.169,37.9,0.0528,37.9,0.0528,48,-0.169,39.9,0,48,-0.169,48,-0.169,38.9,0.0257,44.5,-0.103
240453,,,,,,,,,,,,,,,,,,,,,
240461,,,,,,,,,,,,,,,,,,,,,
240462,,,,,,,,,,,,,,,,,,,,,
240465,,,,,,,,,,,,,,,,,,,,,
240533,,,,,,,,,,,,,,,,,,,,,
240535,56,56,0,56,0,56,0,56,0,56,0,56,0,56,0,56,0,56,0,56,0
240542,15,19.8,-0.242,19.8,-0.242,20.5,-0.268,20.5,-0.268,20.5,-0.268,15,0,19,-0.211,19.8,-0.242,19.8,-0.242,18,-0.167
240543,15,19.8,-0.242,19.8,-0.242,20.5,-0.268,20.5,-0.268,20.5,-0.268,15,0,19,-0.211,19.8,-0.242,19.8,-0.242,18,-0.167
240544,15,19.8,-0.242,19.8,-0.242,20.5,-0.268,20.5,-0.268,20.5,-0.268,15,0,19,-0.211,19.8,-0.242,19.8,-0.242,18,-0.167
240545,,,,,,,,,,,,,,,,,,,,,
240546,16,21,-0.238,21,-0.238,15.9,0.00629,15.9,0.00629,21,-0.238,21,-0.238,21,-0.238,21,-0.238,19.2,-0.167,19,-0.158
240547,,,,,,,,,,,,,,,,,,,,,
240548,20,20,0,20,0,20,0,20,0,20,0,20,0,,,,,20,0,20,0
240549,25,25,0,25,0,25,0,25,0,25,0,25,0,25,0,25,0,19.5,0.282,,
240550,6.6,6.6,0,6.6,0,6.6,0,6.6,0,6.6,0,6.6,0,6.6,0,6.6,0,6.5,0.0154,,
240552,6.6,6.6,0,6.6,0,6.6,0,6.6,0,6.6,0,6.6,0,6.6,0,6.6,0,6.5,0.0154,,
240554,17.9,17.9,0,17.9,0,17.9,0,17.9,0,17.9,0,17.9,0,17.9,0,18,-0.00556,15,0.193,15,0.193
240555,29,29,0,29,0,29,0,29,0,29,0,29,0,29,0,29,0,25,0.16,25,0.16
240557,,,,,,,,,,,,,,,,,,,,,
240565,,,,,,,,,,,,,,,,,,,,,
240566,,,,,,,,,,,,,,,,,,,,,
240573,,,,,,,,,,,,,,,,,,,,,
240574,,,,,,,,,,,,,,,,,,,,,
240585,,,,,,,,,,,,,,,,,,,,,
240586,,,,,,,,,,,,,,,,,,,,,
240587,,,,,,,,,,,,,,,,,,,,,
240588,,,,,,,,,,,,,,,,,,,,,
240610,,,,,,,,,,,,,,,,,,,,,
240611,144,144,0,144,0,144,0,144,0,144,0,144,0,144,0,,,,,,
240612,,,,,,,,,,,,,,,,,,,,,
240614,63.7,63.7,0,63.7,0,63.7,0,63.7,0,63.7,0,63.7,0,,,50,0.274,,,,
240615,20.9,20.9,0,20.9,0,20.9,0,20.9,0,20.9,0,20.9,0,,,,,18.7,0.118,,
240616,26.8,26.8,0,26.8,0,26.8,0,26.8,0,,,26.8,0,,,,,,,,
240617,48.7,48.7,0,48.7,0,48.7,0,48.7,0,,,,,,,,,,,,
240618,39.9,39.9,0,39.9,0,39.9,0,39.9,0,39.9,0,,,39.9,0,39.9,0,34.9,0.143,,
240620,24.1,24.1,0,24.1,0,24.1,0,24.1,0,24.1,0,24.1,0,24.1,0,24,0.00417,,,,
240624,21.3,21.3,0,21.3,0,21.3,0,21.3,0,21.3,0,21.3,0,21.3,0,21,0.0143,14.4,0.479,16.5,0.291
240625,21.3,21.3,0,21.3,0,21.3,0,21.3,0,21.3,0,21.3,0,21.3,0,,,14.4,0.479,,
240626,27.4,27.4,0,27.4,0,27.4,0,27.4,0,29.5,-0.0712,29.5,-0.0712,29.5,-0.0712,29.5,-0.0712,21.5,0.274,21.5,0.274
240627,27.4,27.4,0,27.4,0,27.4,0,27.4,0,29.5,-0.0712,29.5,-0.0712,29.5,-0.0712,29.5,-0.0712,21.5,0.274,21.5,0.274
240628,20.9,20.9,0,20.9,0,20.9,0,20.9,0,23,-0.0913,23,-0.0913,23,-0.0913,23,-0.0913,18,0.161,18,0.161
240632,24,24,0,24,0,24,0,24,0,24,0,10,1.4,24,0,24,0,20.8,0.154,14.5,0.655
240633,23.5,23.5,0,23.5,0,17.9,0.313,23.5,0,23.5,0,23.5,0,26,-0.0962,26,-0.0962,21,0.119,21,0.119
240634,23.5,23.5,0,23.5,0,23.5,0,23.5,0,23.5,0,23.5,0,26,-0.0962,26,-0.0962,22,0.0682,22,0.0682
240635,55.9,55.9,0,55.9,0,55.9,0,55.9,0,55.9,0,55.9,0,60,-0.0683,60,-0.0683,53,0.0547,46,0.215
240636,20.6,20.6,0,20.6,0,20.6,0,20.6,0,20.6,0,20.6,0,22.9,-0.1,22.9,-0.1,,,,
240637,20.6,20.6,0,20.6,0,20.6,0,20.6,0,20.6,0,20.6,0,22.9,-0.1,22.9,-0.1,,,,
240639,160,160,0,160,0,160,0,160,0,160,0,160,0,160,0,160,0,,,,
240640,99,99,0,99,0,99,0,99,0,,,,,,,99,0,75,0.32,74,0.338
240641,42,42,0,42,0,42,0,42,0,,,,,,,48.8,-0.139,,,,
240642,,,,,,,,,,,,,,,,,,,,,
240644,,,,,,,,,,,,,,,,,,,,,
240646,,,,,,,,,,,,,,,,,,,,,
240649,,,,,,,,,,,,,,,,,,,,,
240650,87.5,87.5,0,87.5,0,87.5,0,87.5,0,87.5,0,87.5,0,87.5,0,,,98.3,-0.11,,
240651,92.4,92.4,0,92.4,0,92.4,0,92.4,0,92.4,0,92.4,0,92.4,0,99,-0.0667,99,-0.0667,76,0.216
240653,19.4,19.4,0,19.4,0,19.4,0,19.4,0,19.4,0,19.4,0,19.4,0,19.4,0,,,,
240654,11.2,11.2,0,11.2,0,11.2,0,11.2,0,11.2,0,11.2,0,11.2,0,11.2,0,10,0.12,,
240663,77.9,77.9,0,77.9,0,77.9,0,77.9,0,77.9,0,86.9,-0.104,87,-0.105,87,-0.105,70,0.113,62,0.256
240665,252,252,0,252,0,252,0,252,0,252,0,252,0,252,0,252,0,,,,
240666,,,,,,,,,,,,,,,,,,,,,
240667,,,,,,,,,,,,,,,,,,,,,
240668,,,,,,,,,,,,,,,,,,,,,
240669,,,,,,,,,,,,,,,,,,,,,
240670,,,,,,,,,,,,,,,,,,,,,
240671,,,,,,,,,,,,,,,,,,,,,
240673,,,,,,,,,,,,,,,,,,,,,
240683,20.6,20.6,0,20.6,0,20.6,0,20.6,0,20.6,0,20.6,0,20.6,0,,,,,,
240684,,,,,,,,,,,,,,,,,,,,,
240685,14.6,14.6,0,14.6,0,14.6,0,14.6,0,14.6,0,14.6,0,14.6,0,14.6,0,,,,
240686,99.9,99.9,0,99.9,0,99.9,0,99.9,0,99.9,0,99.9,0,99.9,0,99.9,0,63.7,0.568,,
240688,88.9,88.9,0,88.9,0,88.9,0,88.9,0,88.9,0,88.9,0,88.9,0,88.9,0,66.7,0.333,,
240689,64.9,64.9,0,64.9,0,64.9,0,64.9,0,64.9,0,64.9,0,64.9,0,45,0.442,46.4,0.399,59.9,0.0835
240690,28.2,28.2,0,28.2,0,28.2,0,28.2,0,,,,,,,28.8,-0.0208,,,23.8,0.185
240691,,,,,,,,,,,,,,,,,,,,,
240693,21,21,0,21,0,21,0,21,0,21,0,21,0,21,0,,,,,,
240694,,,,,,,,,,,,,,,,,,,,,
240695,,,,,,,,,,,,,,,,,,,,,
240696,90,90,0,90,0,90,0,90,0,90,0,75,0.2,75,0.2,75,0.2,75,0.2,75,0.2
240697,90,90,0,90,0,90,0,90,0,,,75,0.2,75,0.2,75,0.2,75,0.2,,
240698,,,,,,,,,,,,,,,,,,,,,
240700,78,78,0,78,0,78,0,78,0,78,0,78,0,78,0,78,0,68,0.147,66,0.182
240701,,,,,,,,,,,,,,,,,,,,,
240703,78,78,0,78,0,78,0,78,0,78,0,78,0,78,0,78,0,,,66,0.182
240704,78,78,0,78,0,78,0,78,0,78,0,78,0,78,0,78,0,68,0.147,,
240705,78,78,0,78,0,78,0,78,0,78,0,78,0,78,0,78,0,,,66,0.182
240706,78,78,0,78,0,78,0,78,0,78,0,78,0,78,0,78,0,,,66,0.182
240707,78,78,0,78,0,78,0,78,0,78,0,78,0,78,0,78,0,68,0.147,,
240708,78,78,0,78,0,78,0,78,0,78,0,78,0,78,0,78,0,68,0.147,66,0.182
240711,82.5,82.5,0,82.5,0,82.5,0,82.5,0,108,-0.236,108,-0.236,108,-0.236,,,82.5,0,,
240720,39,39,0,39,0,30,0.3,30,0.3,,,,,,,39,0,22,0.773,22,0.773
240721,,,,,,,,,,,,,,,,,,,,,
240722,,,,,,,,,,,,,,,,,,,,,
240723,,,,,,,,,,,,,,,,,,,,,
240724,26.4,26.4,0,26.4,0,26.4,0,26.4,0,26.4,0,,,,,20,0.32,20,0.32,20,0.32
240726,,,,,,,,,,,,,,,,,,,,,
240735,180,180,0,180,0,180,0,180,0,180,0,180,0,180,0,180,0,,,,
240736,14,14,0,14,0,14,0,14,0,14,0,14,0,14,0,14,0,14,0,11.5,0.217
240738,14,14,0,14,0,14,0,14,0,14,0,14,0,14,0,14,0,14,0,11.5,0.217
240739,14,14,0,14,0,14,0,14,0,14,0,14,0,14,0,14,0,14,0,11.5,0.217
240741,55.7,55.7,0,55.7,0,55.7,0,55.7,0,55.7,0,55.7,0,55.7,0,55.7,0,46.8,0.19,31,0.797
240742,,,,,,,,,,,,,,,,,,,,,
240743,,,,,,,,,,,,,,,,,,,,,
240744,6.6,6.6,0,6.6,0,6.6,0,6.6,0,6.6,0,6.6,0,6.6,0,6.6,0,6.5,0.0154,,
240746,11.2,11.2,0,11.2,0,11.2,0,11.2,0,11.2,0,11.2,0,11.2,0,11.2,0,10,0.12,,
240747,4.5,4.5,0,4.5,0,4.5,0,4.5,0,4.5,0,4.5,0,4.5,0,4.5,0,4,0.125,,
240748,4.5,4.5,0,4.5,0,4.5,0,4.5,0,4.5,0,4.5,0,4.5,0,4.5,0,4,0.125,,
240749,39.9,39.9,0,39.9,0,39.9,0,39.9,0,39.9,0,39.9,0,45,-0.113,45,-0.113,40,-0.0025,,
240750,93.9,93.9,0,93.9,0,93.9,0,93.9,0,93.9,0,93.9,0,99,-0.0515,99,-0.0515,86,0.0919,,
240751,93.9,93.9,0,93.9,0,93.9,0,93.9,0,93.9,0,93.9,0,93.9,0,99,-0.0515,86,0.0919,,
240754,22,22,0,22,0,22,0,22,0,,,,,,,,,,,,
240755,20,20,0,20,0,20,0,20,0,20,0,25,-0.2,25,-0.2,25,-0.2,21.9,-0.0868,,
240756,20,20,0,20,0,20,0,20,0,,,,,,,25,-0.2,21.9,-0.0868,,
240757,20,20,0,20,0,20,0,20,0,,,,,,,25,-0.2,21.9,-0.0868,,
240758,,,,,,,,,,,,,,,,,,,,,
240759,,,,,,,,,,,,,,,,,,,,,
240760,,,,,,,,,,,,,,,,,,,,,
240762,,,,,,,,,,,,,,,,,,,,,
240763,,,,,,,,,,,,,,,,,,,,,
240764,,,,,,,,,,,,,,,,,,,,,
240765,,,,,,,,,,,,,,,,,,,,,
240766,51,51,0,51,0,,,,,,,,,,,,,,,,
240767,,,,,,,,,,,,,,,,,,,,,
240768,,,,,,,,,,,,,,,,,,,,,
240769,,,,,,,,,,,,,,,,,,,,,
240771,25.9,25.9,0,25.9,0,25.9,0,25.9,0,25.9,0,27,-0.0407,27,-0.0407,31.9,-0.188,26,-0.00385,,
240773,27.9,27.9,0,27.9,0,27.9,0,31.9,-0.125,31.9,-0.125,33.9,-0.177,39.5,-0.294,39.5,-0.294,27,0.0333,,
240774,27.9,27.9,0,27.9,0,27.9,0,31.9,-0.125,31.9,-0.125,31.9,-0.125,39.5,-0.294,39.5,-0.294,27,0.0333,,
240775,15,15,0,15,0,15,0,15,0,15,0,15,0,18.2,-0.176,18.2,-0.176,13,0.154,,
240776,12,,,12,0,12,0,12,0,12,0,12,0,,,12,0,9.6,0.25,,
240793,10.5,15.9,-0.34,15.9,-0.34,15.9,-0.34,15.9,-0.34,15.9,-0.34,15.9,-0.34,12.4,-0.153,15.9,-0.34,,,,
240794,,,,,,,,,,,,,,,,,,,,,
240802,74.5,74.5,0,74.5,0,74.5,0,74.5,0,74.5,0,74.5,0,74.5,0,,,,,,
240804,38.7,38.7,0,38.7,0,38.7,0,38.7,0,,,38.7,0,38.7,0,,,35.9,0.078,,
240805,38.7,38.7,0,38.7,0,38.7,0,38.7,0,38.7,0,38.7,0,38.7,0,38.8,-0.00258,35.9,0.078,,
240806,38.7,38.7,0,38.7,0,38.7,0,38.7,0,38.7,0,,,38.7,0,38.8,-0.00258,35.9,0.078,,
240807,17.2,17.2,0,17.2,0,17.2,0,17.2,0,17.2,0,17.2,0,17.3,-0.00578,17.3,-0.00578,14.9,0.154,,
240808,17.2,17.2,0,17.2,0,17.2,0,17.2,0,17.2,0,17.2,0,,,17.3,-0.00578,14.9,0.154,,
240809,17.3,17.3,0,17.3,0,17.3,0,17.3,0,17.3,0,17.3,0,17.3,0,17.3,0,,,,
240813,46.5,46.5,0,46.5,0,35,0.329,35,0.329,46.5,0,46.5,0,50,-0.07,40.9,0.137,,,,
240814,22.7,35.4,-0.359,35.4,-0.359,35.4,-0.359,35.4,-0.359,35.4,-0.359,35.4,-0.359,32,-0.291,26.7,-0.15,,,,
240817,,,,,,,,,,,,,,,,,,,,,
240838,62,62,0,62,0,62,0,62,0,62,0,62,0,62,0,,,54,0.148,,
240841,,,,,,,,,,,,,,,,,,,,,
240843,,,,,,,,,,,,,,,,,,,,,
240845,11.5,11.5,0,11.5,0,11.5,0,11.5,0,11.5,0,12.8,-0.102,12.8,-0.102,11.5,0,,,,
240846,20.4,20.4,0,20.4,0,20.4,0,20.4,0,20.4,0,20.4,0,20.4,0,15.9,0.283,,,,
240847,37,37,0,37,0,37,0,37,0,37,0,40.8,-0.0931,40.8,-0.0931,31,0.194,,,,
240848,,,,,,,,,,,,,,,,,,,,,
240849,,,,,,,,,,,,,,,,,,,,,
240851,,,,,,,,,,,,,,,,,,,,,
240853,24.9,29,-0.141,29,-0.141,29,-0.141,29,-0.141,29,-0.141,29,-0.141,29,-0.141,29,-0.141,,,,
240855,,,,,,,,,,,,,,,,,,,,,
240856,,,,,,,,,,,,,,,,,,,,,
240860,,,,,,,,,,,,,,,,,,,,,
240863,155,155,0,155,0,155,0,233,-0.335,233,-0.335,233,-0.335,,,,,,,,
240864,155,155,0,155,0,155,0,233,-0.335,233,-0.335,233,-0.335,,,,,,,,
240893,,,,,,,,,,,,,,,,,,,,,
240896,,,,,,,,,,,,,,,,,,,,,
240897,,,,,,,,,,,,,,,,,,,,,
240898,20.2,20.2,0,20.2,0,18,0.122,18,0.122,20.2,0,19.9,0.0151,19.9,0.0151,20,0.01,16.5,0.224,,
240900,138,138,0,138,0,138,0,138,0,138,0,138,0,,,138,0,,,,
240901,266,266,0,266,0,266,0,266,0,266,0,266,0,266,0,,,,,,
241172,11.1,11.1,0,11.1,0,11.1,0,11.1,0,11.1,0,,,11.1,0,11.1,0,9,0.233,9,0.233
241300,35.6,35.6,0,35.6,0,35.6,0,35.6,0,35.6,0,35.6,0,35.6,0,32.9,0.0821,26,0.369,26,0.369
241771,26.9,26.9,0,26.9,0,26.9,0,26.9,0,26.9,0,26.9,0,26.9,0,,,,,17.7,0.52
241806,130,130,0,130,0,130,0,130,0,130,0,130,0,130,0,120,0.0834,160,-0.188,160,-0.188
241822,59,59,0,59,0,59,0,59,0,59,0,,,48.9,0.207,48.9,0.207,44.9,0.314,44.9,0.314
242136,,,,,,,,,,,,,,,,,,,,,
242164,19.5,19.5,0,19.5,0,19.5,0,19.5,0,19.5,0,19.5,0,19.5,0,19.5,0,14.5,0.345,13.5,0.444
242166,108,108,0,108,0,108,0,108,0,108,0,108,0,108,0,108,0,81,0.333,74.9,0.442
242330,,,,,,,,,,,,,,,,,,,,,
242438,,,,,,,,,,,,,,,,,,,,,
243027,12.8,12.8,0,12.8,0,12.8,0,12.8,0,12.8,0,12.8,0,12.8,0,15.5,-0.174,,,10.4,0.231
243272,54.9,54.9,0,54.9,0,54.9,0,54.9,0,54.9,0,54.9,0,54.9,0,54.9,0,49.9,0.1,49.9,0.1
243277,40.5,40.5,0,40.5,0,40.5,0,26.9,0.506,26.9,0.506,26.9,0.506,26.9,0.506,26.9,0.506,26.9,0.506,24.5,0.653
243540,20.5,20.5,0,20.5,0,20.5,0,20.5,0,20,0.025,19.5,0.0513,19.5,0.0513,29,-0.293,25.9,-0.208,23.5,-0.128
243850,6.3,6.3,0,6.3,0,6.3,0,6.3,0,6.3,0,6.3,0,6.3,0,6.2,0.0161,6.2,0.0161,5.5,0.145
243930,16,16,0,16,0,16,0,16,0,16,0,16,0,16,0,15.5,0.0323,15.5,0.0323,14.5,0.103
244279,,,,,,,,,,,,,,,,,,,,,
244309,45.3,45.3,0,45.3,0,45.3,0,45.3,0,45.3,0,45.3,0,45.3,0,45.3,0,,,31,0.461
244775,3.9,3.9,0,3.9,0,3.9,0,3.9,0,3.9,0,3.9,0,3.9,0,3.9,0,3.9,0,,
244791,166,166,0,166,0,166,0,166,0,166,0,166,0,158,0.054,158,0.054,130,0.277,130,0.277
244937,42.5,42.5,0,42.5,0,42.5,0,42.5,0,42.5,0,42.5,0,42.5,0,42.5,0,38,0.118,38,0.118
244953,69.5,69.5,0,69.5,0,69.5,0,69.5,0,69.5,0,69.5,0,69.5,0,62,0.121,53,0.311,53,0.311
244961,89,89,0,89,0,89,0,89,0,89,0,89,0,89,0,75.5,0.179,66.5,0.338,66.5,0.338
245021,52,52,0,52,0,52,0,52,0,52,0,52,0,52,0,61.4,-0.153,,,33.9,0.534
245100,,,,,,,,,,,,,,,,,,,,,
245560,,,,,,,,,,,,,,,,,,,,,
245790,10.9,10.9,0,12,-0.0917,12,-0.0917,12,-0.0917,12,-0.0917,12,-0.0917,12,-0.0917,12,-0.0917,12.5,-0.128,12.5,-0.128
245791,10.9,,,,,12,-0.0917,12,-0.0917,12,-0.0917,12,-0.0917,12,-0.0917,,,12.5,-0.128,12.5,-0.128
245792,16,16,0,16,0,13.9,0.151,13.9,0.151,16,0,16,0,16,0,15.4,0.039,14.5,0.103,14.5,0.103
245793,17.1,17.1,0,17.1,0,17.1,0,17.1,0,17.1,0,17.1,0,17.1,0,,,16.5,0.0364,16.5,0.0364
245794,29.5,29.5,0,32,-0.0781,27.9,0.0573,27.9,0.0573,,,30.8,-0.0422,30.8,-0.0422,30.8,-0.0422,26.9,0.0967,31,-0.0484
245796,15,15,0,15,0,15,0,15,0,15,0,15,0,12.9,0.163,15,0,13.5,0.111,13.5,0.111
245797,15,15,0,15,0,15,0,15,0,15,0,15,0,12.9,0.163,15,0,13.5,0.111,13.5,0.111
246120,71.5,71.5,0,71.5,0,71.5,0,64,0.117,64,0.117,71.5,0,71.5,0,58,0.233,58,0.233,58,0.233
246263,30.5,30.5,0,30.5,0,30.5,0,,,30.5,0,30.5,0,30.5,0,30.5,0,30,0.0167,30,0.0167
248482,,,,,,,,,,,,,,,,,,,,,
248483,16.7,16.7,0,16.7,0,16.7,0,16.7,0,16.7,0,,,16.7,0,16.7,0,16,0.0437,,
248778,133,133,0,133,0,133,0,133,0,133,0,133,0,133,0,133,0,133,0,133,0
248780,26.4,26.4,0,26.4,0,26.4,0,26.4,0,26.4,0,26.4,0,,,26.4,0,24.5,0.0776,24.5,0.0776
248781,,,,,,,,,,,,,,,,,,,,,
248908,11,11,0,,,10.5,0.0476,10.5,0.0476,10.5,0.0476,10.5,0.0476,10.5,0.0476,10.5,0.0476,10.5,0.0476,10.5,0.0476
249002,,,,,,,,,,,,,,,,,,,,,
249003,12,12,0,12,0,12,0,12,0,12,0,8,0.5,,,9,0.333,9,0.333,,
249004,8,8,0,8,0,8,0,8,0,8,0,8,0,8,0,7,0.143,,,,
249005,,,,,,,,,,,,,,,,,,,,,
249006,,,,,,,,,,,,,,,,,,,,,
249007,,,,,,,,,,,,,,,,,,,,,
249008,,,,,,,,,,,,,,,,,,,,,
249010,,,,,,,,,,,,,,,,,,,,,
249011,28,28,0,28,0,28,0,28,0,28,0,28,0,28,0,28,0,22,0.273,,
249012,53.9,53.9,0,53.9,0,53.9,0,53.9,0,53.9,0,40.4,0.334,53.9,0,59.9,-0.1,38,0.418,,
249013,16,26.9,-0.405,26.9,-0.405,26.9,-0.405,26.9,-0.405,26.9,-0.405,26.9,-0.405,26.9,-0.405,20,-0.2,19.9,-0.196,,
249014,16,26.9,-0.405,26.9,-0.405,26.9,-0.405,26.9,-0.405,26.9,-0.405,26.9,-0.405,26.9,-0.405,20,-0.2,19.9,-0.196,,
249026,243,243,0,243,0,243,0,243,0,243,0,243,0,243,0,,,,,,
249027,243,243,0,243,0,243,0,243,0,243,0,243,0,243,0,,,,,,
249028,143,143,0,143,0,143,0,143,0,143,0,143,0,143,0,143,0,143,0,,
249029,45.6,45.6,0,45.6,0,45.6,0,45.6,0,45.6,0,45.6,0,45.6,0,45.6,0,45.6,0,,
249030,77.5,77.5,0,77.5,0,77.5,0,77.5,0,77.5,0,77.5,0,77.5,0,77.5,0,77.5,0,,
249031,143,143,0,143,0,143,0,143,0,143,0,143,0,143,0,143,0,143,0,,
249032,45.6,45.6,0,45.6,0,45.6,0,45.6,0,,,45.6,0,45.6,0,45.6,0,45.6,0,,
249034,6.2,7.9,-0.215,7.9,-0.215,7.9,-0.215,7.9,-0.215,7.9,-0.215,6,0.0333,,,10,-0.38,7.5,-0.173,,
249035,21,21,0,21,0,21,0,21,0,,,,,,,,,,,,
249036,,,,,,,,,,,,,,,,,,,,,
249039,,,,,,,,,,,,,,,,,,,,,
249040,,,,,,,,,,,,,,,,,,,,,
249043,,,,,,,,,,,,,,,,,,,,,
249044,,,,,,,,,,,,,,,,,,,,,
249045,,,,,,,,,,,,,,,,,,,,,
249046,,,,,,,,,,,,,,,,,,,,,
249047,,,,,,,,,,,,,,,,,,,,,
249049,,,,,,,,,,,,,,,,,,,,,
249051,,,,,,,,,,,,,,,,,,,,,
249052,,,,,,,,,,,,,,,,,,,,,
249053,,,,,,,,,,,,,,,,,,,,,
249055,,,,,,,,,,,,,,,,,,,,,
249058,,,,,,,,,,,,,,,,,,,,,
249059,,,,,,,,,,,,,,,,,,,,,
249060,,,,,,,,,,,,,,,,,,,,,
249061,,,,,,,,,,,,,,,,,,,,,
249062,,,,,,,,,,,,,,,,,,,,,
249063,24.9,24.9,0,24.9,0,24.9,0,24.9,0,,,,,,,24.9,0,24.9,0,,
249064,49.9,49.9,0,49.9,0,49.9,0,49.9,0,,,49.9,0,49.9,0,49.9,0,,,,
249319,95.5,95.5,0,95.5,0,95.5,0,95.5,0,95.5,0,95.5,0,95.5,0,95.5,0,73.5,0.299,73.5,0.299
249394,95.5,95.5,0,95.5,0,95.5,0,95.5,0,95.5,0,95.5,0,95.5,0,95.5,0,73,0.308,73,0.308
249793,50.2,59.1,-0.151,59.1,-0.151,50.2,0,50.2,0,73.8,-0.32,73.8,-0.32,73.8,-0.32,83.5,-0.399,81.2,-0.382,57.9,-0.133
249807,85.3,85.3,0,85.3,0,85.3,0,150,-0.432,150,-0.432,150,-0.432,150,-0.432,170,-0.498,165,-0.483,120,-0.289
249859,,,,,,,,,,,,,,,,,,,,,
249971,55,55,0,55,0,55,0,55,0,55,0,55,0,55,0,55,0,48.9,0.125,48.9,0.125
249998,,,,,,,,,,,,,,,,,,,,,
250506,15,18,-0.167,18,-0.167,18,-0.167,18,-0.167,18,-0.167,23.9,-0.372,23.9,-0.372,23.9,-0.372,19.7,-0.239,14.1,0.0638
250517,31.2,31.2,0,31.2,0,31.2,0,31.2,0,31.2,0,31.2,0,31.3,-0.00319,31.3,-0.00319,,,21.2,0.472
250524,18.9,18.9,0,18.9,0,18.9,0,18.9,0,,,18.9,0,,,,,,,,
250525,18.9,18.9,0,18.9,0,18.9,0,18.9,0,,,,,,,,,,,,
250526,18.9,18.9,0,18.9,0,18.9,0,18.9,0,,,18.9,0,,,16.5,0.145,15.9,0.189,,
250550,14.5,14.5,0,14.5,0,14.5,0,14.5,0,14.5,0,14.5,0,14.5,0,,,,,,
250590,,,,,,,,,,,,,,,,,,,,,
250592,10.5,10.5,0,10.5,0,10.5,0,10.5,0,10.5,0,10.5,0,16,-0.344,16,-0.344,12.5,-0.16,10.5,0
250605,160,160,0,160,0,160,0,160,0,160,0,160,0,160,0,172,-0.068,172,-0.068,136,0.176
250607,,,,,,,,,,,,,,,,,,,,,
250608,,,,,,,,,,,,,,,,,,,,,
250681,80,80,0,80,0,80,0,80,0,80,0,80,0,80,0,80,0,,,65,0.231
250732,,,,,,,,,,,,,,,,,,,,,
251055,15.9,15.9,0,15.9,0,15.9,0,15.9,0,15.9,0,15.9,0,15.9,0,15.9,0,15.9,0,15.9,0
251056,15.9,15.9,0,15.9,0,15.9,0,15.9,0,15.9,0,15.9,0,15.9,0,15.9,0,15.9,0,15.9,0
251057,,,,,,,,,,,,,,,,,,,,,
251059,15.9,15.9,0,15.9,0,15.9,0,15.9,0,15.9,0,15.9,0,15.9,0,15.9,0,,,15.9,0
251060,15.9,15.9,0,15.9,0,15.9,0,15.9,0,15.9,0,15.9,0,15.9,0,15.9,0,,,15.9,0
251111,21.9,21.9,0,21.9,0,21.9,0,21.9,0,21.9,0,15,0.46,21,0.0429,21,0.0429,19.2,0.141,18,0.217
251112,14.7,14.7,0,14.7,0,14.7,0,14.7,0,14.7,0,14.7,0,14.7,0,14.7,0,13.2,0.114,12.6,0.167
251113,21.9,21.9,0,21.9,0,21.9,0,21.9,0,21.9,0,15,0.46,21,0.0429,21,0.0429,19.2,0.141,18,0.217
251114,14.7,14.7,0,14.7,0,14.7,0,14.7,0,14.7,0,14.7,0,14.7,0,14.7,0,13.2,0.114,12.6,0.167
251115,21.9,21.9,0,21.9,0,21.9,0,21.9,0,21.9,0,15,0.46,21,0.0429,21,0.0429,19.2,0.141,18,0.217
251116,14.7,14.7,0,14.7,0,14.7,0,14.7,0,14.7,0,14.7,0,,,14.7,0,13.2,0.114,12.6,0.167
251117,8,10,-0.2,10,-0.2,8.5,-0.0588,8.5,-0.0588,10,-0.2,10,-0.2,10,-0.2,10,-0.2,8.4,-0.0476,6.7,0.194
251770,59.5,59.5,0,59.5,0,59.5,0,59.5,0,59.5,0,58,0.0259,58,0.0259,51.5,0.155,51.5,0.155,47.5,0.253
251775,6,6,0,6,0,6,0,6,0,6,0,6,0,6,0,6,0,4.8,0.25,4.8,0.25
251984,8,8,0,8,0,8,0,8,0,8,0,8,0,8,0,8,0,7,0.143,6,0.333
252011,,,,,,,,,,,,,,,,,,,,,
252013,42,42,0,42,0,42,0,42,0,42,0,42,0,42,0,42,0,34,0.235,32,0.312
252014,42,42,0,42,0,42,0,42,0,42,0,42,0,,,42,0,34,0.235,32,0.312
252015,42,42,0,42,0,42,0,42,0,42,0,42,0,,,42,0,34,0.235,32,0.312
252016,42,42,0,42,0,42,0,42,0,42,0,42,0,42,0,42,0,34,0.235,32,0.312
252019,42,42,0,42,0,42,0,42,0,42,0,42,0,,,42,0,34,0.235,32,0.312
252022,,,,,,,,,,,,,,,,,,,,,
252024,42,42,0,42,0,42,0,42,0,42,0,42,0,,,42,0,34,0.235,32,0.312
252025,42,42,0,42,0,42,0,42,0,42,0,42,0,42,0,42,0,34,0.235,32,0.312
252027,42,42,0,42,0,42,0,42,0,42,0,42,0,,,42,0,34,0.235,32,0.312
252031,,,,,,,,,,,,,,,,,,,,,
252247,,,,,,,,,,,,,,,,,,,,,
252506,,,,,,,,,,,,,,,,,,,,,
252718,74,74,0,74,0,74,0,74,0,74,0,74,0,74,0,74,0,79.9,-0.0738,79.9,-0.0738
252976,,,,,,,,,,,,,,,,,,,,,
253020,,,,,,,,,,,,,,,,,,,,,
253110,138,138,0,138,0,138,0,138,0,138,0,,,138,0,138,0,121,0.14,110,0.255
253365,,,,,,,,,,,,,,,,,,,,,
253634,27.5,27.5,0,27.5,0,27.5,0,27.5,0,27.5,0,27.5,0,27.5,0,27.5,0,22,0.25,20,0.375
253707,,,,,,,,,,,,,,,,,,,,,
253774,24.5,24.5,0,24.5,0,24.5,0,23.5,0.0426,23.5,0.0426,23.5,0.0426,22,0.114,20,0.225,20,0.225,19.5,0.256
253804,21.5,21.5,0,21.5,0,20,0.075,20,0.075,20,0.075,20,0.075,20,0.075,20,0.075,20,0.075,20,0.075
253871,13,,,,,13,0,,,13,0,17.5,-0.257,17.5,-0.257,17.5,-0.257,14.5,-0.103,10,0.3
253936,13,13,0,13,0,13,0,13,0,13,0,17.5,-0.257,17.5,-0.257,17.5,-0.257,14.5,-0.103,10,0.3
254130,38.5,38.5,0,38.5,0,38.5,0,38.5,0,38.5,0,38.5,0,38.5,0,37.5,0.0267,33.5,0.149,,
254131,36,36,0,36,0,36,0,36,0,36,0,36,0,,,35,0.0286,31,0.161,,
254161,5,5,0,5,0,5,0,5,0,5,0,4.9,0.0204,5,0,4.9,0.0204,4,0.25,4,0.25
254162,10,10,0,10,0,10,0,10,0,10,0,10,0,10,0,9,0.111,8,0.25,8,0.25
254163,8.5,8.5,0,8.5,0,8.5,0,8.5,0,8.5,0,7.9,0.0759,7.9,0.0759,8.5,0,7,0.214,7,0.214
254164,8.5,8.5,0,8.5,0,8.5,0,8.5,0,8.5,0,7.9,0.0759,7.9,0.0759,8.5,0,7,0.214,7,0.214
254165,8.5,8.5,0,8.5,0,8.5,0,8.5,0,8.5,0,7.9,0.0759,7.9,0.0759,8.5,0,7,0.214,7,0.214
254166,5,5,0,5,0,5,0,5,0,5,0,5,0,5,0,5,0,,,,
254665,24.4,24.4,0,24.4,0,24.4,0,24.4,0,,,24.4,0,24.4,0,24.4,0,23.5,0.0383,23.5,0.0383
255023,79.6,79.6,0,79.6,0,79.6,0,79.6,0,79.6,0,85,-0.0635,85,-0.0635,85,-0.0635,71,0.121,59,0.349
255026,53.9,53.9,0,53.9,0,53.9,0,53.9,0,53.9,0,57,-0.0544,57,-0.0544,57,-0.0544,47,0.147,39,0.382
255092,,,,,,,,,,,,,,,,,,,,,
255220,,,,,,,,,,,,,,,,,,,,,
255416,110,110,0,110,0,110,0,110,0,110,0,110,0,,,95,0.16,92.5,0.191,80,0.377
255771,19.2,19.2,0,19.2,0,19.2,0,19.2,0,19.2,0,19.2,0,,,,,19.2,0,12.5,0.536
255780,,,,,,,,,,,,,,,,,,,,,
256099,45,45,0,45,0,45,0,45,0,40,0.125,45,0,45,0,,,,,,
256102,22.5,22.5,0,22.5,0,22.5,0,22.5,0,22.5,0,22.5,0,22.5,0,,,,,,
256595,33,42.3,-0.22,,,33,0,33,0,42.3,-0.22,42.3,-0.22,42.3,-0.22,42.3,-0.22,36.1,-0.0859,27.3,0.209
258873,,,,,,,,,,,,,,,,,,,,,
259050,24.2,24.2,0,24.2,0,24.2,0,24.2,0,24.2,0,24.2,0,20.1,0.204,21,0.152,20,0.21,,
259306,30,30,0,,,,,,,30,0,30,0,30,0,26,0.154,26,0.154,26,0.154
259454,10,10,0,10,0,10,0,10,0,10,0,10,0,10,0,10,0,10,0,10,0
259470,8.5,8.5,0,8.5,0,8.5,0,8.5,0,8.5,0,8.5,0,8.5,0,8.5,0,8.5,0,8.5,0
259667,8.5,8.5,0,,,,,8.5,0,8.5,0,8.5,0,8.5,0,8.5,0,8.5,0,8.5,0
259675,61.8,61.8,0,61.8,0,61.8,0,61.8,0,61.8,0,61.8,0,61.8,0,49.9,0.238,59.9,0.0317,58.5,0.0564
259691,124,124,0,124,0,124,0,124,0,124,0,124,0,124,0,108,0.144,106,0.17,93,0.329
259705,13.7,13.7,0,13.7,0,13.7,0,13.7,0,13.7,0,13.7,0,13.7,0,13.7,0,10.5,0.305,10.5,0.305
260152,19,23,-0.174,23,-0.174,19,0,19,0,19,0,23,-0.174,23,-0.174,20,-0.05,22.1,-0.14,16.9,0.124
260187,27.5,27.5,0,27.5,0,27.5,0,27.5,0,,,27.5,0,27.5,0,27.5,0,27.5,0,27.5,0
260230,19,19,0,19,0,19,0,19,0,19,0,19,0,21,-0.0952,21,-0.0952,17,0.118,15,0.267
260305,259,284,-0.088,284,-0.088,284,-0.088,284,-0.088,284,-0.088,284,-0.088,284,-0.088,299,-0.134,275,-0.0578,192,0.352
260711,32.9,32.9,0,49.5,-0.335,49.5,-0.335,49.5,-0.335,49.5,-0.335,49.5,-0.335,49.5,-0.335,49.5,-0.335,,,33.5,-0.0179
260820,71.4,71.4,0,71.4,0,71.4,0,71.4,0,71.4,0,99.5,-0.282,99.5,-0.282,99.4,-0.282,77,-0.0727,77,-0.0727
260890,,,,,,,,,,,,,,,,,,,,,
261963,15.9,15.9,0,15.9,0,15.9,0,15.9,0,15.9,0,15.9,0,15.9,0,15.9,0,15.5,0.0258,12.5,0.272
262512,136,136,0,136,0,136,0,136,0,,,136,0,,,,,107,0.271,,
262513,159,159,0,159,0,159,0,159,0,,,,,,,,,125,0.272,,
262514,159,159,0,159,0,159,0,159,0,,,,,,,,,,,,
262515,165,165,0,165,0,165,0,165,0,,,,,,,,,,,,
262516,165,165,0,165,0,165,0,165,0,,,,,,,,,,,,
263025,72,72,0,72,0,72,0,72,0,72,0,72,0,65.9,0.0926,80,-0.1,72,0,66,0.0909
263026,72,72,0,72,0,72,0,72,0,72,0,72,0,65.9,0.0926,80,-0.1,72,0,66,0.0909
263038,,,,,,,,,,,,,,,,,,,,,
263346,,,,,,,,,,,,,,,,,,,,,
263572,104,104,0,104,0,104,0,104,0,104,0,104,0,104,0,,,,,,
263577,109,109,0,109,0,109,0,109,0,109,0,109,0,109,0,105,0.0381,105,0.0381,106,0.0283
263578,109,109,0,109,0,109,0,109,0,109,0,109,0,109,0,105,0.0381,105,0.0381,106,0.0283
263579,109,109,0,109,0,109,0,109,0,109,0,109,0,109,0,105,0.0381,105,0.0381,106,0.0283
263580,104,104,0,104,0,104,0,104,0,104,0,104,0,104,0,83.5,0.246,83.5,0.246,83.5,0.246
263581,104,104,0,104,0,104,0,104,0,104,0,104,0,104,0,98,0.0612,98,0.0612,98,0.0612
263582,104,104,0,104,0,104,0,104,0,104,0,104,0,104,0,,,,,,
263737,15.9,15.9,0,15.9,0,15.9,0,15.9,0,15.9,0,15.9,0,15.9,0,17.9,-0.112,17.5,-0.0914,13.4,0.187
264393,,,,,,,,,,,,,,,,,,,,,
264504,,,,,,,,,,,,,,,,,,,,,
264776,25,25,0,25,0,25,0,25,0,25,0,25,0,25,0,25,0,25,0,25,0
264946,,,,,,,,,,,,,,,,,,,,,
265713,17.9,17.9,0,17.9,0,17.9,0,17.9,0,17.9,0,17.9,0,17.9,0,17.9,0,17.9,0,17.9,0
265717,,,,,,,,,,,,,,,,,,,,,
265771,99,99,0,99,0,99,0,99,0,99,0,99,0,99,0,99.9,-0.00901,73.5,0.347,73.5,0.347
265782,29.9,29.9,0,29.9,0,29.9,0,29.9,0,29.9,0,29.9,0,29.9,0,29.9,0,29.9,0,31,-0.0355
266035,21.7,21.7,0,21.7,0,21.7,0,21.7,0,21.7,0,21.7,0,21.7,0,19.6,0.107,19.8,0.096,17.2,0.262
266043,21.7,21.7,0,21.7,0,21.7,0,21.7,0,21.7,0,21.7,0,21.7,0,21.8,-0.00459,19.8,0.096,17.2,0.262
266051,21.7,21.7,0,21.7,0,21.7,0,21.7,0,21.7,0,21.7,0,21.7,0,21.7,0,19.8,0.096,17.2,0.262
266280,39.9,39.9,0,39.9,0,39.9,0,39.9,0,39.9,0,39.9,0,39.9,0,32,0.247,29.9,0.334,33.9,0.177
266469,270,270,0,270,0,270,0,270,0,270,0,270,0,270,0,254,0.0638,200,0.349,200,0.349
267341,,,,,,,,,,,,,,,,,,,,,
267384,,,,,,,,,,,,,,,,,,,,,
267899,,,,,,,,,,,,,,,,,,,,,
268160,42.5,42.5,0,42.5,0,42.5,0,42.5,0,42.5,0,42.5,0,42.5,0,42.5,0,31,0.371,28,0.518
268313,3.7,3.7,0,3.7,0,3.7,0,3.7,0,3.7,0,3.7,0,,,3.7,0,3.5,0.0571,3.5,0.0571
269123,21.5,21.5,0,21.5,0,20,0.075,20,0.075,20,0.075,20,0.075,20,0.075,20,0.075,20,0.075,20,0.075
269590,46,46,0,46,0,46,0,46,0,46,0,46,0,35,0.314,35,0.314,,,,
269877,125,125,0,125,0,125,0,125,0,125,0,125,0,125,0,110,0.137,125,0,125,0
269878,78.5,78.5,0,78.5,0,78.5,0,78.5,0,78.5,0,78.5,0,78.5,0,75,0.0467,75,0.0467,75,0.0467
269879,78.5,78.5,0,78.5,0,78.5,0,78.5,0,78.5,0,78.5,0,78.5,0,75,0.0467,75,0.0467,75,0.0467
270108,55.1,55.1,0,55.1,0,55.1,0,55.1,0,55.1,0,55.1,0,55.1,0,55.1,0,49.5,0.113,34,0.621
270227,9.5,9.5,0,9.5,0,9.5,0,9.5,0,9.5,0,9.5,0,10.8,-0.12,10.8,-0.12,10.8,-0.12,10.8,-0.12
270377,,,,,,,,,,,,,,,,,,,,,
270450,23,23,0,23,0,19.5,0.179,19.5,0.179,23,0,18.5,0.243,23,0,23,0,20.5,0.122,18.5,0.243
270454,25.5,25.5,0,25.5,0,25.5,0,25.5,0,25.5,0,25.5,0,25.5,0,25.5,0,23,0.109,20.9,0.22
270459,28.5,28.5,0,28.5,0,23.9,0.192,23.9,0.192,28.5,0,22.9,0.245,,,28.5,0,25,0.14,22.5,0.267
270474,56.9,56.9,0,56.9,0,56.9,0,56.9,0,56.9,0,56.9,0,56.9,0,56.9,0,49.9,0.14,49.9,0.14
270830,10,10,0,10,0,10,0,10,0,10,0,10,0,10,0,10,0,5.7,0.754,5.7,0.754
270997,,,,,,,,,,,,,,,,,,,,,
271616,15,15,0,15,0,15,0,15,0,15,0,15,0,15,0,15,0,14,0.0714,,
271624,13.8,13.8,0,13.8,0,13.8,0,13.8,0,13.8,0,13.8,0,13.8,0,13.8,0,12.5,0.104,,
271640,399,399,0,399,0,399,0,399,0,399,0,459,-0.131,459,-0.131,,,,,,
271781,,,,,,,,,,,,,,,,,,,,,
271815,,,,,,,,,,,,,,,,,,,,,
271819,,,,,,,,,,,,,,,,,,,,,
272051,,,,,,,,,,,,,,,,,,,,,
272515,,,,,,,,,,,,,,,,,,,,,
272698,,,,,,,,,,,,,,,,,,,,,
272922,,,,,,,,,,,,,,,,,,,,,
273201,42.5,42.5,0,42.5,0,42.5,0,42.5,0,42.5,0,42.5,0,42.5,0,42.5,0,35.4,0.201,32.3,0.316
274011,,,,,,,,,,,,,,,,,,,,,
274020,,,,,,,,,,,,,,,,,,,,,
274798,,,,,,,,,,,,,,,,,,,,,
275417,,,,,,,,,,,,,,,,,,,,,
275514,57,57,0,57,0,57,0,57,0,57,0,57,0,57,0,57,0,57,0,57,0
275522,,,,,,,,,,,,,,,,,,,,,
275700,26.5,26.5,0,26.5,0,26.5,0,26.5,0,26.5,0,26.5,0,26.5,0,26.5,0,19.9,0.332,19.9,0.332
276162,105,105,0,105,0,105,0,105,0,105,0,125,-0.16,125,-0.16,125,-0.16,105,0,,
276371,70.4,70.4,0,70.4,0,70.4,0,70.4,0,70.4,0,70.4,0,70.4,0,70.4,0,70.4,0,54,0.304
276372,,,,,,,,,,,,,,,,,,,,,
277229,7.7,7.7,0,7.7,0,7.7,0,7.7,0,7.7,0,7.7,0,7.7,0,6.9,0.116,6.5,0.185,5.9,0.305
277810,7,7,0,7,0,7,0,7,0,7,0,7,0,7,0,7,0,7,0,7,0
277811,7,7,0,7,0,7,0,7,0,7,0,7,0,7,0,7,0,7,0,7,0
277815,7,7,0,7,0,7,0,7,0,7,0,7,0,7,0,7,0,7,0,7,0
278726,,,,,,,,,,,,,,,,,,,,,
279021,164,164,0,164,0,164,0,164,0,164,0,205,-0.2,205,-0.2,205,-0.2,138,0.188,138,0.188
280512,,,,,,,,,,,,,,,,,,,,,
281077,112,112,0,112,0,112,0,112,0,112,0,112,0,112,0,112,0,84,0.339,59.9,0.878
281703,13.5,13.5,0,13.5,0,13.5,0,13.5,0,13.5,0,13.5,0,13.5,0,13.5,0,12.5,0.08,11.8,0.144
281715,,,,,,,,,,,,,,,,,,,,,
281871,24,24,0,24,0,24,0,24,0,24,0,24,0,24,0,24,0,18,0.333,18,0.333
282021,,,,,,,,,,,,,,,,,,,,,
282024,,,,,,,,,,,,,,,,,,,,,
282029,55.9,55.9,0,55.9,0,55.9,0,55.9,0,55.9,0,55.9,0,55.9,0,,,45.5,0.229,,
282037,,,,,,,,,,,,,,,,,,,,,
282039,,,,,,,,,,,,,,,,,,,,,
282040,,,,,,,,,,,,,,,,,,,,,
282225,,,,,,,,,,,,,,,,,,,,,
282625,71.4,71.4,0,71.4,0,71.4,0,71.4,0,71.4,0,99.5,-0.282,99.5,-0.282,99.4,-0.282,77,-0.0727,77,-0.0727
282642,15.5,15.5,0,15.5,0,15.5,0,15.5,0,15.5,0,15.5,0,15.5,0,17,-0.0882,14,0.107,11.5,0.348
282650,,,,,,,,,,,,,,,,,,,,,
282677,,,,,,,,,,,,,,,,,,,,,
283479,,,,,,,,,,,,,,,,,,,,,
283851,,,,,,,,,,,,,,,,,,,,,
283990,38.9,38.9,0,38.9,0,38.9,0,38.9,0,38.9,0,38.9,0,38.9,0,,,33.9,0.147,33.9,0.147
283991,8.2,8.2,0,8.2,0,8.2,0,8.2,0,8.2,0,8.2,0,8.2,0,8.2,0,6.9,0.188,6.9,0.188
284084,15,15,0,15,0,15,0,15,0,15,0,18,-0.167,18,-0.167,17.4,-0.138,15,0,13,0.154
284092,15,15,0,15,0,15,0,15,0,15,0,18,-0.167,18,-0.167,17.4,-0.138,15,0,13,0.154
284107,15,15,0,15,0,15,0,15,0,15,0,18,-0.167,18,-0.167,17.4,-0.138,15,0,13,0.154
284769,18.8,18.8,0,18.8,0,18.8,0,18.8,0,18.8,0,18.8,0,18.8,0,18.8,0,18.8,0,15,0.253
285110,,,,,,,,,,,,,,,,,,,,,
286800,61,61,0,61,0,61,0,61,0,61,0,61,0,61,0,61,0,53,0.151,51,0.196
286818,61,61,0,61,0,61,0,61,0,61,0,61,0,61,0,61,0,53,0.151,51,0.196
286923,,,,,,,,,,,,,,,,,,,,,
287130,71,71,0,71,0,71,0,71,0,71,0,71,0,71,0,63.4,0.12,49.7,0.429,49.7,0.429
287245,61,61,0,61,0,61,0,61,0,61,0,61,0,61,0,61,0,53,0.151,51,0.196
287300,,,,,,,,,,,,,,,,,,,,,
287555,61,61,0,61,0,61,0,61,0,,,,,,,61,0,53,0.151,51,0.196
288013,188,188,0,188,0,188,0,188,0,188,0,188,0,188,0,205,-0.0829,197,-0.0437,143,0.316
288046,170,170,0,170,0,170,0,170,0,170,0,170,0,170,0,188,-0.0957,,,,
288098,14.5,14.5,0,14.5,0,14.5,0,14.5,0,14.5,0,14.5,0,14.5,0,14.5,0,12,0.208,10,0.45
288101,14.5,14.5,0,14.5,0,14.5,0,14.5,0,14.5,0,14.5,0,14.5,0,14.5,0,12,0.208,9.7,0.495
288144,12.1,12.1,0,12.1,0,12.1,0,12.1,0,12.1,0,12.1,0,,,12.1,0,11.7,0.0342,8.7,0.391
288217,10.3,10.3,0,10.3,0,10.3,0,10.3,0,,,,,,,,,,,,
288250,7.1,7.1,0,7.1,0,7.1,0,7.1,0,7.1,0,7.1,0,7.1,0,7.9,-0.101,7.6,-0.0658,5.9,0.203
288268,13.8,13.8,0,13.8,0,13.8,0,13.8,0,13.8,0,13.8,0,13.8,0,15.6,-0.115,15.1,-0.0861,11.9,0.16
288349,34.3,34.3,0,34.3,0,34.3,0,34.3,0,34.3,0,34.3,0,34.3,0,34.3,0,,,28,0.225
288527,11.7,11.7,0,11.7,0,11.7,0,11.7,0,11.7,0,11.7,0,11.7,0,12.3,-0.0488,11.9,-0.0168,8.2,0.427
289010,27.4,27.4,0,27.4,0,27.4,0,27.4,0,29.5,-0.0712,29.5,-0.0712,29.5,-0.0712,29.5,-0.0712,21.5,0.274,21.5,0.274
289051,124,124,0,124,0,124,0,124,0,124,0,124,0,124,0,124,0,93.8,0.322,81.3,0.525
289671,28.1,28.1,0,28.1,0,28.1,0,28.1,0,,,28.1,0,28.1,0,28.1,0,,,24.1,0.166
290416,,,,,,,,,,,,,,,,,,,,,
290530,,,,,,,,,,,,,,,,,,,,,
290610,,,,,,,,,,,,,,,,,,,,,
290823,17,17,0,17,0,17,0,17,0,17,0,17,0,17,0,17,0,12,0.417,12,0.417
290866,,,,,,,,,,,,,,,,,,,,,
290874,110,110,0,110,0,110,0,110,0,110,0,110,0,110,0,110,0,82,0.341,82,0.341
290882,,,,,,,,,,,,,,,,,,,,,
291001,82.9,82.9,0,82.9,0,82.9,0,82.9,0,82.9,0,82.9,0,82.9,0,82.9,0,75,0.105,62.5,0.326
291002,82.9,82.9,0,82.9,0,82.9,0,82.9,0,82.9,0,82.9,0,82.9,0,82.9,0,75,0.105,62.5,0.326
291324,34,34,0,34,0,34,0,34,0,34,0,39,-0.128,39,-0.128,39,-0.128,25.7,0.323,22.7,0.498
291325,34,34,0,34,0,34,0,34,0,34,0,39,-0.128,39,-0.128,39,-0.128,25.7,0.323,22.7,0.498
291326,41,41,0,41,0,41,0,41,0,41,0,41,0,41,0,41,0,37,0.108,33,0.242
291327,41,41,0,41,0,41,0,41,0,41,0,41,0,41,0,41,0,37,0.108,33,0.242
291592,,,,,,,,,,,,,,,,,,,,,
291595,13.5,13.5,0,13.5,0,13.5,0,13.5,0,13.5,0,13.5,0,13.5,0,13.5,0,12.5,0.08,11.8,0.144
291641,55,55,0,55,0,55,0,55,0,,,,,55,0,55,0,50,0.1,,
291986,12.5,12.5,0,12.5,0,12.5,0,12.5,0,12.5,0,12.5,0,12.5,0,,,10.5,0.19,9.6,0.302
292505,36.8,36.8,0,36.8,0,36.8,0,36.8,0,36.8,0,36.8,0,36.8,0,40,-0.08,40,-0.08,31,0.187
293011,,,,,,,,,,,,,,,,,,,,,
293014,176,176,0,176,0,176,0,176,0,176,0,90,0.951,90,0.951,176,0,106,0.657,106,0.657
293017,176,176,0,176,0,176,0,176,0,176,0,90,0.951,90,0.951,140,0.254,106,0.657,106,0.657
293018,183,183,0,183,0,183,0,183,0,183,0,183,0,183,0,150,0.22,74.6,1.45,74.6,1.45
293019,,,,,,,,,,,,,,,,,,,,,
293023,122,122,0,122,0,122,0,122,0,122,0,122,0,122,0,122,0,,,,
293025,50,50,0,50,0,50,0,50,0,50,0,64,-0.219,79.9,-0.374,79.9,-0.374,79.9,-0.374,79.9,-0.374
293026,57.9,57.9,0,57.9,0,57.9,0,57.9,0,57.9,0,57.9,0,57.9,0,57.9,0,,,,
293035,,,,,,,,,,,,,,,,,,,,,
293036,43.3,43.3,0,43.3,0,43.3,0,43.3,0,43.3,0,43.3,0,43.3,0,46.5,-0.0688,46.5,-0.0688,36.5,0.186
293038,38.9,38.9,0,38.9,0,38.9,0,38.9,0,38.9,0,38.9,0,38.9,0,41.9,-0.0716,41.9,-0.0716,32.5,0.197
293039,38.9,38.9,0,38.9,0,38.9,0,38.9,0,38.9,0,38.9,0,38.9,0,41.9,-0.0716,41.9,-0.0716,32.5,0.197
293042,14.5,14.5,0,14.5,0,14.5,0,15.5,-0.0645,15.5,-0.0645,15.5,-0.0645,22,-0.341,22,-0.341,16.5,-0.121,14,0.0357
293050,88.5,88.5,0,88.5,0,88.5,0,163,-0.457,163,-0.457,163,-0.457,163,-0.457,185,-0.522,180,-0.507,130,-0.319
293079,,,,,,,,,,,,,,,,,,,,,
293090,,,,,,,,,,,,,,,,,,,,,
293092,89,98,-0.0918,98,-0.0918,90,-0.0111,90,-0.0111,92,-0.0326,98,-0.0918,98,-0.0918,105,-0.152,102,-0.123,71,0.254
293093,89,98,-0.0918,98,-0.0918,90,-0.0111,90,-0.0111,92,-0.0326,98,-0.0918,98,-0.0918,105,-0.152,102,-0.123,71,0.254
293094,89,98,-0.0918,98,-0.0918,90,-0.0111,90,-0.0111,92,-0.0326,98,-0.0918,98,-0.0918,105,-0.152,102,-0.123,71,0.254
293095,190,190,0,190,0,190,0,190,0,190,0,190,0,159,0.193,190,0,139,0.369,152,0.244
293106,57.5,57.5,0,57.5,0,57.5,0,57.5,0,57.5,0,57.5,0,57.5,0,62,-0.0726,62,-0.0726,47,0.223
293107,,,,,,,,,,,,,,,,,,,,,
293108,104,104,0,104,0,104,0,104,0,104,0,104,0,104,0,104,0,104,0,81,0.278
293109,104,104,0,104,0,104,0,104,0,104,0,104,0,104,0,104,0,104,0,81,0.278
293110,,,,,,,,,,,,,,,,,,,,,
293111,102,102,0,102,0,102,0,102,0,102,0,102,0,102,0,102,0,102,0,80,0.279
293112,,,,,,,,,,,,,,,,,,,,,
293114,59.4,59.4,0,59.4,0,59.4,0,59.4,0,59.4,0,59.4,0,59.4,0,64.5,-0.0791,64.5,-0.0791,51,0.165
293116,36.8,36.8,0,36.8,0,36.8,0,36.8,0,36.8,0,36.8,0,36.8,0,40,-0.08,40,-0.08,31,0.187
293140,94,94,0,94,0,94,0,94,0,94,0,96.9,-0.0299,96.9,-0.0299,97.5,-0.0359,75.6,0.243,84,0.119
293141,94,94,0,94,0,94,0,94,0,94,0,96.9,-0.0299,96.9,-0.0299,97.5,-0.0359,75.6,0.243,84,0.119
293687,14.5,14.5,0,14.5,0,14.5,0,14.5,0,14.5,0,14.5,0,14.5,0,14.5,0,12.9,0.124,12,0.208
293695,12.9,12.9,0,14.5,-0.11,14.5,-0.11,14.5,-0.11,14.5,-0.11,14.5,-0.11,14.5,-0.11,14.5,-0.11,12.9,0,11,0.173
294411,36.9,36.9,0,36.9,0,36.9,0,36.9,0,36.9,0,36.9,0,36.9,0,36.5,0.011,31,0.19,30.9,0.194
295272,62,62,0,62,0,62,0,62,0,62,0,62,0,62,0,62,0,61.5,0.00813,66,-0.0606
295388,11.7,11.7,0,11.7,0,11.7,0,11.7,0,11.7,0,11.7,0,,,,,,,,
295396,,,,,,,,,,,,,,,,,,,,,
295426,,,,,,,,,,,,,,,,,,,,,
295434,3.5,3.5,0,3.5,0,3.5,0,3.5,0,3.5,0,3.5,0,3.5,0,3.5,0,3.5,0,3.5,0
295640,17,17,0,17,0,17,0,17,0,17,0,17,0,17,0,17,0,13.5,0.259,13.5,0.259
295750,39.5,39.5,0,39.5,0,39.5,0,39.5,0,39.5,0,39.5,0,39.5,0,32.5,0.215,29,0.362,29,0.362
296119,,,,,,,,,,,,,,,,,,,,,
296120,60.5,60.5,0,60.5,0,60.5,0,60.5,0,,,60.5,0,60.5,0,65.8,-0.0805,65.8,-0.0805,,
296121,,,,,,,,,,,,,,,,,,,,,
296122,60.5,60.5,0,60.5,0,60.5,0,60.5,0,60.5,0,60.5,0,60.5,0,65.8,-0.0805,65.8,-0.0805,51.6,0.172
296149,,,,,,,,,,,,,,,,,,,,,
296150,191,191,0,191,0,191,0,191,0,191,0,191,0,191,0,191,0,175,0.0914,170,0.124
296171,,,,,,,,,,,,,,,,,,,,,
296236,,,,,,,,,,,,,,,,,,,,,
296252,,,,,,,,,,,,,,,,,,,,,
296260,,,,,,,,,,,,,,,,,,,,,
296309,,,,,,,,,,,,,,,,,,,,,
296350,,,,,,,,,,,,,,,,,,,,,
296449,,,,,,,,,,,,,,,,,,,,,
297106,,,,,,,,,,,,,,,,,,,,,
297107,,,,,,,,,,,,,,,,,,,,,
297344,15.5,15.5,0,15.5,0,15.5,0,15.5,0,15.5,0,15.5,0,15.5,0,14,0.107,13.5,0.148,13.5,0.148
297451,15.5,15.5,0,15.5,0,15.5,0,15.5,0,15.5,0,15.5,0,15.5,0,14,0.107,13.5,0.148,13.5,0.148
297968,17,17,0,17,0,17,0,17,0,17,0,17,0,17,0,13.5,0.259,13.5,0.259,13.5,0.259
297976,31.5,31.5,0,31.5,0,,,,,31.5,0,31.5,0,31.5,0,26.5,0.189,26.5,0.189,26.5,0.189
298034,30.5,30.5,0,30.5,0,30.5,0,30.5,0,30.5,0,30.5,0,,,30.5,0,30.5,0,30.5,0
298433,26.8,26.8,0,26.8,0,26.8,0,26.8,0,26.8,0,26.8,0,26.8,0,26.8,0,,,23.5,0.14
298531,13.7,13.7,0,13.7,0,13.7,0,13.7,0,13.7,0,13.7,0,13.7,0,13.7,0,11,0.245,9.7,0.412
298711,11.5,11.5,0,11.5,0,11.5,0,11.5,0,11.5,0,11.5,0,11.5,0,11.5,0,11.5,0,8,0.438
299529,59.4,59.4,0,59.4,0,59.4,0,59.4,0,59.4,0,59.4,0,59.4,0,64.5,-0.0791,64.5,-0.0791,51,0.165
299553,36.8,36.8,0,36.8,0,36.8,0,36.8,0,36.8,0,36.8,0,36.8,0,40,-0.08,40,-0.08,31,0.187
299634,8,8,0,8,0,8,0,8,0,8,0,8,0,8,0,,,7,0.143,7,0.143
299693,8,8,0,8,0,8,0,8,0,8,0,8,0,8,0,,,,,,
299740,8,8,0,8,0,8,0,8,0,8,0,8,0,8,0,8,0,7,0.143,7,0.143
299790,47.9,47.9,0,47.9,0,47.9,0,47.9,0,47.9,0,47.9,0,47.9,0,47.9,0,39.9,0.201,36.5,0.312
299804,,,,,,,,,,,,,,,,,,,,,
299812,26.2,26.2,0,26.2,0,26.2,0,26.2,0,26.2,0,26.2,0,26.2,0,28.8,-0.0903,21.2,0.236,20.9,0.254
299820,26.2,26.2,0,26.2,0,26.2,0,26.2,0,26.2,0,26.2,0,26.2,0,28.8,-0.0903,21.2,0.236,20.9,0.254
299847,,,,,,,,,,,,,,,,,,,,,
299855,,,,,,,,,,,,,,,,,,,,,
300140,23,23,0,23,0,23,0,23,0,23,0,23,0,23,0,23,0,21.5,0.0698,21.5,0.0698
300141,37.4,37.4,0,37.4,0,37.4,0,37.4,0,37.4,0,37.4,0,37.4,0,37.4,0,33,0.133,,
300142,37,37,0,37,0,37,0,37,0,37,0,37,0,37,0,37,0,33,0.121,,
300225,4.5,4.5,0,4.5,0,4.5,0,4.5,0,4.5,0,4.5,0,,,4.5,0,3.7,0.216,3.7,0.216
300349,,,,,,,,,,,,,,,,,,,,,
300508,,,,,,,,,,,,,,,,,,,,,
300510,,,,,,,,,,,,,,,,,,,,,
300511,,,,,,,,,,,,,,,,,,,,,
300536,39.9,39.9,0,39.9,0,39.9,0,39.9,0,39.9,0,39.9,0,39.9,0,32,0.247,39.9,0,33.9,0.177
301010,,,,,,,,,,,,,,,,,,,,,
301011,6.3,6.3,0,6.3,0,5.5,0.145,5.5,0.145,6.3,0,6.3,0,6.3,0,6.3,0,6.3,0,5.8,0.0862
301026,44.6,44.6,0,44.6,0,44.6,0,44.6,0,44.6,0,44.6,0,44.6,0,44.6,0,42.1,0.0594,33.5,0.331
301029,85,85,0,85,0,85,0,85,0,85,0,85,0,85,0,85,0,79.4,0.0705,63.9,0.33
301031,85,85,0,85,0,85,0,85,0,85,0,85,0,85,0,85,0,79.4,0.0705,63.9,0.33
301032,85,85,0,,,,,85,0,85,0,85,0,85,0,85,0,79.4,0.0705,63.9,0.33
301111,224,224,0,224,0,224,0,224,0,224,0,224,0,224,0,224,0,155,0.445,126,0.778
301117,95.5,95.5,0,95.5,0,95.5,0,95.5,0,95.5,0,95.5,0,95.5,0,95.5,0,,,,
301118,92,92,0,92,0,92,0,92,0,92,0,92,0,92,0,92,0,79.5,0.157,56,0.643
301149,49,49,0,49,0,49,0,115,-0.574,115,-0.574,,,,,59.9,-0.182,,,89.9,-0.455
301420,54,54,0,54,0,54,0,54,0,54,0,54,0,54,0,47,0.149,44,0.227,44,0.227
301421,54,54,0,54,0,54,0,54,0,54,0,54,0,54,0,47,0.149,44,0.227,44,0.227
301422,,,,,,,,,,,,,,,,,,,,,
301423,,,,,,,,,,,,,,,,,,,,,
301977,,,,,,,,,,,,,,,,,,,,,
302090,32.5,32.5,0,32.5,0,32.5,0,32.5,0,32.5,0,32.5,0,32.5,0,32.5,0,32.5,0,25,0.3
302111,,,,,,,,,,,,,,,,,,,,,
302115,,,,,,,,,,,,,,,,,,,,,
302116,,,,,,,,,,,,,,,,,,,,,
302173,40.5,40.5,0,,,,,26.9,0.506,26.9,0.506,26.9,0.506,26.9,0.506,,,,,24.5,0.653
302178,40.5,40.5,0,40.5,0,40.5,0,26.9,0.506,26.9,0.506,26.9,0.506,26.9,0.506,26.9,0.506,26.9,0.506,24.5,0.653
302309,,,,,,,,,,,,,,,,,,,,,
302515,21,21,0,21,0,21,0,20,0.05,20,0.05,20,0.05,18.5,0.135,17.5,0.2,17.5,0.2,16.5,0.273
302530,,,,,,,,,,,,,,,,,,,,,
302578,32,32,0,32,0,32,0,32,0,39.5,-0.19,39.5,-0.19,39.5,-0.19,39.5,-0.19,,,,
302600,11,11,0,11,0,11,0,11,0,11,0,11,0,11,0,11,0,9.5,0.158,8,0.375
302643,,,,,,,,,,,,,,,,,,,,,
302651,,,,,,,,,,,,,,,,,,,,,
302707,,,,,,,,,,,,,,,,,,,,,
302720,,,,,,,,,,,,,,,,,,,,,
302852,68,68,0,68,0,68,0,68,0,68,0,68,0,68,0,,,62.5,0.088,,
302854,,,,,,,,,,,,,,,,,,,,,
302879,,,,,,,,,,,,,,,,,,,,,
303006,,,,,,,,,,,,,,,,,,,,,
303101,,,,,,,,,,,,,,,,,,,,,
303189,,,,,,,,,,,,,,,,,,,,,
303235,10,10,0,10,0,10,0,,,10,0,10,0,10,0,10,0,9.5,0.0526,7.9,0.266
303275,,,,,,,,,,,,,,,,,,,,,
303283,77,77,0,77,0,77,0,77,0,77,0,77,0,96,-0.198,66,0.167,48,0.604,,
303523,87.1,87.1,0,87.1,0,87.1,0,87.1,0,87.1,0,87.1,0,87.1,0,87.1,0,77.5,0.124,64,0.361
303541,87.1,87.1,0,87.1,0,87.1,0,87.1,0,87.1,0,87.1,0,87.1,0,87.1,0,72,0.21,64,0.361
303593,,,,,,,,,,,,,,,,,,,,,
303607,31,31,0,,,31,0,31,0,31,0,,,31,0,31,0,,,24.9,0.245
303615,5.2,5.2,0,5.2,0,5.2,0,5.2,0,5.2,0,5.2,0,5.2,0,5.2,0,5,0.04,5,0.04
303642,,,,,,,,,,,,,,,,,,,,,
303654,,,,,,,,,,,,,,,,,,,,,
303704,,,,,,,,,,,,,,,,,,,,,
303712,,,,,,,,,,,,,,,,,,,,,
303720,,,,,,,,,,,,,,,,,,,,,
303836,,,,,,,,,,,,,,,,,,,,,
303844,,,,,,,,,,,,,,,,,,,,,
303879,28,28,0,28,0,28,0,28,0,28,0,28,0,28,0,28,0,24,0.167,24,0.167
303917,,,,,,,,,,,,,,,,,,,,,
304007,20.5,20.5,0,20.5,0,20.5,0,20.5,0,20.5,0,20.5,0,20.5,0,20.5,0,19.5,0.0513,19.5,0.0513
304014,87.5,87.5,0,87.5,0,87.5,0,87.5,0,87.5,0,87.5,0,87.5,0,87.5,0,87.5,0,87.5,0
304104,82.9,82.9,0,82.9,0,82.9,0,82.9,0,82.9,0,,,,,,,,,,
304110,21.5,21.5,0,21.5,0,21.5,0,21.5,0,21.5,0,21.5,0,21.5,0,18.5,0.162,,,,
304111,,,,,,,,,,,,,,,,,,,,,
304141,24,24,0,24,0,24,0,24,0,24,0,20.5,0.171,22,0.0909,,,,,,
304167,,,,,,,,,,,,,,,,,,,,,
304177,24,24,0,24,0,24,0,24,0,24,0,24,0,24,0,24,0,24,0,24,0
304189,25,25,0,25,0,25,0,25,0,25,0,25,0,25,0,19.5,0.282,19.5,0.282,19.5,0.282
304352,11.9,11.9,0,11.9,0,11.9,0,11.9,0,,,,,,,,,,,,
304504,21.5,21.5,0,21.5,0,22.9,-0.0611,22.9,-0.0611,28.5,-0.246,24.5,-0.122,26.9,-0.201,,,21.5,0,17.7,0.215
304511,,,,,,,,,,,,,,,,,,,,,
304533,,,,,,,,,,,,,,,,,,,,,
304741,,,,,,,,,,,,,,,,,,,,,
304792,63,63,0,63,0,63,0,63,0,63,0,63,0,63,0,55,0.145,55,0.145,49,0.286
304972,9.9,9.9,0,13.8,-0.283,13.8,-0.283,13.8,-0.283,13.8,-0.283,10.9,-0.0917,13.8,-0.283,13.8,-0.283,10.4,-0.0481,9,0.1
305022,29.3,29.3,0,29.3,0,29.3,0,29.3,0,29.3,0,29.3,0,29.3,0,28.8,0.0174,27.5,0.0655,27.5,0.0655
305030,31.9,31.9,0,31.9,0,31.9,0,31.9,0,31.9,0,31.9,0,31.9,0,31.3,0.0192,30,0.0633,30,0.0633
305106,,,,,,,,,,,,,,,,,,,,,
305110,18.4,18.4,0,18.4,0,18.4,0,18.4,0,18.4,0,18.4,0,18.4,0,18.4,0,17.5,0.0514,17.5,0.0514
305146,31.7,31.7,0,31.7,0,31.7,0,31.7,0,31.7,0,31.7,0,31.7,0,30.4,0.0428,30.4,0.0428,27,0.174
305152,16.9,16.9,0,16.9,0,16.9,0,16.9,0,14.5,0.166,12.9,0.31,14.5,0.166,14.5,0.166,13.8,0.225,13.8,0.225
305179,46.8,46.8,0,46.8,0,46.8,0,46.8,0,46.8,0,46.8,0,46.8,0,46.8,0,38,0.232,28,0.671
305235,14.5,14.5,0,14.5,0,14.5,0,14.5,0,14.5,0,14.5,0,14.5,0,,,,,,
305400,34,34,0,34,0,34,0,34,0,34,0,34,0,34,0,34,0,29.5,0.153,25,0.36
305415,5.6,5.6,0,5.6,0,5.6,0,5.6,0,5.6,0,5.6,0,5.6,0,5.6,0,5,0.12,4.4,0.273
305448,63.1,63.1,0,63.1,0,63.1,0,63.1,0,63.1,0,63.1,0,63.1,0,63.1,0,54.7,0.154,38.5,0.639
305520,,,,,,,,,,,,,,,,,,,,,
305526,,,,,,,,,,,,,,,,,,,,,
305527,26,26,0,26,0,26,0,26,0,26,0,26,0,26,0,26,0,23,0.13,23,0.13
305537,,,,,,,,,,,,,,,,,,,,,
305643,75,75,0,75,0,75,0,75,0,75,0,75,0,75,0,80.6,-0.0695,80.6,-0.0695,63.9,0.174
305711,5.6,5.6,0,5.6,0,5.6,0,5.6,0,5.6,0,5.6,0,5.6,0,5.6,0,5.6,0,5.6,0
305712,15.5,15.5,0,15.5,0,15.5,0,15.5,0,15.5,0,15.5,0,15.5,0,15.5,0,15.5,0,15.5,0
305716,23,23,0,23,0,23,0,23,0,23,0,23,0,23,0,23,0,23,0,23,0
305717,4.8,4.8,0,4.8,0,4.8,0,4.8,0,4.8,0,4.8,0,4.8,0,4.8,0,4.8,0,4.8,0
305718,13.8,13.8,0,13.8,0,13.8,0,13.8,0,13.8,0,13.8,0,13.8,0,13.8,0,13.8,0,13.8,0
305722,22,22,0,22,0,22,0,22,0,22,0,22,0,22,0,22,0,22,0,22,0
305778,,,,,,,,,,,,,,,,,,,,,
305789,81,81,0,81,0,81,0,81,0,81,0,81,0,81,0,81,0,72.5,0.117,60,0.35
305799,35.7,35.7,0,35.7,0,35.7,0,35.7,0,35.7,0,35.7,0,35.7,0,35.7,0,22.5,0.587,22.5,0.587
305857,41.4,41.4,0,41.4,0,41.4,0,41.4,0,41.4,0,41.4,0,41.4,0,41.4,0,37,0.119,26,0.592
305878,34.9,34.9,0,34.9,0,34.9,0,34.9,0,34.9,0,34.9,0,34.9,0,39.9,-0.125,33.5,0.0418,27.9,0.251
305960,15.5,15.5,0,15.5,0,15.5,0,15.5,0,14.8,0.0473,14.5,0.069,14.5,0.069,14.5,0.069,13.5,0.148,13.5,0.148
306051,17.5,,,,,17.5,0,17.5,0,,,15,0.167,15,0.167,14.5,0.207,15,0.167,15,0.167
306197,29.5,29.5,0,,,,,,,,,,,,,,,28.5,0.0351,26,0.135
306223,,,,,,,,,,,,,,,,,,,,,
306404,75.9,75.9,0,75.9,0,75.9,0,75.9,0,,,75.9,0,,,75.9,0,64.9,0.169,64.9,0.169
306405,,,,,,,,,,,,,,,,,,,,,
306406,,,,,,,,,,,,,,,,,,,,,
306410,94.8,94.8,0,94.8,0,94.8,0,167,-0.431,167,-0.431,167,-0.431,167,-0.431,189,-0.498,183,-0.483,133,-0.287
306419,,,,,,,,,,,,,,,,,,,,,
306441,14.5,14.5,0,14.5,0,14.5,0,12.5,0.16,12.5,0.16,12.5,0.16,12.5,0.16,12,0.208,11.5,0.261,11.5,0.261
306442,14.5,14.5,0,14.5,0,14.5,0,12.5,0.16,12.5,0.16,12.5,0.16,12.5,0.16,12,0.208,11.5,0.261,11.5,0.261
306477,,,,,,,,,,,,,,,,,,,,,
306701,81,81,0,81,0,81,0,81,0,81,0,81,0,81,0,81,0,72.5,0.117,60,0.35
306702,81,81,0,81,0,81,0,81,0,81,0,81,0,81,0,81,0,72.5,0.117,60,0.35
306705,81,81,0,81,0,81,0,81,0,81,0,81,0,81,0,81,0,72.5,0.117,60,0.35
306778,29.5,29.5,0,29.5,0,29.5,0,29.5,0,29.5,0,29.5,0,29.5,0,,,,,28,0.0536
306781,,,,,,,,,,,,,,,,,,,,,
306835,,,,,,,,,,,,,,,,,,,,,
307100,10,10,0,10,0,10,0,10,0,,,,,,,8.7,0.149,8.7,0.149,6.9,0.449
307101,18.4,18.4,0,18.4,0,18.4,0,18.4,0,18.4,0,18.4,0,18.4,0,18.4,0,,,,
307107,29,29,0,29,0,29,0,29,0,29,0,29,0,,,23.9,0.213,26.5,0.0943,20.7,0.401
307112,,,,,,,,,,,,,,,,,,,,,
307114,,,,,,,,,,,,,,,,,,,,,
307118,,,,,,,,,,,,,,,,,,,,,
307119,,,,,,,,,,,,,,,,,,,,,
307122,,,,,,,,,,,,,,,,,,,,,
307130,18.9,18.9,0,18.9,0,18.9,0,18.9,0,15,0.26,15,0.26,,,,,12.5,0.512,9,1.1
307170,40,40,0,40,0,40,0,40,0,40,0,40,0,40,0,40,0,36,0.111,34.5,0.159
307661,,,,,,,,,,,,,,,,,,,,,
307726,15,15,0,,,13.9,0.0791,13.9,0.0791,15,0,15,0,15,0,15,0,15,0,13,0.154
307727,,,,,,,,,,,,,,,,,,,,,
307730,,,,,,,,,,,,,,,,,,,,,
307885,16.9,16.9,0,16.9,0,16.9,0,16.9,0,16.9,0,16.9,0,16.9,0,16.9,0,13,0.3,10,0.69
307955,3.75,3.75,0,3.75,0,3.75,0,3.75,0,,,,,,,,,,,,
308048,13.3,13.3,0,13.3,0,13.3,0,13.3,0,13.3,0,13.3,0,13.3,0,13.3,0,12.5,0.064,9.3,0.43
308181,22.5,22.5,0,22.5,0,22.5,0,22.5,0,22.5,0,22.5,0,22.5,0,22.5,0,19,0.184,19,0.184
308187,,,,,,,,,,,,,,,,,,,,,
308269,59.4,59.4,0,59.4,0,59.4,0,59.4,0,59.4,0,59.4,0,59.4,0,59.4,0,,,,
308316,,,,,,,,,,,,,,,,,,,,,
308442,,,,,,,,,,,,,,,,,,,,,
308579,8.5,8.5,0,10.2,-0.167,8.5,0,8.5,0,10.2,-0.167,8.9,-0.0449,10.2,-0.167,10.2,-0.167,9.4,-0.0957,7,0.214
308600,,,,,,,,,,,,,,,,,,,,,
309571,11.7,11.7,0,11.7,0,11.7,0,11.7,0,11.7,0,11.7,0,11.7,0,11.7,0,10.8,0.0833,10.8,0.0833
309747,99,99,0,99,0,99,0,99,0,99,0,99,0,99,0,110,-0.0992,108,-0.0833,95,0.0421
309971,63,63,0,63,0,63,0,63,0,63,0,63,0,63,0,63,0,51.5,0.223,48,0.312
309982,21.7,21.7,0,21.7,0,21.7,0,21.7,0,21.7,0,21.7,0,21.7,0,21.7,0,19.8,0.096,17.2,0.262
310187,,,,,,,,,,,,,,,,,,,,,
310441,,,,,,,,,,,,,,,,,,,,,
310447,,,,,,,,,,,,,,,,,,,,,
310539,17.6,17.6,0,17.6,0,17.6,0,17.6,0,17.6,0,17.6,0,24,-0.267,19.5,-0.0974,20.8,-0.154,14.5,0.214
310923,,,,,,,,,,,,,,,,,,,,,
310924,,,,,,,,,,,,,,,,,,,,,
310931,32.8,32.8,0,32.8,0,32.8,0,32.8,0,25,0.312,32.8,0,32.8,0,28.5,0.151,24.5,0.339,21.5,0.526
311077,39.5,39.5,0,39.5,0,39.5,0,39.5,0,39.5,0,39.5,0,39.5,0,38,0.0395,37.5,0.0533,37.5,0.0533
311584,18.4,18.4,0,18.4,0,18.4,0,18.4,0,18.4,0,18.4,0,18.4,0,18.4,0,14.5,0.269,11.7,0.573
311586,,,,,,,,,,,,,,,,,,,,,
311589,19.4,19.4,0,19.4,0,19.4,0,19.4,0,19.4,0,19.4,0,,,19.4,0,16.6,0.169,14.5,0.338
311790,25.6,25.6,0,25.6,0,25.6,0,25.6,0,25.6,0,25.6,0,25.6,0,25.6,0,23,0.113,19.5,0.313
311804,25.6,25.6,0,25.6,0,25.6,0,25.6,0,25.6,0,25.6,0,25.6,0,25.6,0,23,0.113,19.5,0.313
311812,,,,,,,,,,,,,,,,,,,,,
311820,,,,,,,,,,,,,,,,,,,,,
312050,59.4,59.4,0,59.4,0,59.4,0,59.4,0,59.4,0,59.4,0,59.4,0,64.5,-0.0791,64.5,-0.0791,51,0.165
312051,,,,,,,,,,,,,,,,,,,,,
312052,36.8,36.8,0,36.8,0,36.8,0,36.8,0,36.8,0,36.8,0,36.8,0,40,-0.08,40,-0.08,31,0.187
312176,199,199,0,199,0,199,0,199,0,199,0,199,0,199,0,250,-0.204,205,-0.0293,149,0.336
312290,,,,,,,,,,,,,,,,,,,,,
312711,26,26,0,26,0,26,0,26,0,26,0,26,0,26,0,26,0,22.4,0.161,22.4,0.161
313009,,,,,,,,,,,,,,,,,,,,,
313150,,,,,,,,,,,,,,,,,,,,,
313153,,,,,,,,,,,,,,,,,,,,,
313154,,,,,,,,,,,,,,,,,,,,,
313160,47,47,0,47,0,47,0,47,0,47,0,47,0,47,0,50.5,-0.0693,50.5,-0.0693,39.5,0.19
313166,,,,,,,,,,,,,,,,,,,,,
313167,42.5,42.5,0,42.5,0,42.5,0,42.5,0,42.5,0,42.5,0,42.5,0,48,-0.115,41,0.0366,37.5,0.133
313168,,,,,,,,,,,,,,,,,,,,,
313225,,,,,,,,,,,,,,,,,,,,,
313226,,,,,,,,,,,,,,,,,,,,,
313232,215,215,0,215,0,215,0,215,0,215,0,215,0,215,0,215,0,197,0.0914,180,0.194
313234,215,215,0,215,0,215,0,215,0,215,0,215,0,215,0,215,0,197,0.0914,180,0.194
313238,63.8,63.8,0,63.8,0,63.8,0,63.8,0,63.8,0,63.8,0,,,63.8,0,78,-0.182,78,-0.182
313254,,,,,,,,,,,,,,,,,,,,,
313310,17.1,17.1,0,17.1,0,17.1,0,17.1,0,17.1,0,17.1,0,17.1,0,18.4,-0.0707,18.4,-0.0707,14.4,0.188
313320,148,148,0,148,0,148,0,148,0,148,0,148,0,148,0,148,0,132,0.121,128,0.156
313321,148,148,0,148,0,148,0,148,0,148,0,148,0,148,0,148,0,132,0.121,128,0.156
313371,17.5,17.5,0,17.5,0,17.5,0,17.5,0,17.5,0,17.5,0,17.5,0,23,-0.239,18.8,-0.0691,13.5,0.296
313373,,,,,,,,,,,,,,,,,,,,,
313375,54.6,54.6,0,54.6,0,54.6,0,54.6,0,54.6,0,54.6,0,54.6,0,71.8,-0.24,,,,
313460,,,,,,,,,,,,,,,,,,,,,
313500,,,,,,,,,,,,,,,,,,,,,
313511,365,387,-0.0578,387,-0.0578,387,-0.0578,387,-0.0578,387,-0.0578,387,-0.0578,387,-0.0578,387,-0.0578,,,226,0.611
313550,16.3,16.3,0,16.3,0,16.3,0,16.3,0,16.3,0,16.3,0,,,,,,,,
313551,16.3,16.3,0,16.3,0,16.3,0,16.3,0,16.3,0,16.3,0,,,,,,,,
313570,,,,,,,,,,,,,,,,,,,,,
313636,,,,,,,,,,,,,,,,,,,,,
313638,,,,,,,,,,,,,,,,,,,,,
313639,46,46,0,46,0,46,0,46,0,46,0,46,0,46,0,46,0,39.5,0.165,31,0.484
313640,,,,,,,,,,,,,,,,,,,,,
313641,128,128,0,128,0,128,0,128,0,128,0,128,0,128,0,128,0,116,0.103,108,0.185
313642,128,128,0,128,0,128,0,128,0,128,0,128,0,128,0,128,0,116,0.103,108,0.185
313643,128,128,0,128,0,128,0,128,0,128,0,128,0,128,0,128,0,116,0.103,108,0.185
313644,128,128,0,128,0,128,0,128,0,128,0,128,0,128,0,128,0,116,0.103,108,0.185
313646,128,128,0,128,0,128,0,128,0,128,0,128,0,128,0,128,0,116,0.103,108,0.185
313647,130,130,0,130,0,130,0,130,0,130,0,130,0,130,0,130,0,118,0.102,108,0.204
313750,,,,,,,,,,,,,,,,,,,,,
313810,,,,,,,,,,,,,,,,,,,,,
313811,,,,,,,,,,,,,,,,,,,,,
313812,,,,,,,,,,,,,,,,,,,,,
313813,,,,,,,,,,,,,,,,,,,,,
313820,16,16,0,16,0,16,0,16,0,16,0,,,,,,,,,,
313910,20,20,0,20,0,20,0,20,0,20,0,20,0,20,0,25,-0.2,17.5,0.143,17.5,0.143
314024,27.4,27.4,0,27.4,0,27.4,0,27.4,0,29.5,-0.0712,29.5,-0.0712,29.5,-0.0712,29.5,-0.0712,21.5,0.274,21.5,0.274
314029,31.8,31.8,0,31.8,0,31.8,0,31.8,0,31.8,0,,,,,31.8,0,22.5,0.413,,
314031,31.8,31.8,0,31.8,0,31.8,0,31.8,0,31.8,0,31.8,0,,,31.8,0,22.5,0.413,22.5,0.413
314033,31.8,31.8,0,31.8,0,31.8,0,31.8,0,31.8,0,31.8,0,31.8,0,31.8,0,22.5,0.413,22.5,0.413
314036,20.9,20.9,0,20.9,0,20.9,0,20.9,0,23,-0.0913,23,-0.0913,,,23,-0.0913,18,0.161,18,0.161
314039,20.9,20.9,0,,,,,,,23,-0.0913,23,-0.0913,,,23,-0.0913,18,0.161,18,0.161
314049,20.9,20.9,0,20.9,0,20.9,0,20.9,0,,,,,23,-0.0913,23,-0.0913,18,0.161,18,0.161
314055,20.9,20.9,0,20.9,0,20.9,0,20.9,0,23,-0.0913,23,-0.0913,23,-0.0913,23,-0.0913,18,0.161,18,0.161
314060,35,35,0,35,0,35,0,35,0,35,0,35,0,,,33.5,0.0448,30,0.167,,
314063,33.5,33.5,0,33.5,0,33.5,0,33.5,0,,,33.5,0,,,32.5,0.0308,28.8,0.163,,
314078,,,,,,,,,,,,,,,,,,,,,
314081,,,,,,,,,,,,,,,,,,,,,
314536,,,,,,,,,,,,,,,,,,,,,
314587,,,,,,,,,,,,,,,,,,,,,
314900,,,,,,,,,,,,,,,,,,,,,
314978,,,,,,,,,,,,,,,,,,,,,
315370,,,,,,,,,,,,,,,,,,,,,
315509,28.1,28.1,0,28.1,0,28.1,0,28.1,0,28.1,0,35.1,-0.199,35.1,-0.199,,,,,,
315923,55,55,0,55,0,55,0,55,0,55,0,55,0,55,0,55,0,43.8,0.256,43.8,0.256
316121,,,,,,,,,,,,,,,,,,,,,
316331,21,21,0,21,0,21,0,21,0,21,0,24.5,-0.143,27.9,-0.247,27.9,-0.247,20.9,0.00478,20,0.05
316369,127,127,0,127,0,127,0,127,0,127,0,127,0,127,0,109,0.165,101,0.257,101,0.257
316512,,,,,,,,,,,,,,,,,,,,,
316539,50.6,50.6,0,50.6,0,50.6,0,50.6,0,50.6,0,50.6,0,50.6,0,,,,,38.4,0.318
316580,91.6,91.6,0,91.6,0,91.6,0,91.6,0,91.6,0,,,91.6,0,91.6,0,76.3,0.201,,
316778,26.5,26.5,0,26.5,0,26.5,0,26.5,0,26.5,0,26.5,0,22.4,0.183,22.4,0.183,20,0.325,19,0.395
316779,26.5,,,,,26.5,0,26.5,0,26.5,0,26.5,0,,,22.4,0.183,20,0.325,,
316814,36.5,36.5,0,36.5,0,36.5,0,36.5,0,36.5,0,36.5,0,36.5,0,36.5,0,26.9,0.357,28.5,0.281
316822,31.9,31.9,0,48,-0.335,32.9,-0.0304,32.9,-0.0304,48,-0.335,48,-0.335,48,-0.335,48,-0.335,42.5,-0.249,39,-0.182
316830,29,29,0,36.5,-0.205,36.5,-0.205,36.5,-0.205,36.5,-0.205,36.5,-0.205,36.5,-0.205,36.5,-0.205,26.9,0.0781,28.5,0.0175
317152,,,,,,,,,,,,,,,,,,,,,
317269,16.3,16.3,0,16.3,0,16.3,0,16.3,0,16.3,0,16.3,0,,,,,,,,
317659,18.9,18.9,0,18.9,0,18.9,0,18.9,0,18.9,0,18.9,0,18.9,0,18.9,0,14.6,0.295,12,0.575
318340,,,,,,,,,,,,,,,,,,,,,
318671,22.2,22.2,0,22.2,0,22.2,0,22.2,0,22.2,0,22.2,0,22.2,0,,,,,22.2,0
318698,14,14,0,14,0,14,0,14,0,14,0,14,0,14,0,14,0,14,0,14,0
318825,40,40,0,40,0,40,0,40,0,40,0,40,0,,,,,,,,
318922,93.5,93.5,0,93.5,0,93.5,0,93.5,0,93.5,0,93.5,0,93.5,0,93.5,0,56.5,0.655,,
318990,17.5,17.5,0,17.5,0,17.5,0,17.5,0,17.5,0,17.5,0,,,,,17.5,0,17.5,0
319287,32,32,0,32,0,32,0,32,0,32,0,32,0,32,0,32,0,25.5,0.255,23,0.391
319490,,,,,,,,,,,,,,,,,,,,,
319503,38,38,0,38,0,38,0,38,0,,,,,,,,,,,,
319880,,,,,,,,,,,,,,,,,,,,,
320010,108,108,0,108,0,108,0,108,0,108,0,108,0,,,,,67.5,0.6,,
320120,,,,,,,,,,,,,,,,,,,,,
320121,,,,,,,,,,,,,,,,,,,,,
320122,24.8,24.8,0,24.8,0,24.8,0,24.8,0,24.8,0,24.8,0,24.8,0,24.8,0,20.9,0.187,20,0.24
320133,34.9,34.9,0,34.9,0,34.9,0,34.9,0,34.9,0,34.9,0,34.9,0,27,0.293,30.9,0.129,28,0.246
320139,26.9,26.9,0,26.9,0,26.9,0,26.9,0,26.9,0,26.9,0,26.9,0,26.9,0,24,0.121,,
320140,26.9,26.9,0,26.9,0,26.9,0,26.9,0,26.9,0,26.9,0,,,,,,,,
320146,32.9,32.9,0,32.9,0,32.9,0,32.9,0,32.9,0,32.9,0,39,-0.156,39,-0.156,32.5,0.0123,29.5,0.115
320147,26.9,26.9,0,26.9,0,26.9,0,26.9,0,26.9,0,26.9,0,26.9,0,26.9,0,24,0.121,20.6,0.306
320152,18.7,18.7,0,18.7,0,18.7,0,18.7,0,18.7,0,18.7,0,18.7,0,,,,,18.7,0
320154,18.7,18.7,0,18.7,0,18.7,0,18.7,0,18.7,0,18.7,0,18.7,0,,,,,18.7,0
320169,21.8,21.8,0,21.8,0,21.8,0,21.8,0,21.8,0,17.5,0.246,20.9,0.0431,19,0.147,20.9,0.0431,,
320170,,,,,,,,,,,,,,,,,,,,,
320171,,,,,,,,,,,,,,,,,,,,,
320172,21.8,21.8,0,21.8,0,21.8,0,21.8,0,21.8,0,17.5,0.246,20.9,0.0431,20.9,0.0431,20.9,0.0431,16.8,0.298
320181,,,,,,,,,,,,,,,,,,,,,
320182,,,,,,,,,,,,,,,,,,,,,
320186,41.3,41.3,0,41.3,0,41.3,0,41.3,0,41.3,0,41.3,0,41.3,0,41.3,0,37,0.116,28.7,0.439
320189,41.3,41.3,0,41.3,0,41.3,0,41.3,0,41.3,0,41.3,0,41.3,0,41.3,0,,,,
320551,,,,,,,,,,,,,,,,,,,,,
321009,22,22,0,22,0,22,0,22,0,23,-0.0435,23,-0.0435,23,-0.0435,23,-0.0435,,,18,0.222
321011,19,19,0,19,0,19,0,19,0,19.5,-0.0256,19.5,-0.0256,19.5,-0.0256,19.5,-0.0256,15.6,0.218,15.6,0.218
321012,62,62,0,62,0,62,0,62,0,57,0.0877,57,0.0877,,,56,0.107,56,0.107,56,0.107
321077,42,42,0,42,0,42,0,42,0,42,0,42,0,42,0,,,22,0.909,22,0.909
321078,27,27,0,,,,,,,27,0,27,0,27,0,27,0,21,0.286,,
321112,42.5,42.5,0,42.5,0,42.5,0,42.5,0,42.5,0,42.5,0,42.5,0,39.5,0.0759,,,,
321115,42.5,42.5,0,42.5,0,42.5,0,42.5,0,42.5,0,42.5,0,42.5,0,39.5,0.0759,,,36,0.181
321176,17,17,0,17,0,17,0,17,0,17,0,17,0,,,16,0.0625,16,0.0625,16,0.0625
321276,7.5,7.5,0,7.5,0,7.5,0,6.9,0.087,6.9,0.087,6.9,0.087,6.9,0.087,6,0.25,6,0.25,,
321342,41.5,41.5,0,41.5,0,41.5,0,41.5,0,,,,,,,,,,,,
321358,69.9,69.9,0,69.9,0,69.9,0,69.9,0,,,,,,,,,,,,
321375,14,14,0,,,,,,,,,,,,,,,,,,
321440,68.5,68.5,0,68.5,0,68.5,0,68.5,0,68.5,0,,,,,,,,,,
321444,53.5,53.5,0,53.5,0,53.5,0,53.5,0,,,,,,,,,,,,
321456,9.5,9.5,0,9.5,0,9.5,0,9.5,0,,,,,,,,,,,,
322101,125,125,0,125,0,125,0,125,0,125,0,125,0,158,-0.209,158,-0.209,122,0.0204,116,0.0776
322157,,,,,,,,,,,,,,,,,,,,,
322519,,,,,,,,,,,,,,,,,,,,,
322718,19.5,19.5,0,19.5,0,19.5,0,19.5,0,19.5,0,19.5,0,19.5,0,19.5,0,16.5,0.182,15,0.3
322720,19.5,19.5,0,19.5,0,19.5,0,19.5,0,19.5,0,19.5,0,19.5,0,19.5,0,16.5,0.182,15,0.3
323284,,,,,,,,,,,,,,,,,,,,,
323350,24,24,0,24,0,24,0,24,0,24,0,24,0,24,0,24,0,13,0.846,13,0.846
323351,41,41,0,41,0,41,0,41,0,41,0,41,0,41,0,41,0,29,0.414,29,0.414
323373,,,,,,,,,,,,,,,,,,,,,
323527,,,,,,,,,,,,,,,,,,,,,
323535,59,59,0,59,0,59,0,59,0,59,0,59,0,65.9,-0.105,65.9,-0.105,46.9,0.258,46.9,0.258
323551,,,,,,,,,,,,,,,,,,,,,
323608,4,4,0,4,0,4,0,4,0,4,0,4,0,4,0,,,4,0,4,0
323630,,,,,,,,,,,,,,,,,,,,,
323633,71,71,0,71,0,71,0,,,,,,,,,42,0.69,,,42,0.69
324134,235,235,0,235,0,235,0,235,0,235,0,235,0,235,0,235,0,210,0.119,165,0.424
324135,84,84,0,84,0,84,0,84,0,84,0,84,0,84,0,84,0,59.5,0.412,51,0.647
324230,3.2,3.2,0,3.2,0,3.2,0,3.2,0,3.2,0,3.2,0,3.2,0,3.2,0,2.5,0.28,2.5,0.28
324329,,,,,,,,,,,,,,,,,,,,,
324401,12.5,12.5,0,12.5,0,12.5,0,12.5,0,12.5,0,9.5,0.316,9.5,0.316,13,-0.0385,10.5,0.19,9.5,0.316
324411,34,34,0,34,0,31,0.0968,31,0.0968,31,0.0968,31,0.0968,31,0.0968,31,0.0968,25,0.36,25,0.36
324434,22,22,0,22,0,22,0,22,0,22,0,22,0,22,0,22,0,18,0.222,16,0.375
324460,,,,,,,,,,,,,,,,,,,,,
324468,,,,,,,,,,,,,,,,,,,,,
324507,6.4,6.4,0,6.4,0,6.4,0,6.4,0,,,6.4,0,6.4,0,6.4,0,,,,
324523,,,,,,,,,,,,,,,,,,,,,
324558,6.2,6.2,0,6.2,0,6.2,0,6.2,0,6.2,0,,,,,,,,,,
324566,6.4,6.4,0,6.4,0,6.4,0,6.4,0,6.4,0,6.4,0,6.4,0,6.4,0,,,,
324787,,,,,,,,,,,,,,,,,,,,,
324806,,,,,,,,,,,,,,,,,,,,,
324808,24,24,0,24,0,24,0,24,0,24,0,24,0,24,0,24,0,24,0,24,0
324871,23.5,23.5,0,23.5,0,23.5,0,23.5,0,23.5,0,20.9,0.124,29,-0.19,,,,,18.5,0.27
324872,29,29,0,29,0,29,0,29,0,29,0,20.9,0.388,29,0,29,0,25,0.16,18.5,0.568
324873,32,32,0,32,0,32,0,32,0,32,0,32,0,32,0,32,0,27.5,0.164,21.9,0.461
324877,149,149,0,149,0,149,0,149,0,149,0,149,0,149,0,,,,,,
325023,,,,,,,,,,,,,,,,,,,,,
325420,29.8,29.8,0,29.8,0,29.8,0,29.8,0,29.8,0,29.8,0,29.8,0,29,0.0276,29,0.0276,29,0.0276
325471,24,24,0,24,0,24,0,24,0,24,0,24,0,24,0,24,0,19.5,0.231,,
325511,6.4,6.4,0,6.4,0,6.4,0,6.4,0,6.4,0,6.4,0,6.4,0,6.4,0,5.5,0.164,5.5,0.164
325538,,,,,,,,,,,,,,,,,,,,,
325670,,,,,,,,,,,,,,,,,,,,,
325672,5,5,0,5,0,5,0,5,0,,,,,5,0,5,0,4,0.25,3,0.667
325678,5,5,0,5,0,5,0,5,0,5,0,5,0,5,0,5,0,4,0.25,3,0.667
325708,29,29,0,29,0,29,0,29,0,29,0,29,0,69.5,-0.583,69.5,-0.583,40,-0.275,40,-0.275
325929,39.5,39.5,0,39.5,0,39.5,0,39.5,0,39.5,0,39.5,0,39.5,0,39.5,0,29,0.362,24,0.646
326658,15.5,15.5,0,15.5,0,15.5,0,15.5,0,15.5,0,15.5,0,15.5,0,,,,,,
326933,,,,,,,,,,,,,,,,,,,,,
327093,10,10,0,10,0,10,0,10,0,10,0,10,0,10,0,10,0,,,,
327172,,,,,,,,,,,,,,,,,,,,,
327176,,,,,,,,,,,,,,,,,,,,,
327177,20,20,0,20,0,20,0,20,0,20,0,20,0,20,0,20,0,16.5,0.212,15,0.333
327181,18.5,18.5,0,18.5,0,18.5,0,18.5,0,11.5,0.609,11.5,0.609,11.5,0.609,11.5,0.609,11.5,0.609,11.5,0.609
327185,18.5,18.5,0,18.5,0,18.5,0,18.5,0,14,0.321,14,0.321,14,0.321,14,0.321,14,0.321,14,0.321
327186,18.5,18.5,0,18.5,0,18.5,0,18.5,0,14,0.321,14,0.321,14,0.321,14,0.321,14,0.321,14,0.321
327187,12,12,0,12,0,12,0,12,0,12,0,12,0,12,0,12,0,12,0,12,0
327260,27,27,0,27,0,27,0,27,0,27,0,22,0.227,22,0.227,27.5,-0.0182,24,0.125,22,0.227
327468,102,102,0,102,0,102,0,102,0,102,0,102,0,102,0,103,-0.00971,79.5,0.283,56,0.821
327555,22.9,22.9,0,22.9,0,22.9,0,22.9,0,22.9,0,22.9,0,22.9,0,,,,,,
327581,25,25,0,25,0,25,0,25,0,25,0,25,0,24,0.0417,21,0.19,23,0.087,20.6,0.214
327701,249,249,0,249,0,249,0,249,0,249,0,249,0,249,0,249,0,200,0.246,199,0.251
327789,44,44,0,44,0,44,0,44,0,44,0,44,0,,,,,46,-0.0435,36.8,0.196
327815,19,19,0,19,0,19,0,19,0,19,0,17.5,0.0857,19,0,19,0,16.4,0.159,13.5,0.407
327921,24,24,0,24,0,24,0,24,0,24,0,24,0,24,0,24,0,19,0.263,19,0.263
327930,,,,,,,,,,,,,,,,,,,,,
328014,,,,,,,,,,,,,,,,,,,,,
328022,24,24,0,24,0,24,0,24,0,24,0,24,0,24,0,24,0,16.9,0.42,16.9,0.42
328057,89.5,89.5,0,89.5,0,71.9,0.245,71.9,0.245,89.5,0,74.9,0.195,82.5,0.0848,89,0.00562,,,77,0.162
328065,159,159,0,159,0,134,0.187,134,0.187,159,0,130,0.224,160,-0.00563,159,0,139,0.144,129,0.233
328103,229,229,0,229,0,184,0.245,184,0.245,229,0,190,0.206,215,0.0656,225,0.0178,160,0.432,194,0.18
328120,11.7,11.7,0,11.7,0,11.7,0,11.7,0,11.7,0,11.7,0,11.7,0,11.7,0,11,0.0636,9.8,0.194
328146,,,,,,,,,,,,,,,,,,,,,
328154,185,185,0,185,0,185,0,185,0,185,0,185,0,185,0,185,0,,,175,0.0571
328187,4,4,0,4,0,4,0,,,4,0,4,0,4,0,4,0,4,0,3.5,0.143
328336,218,218,0,218,0,218,0,218,0,218,0,180,0.212,218,0,218,0,130,0.678,135,0.615
328337,92,92,0,92,0,92,0,92,0,92,0,92,0,92,0,79.5,0.157,79.5,0.157,56,0.643
328338,95,95,0,95,0,95,0,,,,,,,,,,,79.5,0.195,56,0.696
328339,79.5,79.5,0,79.5,0,79.5,0,79.5,0,79.5,0,79.5,0,79.5,0,79.5,0,79.5,0,56,0.42
328340,,,,,,,,,,,,,,,,,,,,,
328341,95,95,0,95,0,95,0,,,,,,,,,95.5,-0.00524,79.5,0.195,56,0.696
328345,54,54,0,54,0,54,0,54,0,54,0,54,0,54,0,42.5,0.271,37,0.459,37,0.459
328360,1.65e+03,1.65e+03,0,1.65e+03,0,1.65e+03,0,1.65e+03,0,1.65e+03,0,1.65e+03,0,1.65e+03,0,1.65e+03,0,1.2e+03,0.376,949,0.739
328374,57.4,57.4,0,57.4,0,57.4,0,57.4,0,57.4,0,57.4,0,57.4,0,57.4,0,57.5,-0.00174,57.5,-0.00174
328381,,,,,,,,,,,,,,,,,,,,,
328409,7.9,7.9,0,7.9,0,7.9,0,7.9,0,7.9,0,7.9,0,7.9,0,,,,,,
328462,,,,,,,,,,,,,,,,,,,,,
328474,5.99e+03,5.99e+03,0,5.99e+03,0,5.99e+03,0,5.99e+03,0,5.99e+03,0,5.99e+03,0,,,,,,,,
328475,99,99,0,99,0,99,0,123,-0.195,123,-0.195,123,-0.195,123,-0.195,123,-0.195,108,-0.0833,95,0.0421
328500,,,,,,,,,,,,,,,,,,,,,
328552,23.5,23.5,0,23.5,0,23.5,0,23.5,0,,,24,-0.0208,24,-0.0208,24,-0.0208,20,0.175,20,0.175
328566,46.5,46.5,0,46.5,0,46.5,0,46.5,0,46.5,0,46.5,0,46.5,0,46.5,0,35.5,0.31,33,0.409
328567,46.5,46.5,0,46.5,0,46.5,0,46.5,0,46.5,0,46.5,0,46.5,0,46.5,0,,,33,0.409
328568,46.5,46.5,0,46.5,0,46.5,0,46.5,0,46.5,0,46.5,0,46.5,0,46.5,0,,,33,0.409
328599,37.5,37.5,0,37.5,0,37.5,0,37.5,0,37.5,0,36,0.0417,34.5,0.087,32.4,0.157,32,0.172,31,0.21
328644,,,,,,,,,,,,,,,,,,,,,
328650,41,41,0,41,0,41,0,41,0,41,0,41,0,41,0,41,0,34,0.206,34,0.206
328677,7.5,7.5,0,7.5,0,7.5,0,7.5,0,7.5,0,7.5,0,7.5,0,7.5,0,6,0.25,4.5,0.667
328678,29,29,0,29,0,29,0,29,0,29,0,29,0,29,0,39.5,-0.266,29,0,24,0.208
328679,29,29,0,29,0,39.5,-0.266,39.5,-0.266,39.5,-0.266,39.5,-0.266,39.5,-0.266,39.5,-0.266,29,0,24,0.208
328705,,,,,,,,,,,,,,,,,,,,,
328706,,,,,,,,,,,,,,,,,,,,,
328708,,,,,,,,,,,,,,,,,,,,,
328709,,,,,,,,,,,,,,,,,,,,,
328717,,,,,,,,,,,,,,,,,,,,,
328719,,,,,,,,,,,,,,,,,,,,,
328720,,,,,,,,,,,,,,,,,,,,,
328740,66,66,0,66,0,66,0,66,0,66,0,66,0,66,0,66,0,57,0.158,57,0.158
328758,171,171,0,171,0,171,0,171,0,171,0,171,0,171,0,146,0.171,127,0.35,127,0.35
328802,112,112,0,112,0,112,0,112,0,112,0,112,0,112,0,112,0,99,0.131,84,0.333
328803,181,181,0,181,0,181,0,181,0,181,0,181,0,181,0,181,0,174,0.0402,138,0.316
328829,63.5,63.5,0,63.5,0,63.5,0,63.5,0,63.5,0,63.5,0,48.5,0.309,,,44,0.443,,
328839,57,57,0,57,0,57,0,57,0,57,0,57,0,57,0,57,0,40,0.425,40,0.425
328842,,,,,,,,,,,,,,,,,,,,,
328845,,,,,,,,,,,,,,,,,,,,,
328846,,,,,,,,,,,,,,,,,,,,,
328847,18.5,18.5,0,18.5,0,18.5,0,18.5,0,18.5,0,18.5,0,18.5,0,18.8,-0.016,18.5,0,18.5,0
328863,29,29,0,29,0,29,0,29,0,29,0,29,0,29,0,29,0,29,0,29,0
328884,19.9,19.9,0,19.9,0,19.9,0,19.9,0,19.9,0,19.9,0,19.9,0,23.5,-0.153,22.9,-0.131,16.5,0.206
329533,11.5,11.5,0,11.5,0,10.8,0.0648,10.8,0.0648,10.8,0.0648,10.8,0.0648,10.8,0.0648,10,0.15,9.5,0.211,7.9,0.456
329871,20,20,0,20,0,20,0,20,0,20,0,20,0,20,0,20,0,17.5,0.143,17.5,0.143
330161,,,,,,,,,,,,,,,,,,,,,
330162,61,61,0,61,0,61,0,61,0,61,0,61,0,61,0,61,0,53,0.151,51,0.196
330170,75,75,0,,,,,,,75,0,75,0,75,0,90,-0.167,69,0.087,69,0.087
330198,,,,,,,,,,,,,,,,,,,,,
330199,9,9,0,9,0,9,0,9,0,9,0,8.5,0.0588,8.5,0.0588,8.5,0.0588,8.5,0.0588,8,0.125
330200,9,9,0,9,0,9,0,9,0,9,0,8.5,0.0588,8.5,0.0588,8.5,0.0588,8.5,0.0588,8,0.125
330201,,,,,,,,,,,,,,,,,,,,,
330230,,,,,,,,,,,,,,,,,,,,,
330460,24.2,24.2,0,24.2,0,17.9,0.352,17.9,0.352,24.2,0,24.2,0,24.2,0,24.2,0,20,0.21,15,0.613
330509,,,,,,,,,,,,,,,,,,,,,
330510,,,,,,,,,,,,,,,,,,,,,
330511,20,20,0,,,20,0,20,0,20,0,20,0,20,0,20,0,16.5,0.212,23,-0.13
330563,42.4,42.4,0,42.4,0,42.4,0,42.4,0,42.4,0,42.4,0,42.4,0,,,29.6,0.432,25,0.696
330600,,,,,,,,,,,,,,,,,,,,,
330627,,,,,,,,,,,,,,,,,,,,,
330773,64.5,64.5,0,64.5,0,64.5,0,64.5,0,64.5,0,64.5,0,64.5,0,,,,,,
330820,65.9,65.9,0,65.9,0,57.9,0.138,57.9,0.138,65.9,0,65.9,0,65.9,0,72.5,-0.091,57.5,0.146,50,0.318
330821,,,,,,,,,,,,,,,,,,,,,
330822,,,,,,,,,,,,,,,,,,,,,
330929,44,44,0,44,0,44,0,44,0,44,0,44,0,44,0,44,0,31.5,0.397,31.5,0.397
330931,11.5,11.5,0,11.5,0,11.5,0,11.5,0,11.5,0,11.5,0,11.5,0,11.5,0,8.1,0.42,8.1,0.42
330964,20.6,20.6,0,20.6,0,20.6,0,20.6,0,,,20.6,0,,,,,,,18.5,0.114
331013,80,80,0,80,0,80,0,80,0,80,0,80,0,80,0,80,0,69,0.159,65,0.231
331060,74.5,74.5,0,74.5,0,50.5,0.475,50.5,0.475,74.5,0,74.5,0,74.5,0,61,0.221,82,-0.0915,57.9,0.287
331150,,,,,,,,,,,,,,,,,,,,,
331151,7.5,7.5,0,7.5,0,7.5,0,7.5,0,7.5,0,10.9,-0.312,9.5,-0.211,10.9,-0.312,9,-0.167,6.5,0.154
331153,,,,,,,,,,,,,,,,,,,,,
331156,8,8,0,8,0,8,0,8,0,8,0,8,0,,,9,-0.111,8.7,-0.0805,7,0.143
331195,103,103,0,103,0,103,0,103,0,103,0,103,0,103,0,105,-0.019,95,0.0842,73.1,0.409
331221,,,,,,,,,,,,,,,,,,,,,
331531,14.2,14.2,0,14.2,0,14.2,0,14.2,0,14.2,0,14.2,0,14.2,0,14.2,0,11.7,0.214,12.5,0.136
331720,20.8,20.8,0,20.8,0,20.8,0,20.8,0,20.8,0,20.8,0,,,20.8,0,,,19.4,0.0722
331721,,,,,,,,,,,,,,,,,,,,,
331722,22.7,22.7,0,22.7,0,22.7,0,22.7,0,22.7,0,22.7,0,22.7,0,22.7,0,21.7,0.0461,20.7,0.0966
331723,26,26,0,26,0,26,0,26,0,26,0,26,0,26,0,26,0,,,24,0.0833
331871,6.5,6.5,0,6.5,0,6.5,0,6.5,0,6.5,0,6.5,0,6.5,0,6.5,0,6.5,0,6,0.0833
331875,,,,,,,,,,,,,,,,,,,,,
331892,,,,,,,,,,,,,,,,,,,,,
331893,25.5,25.5,0,25.5,0,25.5,0,25.5,0,25.5,0,25.5,0,25.5,0,,,,,,
331895,,,,,,,,,,,,,,,,,,,,,
331896,20,20,0,20,0,20,0,20,0,20,0,20,0,20,0,20,0,20,0,20,0
332001,8.5,8.5,0,8.5,0,8.5,0,8.5,0,8.5,0,8.5,0,8.5,0,8.5,0,8.5,0,6.9,0.232
332071,,,,,,,,,,,,,,,,,,,,,
332079,,,,,,,,,,,,,,,,,,,,,
332101,,,,,,,,,,,,,,,,,,,,,
332107,,,,,,,,,,,,,,,,,,,,,
332151,21,21,0,21,0,21,0,21,0,21,0,20.5,0.0244,25,-0.16,25,-0.16,22,-0.0455,20,0.05
332171,16,16,0,16,0,16,0,16,0,16,0,16,0,16,0,,,12.5,0.28,,
332172,15,15,0,15,0,15,0,15,0,15,0,15,0,15,0,15,0,,,12.5,0.2
332280,,,,,,,,,,,,,,,,,,,,,
332291,325,325,0,325,0,325,0,325,0,299,0.087,330,-0.0152,330,-0.0152,330,-0.0152,279,0.165,209,0.555
332507,28.4,28.4,0,28.4,0,28.4,0,28.4,0,28.4,0,28.4,0,28.4,0,29.6,-0.0405,28.4,0,20.2,0.406
332547,25.5,25.5,0,25.5,0,25.5,0,25.5,0,25.5,0,25.5,0,25.5,0,,,,,,
332552,47.9,47.9,0,47.9,0,47.9,0,47.9,0,47.9,0,47.9,0,47.9,0,47.9,0,39.9,0.201,36.5,0.312
332578,,,,,,,,,,,,,,,,,,,,,
332595,15.3,15.3,0,15.3,0,11,0.391,11,0.391,15.3,0,15.3,0,15.3,0,15.3,0,13.8,0.109,10.4,0.471
332656,15.3,15.3,0,15.3,0,11,0.391,11,0.391,15.3,0,15.3,0,15.3,0,15.3,0,,,,
332778,23,23,0,23,0,23,0,23,0,23,0,23,0,23,0,26,-0.115,25.5,-0.098,18,0.278
332787,,,,,,,,,,,,,,,,,,,,,
332802,22.7,22.7,0,22.7,0,22.7,0,22.7,0,22.7,0,22.7,0,22.7,0,22.7,0,18.3,0.24,13.7,0.657
332901,,,,,,,,,,,,,,,,,,,,,
333026,25,25,0,25,0,25,0,25,0,25,0,25,0,25,0,25,0,25,0,25,0
333053,29.4,29.4,0,29.4,0,29.4,0,29.4,0,29.4,0,29.4,0,29.4,0,29.4,0,20,0.47,20,0.47
333062,37,37,0,37,0,37,0,37,0,37,0,41.9,-0.117,41.9,-0.117,41.9,-0.117,27.5,0.345,24.5,0.51
333141,67.5,67.5,0,67.5,0,67.5,0,67.5,0,67.5,0,67.5,0,67.5,0,67.5,0,59,0.144,54.3,0.243
333143,66.9,66.9,0,66.9,0,66.9,0,66.9,0,66.9,0,66.9,0,66.9,0,66.9,0,66.9,0,55.9,0.197
333144,66.9,66.9,0,66.9,0,66.9,0,66.9,0,66.9,0,66.9,0,66.9,0,66.9,0,66.9,0,55.9,0.197
333145,81.9,81.9,0,81.9,0,81.9,0,81.9,0,81.9,0,81.9,0,81.9,0,81.9,0,81.9,0,74.9,0.0935
333160,30.5,30.5,0,30.5,0,30.5,0,30.5,0,30.5,0,30.5,0,30.5,0,30.5,0,,,,
333168,35,35,0,35,0,35,0,35,0,35,0,35,0,35,0,37.6,-0.0691,37.6,-0.0691,29.5,0.186
333265,,,,,,,,,,,,,,,,,,,,,
333266,55,55,0,55,0,55,0,55,0,55,0,55,0,55,0,,,47.8,0.151,,
333287,24.5,24.5,0,30,-0.183,30,-0.183,30,-0.183,30,-0.183,30,-0.183,30,-0.183,27.8,-0.119,27.8,-0.119,26.5,-0.0755
333302,31.2,31.2,0,31.2,0,31.2,0,31.2,0,31.2,0,31.2,0,31.2,0,31.2,0,31.2,0,27,0.156
333304,31.2,31.2,0,31.2,0,31.2,0,31.2,0,31.2,0,,,,,31.2,0,31.2,0,,
333305,31.2,31.2,0,31.2,0,31.2,0,31.2,0,31.2,0,31.2,0,31.2,0,31.2,0,31.2,0,25,0.248
333331,,,,,,,,,,,,,,,,,,,,,
333371,7.5,7.5,0,7.5,0,5.5,0.364,5.5,0.364,,,7.5,0,7.5,0,7.5,0,6.2,0.21,5.5,0.364
333420,80,80,0,80,0,80,0,80,0,80,0,80,0,80,0,80,0,69,0.159,65,0.231
333451,26.4,26.4,0,26.4,0,26.4,0,32.9,-0.198,32.9,-0.198,32.9,-0.198,26,0.0154,37.5,-0.296,36.2,-0.271,26.5,-0.00377
333452,26.4,26.4,0,26.4,0,26.4,0,32.9,-0.198,32.9,-0.198,32.9,-0.198,26,0.0154,37.5,-0.296,,,26.5,-0.00377
333453,26.4,26.4,0,26.4,0,26.4,0,32.9,-0.198,32.9,-0.198,32.9,-0.198,26,0.0154,37.5,-0.296,36.2,-0.271,26.5,-0.00377
333454,42.2,42.2,0,42.2,0,42.2,0,52.7,-0.199,52.7,-0.199,52.7,-0.199,52.7,-0.199,59.9,-0.295,58,-0.272,41.2,0.0243
333468,,,,,,,,,,,,,,,,,,,,,
333470,17.9,17.9,0,19.5,-0.0821,19.5,-0.0821,19.5,-0.0821,19.5,-0.0821,19.5,-0.0821,19.5,-0.0821,19.5,-0.0821,16.9,0.0592,15,0.193
333471,,,,,,,,,,,,,,,,,,,,,
333480,,,,,,,,,,,,,,,,,,,,,
333512,28.9,28.9,0,28.9,0,28.9,0,40,-0.278,40,-0.278,40,-0.278,40,-0.278,41.1,-0.297,37.5,-0.229,29.9,-0.0334
333513,28.9,28.9,0,28.9,0,28.9,0,39,-0.259,39,-0.259,,,39,-0.259,39.5,-0.268,37.5,-0.229,29.9,-0.0334
333555,22.7,22.7,0,22.7,0,22.7,0,22.7,0,22.7,0,22.7,0,22.7,0,22.7,0,19.7,0.152,13.9,0.633
333556,,,,,,,,,,,,,,,,,,,,,
333557,37.5,37.5,0,37.5,0,37.5,0,37.5,0,37.5,0,37.5,0,37.5,0,37.5,0,33,0.136,27.5,0.364
333558,37.5,37.5,0,37.5,0,37.5,0,37.5,0,37.5,0,37.5,0,37.5,0,37.5,0,33,0.136,27.5,0.364
333559,21.4,21.4,0,21.4,0,21.4,0,21.4,0,21.4,0,21.4,0,20.8,0.0288,20.8,0.0288,15.8,0.354,12.4,0.726
333560,31,31,0,31,0,31,0,31,0,31,0,31,0,31,0,31,0,26.8,0.157,16.8,0.845
333561,76,76,0,76,0,76,0,76,0,76,0,32.9,1.31,76,0,59,0.288,64.8,0.173,43,0.767
333565,56,56,0,56,0,56,0,56,0,56,0,56,0,56,0,56,0,51,0.098,43.5,0.287
333575,,,,,,,,,,,,,,,,,,,,,
333577,8.5,8.5,0,8.5,0,8.5,0,8.5,0,8.5,0,7.9,0.0759,7.9,0.0759,8.5,0,7,0.214,7,0.214
333586,,,,,,,,,,,,,,,,,,,,,
333605,,,,,,,,,,,,,,,,,,,,,
333608,,,,,,,,,,,,,,,,,,,,,
333616,,,,,,,,,,,,,,,,,,,,,
333618,,,,,,,,,,,,,,,,,,,,,
333619,,,,,,,,,,,,,,,,,,,,,
333623,,,,,,,,,,,,,,,,,,,,,
333626,,,,,,,,,,,,,,,,,,,,,
333627,,,,,,,,,,,,,,,,,,,,,
333637,,,,,,,,,,,,,,,,,,,,,
333639,,,,,,,,,,,,,,,,,,,,,
333640,,,,,,,,,,,,,,,,,,,,,
333642,,,,,,,,,,,,,,,,,,,,,
333644,73,73,0,73,0,73,0,73,0,73,0,73,0,73,0,73,0,64,0.141,61,0.197
333645,119,119,0,119,0,119,0,119,0,119,0,119,0,119,0,119,0,101,0.178,99,0.202
333750,18.5,18.5,0,18.5,0,18.5,0,23.4,-0.209,23.4,-0.209,23.4,-0.209,23.4,-0.209,,,,,,
333752,23.6,23.6,0,23.6,0,23.6,0,34,-0.306,34,-0.306,34,-0.306,34,-0.306,34,-0.306,32.3,-0.269,26.9,-0.123
333754,46.2,46.2,0,46.2,0,46.2,0,57.7,-0.199,57.7,-0.199,57.7,-0.199,57.7,-0.199,65.5,-0.295,63.5,-0.272,46,0.00435
333755,45.1,45.1,0,45.1,0,45.1,0,56.3,-0.199,56.3,-0.199,56.3,-0.199,56.3,-0.199,63.9,-0.294,61.9,-0.271,44.3,0.0181
333770,39.6,39.6,0,39.6,0,39.6,0,39.6,0,39.6,0,,,30,0.32,39.6,0,34.4,0.151,28.6,0.385
333775,12,12,0,12,0,12,0,12,0,12,0,12,0,12,0,15.5,-0.226,11,0.0909,11,0.0909
333790,,,,,,,,,,,,,,,,,,,,,
333796,69,69,0,69,0,69,0,69,0,69,0,69,0,69,0,69,0,52.2,0.322,,
333823,28,28,0,28,0,28,0,28,0,28,0,28,0,28,0,28,0,,,,
333825,28,28,0,28,0,28,0,28,0,28,0,28,0,28,0,28,0,19.9,0.407,,
333826,28,28,0,28,0,28,0,28,0,28,0,28,0,28,0,28,0,19.9,0.407,,
333827,,,,,,,,,,,,,,,,,,,,,
333912,17,17,0,17,0,17,0,17,0,17,0,17,0,,,17,0,13,0.308,11.2,0.518
333953,95,95,0,95,0,,,,,,,,,,,,,,,95,0
333956,59.9,59.9,0,59.9,0,59.9,0,59.9,0,59.9,0,59.9,0,59.9,0,57.5,0.0417,52.5,0.141,44.9,0.334
333963,128,128,0,128,0,128,0,128,0,128,0,128,0,128,0,128,0,116,0.103,108,0.185
333996,26,26,0,26,0,26,0,26,0,26,0,26,0,26,0,,,,,20,0.3
333997,26,26,0,26,0,26,0,26,0,26,0,21.5,0.209,26,0,26,0,20,0.3,20,0.3
333998,26,26,0,26,0,26,0,26,0,26,0,26,0,26,0,26,0,20,0.3,20,0.3
334065,27,27,0,27,0,27,0,27,0,27,0,27,0,27,0,27,0,27,0,24.5,0.102
334079,8.5,8.5,0,10.2,-0.167,8.5,0,8.5,0,10.2,-0.167,8.9,-0.0449,10.2,-0.167,10.2,-0.167,9.4,-0.0957,7,0.214
334090,25,25,0,25,0,25,0,25,0,25,0,25,0,25,0,25,0,25,0,22.5,0.111
334103,19,19,0,19,0,19,0,19,0,19,0,19,0,19,0,19,0,19,0,17.5,0.0857
334105,28,28,0,28,0,28,0,28,0,28,0,23,0.217,28,0,28,0,,,,
334111,21.5,21.5,0,21.5,0,21.5,0,21.5,0,21.5,0,21.5,0,21.5,0,21.5,0,21.5,0,19.5,0.103
334120,20,20,0,20,0,20,0,20,0,20,0,20,0,20,0,20,0,20,0,18.5,0.0811
334138,30,30,0,30,0,30,0,30,0,30,0,30,0,30,0,30,0,30,0,27,0.111
334146,20.5,20.5,0,20.5,0,20.5,0,20.5,0,20.5,0,20.5,0,20.5,0,20.5,0,20.5,0,18.8,0.0904
334260,33,33,0,33,0,33,0,33,0,33,0,33,0,33,0,33,0,33,0,30,0.1
334278,,,,,,,,,,,,,,,,,,,,,
334342,,,,,,,,,,,,,,,,,,,,,
334390,27,27,0,27,0,27,0,27,0,27,0,27,0,,,,,,,,
334501,24.9,24.9,0,24.9,0,24.9,0,24.9,0,24.9,0,24.9,0,33,-0.245,33,-0.245,32,-0.222,25.5,-0.0235
334565,,,,,,,,,,,,,,,,,,,,,
334566,31.5,31.5,0,31.5,0,31.5,0,31.5,0,31.5,0,31.5,0,27.8,0.133,27.8,0.133,27.8,0.133,27.8,0.133
334680,105,105,0,105,0,105,0,105,0,105,0,105,0,105,0,,,88,0.193,,
334681,100,100,0,100,0,100,0,100,0,100,0,100,0,100,0,100,0,84,0.19,76.5,0.307
334682,99,99,0,99,0,99,0,99,0,99,0,99,0,99,0,99,0,83,0.193,,
334683,100,100,0,100,0,100,0,100,0,100,0,100,0,100,0,100,0,84,0.19,76.5,0.307
334758,60,60,0,60,0,60,0,60,0,60,0,60,0,55.6,0.0791,49.8,0.205,48.5,0.237,44,0.364
334907,75,75,0,75,0,75,0,75,0,75,0,75,0,75,0,75,0,65,0.154,62,0.21
334908,,,,,,,,,,,,,,,,,,,,,
334920,,,,,,,,,,,,,,,,,,,,,
334921,,,,,,,,,,,,,,,,,,,,,
335055,81.5,81.5,0,81.5,0,81.5,0,81.5,0,81.5,0,81.5,0,81.5,0,81.5,0,74.5,0.094,62.5,0.304
335060,54.9,54.9,0,54.9,0,54.9,0,54.9,0,54.9,0,54.9,0,54.9,0,58.8,-0.0663,,,46,0.193
335453,33.5,33.5,0,33.5,0,33.5,0,33.5,0,33.5,0,33.5,0,33.5,0,33.5,0,29.5,0.136,24.5,0.367
335579,36,36,0,36,0,36,0,36,0,36,0,36,0,36,0,36,0,30,0.2,27,0.333
335580,31.5,31.5,0,31.5,0,31.5,0,31.5,0,,,31.5,0,31.5,0,,,,,,
335582,36,36,0,36,0,36,0,36,0,36,0,36,0,36,0,36,0,30,0.2,27,0.333
335610,,,,,,,,,,,,,,,,,,,,,
335748,,,,,,,,,,,,,,,,,,,,,
335755,29.5,29.5,0,29.5,0,29.5,0,29.5,0,29.5,0,29.5,0,,,,,,,,
335756,29.5,29.5,0,29.5,0,29.5,0,29.5,0,29.5,0,29.5,0,,,,,,,,
335757,29.5,29.5,0,29.5,0,29.5,0,29.5,0,29.5,0,29.5,0,,,,,,,,
335770,,,,,,,,,,,,,,,,,,,,,
335781,37.9,37.9,0,46.5,-0.185,46.5,-0.185,46.5,-0.185,46.5,-0.185,46,-0.176,46,-0.176,39,-0.0282,40,-0.0525,40,-0.0525
335787,16.5,16.5,0,16.5,0,16.5,0,16.5,0,16.5,0,16.5,0,13.9,0.187,16.2,0.0185,14.9,0.107,11,0.5
335805,28,28,0,28,0,28,0,28,0,28,0,28,0,28,0,28,0,24.5,0.143,24.5,0.143
335967,65.9,65.9,0,65.9,0,65.9,0,65.9,0,65.9,0,65.9,0,65.9,0,53,0.243,53,0.243,49.9,0.321
336066,24.9,24.9,0,24.9,0,24.9,0,27.9,-0.108,27.9,-0.108,27.9,-0.108,33,-0.245,33,-0.245,24,0.0375,21.5,0.158
336191,21.8,21.8,0,21.8,0,21.8,0,21.8,0,21.8,0,17.5,0.246,20.9,0.0431,19,0.147,20.9,0.0431,,
336211,50,50,0,50,0,50,0,50,0,50,0,50,0,50,0,,,46.8,0.0684,46.8,0.0684
336270,,,,,,,,,,,,,,,,,,,,,
336275,82.5,82.5,0,82.5,0,82.5,0,82.5,0,82.5,0,82.5,0,82.5,0,93.5,-0.118,54,0.528,54,0.528
336341,43.1,43.1,0,43.1,0,43.1,0,43.1,0,43.1,0,43.1,0,43.1,0,43.1,0,35.6,0.211,35.5,0.214
336342,43.1,43.1,0,43.1,0,43.1,0,43.1,0,43.1,0,,,,,,,,,,
336386,12.6,,,,,12.6,0,12.6,0,,,,,,,,,,,10.5,0.2
336394,,,,,,,,,,,,,,,,,,,,,
336421,,,,,,,,,,,,,,,,,,,,,
336424,13.9,13.9,0,13.9,0,,,,,13.9,0,13.9,0,,,,,,,,
336513,13.5,13.5,0,13.5,0,13.5,0,13.5,0,13.5,0,,,,,,,12,0.125,,
336521,13.9,,,,,13.9,0,,,13.9,0,,,13.9,0,,,,,,
336530,,,,,,,,,,,,,,,,,,,,,
336548,,,,,,,,,,,,,,,,,,,,,
336564,13.5,13.5,0,13.5,0,13.5,0,13.5,0,,,,,,,,,,,,
336572,13.9,13.9,0,13.9,0,13.9,0,13.9,0,,,,,,,,,,,,
336573,25.5,25.5,0,25.5,0,25.5,0,25.5,0,25.5,0,23.8,0.0714,26.3,-0.0304,26.3,-0.0304,27,-0.0556,26,-0.0192
336599,,,,,,,,,,,,,,,,,,,,,
336622,,,,,,,,,,,,,,,,,,,,,
336669,,,,,,,,,,,,,,,,,,,,,
336720,,,,,,,,,,,,,,,,,,,,,
336721,46.8,46.8,0,46.8,0,46.8,0,46.8,0,46.8,0,55.9,-0.163,49.9,-0.0621,56,-0.164,45,0.04,37,0.265
336750,,,,,,,,,,,,,,,,,,,,,
336769,21,21,0,21,0,21,0,21,0,21,0,21,0,21,0,21,0,21,0,21,0
336831,36,36,0,36,0,36,0,36,0,36,0,36,0,36,0,36,0,36,0,36,0
336833,20.9,20.9,0,20.9,0,20.9,0,20.9,0,20.9,0,20.9,0,20.9,0,20.9,0,16.9,0.237,16.9,0.237
336858,25,25,0,25,0,25,0,25,0,25,0,25,0,25,0,20,0.25,20,0.25,20,0.25
336866,,,,,,,,,,,,,,,,,,,,,
336939,,,,,,,,,,,,,,,,,,,,,
336947,10.5,10.5,0,10.5,0,10.5,0,10.5,0,10.5,0,10.5,0,10.5,0,10.5,0,10.5,0,10.5,0
337020,39.4,39.4,0,39.4,0,39.4,0,39.4,0,39.4,0,39.4,0,39.4,0,39.4,0,32.8,0.201,30,0.313
337035,,,,,,,,,,,,,,,,,,,,,
337036,,,,,,,,,,,,,,,,,,,,,
337043,,,,,,,,,,,,,,,,,,,,,
337090,37.7,37.7,0,37.7,0,37.7,0,37.7,0,37.7,0,37.7,0,37.7,0,,,,,21,0.795
337091,35.7,35.7,0,35.7,0,35.7,0,35.7,0,35.7,0,35.7,0,35.7,0,,,,,,
337093,42.4,42.4,0,42.4,0,42.4,0,42.4,0,42.4,0,42.4,0,42.4,0,29.6,0.432,29.6,0.432,25,0.696
337187,35,35,0,35,0,35,0,35,0,35,0,35,0,35,0,35,0,31,0.129,31,0.129
337250,,,,,,,,,,,,,,,,,,,,,
337285,30,30,0,30,0,30,0,30,0,30,0,30,0,30,0,16.9,0.775,16.9,0.775,16.9,0.775
337293,27.5,27.5,0,27.5,0,27.5,0,27.5,0,27.5,0,27.5,0,27.5,0,19,0.447,19,0.447,19,0.447
337307,,,,,,,,,,,,,,,,,,,,,
337331,25,25,0,25,0,25,0,25,0,25,0,25,0,25,0,25,0,25,0,,
337358,,,,,,,,,,,,,,,,,,,,,
337366,,,,,,,,,,,,,,,,,,,,,
337374,,,,,,,,,,,,,,,,,,,,,
337420,,,,,,,,,,,,,,,,,,,,,
337488,,,,,,,,,,,,,,,,,,,,,
337527,,,,,,,,,,,,,,,,,,,,,
337729,186,186,0,186,0,186,0,186,0,186,0,186,0,186,0,186,0,124,0.504,124,0.504
337733,14.9,14.9,0,20.4,-0.27,20.4,-0.27,20.4,-0.27,20.4,-0.27,20.4,-0.27,20.4,-0.27,20.4,-0.27,19.8,-0.247,14.8,0.00676
337801,14.1,14.1,0,14.1,0,10.9,0.294,10.9,0.294,,,14.1,0,15,-0.06,12.4,0.137,,,,
337891,64.8,64.8,0,64.8,0,64.8,0,64.8,0,64.8,0,64.8,0,64.8,0,69.8,-0.0716,69.8,-0.0716,54.6,0.187
337910,,,,,,,,,,,,,,,,,,,,,
337911,,,,,,,,,,,,,,,,,,,,,
337912,,,,,,,,,,,,,,,,,,,,,
338048,60,60,0,60,0,60,0,60,0,60,0,60,0,71,-0.155,71,-0.155,36.8,0.63,34.9,0.719
338050,39,39,0,39,0,39,0,48.9,-0.202,48.9,-0.202,48.9,-0.202,48.9,-0.202,55.5,-0.297,53.8,-0.275,37.9,0.029
338277,,,,,,,,,,,,,,,,,,,,,
338278,,,,,,,,,,,,,,,,,,,,,
338717,60,60,0,60,0,60,0,60,0,60,0,60,0,60,0,60,0,37,0.622,23.5,1.55
338738,30,30,0,30,0,30,0,,,,,30,0,30,0,,,,,,
338740,35,35,0,35,0,35,0,35,0,35,0,35,0,35,0,,,,,,
338744,32,32,0,32,0,32,0,32,0,,,32,0,32,0,,,,,,
338746,32,32,0,32,0,32,0,,,,,32,0,32,0,,,,,,
338748,32,32,0,32,0,32,0,32,0,,,32,0,32,0,,,,,,
338752,38,38,0,38,0,38,0,38,0,,,38,0,38,0,,,,,,
338816,182,182,0,182,0,182,0,182,0,182,0,182,0,204,-0.112,256,-0.289,190,-0.0452,146,0.242
338817,39.6,39.6,0,39.6,0,39.6,0,39.6,0,39.6,0,39.6,0,42.3,-0.0638,48.8,-0.189,41.4,-0.0435,33.4,0.186
338819,39.6,39.6,0,39.6,0,39.6,0,39.6,0,39.6,0,39.6,0,42.3,-0.0638,55.7,-0.289,41.4,-0.0435,33.4,0.186
338823,14.9,14.9,0,14.9,0,14.9,0,14.9,0,14.9,0,14.9,0,15.9,-0.0629,20.9,-0.287,15.6,-0.0449,12.8,0.164
338840,40.8,40.8,0,40.8,0,40.8,0,40.8,0,40.8,0,40.8,0,40.8,0,40.8,0,40,0.02,33.7,0.211
338844,164,164,0,164,0,164,0,164,0,164,0,164,0,164,0,164,0,150,0.0927,112,0.457
338914,,,,,,,,,,,,,,,,,,,,,
338982,13,13,0,13,0,13,0,13,0,13,0,13,0,13,0,15,-0.133,14.5,-0.103,10.3,0.262
338989,80,80,0,80,0,80,0,80,0,80,0,80,0,,,,,75,0.0667,66,0.212
338990,,,,,,,,,,,,,,,,,,,,,
339126,37.5,37.5,0,37.5,0,37.5,0,37.5,0,37.5,0,37.5,0,37.5,0,53,-0.292,39,-0.0385,39,-0.0385
339129,66,66,0,66,0,66,0,66,0,66,0,66,0,66,0,48,0.375,44,0.5,,
339131,62.5,62.5,0,62.5,0,62.5,0,62.5,0,62.5,0,62.5,0,62.5,0,,,,,,
339132,,,,,,,,,,,,,,,,,,,,,
339133,,,,,,,,,,,,,,,,,,,,,
339134,22,22,0,22,0,22,0,22,0,22,0,22,0,22,0,22,0,16,0.375,16,0.375
339135,23,23,0,23,0,23,0,23,0,23,0,23,0,23,0,23,0,13.5,0.704,13.5,0.704
339136,10.5,10.5,0,10.5,0,10.5,0,10.5,0,10.5,0,10.5,0,10.5,0,10.5,0,5.6,0.875,5.6,0.875
339137,26,26,0,26,0,26,0,26,0,26,0,26,0,26,0,26,0,20,0.3,,
339141,80,80,0,80,0,80,0,80,0,,,80,0,80,0,80,0,69,0.159,65,0.231
339220,80.4,80.4,0,80.4,0,80.4,0,80.4,0,80.4,0,80.4,0,80.4,0,86.3,-0.0684,86.3,-0.0684,68,0.182
339733,17.9,17.9,0,17.9,0,17.9,0,17.9,0,17.9,0,20.7,-0.135,20.7,-0.135,22.3,-0.197,20,-0.105,,
339773,,,,,,,,,,,,,,,,,,,,,
339811,87.5,87.5,0,87.5,0,87.5,0,87.5,0,87.5,0,87.5,0,87.5,0,82.5,0.0606,75,0.167,,
339813,87.5,87.5,0,87.5,0,87.5,0,87.5,0,87.5,0,87.5,0,87.5,0,,,,,,
340081,,,,,,,,,,,,,,,,,,,,,
340087,1.5,1.5,0,1.5,0,1.5,0,1.5,0,1.5,0,1.5,0,1.5,0,1.5,0,1.5,0,1.5,0
340088,4.5,4.5,0,4.5,0,4.5,0,4.5,0,4.5,0,4.5,0,4.5,0,4.5,0,4.5,0,4.5,0
340137,72,72,0,72,0,72,0,72,0,72,0,72,0,72,0,,,58.2,0.237,52.2,0.379
340151,23.4,23.4,0,23.4,0,23.4,0,23.4,0,23.4,0,23.4,0,23.4,0,23.4,0,,,17.5,0.337
340152,,,,,,,,,,,,,,,,,,,,,
340171,187,187,0,187,0,187,0,187,0,187,0,155,0.207,187,0,150,0.247,179,0.0447,169,0.107
340200,31.7,31.7,0,31.7,0,31.7,0,31.7,0,31.7,0,31.7,0,31.7,0,31.7,0,23.5,0.349,22,0.441
340209,140,140,0,140,0,140,0,140,0,140,0,,,,,140,0,128,0.0938,,
340234,36,36,0,36,0,36,0,36,0,36,0,36,0,36,0,36,0,27.5,0.309,27.5,0.309
340235,31.5,31.5,0,31.5,0,31.5,0,31.5,0,31.5,0,31.5,0,25,0.26,,,,,,
340238,36,36,0,36,0,36,0,36,0,36,0,36,0,36,0,36,0,27.5,0.309,27.5,0.309
340243,31.5,31.5,0,31.5,0,31.5,0,31.5,0,31.5,0,31.5,0,25,0.26,31.7,-0.00631,23.5,0.34,22,0.432
340251,31.5,31.5,0,31.5,0,31.5,0,31.5,0,31.5,0,31.5,0,25,0.26,39,-0.192,23.5,0.34,22,0.432
340260,31.5,31.5,0,31.5,0,31.5,0,31.5,0,31.5,0,31.5,0,25,0.26,31,0.0161,23.5,0.34,22,0.432
340272,12,12,0,12,0,12,0,12,0,12,0,12,0,12,0,,,,,,
340273,12,12,0,12,0,12,0,12,0,,,12,0,12,0,,,,,,
340411,,,,,,,,,,,,,,,,,,,,,
340412,22.5,22.5,0,22.5,0,22.5,0,22.5,0,22.5,0,22.5,0,22.5,0,20,0.125,18,0.25,18,0.25
340413,15.3,15.3,0,15.3,0,11.5,0.33,11.5,0.33,15.3,0,10.2,0.5,13.5,0.133,17.3,-0.116,16.9,-0.0947,12,0.275
340450,38,38,0,38,0,38,0,38,0,38,0,42,-0.0952,42,-0.0952,42,-0.0952,34,0.118,27,0.407
340451,38,38,0,38,0,38,0,38,0,38,0,42,-0.0952,42,-0.0952,42,-0.0952,34,0.118,27,0.407
340453,38,38,0,38,0,38,0,38,0,38,0,42,-0.0952,42,-0.0952,,,,,,
340457,38,38,0,38,0,38,0,38,0,38,0,42,-0.0952,42,-0.0952,,,,,27,0.407
340481,,,,,,,,,,,,,,,,,,,,,
340517,11,11,0,11,0,11,0,11,0,11,0,8,0.375,8,0.375,8,0.375,8,0.375,8,0.375
340518,,,,,,,,,,,,,,,,,,,,,
340533,21,21,0,21,0,21,0,20,0.05,20,0.05,20,0.05,18.5,0.135,17.5,0.2,17.5,0.2,16.5,0.273
340540,11,11,0,11,0,11,0,11,0,,,,,,,,,,,,
340541,9,9,0,9,0,9,0,9,0,,,7,0.286,7,0.286,7,0.286,7,0.286,7,0.286
340543,,,,,,,,,,,,,,,,,,,,,
340544,4,4,0,4,0,4,0,4,0,4,0,4,0,4,0,4,0,4,0,4,0
340618,20.9,20.9,0,20.9,0,20.9,0,25.9,-0.193,25.9,-0.193,25.9,-0.193,30.9,-0.324,30.9,-0.324,23,-0.0913,19,0.1
340660,21.8,21.8,0,21.8,0,21.8,0,21.8,0,21.8,0,17.5,0.246,20.9,0.0431,20.9,0.0431,20.9,0.0431,16.8,0.298
340692,34,34,0,34,0,34,0,34,0,34,0,34,0,34,0,,,,,,
340702,140,140,0,140,0,140,0,140,0,140,0,,,,,140,0,128,0.0938,112,0.25
340750,63,63,0,63,0,63,0,63,0,,,,,,,,,54,0.167,47,0.34
340751,37,37,0,37,0,37,0,37,0,37,0,37,0,37,0,37,0,33,0.121,30,0.233
340752,47,47,0,47,0,47,0,47,0,,,,,47,0,47,0,41,0.146,36,0.306
340753,47,47,0,47,0,47,0,47,0,47,0,47,0,47,0,47,0,41,0.146,36,0.306
340782,52.5,52.5,0,52.5,0,52.5,0,52.5,0,52.5,0,36,0.458,53,-0.00943,53,-0.00943,43.5,0.207,33,0.591
340811,15,15,0,15,0,15,0,15,0,15,0,15,0,15,0,,,,,,
340847,,,,,,,,,,,,,,,,,,,,,
340855,52.5,52.5,0,52.5,0,52.5,0,52.5,0,52.5,0,36,0.458,47,0.117,53,-0.00943,43.5,0.207,33,0.591
340925,31.5,31.5,0,31.5,0,25,0.26,25,0.26,31.5,0,31.5,0,25,0.26,31.5,0,24.4,0.291,21.4,0.472
340956,47.2,47.2,0,47.2,0,47.2,0,47.2,0,47.2,0,47.2,0,47.2,0,47.2,0,42.5,0.111,37.5,0.259
340961,40.4,40.4,0,40.4,0,40.4,0,40.4,0,40.4,0,40.4,0,40.4,0,40.4,0,38.4,0.0521,36.8,0.0978
340962,,,,,,,,,,,,,,,,,,,,,
340963,,,,,,,,,,,,,,,,,,,,,
341055,,,,,,,,,,,,,,,,,,,,,
341150,54,54,0,54,0,56,-0.0357,56,-0.0357,56,-0.0357,,,56,-0.0357,,,,,,
341241,,,,,,,,,,,,,,,,,,,,,
341243,8.8,8.8,0,8.8,0,8.8,0,8.8,0,8.8,0,8.8,0,8.8,0,8.8,0,8,0.1,7,0.257
341444,6.4,6.4,0,6.4,0,6.4,0,6.4,0,6.4,0,6,0.0667,6,0.0667,6,0.0667,6,0.0667,6,0.0667
341552,25,25,0,25,0,25,0,25,0,25,0,25,0,25,0,,,14,0.786,14,0.786
341835,100,100,0,100,0,100,0,100,0,100,0,100,0,100,0,100,0,75,0.333,74,0.351
342070,65.9,65.9,0,,,,,,,,,65.9,0,65.9,0,72.5,-0.091,57.5,0.146,50,0.318
342092,30.8,30.8,0,30.8,0,30.8,0,30.8,0,30.8,0,30.8,0,30.8,0,28.9,0.0657,28.5,0.0807,28,0.1
342219,13.5,13.5,0,13.5,0,13.5,0,13.5,0,13.5,0,13.5,0,13.5,0,13.5,0,9.5,0.421,7.9,0.709
342234,14,14,0,14,0,14,0,14,0,14,0,14,0,14,0,14,0,10,0.4,8.5,0.647
342345,,,,,,,,,,,,,,,,,,,,,
342564,,,,,,,,,,,,,,,,,,,,,
342611,,,,,,,,,,,,,,,,,,,,,
343285,80,80,0,80,0,80,0,80,0,80,0,80,0,80,0,,,69,0.159,65,0.231
343323,80,80,0,80,0,80,0,80,0,80,0,80,0,80,0,80,0,69,0.159,65,0.231
343358,80,80,0,80,0,80,0,80,0,80,0,80,0,80,0,80,0,69,0.159,65,0.231
343374,80,80,0,80,0,80,0,80,0,80,0,80,0,80,0,80,0,69,0.159,65,0.231
343390,80,80,0,80,0,80,0,80,0,80,0,,,80,0,,,69,0.159,65,0.231
343437,,,,,,,,,,,,,,,,,,,,,
343471,80,80,0,80,0,80,0,80,0,80,0,80,0,80,0,80,0,69,0.159,65,0.231
343480,,,,,,,,,,,,,,,,,,,,,
343541,,,,,,,,,,,,,,,,,,,,,
343560,12.8,12.8,0,12.8,0,12.8,0,12.8,0,16.6,-0.229,16.6,-0.229,,,19.1,-0.33,15,-0.147,13,-0.0154
343579,24.9,24.9,0,24.9,0,24.9,0,24.9,0,33.2,-0.25,33.2,-0.25,,,38.3,-0.35,30,-0.17,25.5,-0.0235
343625,,,,,,,,,,,,,,,,,,,,,
343692,,,,,,,,,,,,,,,,,,,,,
343803,8.5,8.5,0,8.5,0,8.5,0,8.5,0,8.5,0,8.5,0,8.5,0,11.9,-0.286,,,,
344024,10.5,10.5,0,10.5,0,10.5,0,10.5,0,10.5,0,10.5,0,16,-0.344,16,-0.344,12.5,-0.16,10.5,0
344044,,,,,,,,,,,,,,,,,,,,,
344233,33.9,33.9,0,33.9,0,33.9,0,33.9,0,33.9,0,33.9,0,33.9,0,33.9,0,21,0.614,21,0.614
344320,71,71,0,71,0,71,0,71,0,71,0,71,0,,,71,0,,,53,0.34
344346,35,35,0,35,0,35,0,35,0,,,35,0,35,0,33.5,0.0448,31,0.129,,
344354,,,,,,,,,,,,,,,,,,,,,
344435,,,,,,,,,,,,,,,,,,,,,
344443,,,,,,,,,,,,,,,,,,,,,
344451,65,65,0,65,0,65,0,65,0,65,0,65,0,65,0,48,0.354,53.6,0.213,38.9,0.671
344583,20.9,20.9,0,20.9,0,20.9,0,25.9,-0.193,25.9,-0.193,25.9,-0.193,30.9,-0.324,30.9,-0.324,,,19,0.1
345541,23.5,23.5,0,23.5,0,23.5,0,23.5,0,23.5,0,23.5,0,,,,,,,,
345589,26,26,0,26,0,26,0,26,0,26,0,,,,,,,,,,
345590,,,,,,,,,,,,,,,,,,,,,
346373,17,17,0,17,0,17,0,17,0,17,0,17,0,,,,,,,,
346381,21.5,21.5,0,21.5,0,21.5,0,21.5,0,21.5,0,21.5,0,,,,,,,,
346403,,,,,,,,,,,,,,,,,,,,,
346489,25.5,25.5,0,25.5,0,25.5,0,25.5,0,25.5,0,25.5,0,25.5,0,25.5,0,17,0.5,13.5,0.889
346544,69,69,0,69,0,69,0,69,0,99,-0.303,99,-0.303,99,-0.303,,,56,0.232,48.5,0.423
347530,49,49,0,49,0,49,0,49,0,49,0,49,0,49.9,-0.018,49.9,-0.018,19.9,1.46,39.9,0.228
349788,4.8,4.8,0,4.8,0,4.8,0,4.8,0,4.8,0,4.8,0,4.8,0,5,-0.04,5,-0.04,4,0.2
350168,,,,,,,,,,,,,,,,,,,,,
350176,,,,,,,,,,,,,,,,,,,,,
350200,38.2,38.2,0,38.2,0,38.2,0,38.2,0,38.2,0,38.2,0,38.2,0,38.2,0,33,0.158,31,0.232
350210,38.2,38.2,0,38.2,0,38.2,0,38.2,0,38.2,0,38.2,0,38.2,0,38.2,0,33,0.158,31,0.232
350211,42.6,42.6,0,42.6,0,42.6,0,42.6,0,42.6,0,42.6,0,42.6,0,42.6,0,36.8,0.158,35,0.217
350312,,,,,,,,,,,,,,,,,,,,,
350417,15,15,0,15,0,15,0,15,0,15,0,15,0,15,0,14.5,0.0345,12.5,0.2,11.9,0.261
350465,17.5,17.5,0,17.5,0,17.5,0,17.5,0,17.5,0,16.8,0.0417,16.8,0.0417,16.8,0.0417,12.5,0.4,14.5,0.207
350477,17.5,17.5,0,17.5,0,17.5,0,17.5,0,17.5,0,17.5,0,17.5,0,16.8,0.0417,12.5,0.4,14.5,0.207
350479,17.5,17.5,0,17.5,0,17.5,0,17.5,0,17.5,0,17.5,0,17.5,0,16.8,0.0417,12.5,0.4,14.5,0.207
350506,88.5,88.5,0,88.5,0,88.5,0,88.5,0,88.5,0,88.5,0,88.5,0,88.5,0,58,0.526,58,0.526
350507,88.5,88.5,0,88.5,0,88.5,0,88.5,0,88.5,0,88.5,0,88.5,0,88.5,0,58,0.526,58,0.526
350509,88.5,88.5,0,88.5,0,88.5,0,88.5,0,88.5,0,88.5,0,88.5,0,88.5,0,58,0.526,58,0.526
350510,,,,,,,,,,,,,,,,,,,,,
350512,,,,,,,,,,,,,,,,,,,,,
350561,19,19,0,19,0,19,0,19,0,19,0,19,0,19,0,19,0,17.5,0.0857,17.5,0.0857
350579,,,,,,,,,,,,,,,,,,,,,
350601,18,18,0,18,0,18,0,18,0,18,0,18,0,18,0,18,0,,,,
350750,,,,,,,,,,,,,,,,,,,,,
350760,123,123,0,123,0,123,0,123,0,123,0,123,0,160,-0.236,160,-0.236,130,-0.0605,93.8,0.307
350787,11.9,11.9,0,11.9,0,11.9,0,11.9,0,11.9,0,11.9,0,11.9,0,11.3,0.0531,9,0.322,7.4,0.608
350992,36.8,36.8,0,36.8,0,36.8,0,36.8,0,36.8,0,36.8,0,36.8,0,40,-0.08,40,-0.08,31,0.187
351000,72.4,72.4,0,72.4,0,72.4,0,72.4,0,72.4,0,72.4,0,72.4,0,77.9,-0.0706,77.9,-0.0706,61,0.187
351001,75.9,75.9,0,75.9,0,75.9,0,75.9,0,75.9,0,75.9,0,75.9,0,81.4,-0.0676,81.4,-0.0676,64.5,0.177
351002,82.1,82.1,0,82.1,0,82.1,0,82.1,0,82.1,0,82.1,0,82.1,0,88.5,-0.0723,88.5,-0.0723,69.4,0.183
351011,109,109,0,109,0,109,0,109,0,109,0,109,0,109,0,106,0.0235,106,0.0235,106,0.0235
351020,12.5,12.5,0,12.5,0,12.5,0,12.5,0,12.5,0,12.5,0,12.5,0,12.5,0,11,0.136,8.6,0.453
351040,49.9,49.9,0,49.9,0,49.9,0,49.9,0,49.9,0,49.9,0,49.9,0,34.9,0.43,34.9,0.43,34.9,0.43
351078,42.6,42.6,0,42.6,0,42.6,0,42.6,0,,,38,0.121,38,0.121,,,35.9,0.187,35.9,0.187
351101,3.5,3.5,0,,,3.5,0,3.5,0,3.5,0,3.5,0,3.5,0,3,0.167,3,0.167,3,0.167
351117,25.2,25.2,0,25.2,0,25.2,0,25.2,0,25.2,0,25.2,0,25.2,0,,,23,0.0957,,
351130,178,178,0,178,0,178,0,178,0,178,0,224,-0.205,224,-0.205,224,-0.205,160,0.113,132,0.343
351135,15.5,15.5,0,15.5,0,15.5,0,15.5,0,15.5,0,15.5,0,15.5,0,15.5,0,14,0.107,10,0.55
351140,,,,,,,,,,,,,,,,,,,,,
351155,142,142,0,142,0,142,0,150,-0.0527,,,150,-0.0527,150,-0.0527,175,-0.189,145,-0.02,124,0.145
351202,224,224,0,224,0,224,0,224,0,224,0,224,0,224,0,224,0,155,0.445,126,0.778
351203,,,,,,,,,,,,,,,,,,,,,
351214,38.7,38.7,0,38.7,0,38.7,0,38.7,0,38.7,0,38.7,0,,,,,,,,
351229,34.6,34.6,0,34.6,0,34.6,0,34.6,0,34.6,0,34.6,0,34.6,0,37.3,-0.0724,37.3,-0.0724,29,0.193
351235,,,,,,,,,,,,,,,,,,,,,
351335,10.5,10.5,0,10.5,0,10.5,0,10.5,0,10.5,0,10.5,0,9.5,0.105,8.5,0.235,8,0.312,8.5,0.235
351501,30.6,30.6,0,30.6,0,30.6,0,30.6,0,30.6,0,39.5,-0.225,39.5,-0.225,39.5,-0.225,35,-0.126,26.2,0.168
351510,11,11,0,11,0,9.9,0.111,9.9,0.111,13.3,-0.173,13.3,-0.173,13.3,-0.173,13.3,-0.173,12.5,-0.12,9.3,0.183
351555,,,,,,,,,,,,,,,,,,,,,
351558,18,18,0,18,0,18,0,18,0,18,0,18,0,,,,,14.3,0.259,14.5,0.241
351563,,,,,,,,,,,,,,,,,,,,,
351571,,,,,,,,,,,,,,,,,,,,,
351580,,,,,,,,,,,,,,,,,,,,,
351768,62.5,62.5,0,62.5,0,62.5,0,62.5,0,62.5,0,62.5,0,62.5,0,48,0.302,,,48.5,0.289
351770,,,,,,,,,,,,,,,,,,,,,
351776,,,,,,,,,,,,,,,,,,,,,
351814,22.5,22.5,0,22.5,0,22.5,0,22.5,0,22.5,0,22.5,0,22.5,0,22.5,0,,,,
351830,22.5,22.5,0,22.5,0,22.5,0,22.5,0,22.5,0,22.5,0,22.5,0,22.5,0,17.5,0.286,17.5,0.286
351865,,,,,,,,,,,,,,,,,,,,,
351871,34.5,34.5,0,34.5,0,34.5,0,34.5,0,34.5,0,34.5,0,34.5,0,44.9,-0.232,37,-0.0676,24.5,0.408
351872,72.9,72.9,0,72.9,0,72.9,0,72.9,0,88.2,-0.173,39.9,0.827,39,0.869,88.2,-0.173,73.5,-0.00816,48,0.519
351873,20.5,20.5,0,20.5,0,20.5,0,20.5,0,20.5,0,20.5,0,14.8,0.385,,,,,12.5,0.64
351878,,,,,,,,,,,,,,,,,,,,,
351890,31,31,0,31,0,31,0,31,0,31,0,31,0,28.7,0.0801,28.7,0.0801,28.7,0.0801,28.7,0.0801
351939,,,,,,,,,,,,,,,,,,,,,
352008,,,,,,,,,,,,,,,,,,,,,
352010,75,75,0,75,0,75,0,75,0,75,0,75,0,75,0,80,-0.0625,65,0.154,56,0.339
352047,,,,,,,,,,,,,,,,,,,,,
352207,,,,,,,,,,,,,,,,,,,,,
352210,,,,,,,,,,,,,,,,,,,,,
352214,16,16,0,16,0,16,0,16,0,16,0,16,0,16,0,16,0,16,0,11.5,0.391
352220,360,360,0,360,0,360,0,360,0,360,0,360,0,360,0,360,0,260,0.385,240,0.5
352221,360,360,0,360,0,360,0,360,0,360,0,360,0,360,0,,,260,0.385,240,0.5
352232,210,210,0,210,0,210,0,210,0,210,0,210,0,210,0,210,0,195,0.0769,195,0.0769
352462,14.5,14.5,0,14.5,0,14.5,0,14.5,0,14.5,0,14.5,0,14.5,0,14.5,0,11,0.318,11,0.318
352508,,,,,,,,,,,,,,,,,,,,,
352509,,,,,,,,,,,,,,,,,,,,,
352555,45,45,0,45,0,45,0,45,0,45,0,51,-0.118,51,-0.118,53,-0.151,43,0.0465,36,0.25
352556,45,45,0,45,0,45,0,45,0,45,0,51,-0.118,51,-0.118,53,-0.151,43,0.0465,36,0.25
352558,45,45,0,45,0,45,0,45,0,45,0,51,-0.118,51,-0.118,53,-0.151,43,0.0465,36,0.25
352730,28.1,28.1,0,28.1,0,28.1,0,28.1,0,28.1,0,35.1,-0.199,35.1,-0.199,38.2,-0.264,33.8,-0.169,30.2,-0.0695
352772,15,15,0,15,0,15,0,15,0,15,0,15,0,15,0,12.5,0.2,12.5,0.2,11.5,0.304
352837,31,31,0,31,0,31,0,31,0,31,0,31,0,31,0,28,0.107,28,0.107,25.5,0.216
352845,10.5,10.5,0,10.5,0,10.5,0,10.5,0,10.5,0,10.5,0,10.5,0,8,0.312,8,0.312,8,0.312
352849,8,8,0,8,0,8,0,8,0,8,0,8,0,8,0,7,0.143,7,0.143,7,0.143
352850,51,51,0,51,0,51,0,51,0,51,0,51,0,51,0,,,46,0.109,42.5,0.2
352934,26,26,0,26,0,26,0,26,0,26,0,26,0,26,0,29.5,-0.119,23.8,0.0924,23.8,0.0924
352943,14.5,14.5,0,14.5,0,14.5,0,15.5,-0.0645,15.5,-0.0645,15.5,-0.0645,22,-0.341,22,-0.341,16.5,-0.121,14,0.0357
352985,,,,,,,,,,,,,,,,,,,,,
353031,,,,,,,,,,,,,,,,,,,,,
353070,,,,,,,,,,,,,,,,,,,,,
353130,75,75,0,75,0,75,0,75,0,75,0,75,0,75,0,75,0,75,0,71,0.0563
353131,,,,,,,,,,,,,,,,,,,,,
353133,75,75,0,75,0,75,0,75,0,75,0,75,0,75,0,75,0,75,0,69,0.087
353212,11,11,0,11,0,11,0,11,0,11,0,11,0,11,0,11,0,,,7,0.571
353280,47.5,47.5,0,47.5,0,47.5,0,47.5,0,47.5,0,47.5,0,47.5,0,47.5,0,,,36,0.319
353286,22.5,22.5,0,22.5,0,22.5,0,22.5,0,22.5,0,22.5,0,22.5,0,22.5,0,18.8,0.197,18.8,0.197
353323,59.4,59.4,0,59.4,0,59.4,0,59.4,0,59.4,0,59.4,0,59.4,0,64.5,-0.0791,64.5,-0.0791,51,0.165
353335,,,,,,,,,,,,,,,,,,,,,
353338,13.5,13.5,0,13.5,0,13.5,0,13.5,0,15.6,-0.135,15.6,-0.135,,,15.6,-0.135,13.5,0,11.5,0.174
353339,,,,,,,,,,,,,,,,,,,,,
353384,98,98,0,98,0,98,0,98,0,98,0,,,98,0,98,0,82,0.195,82,0.195
353385,,,,,,,,,,,,,,,,,,,,,
353386,98,98,0,98,0,98,0,98,0,98,0,98,0,98,0,98,0,82,0.195,,
353387,98,98,0,98,0,98,0,98,0,98,0,98,0,98,0,98,0,82,0.195,82,0.195
353389,98,98,0,98,0,98,0,98,0,98,0,98,0,98,0,98,0,79.9,0.227,,
353396,91,91,0,91,0,91,0,91,0,91,0,91,0,91,0,91,0,,,,
353450,10.3,10.3,0,10.3,0,10.3,0,10.3,0,,,,,,,,,,,,
353460,23.4,23.4,0,23.4,0,23.4,0,23.4,0,23.4,0,23.4,0,23.4,0,23.4,0,22.3,0.0493,21.8,0.0734
353572,47,47,0,47,0,47,0,47,0,47,0,46.9,0.00213,46.9,0.00213,78,-0.397,36.1,0.302,29.5,0.593
353573,38.2,38.2,0,38.2,0,38.2,0,47.5,-0.196,47.5,-0.196,47.5,-0.196,47.5,-0.196,54,-0.293,48.5,-0.212,36.8,0.038
353575,37.5,37.5,0,37.5,0,37.5,0,37.5,0,37.5,0,,,,,,,,,,
353660,,,,,,,,,,,,,,,,,,,,,
353685,82.5,82.5,0,82.5,0,82.5,0,82.5,0,108,-0.236,108,-0.236,108,-0.236,108,-0.236,82.5,0,,
353686,82.5,82.5,0,82.5,0,82.5,0,82.5,0,108,-0.236,108,-0.236,108,-0.236,108,-0.236,56.3,0.465,,
353699,60.5,60.5,0,60.5,0,60.5,0,60.5,0,60.5,0,60.5,0,60.5,0,65.8,-0.0805,65.8,-0.0805,51.6,0.172
353700,60.5,60.5,0,60.5,0,60.5,0,60.5,0,60.5,0,60.5,0,60.5,0,65.8,-0.0805,65.8,-0.0805,49.5,0.222
353702,60.5,60.5,0,60.5,0,60.5,0,60.5,0,60.5,0,60.5,0,60.5,0,65.8,-0.0805,65.8,-0.0805,49.5,0.222
353720,70.8,,,,,70.8,0,70.8,0,70.8,0,70.8,0,70.8,0,70.8,0,59,0.2,54,0.311
353835,131,131,0,131,0,131,0,131,0,131,0,131,0,131,0,131,0,114,0.149,102,0.284
353836,85,85,0,85,0,85,0,85,0,85,0,85,0,85,0,85,0,74,0.149,66,0.288
353837,,,,,,,,,,,,,,,,,,,,,
353838,243,243,0,243,0,243,0,243,0,243,0,243,0,243,0,243,0,211,0.152,193,0.259
353839,243,243,0,243,0,243,0,243,0,243,0,243,0,243,0,243,0,211,0.152,193,0.259
353934,39.9,39.9,0,39.9,0,35,0.14,35,0.14,39.9,0,39.9,0,39.9,0,39.9,0,34.9,0.143,34.9,0.143
353936,39.9,39.9,0,39.9,0,39.9,0,39.9,0,39.9,0,39.9,0,39.9,0,39.9,0,34.9,0.143,34.9,0.143
353950,,,,,,,,,,,,,,,,,,,,,
353951,20.9,20.9,0,20.9,0,20.9,0,20.9,0,20.9,0,20.9,0,23,-0.0913,23,-0.0913,22,-0.05,18.5,0.13
353954,20.9,20.9,0,20.9,0,20.9,0,20.9,0,20.9,0,20.9,0,23,-0.0913,23,-0.0913,22,-0.05,18.5,0.13
353955,,,,,,,,,,,,,,,,,,,,,
353956,,,,,,,,,,,,,,,,,,,,,
353958,,,,,,,,,,,,,,,,,,,,,
353965,,,,,,,,,,,,,,,,,,,,,
353982,29,29,0,29,0,29,0,29,0,,,29,0,29,0,31.5,-0.0794,22.5,0.289,22.5,0.289
353983,28.5,28.5,0,28.5,0,28.5,0,28.5,0,,,28.5,0,28.5,0,30,-0.05,21.8,0.307,21.8,0.307
354077,27.5,27.5,0,27.5,0,27.5,0,27.5,0,27.5,0,22.9,0.201,27.5,0,27.5,0,17.5,0.571,,
354083,30,30,0,30,0,30,0,,,,,,,,,,,,,,
354139,22,22,0,22,0,22,0,22,0,22,0,22,0,22,0,22,0,16.5,0.333,15.5,0.419
354169,67,67,0,67,0,67,0,67,0,67,0,67,0,,,47,0.426,45.5,0.473,43.5,0.54
354180,,,,,,,,,,,,,,,,,,,,,
354190,24,24,0,24,0,22,0.0909,22,0.0909,22,0.0909,22,0.0909,22,0.0909,20,0.2,20,0.2,20,0.2
354225,,,,,,,,,,,,,,,,,,,,,
354228,10,10,0,10,0,8.5,0.176,8.5,0.176,10,0,10,0,10,0,10,0,7,0.429,7,0.429
354233,8,8,0,,,,,8,0,8,0,8,0,,,8,0,,,7,0.143
354260,40.8,40.8,0,40.8,0,40.8,0,40.8,0,40.8,0,40.8,0,40.8,0,40.8,0,33,0.236,29.1,0.402
354279,40.8,40.8,0,40.8,0,40.8,0,40.8,0,40.8,0,40.8,0,40.8,0,40.8,0,33,0.236,29.1,0.402
354287,40.8,40.8,0,40.8,0,40.8,0,40.8,0,40.8,0,40.8,0,40.8,0,40.8,0,33,0.236,29.1,0.402
354309,83.5,83.5,0,83.5,0,83.5,0,83.5,0,83.5,0,,,,,,,,,,
354366,47.5,47.5,0,47.5,0,47.5,0,47.5,0,47.5,0,47.5,0,,,,,,,,
354367,47.5,47.5,0,47.5,0,47.5,0,47.5,0,47.5,0,47.5,0,,,,,,,,
354370,,,,,,,,,,,,,,,,,,,,,
354410,27.5,27.5,0,27.5,0,27.5,0,27.5,0,27.5,0,27.5,0,27.5,0,27.5,0,24.5,0.122,20.5,0.341
354462,,,,,,,,,,,,,,,,,,,,,
354463,,,,,,,,,,,,,,,,,,,,,
354464,,,,,,,,,,,,,,,,,,,,,
354554,10,10,0,10,0,10,0,10,0,10,0,10,0,10,0,10,0,5.5,0.818,5.5,0.818
354561,57.5,57.5,0,57.5,0,57.5,0,57.5,0,57.5,0,57.5,0,57.5,0,57.5,0,47.9,0.2,43.5,0.322
354563,72.8,72.8,0,72.8,0,72.8,0,72.8,0,72.8,0,72.8,0,72.8,0,72.8,0,60.7,0.199,,
354597,7.5,7.5,0,7.5,0,7.5,0,7.5,0,7.5,0,7.5,0,,,7.5,0,7.5,0,7.5,0
354651,11.5,11.5,0,11.5,0,11.5,0,11.5,0,11.5,0,11.5,0,11.5,0,11.5,0,11.5,0,11.5,0
354655,21.5,21.5,0,21.5,0,21.5,0,21.5,0,21.5,0,21.5,0,21.5,0,21.5,0,21.5,0,21.5,0
354686,22,22,0,22,0,22,0,22,0,22,0,22,0,22,0,22,0,20.8,0.0577,19.5,0.128
354694,21.9,21.9,0,21.9,0,21.9,0,21.9,0,21.9,0,21.9,0,21.9,0,18.5,0.184,18.5,0.184,18.5,0.184
354911,,,,,,,,,,,,,,,,,,,,,
354930,16.8,16.8,0,16.8,0,13.9,0.209,13.9,0.209,16.8,0,16.2,0.037,16.2,0.037,16.2,0.037,12.9,0.302,10.9,0.541
354931,16.8,16.8,0,16.8,0,13.9,0.209,13.9,0.209,16.8,0,16.2,0.037,16.2,0.037,16.2,0.037,12.9,0.302,10.9,0.541
354932,16.8,16.8,0,16.8,0,13.9,0.209,13.9,0.209,16.8,0,16.2,0.037,16.2,0.037,16.2,0.037,12.9,0.302,10.9,0.541
355010,62.9,62.9,0,62.9,0,62.9,0,62.9,0,62.9,0,62.9,0,,,,,,,,
355089,17.5,17.5,0,17.5,0,17.5,0,17.5,0,16,0.0938,16,0.0938,,,,,,,,
355110,10.5,10.5,0,10.5,0,10.5,0,8.5,0.235,8.5,0.235,8.5,0.235,,,8.5,0.235,8.5,0.235,8.5,0.235
355666,,,,,,,,,,,,,,,,,,,,,
355667,59.4,59.4,0,59.4,0,59.4,0,59.4,0,59.4,0,59.4,0,59.4,0,64.5,-0.0791,64.5,-0.0791,51,0.165
355668,59.4,59.4,0,59.4,0,59.4,0,59.4,0,59.4,0,59.4,0,59.4,0,64.5,-0.0791,64.5,-0.0791,51,0.165
355780,11.9,11.9,0,11.9,0,11.9,0,11.9,0,4.9,1.43,9.9,0.202,11.9,0,11.9,0,6.5,0.831,10.9,0.0917
355781,11.9,11.9,0,11.9,0,11.9,0,11.9,0,4.9,1.43,9.9,0.202,11.9,0,11.9,0,10.9,0.0917,5.9,1.02
355895,,,,,,,,,,,,,,,,,,,,,
355974,83,83,0,83,0,83,0,83,0,83,0,83,0,83,0,83,0,42.3,0.962,39.5,1.1
355975,70,70,0,70,0,70,0,70,0,95,-0.263,95,-0.263,95,-0.263,95,-0.263,70,0,47.6,0.471
355977,70,70,0,70,0,70,0,70,0,95,-0.263,95,-0.263,95,-0.263,95,-0.263,70,0,47,0.489
355991,93,93,0,93,0,93,0,93,0,93,0,93,0,93,0,93,0,80,0.163,70,0.329
355993,93,93,0,93,0,93,0,93,0,93,0,93,0,93,0,93,0,80,0.163,70,0.329
355994,93,93,0,93,0,93,0,93,0,93,0,93,0,93,0,93,0,80,0.163,70,0.329
355996,102,113,-0.0982,113,-0.0982,113,-0.0982,113,-0.0982,113,-0.0982,113,-0.0982,113,-0.0982,113,-0.0982,95,0.0726,87,0.171
355998,113,113,0,113,0,113,0,113,0,113,0,113,0,113,0,113,0,95,0.189,87,0.299
356001,28.8,28.8,0,28.8,0,28.8,0,28.8,0,28.8,0,31.9,-0.0972,31.9,-0.0972,34.5,-0.165,28.5,0.0105,23.5,0.226
356002,28.8,28.8,0,28.8,0,28.8,0,28.8,0,28.8,0,31.9,-0.0972,31.9,-0.0972,34.5,-0.165,28.5,0.0105,23.5,0.226
356004,28.8,28.8,0,28.8,0,28.8,0,28.8,0,28.8,0,31.9,-0.0972,31.9,-0.0972,34.5,-0.165,28.5,0.0105,23.5,0.226
356011,28.8,28.8,0,28.8,0,28.8,0,28.8,0,28.8,0,31.9,-0.0972,31.9,-0.0972,34.5,-0.165,28.5,0.0105,23.5,0.226
356014,28.8,28.8,0,28.8,0,28.8,0,28.8,0,28.8,0,31.9,-0.0972,31.9,-0.0972,34.5,-0.165,28.5,0.0105,23.5,0.226
356016,28.8,28.8,0,28.8,0,28.8,0,28.8,0,28.8,0,31.9,-0.0972,31.9,-0.0972,34.5,-0.165,28.5,0.0105,23.5,0.226
356017,28.8,28.8,0,28.8,0,28.8,0,28.8,0,28.8,0,31.9,-0.0972,31.9,-0.0972,34.5,-0.165,28.5,0.0105,23.5,0.226
356030,32.4,38.2,-0.152,38.2,-0.152,38.2,-0.152,32.5,-0.00308,47.5,-0.318,47.5,-0.318,47.5,-0.318,54,-0.4,52.4,-0.382,36.8,-0.12
356031,38.2,38.2,0,38.2,0,38.2,0,47.7,-0.199,47.7,-0.199,47.7,-0.199,47.7,-0.199,54,-0.293,52.4,-0.271,36.8,0.038
356032,32.4,38.2,-0.152,38.2,-0.152,32.5,-0.00308,32.5,-0.00308,47.7,-0.321,47.7,-0.321,47.7,-0.321,54,-0.4,52.4,-0.382,38.5,-0.158
356239,6.3,6.3,0,6.3,0,5.5,0.145,5.5,0.145,6.3,0,6.3,0,6.3,0,6.3,0,6.3,0,5.8,0.0862
356697,20.5,20.5,0,20.5,0,20.5,0,20.5,0,20.5,0,20.5,0,20.5,0,,,,,,
356700,17,17,0,17,0,17,0,17,0,17,0,17.5,-0.0286,17.5,-0.0286,,,,,,
356890,,,,,,,,,,,,,,,,,,,,,
357072,26.8,26.8,0,26.8,0,26.8,0,26.8,0,26.8,0,26.8,0,26.8,0,,,14.5,0.848,14.5,0.848
357308,198,198,0,198,0,198,0,198,0,198,0,198,0,196,0.00765,196,0.00765,165,0.197,165,0.197
357448,38.3,38.3,0,38.3,0,38.3,0,38.3,0,38.3,0,45.9,-0.166,45.9,-0.166,37,0.0351,42.5,-0.0988,37.5,0.0213
357495,4,4,0,4,0,4,0,4,0,4,0,4,0,4,0,4,0,4,0,,
357564,,,,,,,,,,,,,,,,,,,,,
357565,132,132,0,132,0,132,0,132,0,132,0,132,0,132,0,132,0,125,0.056,115,0.148
357566,61,61,0,61,0,61,0,61,0,,,61,0,61,0,61,0,53,0.151,,
357881,36,36,0,36,0,36,0,33,0.0909,33,0.0909,33,0.0909,33,0.0909,33,0.0909,33,0.0909,33,0.0909
357910,11,11,0,11,0,10.5,0.0476,10.5,0.0476,10.5,0.0476,10.5,0.0476,10.5,0.0476,10.5,0.0476,10.5,0.0476,10.5,0.0476
357971,,,,,,,,,,,,,,,,,,,,,
358060,45.8,53.9,-0.15,53.9,-0.15,53.9,-0.15,53.9,-0.15,53.9,-0.15,43.1,0.0626,64.8,-0.293,80.9,-0.434,58.3,-0.214,48.4,-0.0537
358171,17.5,17.5,0,17.5,0,17.5,0,17.5,0,,,17.5,0,17.5,0,17.5,0,17.5,0,17.5,0
358178,17.5,17.5,0,17.5,0,17.5,0,17.5,0,,,17.5,0,17.5,0,17.5,0,17.5,0,17.5,0
358193,399,399,0,399,0,399,0,399,0,399,0,399,0,399,0,399,0,310,0.287,265,0.506
358258,181,181,0,181,0,181,0,181,0,181,0,181,0,181,0,181,0,174,0.0402,138,0.316
358488,,,,,,,,,,,,,,,,,,,,,
358489,,,,,,,,,,,,,,,,,,,,,
358920,,,,,,,,,,,,,,,,,,,,,
358921,62.9,62.9,0,62.9,0,62.9,0,62.9,0,62.9,0,62.9,0,62.9,0,67.6,-0.0695,67.6,-0.0695,52.9,0.189
358922,62.9,62.9,0,62.9,0,62.9,0,62.9,0,62.9,0,62.9,0,62.9,0,67.6,-0.0695,67.6,-0.0695,52.9,0.189
358967,159,159,0,159,0,159,0,159,0,175,-0.0914,175,-0.0914,175,-0.0914,175,-0.0914,159,0,115,0.383
358970,79.9,79.9,0,79.9,0,79.9,0,79.9,0,,,79.9,0,79.9,0,79.9,0,77.9,0.0257,59.9,0.334
359059,31.9,31.9,0,31.9,0,31.9,0,31.9,0,31.9,0,31.9,0,31.9,0,31.9,0,28.8,0.108,25,0.276
359060,31.9,31.9,0,31.9,0,31.9,0,31.9,0,31.9,0,31.9,0,31.9,0,31.9,0,28.8,0.108,25,0.276
359061,31.9,31.9,0,31.9,0,31.9,0,31.9,0,31.9,0,31.9,0,31.9,0,31.9,0,28.8,0.108,25,0.276
359062,31.9,31.9,0,31.9,0,31.9,0,31.9,0,,,31.9,0,31.9,0,31.9,0,28.8,0.108,25,0.276
359063,31.9,31.9,0,,,,,31.9,0,31.9,0,31.9,0,,,31.9,0,28.8,0.108,25,0.276
359065,31.9,31.9,0,31.9,0,31.9,0,31.9,0,31.9,0,31.9,0,31.9,0,31.9,0,28.8,0.108,,
359069,31.9,31.9,0,,,,,31.9,0,31.9,0,31.9,0,,,31.9,0,28.8,0.108,25,0.276
359071,31.9,31.9,0,31.9,0,31.9,0,31.9,0,31.9,0,31.9,0,31.9,0,,,28.8,0.108,25,0.276
359072,31.9,31.9,0,31.9,0,31.9,0,31.9,0,31.9,0,31.9,0,31.9,0,31.9,0,28.8,0.108,25,0.276
359073,31.9,31.9,0,31.9,0,31.9,0,31.9,0,31.9,0,31.9,0,,,31.9,0,28.8,0.108,25,0.276
359541,20.7,20.7,0,20.7,0,20.7,0,20.7,0,20.7,0,20.7,0,20.7,0,20.7,0,18,0.15,,
359561,20,20,0,20,0,20,0,20,0,20,0,20,0,,,17.5,0.143,17.5,0.143,17.5,0.143
359653,47,47,0,47,0,47,0,47,0,47,0,47,0,47,0,47,0,31.9,0.473,31.9,0.473
359953,69,69,0,69,0,69,0,69,0,69,0,69,0,69,0,69,0,65,0.0615,,
359955,30.5,30.5,0,30.5,0,30.5,0,30.5,0,30.5,0,30.5,0,,,30.5,0,26.4,0.155,26.4,0.155
359963,30.5,30.5,0,30.5,0,30.5,0,30.5,0,30.5,0,30.5,0,30.5,0,30.5,0,26.4,0.155,26.4,0.155
360017,,,,,,,,,,,,,,,,,,,,,
360170,31.2,31.2,0,31.2,0,31.2,0,31.2,0,31.2,0,31.2,0,31.2,0,,,,,,
360211,24,24,0,24,0,19.1,0.257,19.1,0.257,24,0,32.6,-0.264,32.6,-0.264,34.9,-0.312,29.1,-0.175,29.1,-0.175
360303,,,,,,,,,,,,,,,,,,,,,
360336,126,126,0,126,0,126,0,126,0,126,0,126,0,126,0,126,0,109,0.156,99,0.273
360560,43,43,0,43,0,43,0,43,0,43,0,43,0,43,0,57.5,-0.252,29,0.483,29,0.483
360581,49,49,0,49,0,49,0,49,0,49,0,49,0,49,0,49,0,42,0.167,42,0.167
360710,31,31,0,31,0,31,0,31,0,31,0,31,0,31,0,27.5,0.127,25,0.24,,
360711,31,31,0,31,0,31,0,31,0,31,0,31,0,,,,,25,0.24,,
360725,35.7,35.7,0,35.7,0,35.7,0,35.7,0,35.7,0,35.7,0,,,,,,,20.5,0.741
360752,18,18,0,18,0,14,0.286,14,0.286,18,0,18,0,18,0,18,0,12.8,0.406,,
360753,18,18,0,18,0,18,0,18,0,18,0,18,0,18,0,18,0,12.8,0.406,,
360780,11,11,0,11,0,11,0,11,0,11,0,11,0,11,0,11,0,8,0.375,8,0.375
360781,5,5,0,5,0,5,0,5,0,5,0,5,0,5,0,5,0,3.5,0.429,3.5,0.429
360782,4,4,0,4,0,4,0,4,0,4,0,4,0,4,0,4,0,2.5,0.6,2.5,0.6
360787,81,81,0,81,0,81,0,81,0,81,0,81,0,81,0,81,0,72.5,0.117,60,0.35
360801,15.6,15.6,0,15.6,0,15.6,0,15.6,0,15.6,0,15.6,0,15.6,0,,,,,,
360802,15.6,15.6,0,15.6,0,15.6,0,15.6,0,15.6,0,15.6,0,15.6,0,,,,,,
360804,15.6,15.6,0,15.6,0,15.6,0,15.6,0,15.6,0,15.6,0,15.6,0,,,,,,
360899,38.4,38.4,0,38.4,0,38.4,0,38.4,0,38.4,0,,,,,,,30,0.28,,
360907,,,,,,,,,,,,,,,,,,,,,
360908,,,,,,,,,,,,,,,,,,,,,
360909,39.9,39.9,0,39.9,0,39.9,0,39.9,0,39.9,0,39.9,0,,,39.9,0,34.9,0.143,34.9,0.143
360926,45,45,0,45,0,45,0,45,0,45,0,51,-0.118,51,-0.118,53,-0.151,43,0.0465,36,0.25
360927,45,45,0,45,0,45,0,45,0,45,0,51,-0.118,51,-0.118,53,-0.151,43,0.0465,36,0.25
360952,,,,,,,,,,,,,,,,,,,,,
360954,36.1,36.1,0,36.1,0,36.1,0,36.1,0,36.1,0,36.1,0,36.1,0,36.1,0,32.2,0.121,27,0.337
360955,41.7,41.7,0,41.7,0,41.7,0,41.7,0,41.7,0,41.7,0,41.7,0,37.5,0.112,37.2,0.121,31.2,0.337
360956,26.2,26.2,0,26.2,0,26.2,0,26.2,0,26.2,0,29.1,-0.0997,29.1,-0.0997,29.1,-0.0997,26,0.00769,21.8,0.202
360957,,,,,,,,,,,,,,,,,,,,,
360958,59.3,59.3,0,59.3,0,59.3,0,59.3,0,59.3,0,65.8,-0.0988,65.8,-0.0988,65.9,-0.1,57.1,0.0385,52,0.14
361030,67,67,0,67,0,67,0,67,0,67,0,67,0,67,0,67,0,54,0.241,34,0.971
361205,29.5,36.9,-0.201,36.9,-0.201,36.9,-0.201,36.9,-0.201,36.9,-0.201,29.5,0,46,-0.359,56,-0.473,35,-0.157,35,-0.157
361206,,,,,,,,,,,,,,,,,,,,,
361210,30,30,0,30,0,30,0,30,0,30,0,30,0,30,0,37,-0.189,26,0.154,26,0.154
361510,,,,,,,,,,,,,,,,,,,,,
361511,30,30,0,30,0,30,0,30,0,30,0,30,0,,,,,,,,
361532,,,,,,,,,,,,,,,,,,,,,
361535,,,,,,,,,,,,,,,,,,,,,
361536,,,,,,,,,,,,,,,,,,,,,
362144,56.2,56.2,0,56.2,0,56.2,0,56.2,0,56.2,0,,,56.2,0,51.5,0.0913,44.4,0.266,52,0.0808
362770,29.1,29.1,0,29.1,0,29.1,0,29.1,0,29.1,0,29.1,0,29.1,0,29.1,0,27,0.0778,20.8,0.399
362778,13.9,13.9,0,13.9,0,13.9,0,13.9,0,13.9,0,,,,,14.9,-0.0671,16.9,-0.178,9.9,0.404
362786,24.9,24.9,0,24.9,0,24.9,0,24.9,0,24.9,0,,,,,16.9,0.473,16.9,0.473,12.9,0.93
362910,13.5,13.5,0,13.5,0,13.5,0,13.5,0,13.5,0,,,,,,,,,12.5,0.08
363018,,,,,,,,,,,,,,,,,,,,,
363027,,,,,,,,,,,,,,,,,,,,,
363028,,,,,,,,,,,,,,,,,,,,,
363029,,,,,,,,,,,,,,,,,,,,,
363030,155,155,0,155,0,155,0,155,0,155,0,155,0,155,0,,,,,120,0.293
363049,,,,,,,,,,,,,,,,,,,,,
363073,118,118,0,118,0,118,0,118,0,118,0,118,0,118,0,,,,,,
363110,78,78,0,78,0,78,0,78,0,78,0,78,0,78,0,75,0.04,,,75,0.04
363115,,,,,,,,,,,,,,,,,,,,,
363124,119,119,0,119,0,119,0,119,0,119,0,119,0,119,0,,,,,,
363126,119,119,0,119,0,119,0,119,0,119,0,119,0,119,0,,,,,,
363127,,,,,,,,,,,,,,,,,,,,,
363211,,,,,,,,,,,,,,,,,,,,,
363212,,,,,,,,,,,,,,,,,,,,,
363213,,,,,,,,,,,,,,,,,,,,,
363214,,,,,,,,,,,,,,,,,,,,,
363216,,,,,,,,,,,,,,,,,,,,,
363220,71.8,71.8,0,71.8,0,71.8,0,71.8,0,71.8,0,71.8,0,71.8,0,71.8,0,64.2,0.118,50,0.436
363278,194,194,0,194,0,194,0,194,0,194,0,194,0,194,0,174,0.115,156,0.244,156,0.244
363322,65.3,65.3,0,65.3,0,65.3,0,65.3,0,65.3,0,65.3,0,65.3,0,65.3,0,54.4,0.2,50,0.306
363323,32,,,,,32,0,32,0,,,32,0,32,0,,,,,,
363325,109,109,0,109,0,109,0,109,0,109,0,109,0,109,0,109,0,91,0.198,83.5,0.305
363326,127,127,0,127,0,127,0,127,0,127,0,127,0,127,0,127,0,105,0.21,96.3,0.319
363327,118,118,0,118,0,118,0,118,0,118,0,118,0,118,0,118,0,98,0.204,90,0.311
363352,,,,,,,,,,,,,,,,,,,,,
363353,44.9,44.9,0,44.9,0,44.9,0,44.9,0,44.9,0,44.9,0,44.9,0,44.9,0,44.9,0,59.9,-0.25
363360,,,,,,,,,,,,,,,,,,,,,
363368,,,,,,,,,,,,,,,,,,,,,
363391,75,75,0,75,0,75,0,75,0,75,0,75,0,75,0,75,0,75,0,75,0
363520,31.5,31.5,0,31.5,0,31.5,0,31.5,0,31.5,0,31.5,0,31.5,0,31,0.0161,16,0.969,,
363532,21,21,0,21,0,21,0,21,0,21,0,21,0,21,0,21,0,19,0.105,19,0.105
363738,19.9,19.9,0,19.9,0,19.9,0,19.9,0,19.9,0,19.9,0,19.9,0,19.9,0,15,0.327,,
363739,77,77,0,77,0,77,0,77,0,77,0,77,0,77,0,,,,,57.6,0.337
363821,27.6,27.6,0,27.6,0,27.6,0,27.6,0,27.6,0,27.6,0,27.6,0,27.6,0,,,22,0.255
363823,27.6,27.6,0,27.6,0,27.6,0,27.6,0,27.6,0,27.6,0,27.6,0,27.6,0,25.2,0.0952,21.5,0.284
363824,40,54,-0.259,54,-0.259,56,-0.286,56,-0.286,56,-0.286,40,0,60,-0.333,68,-0.412,45,-0.111,49,-0.184
363825,40,54,-0.259,54,-0.259,56,-0.286,56,-0.286,56,-0.286,40,0,60,-0.333,68,-0.412,55.2,-0.275,50,-0.2
363826,21.6,21.6,0,21.6,0,25,-0.136,25,-0.136,25,-0.136,25,-0.136,20,0.08,,,20.4,0.0588,19,0.137
363827,21.6,21.6,0,21.6,0,25,-0.136,25,-0.136,25,-0.136,25,-0.136,20,0.08,,,,,19.2,0.125
363851,29.3,29.3,0,29.3,0,29.3,0,29.3,0,29.3,0,29.3,0,29.3,0,29.3,0,25,0.172,,
363852,43.4,43.4,0,43.4,0,43.4,0,43.4,0,43.4,0,43.4,0,43.4,0,,,,,31.3,0.387
363853,29.3,29.3,0,29.3,0,29.3,0,29.3,0,29.3,0,29.3,0,29.3,0,,,,,,
363854,43.4,43.4,0,43.4,0,43.4,0,43.4,0,43.4,0,43.4,0,43.4,0,43.4,0,37.5,0.157,31.3,0.387
363887,25.5,25.5,0,25.5,0,25.5,0,29.5,-0.136,29.5,-0.136,29.5,-0.136,39.9,-0.361,39.5,-0.354,27,-0.0556,24,0.0625
363920,99.9,99.9,0,99.9,0,99.9,0,99.9,0,99.9,0,99.9,0,99.9,0,99.9,0,92.9,0.0753,89.9,0.111
363921,99.9,99.9,0,99.9,0,99.9,0,99.9,0,99.9,0,99.9,0,99.9,0,99.9,0,92.9,0.0753,89.9,0.111
364022,42.1,42.1,0,42.1,0,42.1,0,42.1,0,42.1,0,52.9,-0.204,52.9,-0.204,,,50,-0.158,,
364051,39.9,39.9,0,39.9,0,39.9,0,39.9,0,,,39.9,0,,,39.9,0,34.9,0.143,34.9,0.143
364355,97.5,97.5,0,97.5,0,97.5,0,97.5,0,97.5,0,97.5,0,99.9,-0.024,96.9,0.00619,84.9,0.148,64.9,0.502
364357,2.5,2.5,0,2.5,0,2.5,0,2.5,0,2.5,0,2.5,0,2.5,0,2.5,0,2,0.25,2,0.25
364371,64.7,64.7,0,64.7,0,64.7,0,64.7,0,64.7,0,64.7,0,64.7,0,64.7,0,,,,
364541,8.9,8.9,0,11,-0.191,11,-0.191,11,-0.191,11,-0.191,10.9,-0.183,10.9,-0.183,13.3,-0.331,12.5,-0.288,9.2,-0.0326
364576,,,,,,,,,,,,,,,,,,,,,
364681,23.5,23.5,0,23.5,0,23.5,0,23.5,0,23.5,0,23.5,0,,,23.5,0,25.5,-0.0784,18.7,0.257
365020,16.3,16.3,0,16.3,0,16.3,0,16.3,0,16.3,0,16.3,0,,,,,,,,
365068,,,,,,,,,,,,,,,,,,,,,
365076,,,,,,,,,,,,,,,,,,,,,
365084,,,,,,,,,,,,,,,,,,,,,
365087,5,5,0,5,0,5,0,5,0,5,0,4.5,0.111,5,0,5,0,,,,
365088,5,5,0,5,0,5,0,5,0,5,0,4.5,0.111,5,0,5,0,,,,
365089,5,5,0,5,0,5,0,5,0,5,0,4.5,0.111,5,0,5,0,,,,
365090,118,118,0,118,0,118,0,118,0,118,0,118,0,118,0,,,,,88.8,0.333
365122,,,,,,,,,,,,,,,,,,,,,
365150,,,,,,,,,,,,,,,,,,,,,
365254,,,,,,,,,,,,,,,,,,,,,
365262,,,,,,,,,,,,,,,,,,,,,
365411,,,,,,,,,,,,,,,,,,,,,
365506,53,53,0,53,0,53,0,53,0,53,0,53,0,53,0,53,0,,,,
365707,,,,,,,,,,,,,,,,,,,,,
366242,79,79,0,79,0,79,0,79,0,79,0,,,76.9,0.0273,76.9,0.0273,69.9,0.13,69.9,0.13
366528,,,,,,,,,,,,,,,,,,,,,
366544,,,,,,,,,,,,,,,,,,,,,
366692,,,,,,,,,,,,,,,,,,,,,
366889,71.4,71.4,0,71.4,0,71.4,0,71.4,0,71.4,0,71.4,0,71.4,0,71.4,0,61.5,0.161,61.5,0.161
366890,,,,,,,,,,,,,,,,,,,,,
366900,235,235,0,235,0,235,0,235,0,235,0,235,0,235,0,235,0,149,0.577,149,0.577
367036,38.5,38.5,0,38.5,0,38.5,0,38.5,0,38.5,0,38.5,0,38.5,0,38.5,0,29,0.328,27,0.426
367060,,,,,,,,,,,,,,,,,,,,,
367141,59,59,0,59,0,59,0,59,0,59,0,59,0,59,0,59,0,40.5,0.457,35.5,0.662
367150,58,58,0,58,0,58,0,58,0,58,0,58,0,58,0,58,0,34.5,0.681,33.5,0.731
367222,39.5,39.5,0,39.5,0,39.5,0,39.5,0,39.5,0,39.5,0,39.5,0,39.5,0,34.5,0.145,29,0.362
367311,2.5,2.5,0,2.5,0,2.5,0,2.5,0,2.5,0,2.5,0,,,2.5,0,2,0.25,2,0.25
367315,49,49,0,49,0,49,0,49,0,49,0,49,0,49,0,,,42.5,0.153,33,0.485
367316,49,49,0,49,0,49,0,49,0,49,0,49,0,49,0,49,0,,,,
367320,2.5,2.5,0,2.5,0,2.5,0,2.5,0,2.5,0,2.5,0,,,2.5,0,2,0.25,2,0.25
367370,,,,,,,,,,,,,,,,,,,,,
367443,6.9,6.9,0,6.9,0,6.9,0,6.9,0,6.9,0,6.9,0,6.9,0,,,7,-0.0143,6,0.15
367702,9.9,9.9,0,9.9,0,,,,,,,,,9.9,0,8.4,0.179,6.8,0.456,,
367710,10,10,0,10,0,10,0,10,0,10,0,10,0,10,0,8.7,0.149,6.8,0.471,,
367729,94,94,0,94,0,94,0,94,0,94,0,94,0,94,0,94,0,62,0.516,62,0.516
367761,94.5,94.5,0,94.5,0,94.5,0,94.5,0,94.5,0,94.5,0,94.5,0,85.5,0.105,77.5,0.219,77.5,0.219
367777,,,,,,,,,,,,,,,,,,,,,
367971,13.3,13.3,0,,,,,,,13.3,0,13.3,0,13.3,0,13.3,0,12.5,0.064,8.8,0.511
368210,124,124,0,124,0,124,0,124,0,124,0,133,-0.0632,133,-0.0632,,,97.5,0.277,97.5,0.277
368289,,,,,,,,,,,,,,,,,,,,,
368307,35.5,35.5,0,35.5,0,35.5,0,35.5,0,35.5,0,35.5,0,35.5,0,,,,,,
368326,51.7,51.7,0,51.7,0,51.7,0,51.7,0,51.7,0,51.7,0,51.7,0,48.8,0.0594,44.6,0.159,41.4,0.249
368369,120,120,0,120,0,120,0,120,0,120,0,120,0,,,120,0,105,0.138,98,0.219
368555,17.5,17.5,0,17.5,0,17.5,0,,,,,,,16,0.0938,,,13.5,0.296,14,0.25
368570,19,19,0,19,0,19,0,19,0,19,0,19,0,19,0,19,0,17.5,0.0857,16,0.188
368572,9.9,9.9,0,9.9,0,9.9,0,9.9,0,9.9,0,9.9,0,9.9,0,9.9,0,9,0.1,8.5,0.165
368741,7.2,7.2,0,7.2,0,7.2,0,7.2,0,,,7.2,0,7.2,0,5.2,0.385,5.2,0.385,5.2,0.385
368875,42,42,0,42,0,42,0,42,0,42,0,42,0,42,0,42,0,33.5,0.254,31,0.355
369041,24.5,24.5,0,,,,,,,,,,,,,19.9,0.231,24,0.0208,18.7,0.31
369042,12.3,12.3,0,12.3,0,12.3,0,12.3,0,12.3,0,12.3,0,12.3,0,12.3,0,11.5,0.0696,9.3,0.323
369410,,,,,,,,,,,,,,,,,,,,,
369412,,,,,,,,,,,,,,,,,,,,,
369413,,,,,,,,,,,,,,,,,,,,,
369414,,,,,,,,,,,,,,,,,,,,,
369415,,,,,,,,,,,,,,,,,,,,,
369730,96,96,0,96,0,96,0,96,0,96,0,127,-0.246,127,-0.246,127,-0.246,84.5,0.136,84.5,0.136
370003,,,,,,,,,,,,,,,,,,,,,
370006,,,,,,,,,,,,,,,,,,,,,
370253,14.4,14.4,0,,,14.4,0,14.4,0,14.4,0,14.4,0,14.4,0,14.4,0,,,12.5,0.152
370524,25.5,25.5,0,25.5,0,25.5,0,29.5,-0.136,29.5,-0.136,29.5,-0.136,39.9,-0.361,39.5,-0.354,27,-0.0556,24,0.0625
370526,,,,,,,,,,,,,,,,,,,,,
370610,27.1,27.1,0,27.1,0,27.1,0,27.1,0,27.1,0,27.1,0,27.1,0,27.1,0,24.4,0.111,,
370684,,,,,,,,,,,,,,,,,,,,,
370686,,,,,,,,,,,,,,,,,,,,,
371079,15.9,15.9,0,15.9,0,15.9,0,15.9,0,15.9,0,15.9,0,15.9,0,17.9,-0.112,17.5,-0.0914,13.4,0.187
371190,,,,,,,,,,,,,,,,,,,,,
371205,56,56,0,56,0,56,0,56,0,56,0,56,0,56,0,56,0,47,0.191,44,0.273
371246,,,,,,,,,,,,,,,,,,,,,
371298,44,44,0,44,0,44,0,44,0,44,0,44,0,44,0,,,37,0.189,37,0.189
371299,44,44,0,44,0,44,0,44,0,44,0,44,0,44,0,44,0,37,0.189,37,0.189
371301,44,44,0,44,0,44,0,44,0,44,0,44,0,44,0,44,0,37,0.189,37,0.189
371302,44,44,0,44,0,44,0,44,0,44,0,44,0,44,0,,,37,0.189,37,0.189
371303,44,44,0,44,0,44,0,44,0,44,0,44,0,44,0,44,0,37,0.189,37,0.189
371304,44,44,0,44,0,44,0,44,0,,,44,0,44,0,44,0,37,0.189,37,0.189
371305,37,37,0,37,0,37,0,37,0,37,0,37,0,37,0,37,0,30,0.233,27,0.37
371306,37,37,0,37,0,37,0,37,0,37,0,37,0,37,0,37,0,,,27,0.37
371307,37,37,0,37,0,37,0,37,0,37,0,37,0,37,0,37,0,30,0.233,27,0.37
371328,,,,,,,,,,,,,,,,,,,,,
371405,47,47,0,47,0,47,0,47,0,47,0,47,0,47,0,47,0,45,0.0444,45,0.0444
372107,,,,,,,,,,,,,,,,,,,,,
372108,55,55,0,55,0,55,0,55,0,55,0,55,0,55,0,55,0,23.5,1.34,23.5,1.34
372109,54,54,0,54,0,54,0,54,0,54,0,54,0,54,0,,,,,,
372112,,,,,,,,,,,,,,,,,,,,,
372147,,,,,,,,,,,,,,,,,,,,,
372149,,,,,,,,,,,,,,,,,,,,,
372157,,,,,,,,,,,,,,,,,,,,,
372173,,,,,,,,,,,,,,,,,,,,,
372175,,,,,,,,,,,,,,,,,,,,,
372179,93,93,0,93,0,93,0,93,0,93,0,93,0,93,0,93,0,78,0.192,55,0.691
372282,55,55,0,55,0,55,0,55,0,55,0,,,,,,,,,35,0.571
372560,39.4,39.4,0,39.4,0,39.4,0,39.4,0,39.4,0,39.4,0,39.4,0,39.4,0,37,0.0649,29.9,0.318
372950,18,18,0,18,0,18,0,18,0,18,0,18,0,18,0,18,0,18,0,18,0
372951,24.2,24.2,0,24.2,0,24.2,0,24.2,0,24.2,0,24.2,0,24.2,0,24.2,0,23.8,0.0168,17.5,0.383
373516,16.3,16.3,0,16.3,0,16.3,0,16.3,0,16.3,0,16.3,0,16.3,0,16.3,0,12.6,0.294,11.2,0.455
373524,16.3,16.3,0,16.3,0,16.3,0,16.3,0,16.3,0,16.3,0,16.3,0,16.3,0,,,11.2,0.455
373560,16.2,16.2,0,16.2,0,16.2,0,16.2,0,16.2,0,16.2,0,16.2,0,16.2,0,16.2,0,15,0.08
373561,16.2,16.2,0,16.2,0,16.2,0,16.2,0,16.2,0,16.2,0,16.2,0,16.2,0,16.2,0,15,0.08
373562,16.2,16.2,0,16.2,0,16.2,0,16.2,0,16.2,0,16.2,0,16.2,0,16.2,0,16.2,0,15,0.08
373563,16.2,16.2,0,16.2,0,16.2,0,16.2,0,16.2,0,16.2,0,16.2,0,16.2,0,16.2,0,15,0.08
373656,,,,,,,,,,,,,,,,,,,,,
373737,,,,,,,,,,,,,,,,,,,,,
373815,27.1,27.1,0,27.1,0,27.1,0,27.1,0,27.1,0,27.1,0,27.1,0,29.3,-0.0751,29.3,-0.0751,22.9,0.183
373823,64,64,0,64,0,64,0,64,0,64,0,64,0,64,0,68.3,-0.063,68.3,-0.063,54.9,0.166
373824,64,64,0,64,0,64,0,64,0,64,0,64,0,64,0,68.3,-0.063,68.3,-0.063,54.9,0.166
373827,29,29,0,29,0,29,0,29,0,29,0,29,0,36,-0.194,36,-0.194,31,-0.0645,29.8,-0.0268
373828,16.5,,,,,18,-0.0833,18,-0.0833,18,-0.0833,18,-0.0833,18,-0.0833,18,-0.0833,15.9,0.0377,,
373951,75,75,0,75,0,75,0,75,0,75,0,75,0,75,0,,,,,,
373955,105,105,0,105,0,105,0,105,0,105,0,105,0,105,0,105,0,76,0.382,76,0.382
373956,82,82,0,82,0,82,0,82,0,82,0,82,0,82,0,82,0,59,0.39,59,0.39
374010,16.5,16.5,0,16.5,0,16.5,0,16.5,0,16.5,0,16.5,0,16.5,0,16.5,0,10.7,0.542,10.7,0.542
374012,12.5,12.5,0,12.5,0,12.5,0,12.5,0,12.5,0,12.5,0,12.5,0,12.5,0,7,0.786,7,0.786
374334,20.2,20.2,0,20.2,0,20.2,0,25.3,-0.202,25.3,-0.202,25.3,-0.202,20,0.01,28.9,-0.301,27.8,-0.273,20,0.01
374725,,,,,,,,,,,,,,,,,,,,,
374750,5.2,5.2,0,5.2,0,5.2,0,5.2,0,5.2,0,5.2,0,,,5.2,0,5,0.04,5,0.04
374970,,,,,,,,,,,,,,,,,,,,,
375010,37,37,0,37,0,37,0,37,0,37,0,41.9,-0.117,41.9,-0.117,41.9,-0.117,27.5,0.345,24.5,0.51
375049,,,,,,,,,,,,,,,,,,,,,
375050,,,,,,,,,,,,,,,,,,,,,
375179,30.6,30.6,0,30.6,0,30.6,0,30.6,0,30.6,0,37,-0.173,37,-0.173,36.9,-0.171,35,-0.126,26.8,0.142
375373,68,68,0,68,0,68,0,68,0,68,0,68,0,68,0,,,50,0.36,50,0.36
375381,,,,,,,,,,,,,,,,,,,,,
375390,62,62,0,62,0,62,0,62,0,62,0,62,0,62,0,62,0,46,0.348,46,0.348
375403,31,31,0,31,0,31,0,31,0,31,0,31,0,31,0,31,0,23,0.348,23,0.348
375438,11,11,0,11,0,11,0,11,0,11,0,11,0,11,0,11,0,11,0,11,0
376469,95,95,0,95,0,95,0,95,0,95,0,95,0,94.9,0.00105,95,0,,,45,1.11
376507,68.8,68.8,0,68.8,0,68.8,0,68.8,0,68.8,0,68.8,0,68.8,0,,,60,0.147,,
376540,54.8,54.8,0,54.8,0,54.8,0,54.8,0,54.8,0,54.8,0,40,0.37,54.8,0,47.5,0.154,,
376710,86,86,0,86,0,86,0,86,0,86,0,86,0,86,0,,,,,,
377631,98,98,0,98,0,98,0,98,0,98,0,98,0,98,0,98,0,85,0.153,58,0.69
377673,31,31,0,31,0,31,0,31,0,31,0,31,0,31,0,29.4,0.0544,29.4,0.0544,18,0.722
377688,65,65,0,65,0,65,0,65,0,65,0,65,0,65,0,54,0.204,54,0.204,54,0.204
378283,60.5,60.5,0,60.5,0,60.5,0,60.5,0,60.5,0,65.8,-0.0805,65.8,-0.0805,65.8,-0.0805,65.8,-0.0805,49.5,0.222
378313,5.2,5.2,0,5.2,0,5.2,0,5.2,0,5.2,0,5.2,0,5.2,0,5.2,0,5,0.04,5,0.04
378453,48,48,0,48,0,48,0,48,0,48,0,48,0,48,0,44,0.0909,40,0.2,40,0.2
378461,45,45,0,45,0,45,0,45,0,45,0,45,0,45,0,45,0,39.9,0.128,39.9,0.128
378488,,,,,,,,,,,,,,,,,,,,,
378542,,,,,,,,,,,,,,,,,,,,,
378712,16.6,16.6,0,16.6,0,16.6,0,16.6,0,16.6,0,16.6,0,16.6,0,17.2,-0.0349,16.6,0,11.5,0.443
378887,59.4,59.4,0,59.4,0,59.4,0,59.4,0,59.4,0,59.4,0,58.6,0.0137,83.7,-0.29,68.1,-0.128,50.5,0.176
378917,83.7,83.7,0,83.7,0,83.7,0,83.7,0,83.7,0,83.7,0,83.7,0,83.7,0,68.1,0.229,50.5,0.657
378925,59.4,59.4,0,59.4,0,59.4,0,59.4,0,59.4,0,59.4,0,58.6,0.0137,83.7,-0.29,68.1,-0.128,,
380108,14,18.2,-0.231,18.2,-0.231,18.2,-0.231,18.2,-0.231,18.2,-0.231,18.2,-0.231,18.2,-0.231,18.2,-0.231,15.5,-0.0968,11,0.273
380110,215,215,0,215,0,199,0.0804,199,0.0804,199,0.0804,215,0,236,-0.089,235,-0.0851,251,-0.144,178,0.206
380122,42,42,0,42,0,42,0,42,0,42,0,42,0,42,0,42,0,35,0.2,32,0.312
380123,32,32,0,32,0,32,0,32,0,,,32,0,32,0,,,,,,
380180,30,30,0,30,0,30,0,30,0,30,0,30,0,30,0,37,-0.189,26,0.154,26,0.154
380187,204,204,0,204,0,204,0,204,0,204,0,204,0,204,0,204,0,180,0.133,154,0.325
380221,90.3,90.3,0,90.3,0,90.3,0,90.3,0,90.3,0,90.3,0,90.3,0,90.3,0,78.2,0.155,55.2,0.636
380222,62.9,62.9,0,62.9,0,62.9,0,62.9,0,62.9,0,62.9,0,62.9,0,62.9,0,54.5,0.154,38.5,0.634
380571,26.5,26.5,0,26.5,0,26.5,0,26.5,0,26.5,0,26.5,0,26.5,0,26.5,0,22,0.205,20.5,0.293
380598,,,,,,,,,,,,,,,,,,,,,
380628,,,,,,,,,,,,,,,,,,,,,
380640,66,66,0,66,0,66,0,66,0,,,66,0,66,0,66,0,50.5,0.307,50.5,0.307
380642,66,66,0,66,0,66,0,66,0,66,0,66,0,66,0,66,0,52,0.269,52,0.269
380643,65.9,65.9,0,65.9,0,65.9,0,65.9,0,65.9,0,65.9,0,65.9,0,,,50.5,0.305,50.5,0.305
380670,53,53,0,53,0,53,0,53,0,53,0,53,0,53,0,53,0,44,0.205,40,0.325
380720,,,,,,,,,,,,,,,,,,,,,
380731,39.9,39.9,0,39.9,0,39.9,0,39.9,0,39.9,0,39.9,0,39.9,0,,,,,24,0.662
380732,,,,,,,,,,,,,,,,,,,,,
380736,,,,,,,,,,,,,,,,,,,,,
380819,68.8,68.8,0,68.8,0,63.1,0.0903,63.1,0.0903,63.1,0.0903,89.3,-0.23,89.3,-0.23,89.2,-0.229,80,-0.14,65,0.0585
380858,,,,,,,,,,,,,,,,,,,,,
380862,,,,,,,,,,,,,,,,,,,,,
380888,23.2,23.2,0,23.2,0,23.2,0,35,-0.337,35,-0.337,35,-0.337,35,-0.337,35,-0.337,33.3,-0.303,30,-0.227
380889,,,,,,,,,,,,,,,,,,,,,
380904,27.9,27.9,0,27.9,0,27.9,0,31.9,-0.125,31.9,-0.125,31.9,-0.125,39.9,-0.301,39.9,-0.301,29,-0.0379,24.5,0.139
380916,10.5,10.5,0,10.5,0,10.5,0,10.5,0,10.5,0,10.5,0,10.5,0,10.5,0,10.5,0,,
380917,21,21,0,21,0,21,0,21,0,21,0,21,0,21,0,21,0,16,0.312,,
380921,48,48,0,48,0,48,0,48,0,48,0,48,0,48,0,48,0,,,,
381010,25,25,0,25,0,25,0,25,0,25,0,25,0,25,0,25,0,,,21.5,0.163
381011,,,,,,,,,,,,,,,,,,,,,
381013,,,,,,,,,,,,,,,,,,,,,
381014,25,25,0,,,25,0,25,0,25,0,25,0,25,0,,,,,21.5,0.163
381030,27,27,0,27,0,27,0,27,0,27,0,27,0,,,27,0,20.8,0.298,20.8,0.298
381031,20,20,0,,,20,0,20,0,20,0,20,0,,,20,0,16.5,0.212,16.5,0.212
381033,20,20,0,20,0,20,0,20,0,20,0,,,,,20,0,16.5,0.212,16.5,0.212
381034,17,17,0,17,0,17,0,17,0,17,0,17,0,,,17,0,15,0.133,15,0.133
381035,14,14,0,14,0,14,0,14,0,14,0,14,0,,,14,0,13,0.0769,13,0.0769
381036,24,24,0,24,0,24,0,24,0,24,0,24,0,,,24,0,20.5,0.171,20.5,0.171
381037,20,20,0,20,0,20,0,20,0,20,0,20,0,20,0,20,0,16.5,0.212,16.5,0.212
381222,,,,,,,,,,,,,,,,,,,,,
381242,,,,,,,,,,,,,,,,,,,,,
381251,18.7,18.7,0,18.7,0,18.7,0,18.7,0,18.7,0,18.7,0,18.7,0,18.7,0,16.5,0.133,15.7,0.191
381403,34,34,0,34,0,34,0,34,0,34,0,,,,,47.9,-0.29,,,28.4,0.197
381438,64.1,64.1,0,64.1,0,64.1,0,64.1,0,64.1,0,64.1,0,85,-0.246,85,-0.246,56,0.145,50,0.282
381454,64.1,64.1,0,64.1,0,64.1,0,64.1,0,64.1,0,64.1,0,,,85,-0.246,56,0.145,50,0.282
381455,42.4,42.4,0,42.4,0,42.4,0,42.4,0,42.4,0,42.4,0,42.4,0,43.1,-0.0162,35.5,0.194,25,0.696
381470,148,148,0,148,0,148,0,148,0,148,0,148,0,148,0,148,0,120,0.231,84.8,0.743
381489,260,260,0,260,0,260,0,260,0,260,0,260,0,260,0,260,0,188,0.383,140,0.851
381497,260,260,0,260,0,260,0,260,0,260,0,260,0,260,0,260,0,188,0.383,140,0.851
381535,,,,,,,,,,,,,,,,,,,,,
381543,35.7,35.7,0,35.7,0,35.7,0,35.7,0,35.7,0,35.7,0,35.7,0,,,,,,
381713,22.5,22.5,0,22.5,0,22.5,0,22.5,0,22.5,0,22.5,0,22.5,0,22.5,0,18.8,0.197,16.7,0.347
381829,,,,,,,,,,,,,,,,,,,,,
382035,33,33,0,33,0,33,0,33,0,33,0,33,0,33,0,33,0,27.6,0.196,25,0.32
382043,65,65,0,65,0,65,0,65,0,65,0,65,0,65,0,65,0,54.1,0.201,49.5,0.313
382078,27.5,,,,,,,,,,,,,27.5,0,27.5,0,24.9,0.104,26,0.0577
382112,,,,,,,,,,,,,,,,,,,,,
382175,45,45,0,45,0,45,0,45,0,45,0,45,0,45,0,45,0,39.9,0.128,39.9,0.128
382191,,,,,,,,,,,,,,,,,,,,,
382526,10,10,0,10,0,10,0,10,0,10,0,10.5,-0.0476,10.5,-0.0476,11.9,-0.16,11,-0.0909,8,0.25
382527,10,10,0,10,0,10,0,10,0,10,0,10.5,-0.0476,10.5,-0.0476,11.9,-0.16,11,-0.0909,8,0.25
382528,10,10,0,10,0,10,0,10,0,10,0,10.5,-0.0476,10.5,-0.0476,11.9,-0.16,11,-0.0909,8,0.25
382529,10,10,0,10,0,10,0,10,0,10,0,10.5,-0.0476,10.5,-0.0476,11.9,-0.16,11,-0.0909,8,0.25
382541,168,168,0,168,0,168,0,168,0,168,0,168,0,168,0,,,109,0.54,109,0.54
382542,168,168,0,168,0,168,0,168,0,168,0,168,0,168,0,,,84.9,0.978,109,0.54
382612,63,63,0,63,0,63,0,63,0,63,0,63,0,63,0,63,0,52.5,0.2,33,0.909
382833,57.5,57.5,0,57.5,0,57.5,0,57.5,0,57.5,0,57.5,0,57.5,0,62,-0.0726,62,-0.0726,47,0.223
383036,20.6,20.6,0,20.6,0,20.6,0,20.6,0,20.6,0,20.6,0,,,,,,,,
383995,102,102,0,102,0,102,0,102,0,102,0,102,0,102,0,102,0,102,0,102,0
383997,180,180,0,180,0,180,0,180,0,180,0,,,,,,,,,,
384208,61,61,0,61,0,61,0,61,0,61,0,61,0,61,0,,,53,0.151,51,0.196
384259,75,75,0,75,0,75,0,75,0,75,0,75,0,75,0,75,0,65,0.154,,
385352,11,11,0,11,0,11,0,11,0,11,0,11,0,11,0,11.9,-0.0756,10.6,0.0377,8,0.375
386073,,,,,,,,,,,,,,,,,,,,,
386081,59.9,59.9,0,59.9,0,59.9,0,59.9,0,59.9,0,59.9,0,59.9,0,59.9,0,59.9,0,54,0.109
386090,61.5,61.5,0,61.5,0,61.5,0,61.5,0,61.5,0,61.5,0,61.5,0,61.5,0,61.5,0,61.5,0
386600,,,,,,,,,,,,,,,,,,,,,
386774,120,120,0,120,0,120,0,120,0,120,0,120,0,120,0,120,0,99,0.212,93,0.29
386782,,,,,,,,,,,,,,,,,,,,,
387077,8,8,0,8,0,8,0,8,0,8,0,8,0,8,0,8,0,7,0.143,7,0.143
387140,,,,,,,,,,,,,,,,,,,,,
387141,,,,,,,,,,,,,,,,,,,,,
387143,,,,,,,,,,,,,,,,,,,,,
387170,,,,,,,,,,,,,,,,,,,,,
387401,12.5,12.5,0,12.5,0,12.5,0,12.5,0,12.5,0,12.5,0,12.5,0,12.5,0,10.5,0.19,10.5,0.19
387758,,,,,,,,,,,,,,,,,,,,,
387767,,,,,,,,,,,,,,,,,,,,,
387881,40,40,0,40,0,40,0,40,0,40,0,40,0,40,0,,,,,35.5,0.127
387916,10.5,10.5,0,10.5,0,10.5,0,10.5,0,10.5,0,10.5,0,10.5,0,10.5,0,10.5,0,8.5,0.235
388123,,,,,,,,,,,,,,,,,,,,,
388126,,,,,,,,,,,,,,,,,,,,,
388378,,,,,,,,,,,,,,,,,,,,,
388711,46.5,46.5,0,46.5,0,47,-0.0106,39.9,0.165,46.5,0,46.5,0,46.5,0,39.5,0.177,39.5,0.177,36.5,0.274
388995,25.4,25.4,0,25.4,0,25.4,0,25.4,0,25.4,0,25.4,0,25.4,0,21,0.21,25.2,0.00794,22,0.155
388996,25.2,25.2,0,25.2,0,25.2,0,25.2,0,25.2,0,25.2,0,25.2,0,25.2,0,25.2,0,22,0.145
388997,25.2,25.2,0,25.2,0,25.2,0,25.2,0,25.2,0,25.2,0,25.2,0,21,0.2,25.2,0,22,0.145
389382,,,,,,,,,,,,,,,,,,,,,
389404,52,52,0,52,0,52,0,52,0,52,0,52,0,52,0,52.1,-0.00192,44.4,0.171,,
390091,,,,,,,,,,,,,,,,,,,,,
390110,9.5,9.5,0,9.5,0,9.5,0,9.5,0,9.5,0,9.5,0,9.5,0,13,-0.269,9,0.0556,9,0.0556
390112,15,15,0,15,0,15,0,15,0,15,0,13.9,0.0791,,,,,,,11,0.364
390178,6.5,6.5,0,6.5,0,6.5,0,6.5,0,6.5,0,6,0.0833,8,-0.188,8,-0.188,7.5,-0.133,6.8,-0.0441
390186,12.5,12.5,0,12.5,0,12.5,0,12.5,0,12.5,0,11.5,0.087,,,15.5,-0.194,14.5,-0.138,13,-0.0385
390431,16,16,0,16,0,16,0,16,0,20,-0.2,20,-0.2,20,-0.2,24,-0.333,18.2,-0.121,18.2,-0.121
390487,29,29,0,29,0,29,0,29,0,29,0,29,0,29,0,29,0,24.9,0.165,19.5,0.487
390640,,,,,,,,,,,,,,,,,,,,,
390658,9.8,9.8,0,9.8,0,9.8,0,9.8,0,9.8,0,9.8,0,9.8,0,,,8,0.225,7.5,0.307
390755,,,,,,,,,,,,,,,,,,,,,
390907,34.4,34.4,0,34.4,0,34.4,0,34.4,0,,,,,,,34.4,0,30.9,0.113,,
390908,34.4,34.4,0,34.4,0,34.4,0,34.4,0,34.4,0,,,,,,,30.9,0.113,,
390910,,,,,,,,,,,,,,,,,,,,,
390915,,,,,,,,,,,,,,,,,,,,,
390916,,,,,,,,,,,,,,,,,,,,,
390918,96.9,96.9,0,96.9,0,96.9,0,96.9,0,96.9,0,96.9,0,96.9,0,96.9,0,84,0.154,84,0.154
390919,39.9,39.9,0,39.9,0,35,0.14,35,0.14,39.9,0,39.9,0,39.9,0,39.9,0,34.9,0.143,34.9,0.143
390923,,,,,,,,,,,,,,,,,,,,,
390924,,,,,,,,,,,,,,,,,,,,,
390939,17.9,17.9,0,17.9,0,17.9,0,17.9,0,17.9,0,20.7,-0.135,20.7,-0.135,22.3,-0.197,20,-0.105,,
390943,,,,,,,,,,,,,,,,,,,,,
390955,,,,,,,,,,,,,,,,,,,,,
391008,35.5,35.5,0,35.5,0,35.5,0,35.5,0,35.5,0,35.5,0,35.5,0,35.5,0,30,0.183,22.5,0.578
391009,35.5,35.5,0,35.5,0,35.5,0,35.5,0,35.5,0,35.5,0,35.5,0,35.5,0,30,0.183,22.5,0.578
391010,17.6,17.6,0,17.6,0,17.6,0,17.6,0,17.6,0,17.6,0,17.6,0,17.6,0,15.8,0.114,14.9,0.181
391016,14.1,18,-0.217,18,-0.217,18,-0.217,18,-0.217,18,-0.217,18,-0.217,18,-0.217,18,-0.217,12.8,0.102,,
391017,18,18,0,18,0,14,0.286,14,0.286,18,0,18,0,15.3,0.176,18,0,12.8,0.406,12.8,0.406
391019,14.1,18,-0.217,18,-0.217,18,-0.217,18,-0.217,18,-0.217,18,-0.217,18,-0.217,18,-0.217,12.8,0.102,12.8,0.102
391024,21.3,21.3,0,21.3,0,21.3,0,21.3,0,21.3,0,21.3,0,21.3,0,18.5,0.151,16.5,0.291,16.5,0.291
391025,21.3,21.3,0,21.3,0,21.3,0,21.3,0,21.3,0,17.5,0.217,21,0.0143,21,0.0143,16.5,0.291,16.5,0.291
391027,21,21,0,21,0,21,0,21,0,21,0,21,0,21,0,21,0,16.5,0.273,16.5,0.273
391028,21,21,0,21,0,21,0,21,0,21,0,21,0,21,0,21,0,16.5,0.273,16.5,0.273
391030,,,,,,,,,,,,,,,,,,,,,
391032,21.3,21.3,0,21.3,0,21.3,0,21.3,0,21.3,0,21.3,0,21.3,0,18.5,0.151,16.5,0.291,16.5,0.291
391033,21,21,0,21,0,21,0,21,0,21,0,21,0,21,0,21,0,16.5,0.273,16.5,0.273
391035,21.3,21.3,0,21.3,0,21.3,0,21.3,0,21.3,0,21.3,0,21.3,0,18.5,0.151,13.2,0.614,13.2,0.614
391036,21,21,0,21,0,21,0,21,0,21,0,21,0,21,0,21,0,16.5,0.273,16.5,0.273
391038,23,23,0,23,0,23,0,23,0,23,0,23,0,23,0,23,0,16.5,0.394,16.5,0.394
391039,23,23,0,23,0,23,0,23,0,23,0,23,0,23,0,23,0,16.5,0.394,16.5,0.394
391040,23.4,23.4,0,23.4,0,23.4,0,23.4,0,23.4,0,19.3,0.212,,,,,16.5,0.418,16.5,0.418
391041,23,23,0,23,0,23,0,23,0,23,0,23,0,23,0,23,0,16.5,0.394,16.5,0.394
391043,23,23,0,23,0,23,0,23,0,23,0,23,0,23,0,23,0,16.5,0.394,16.5,0.394
391046,18,18,0,18,0,18,0,18,0,18,0,18,0,18,0,18,0,14.5,0.241,,
391047,18,18,0,18,0,18,0,18,0,18,0,18,0,18,0,,,,,,
391060,,,,,,,,,,,,,,,,,,,,,
391087,7,7,0,7,0,7,0,7,0,7,0,7,0,7,0,7,0,4,0.75,4,0.75
391107,,,,,,,,,,,,,,,,,,,,,
391182,24.5,24.5,0,24.5,0,24.5,0,24.5,0,24.5,0,21.9,0.119,24.5,0,27.5,-0.109,20.5,0.195,15,0.633
391219,131,131,0,131,0,131,0,131,0,131,0,131,0,131,0,131,0,114,0.149,102,0.284
391221,138,138,0,138,0,138,0,138,0,138,0,138,0,138,0,138,0,121,0.14,108,0.278
391222,,,,,,,,,,,,,,,,,,,,,
391226,,,,,,,,,,,,,,,,,,,,,
391228,75,75,0,75,0,75,0,75,0,75,0,75,0,75,0,75,0,75,0,69,0.087
391229,75,75,0,75,0,75,0,75,0,75,0,75,0,75,0,75,0,75,0,71,0.0563
391230,75,75,0,75,0,75,0,75,0,75,0,75,0,75,0,75,0,75,0,69,0.087
391231,75,75,0,75,0,75,0,75,0,75,0,75,0,75,0,75,0,75,0,71,0.0563
391232,75,75,0,75,0,75,0,75,0,75,0,,,75,0,75,0,75,0,69,0.087
391239,49.9,49.9,0,49.9,0,49.9,0,49.9,0,49.9,0,49.9,0,49.9,0,49.9,0,49.9,0,49.9,0
391260,99.9,99.9,0,99.9,0,99.9,0,99.9,0,99.9,0,99.9,0,99.9,0,99.9,0,92.9,0.0753,89.9,0.111
391261,28.7,28.7,0,28.7,0,28.7,0,28.7,0,28.7,0,,,,,,,,,,
391262,,,,,,,,,,,,,,,,,,,,,
391328,62.9,62.9,0,62.9,0,62.9,0,62.9,0,62.9,0,62.9,0,,,,,,,,
391549,,,,,,,,,,,,,,,,,,,,,
391626,,,,,,,,,,,,,,,,,,,,,
391689,27.5,27.5,0,27.5,0,27.5,0,27.5,0,27.5,0,,,,,,,,,21,0.31
391697,27.5,27.5,0,27.5,0,27.5,0,27.5,0,27.5,0,27.5,0,27.5,0,,,,,21,0.31
391703,,,,,,,,,,,,,,,,,,,,,
391704,159,159,0,159,0,159,0,159,0,172,-0.0783,172,-0.0783,172,-0.0783,172,-0.0783,,,,
391760,,,,,,,,,,,,,,,,,,,,,
391875,,,,,,,,,,,,,,,,,,,,,
391883,24.5,24.5,0,24.5,0,24.5,0,24.5,0,24.5,0,24.5,0,24.5,0,,,,,,
391891,22,22,0,22,0,22,0,22,0,22,0,22,0,22,0,,,,,13,0.692
392002,23,23,0,23,0,23,0,23,0,23,0,29.9,-0.231,29.9,-0.231,48.9,-0.53,37.9,-0.393,37.9,-0.393
392003,54,54,0,54,0,54,0,54,0,54,0,53.9,0.00186,43,0.256,59.9,-0.0985,52.8,0.0227,52.8,0.0227
392060,164,164,0,164,0,164,0,164,0,164,0,164,0,164,0,164,0,149,0.0973,149,0.0973
392061,164,164,0,164,0,164,0,164,0,164,0,164,0,164,0,164,0,149,0.0973,149,0.0973
392880,,,,,,,,,,,,,,,,,,,,,
393118,,,,,,,,,,,,,,,,,,,,,
393185,14.5,14.5,0,14.5,0,14.5,0,14.5,0,14.5,0,14.5,0,14.5,0,14.5,0,13.8,0.0507,13.8,0.0507
393193,21.9,21.9,0,21.9,0,21.9,0,21.9,0,19,0.153,17.5,0.251,19,0.153,,,,,,
393207,16.9,16.9,0,16.9,0,16.9,0,16.9,0,14.5,0.166,14.5,0.166,14.5,0.166,14.5,0.166,13.8,0.225,13.8,0.225
393240,19,19,0,19,0,19,0,19,0,19,0,19,0,18,0.0556,16.5,0.152,,,17,0.118
393410,14.5,14.5,0,14.5,0,14.5,0,14.5,0,14.5,0,14.5,0,14.5,0,14.5,0,13.8,0.0507,13.8,0.0507
393495,7.8,7.8,0,7.8,0,7.8,0,7.8,0,7.8,0,7,0.114,9.5,-0.179,9.5,-0.179,8.8,-0.114,7.4,0.0541
393509,8.2,8.2,0,8.2,0,8.2,0,8.2,0,8.2,0,7.5,0.0933,10.4,-0.212,10.4,-0.212,8.8,-0.0682,7.4,0.108
393517,7.8,7.8,0,7.8,0,7.8,0,7.8,0,7.8,0,7,0.114,9.5,-0.179,9.5,-0.179,8.8,-0.114,7.4,0.0541
393541,17.9,17.9,0,17.9,0,17.9,0,17.9,0,17.9,0,17.9,0,17.9,0,17.9,0,17.5,0.0229,13.4,0.336
393550,,,,,,,,,,,,,,,,,,,,,
393568,7,7,0,7,0,7,0,7,0,7,0,7,0,7,0,7,0,6.8,0.0294,6,0.167
393632,,,,,,,,,,,,,,,,,,,,,
393711,35,35,0,35,0,35,0,35,0,35,0,35,0,35,0,35,0,22,0.591,22,0.591
393754,25,25,0,25,0,25,0,25,0,25,0,25,0,25,0,25,0,20,0.25,20,0.25
393755,,,,,,,,,,,,,,,,,,,,,
393763,12.5,12.5,0,12.5,0,12.5,0,12.5,0,10.6,0.179,12.5,0,12.5,0,12.5,0,,,,
393764,12.5,12.5,0,12.5,0,12.5,0,12.5,0,10.6,0.179,12.5,0,12.5,0,12.5,0,,,,
394092,5,5,0,5,0,5,0,5,0,3,0.667,3,0.667,3,0.667,3,0.667,3,0.667,3,0.667
394106,4,4,0,4,0,4,0,4,0,3,0.333,3,0.333,3,0.333,3,0.333,3,0.333,3,0.333
394114,3.7,3.7,0,3.7,0,3.7,0,3.7,0,3,0.233,3,0.233,3,0.233,3,0.233,3,0.233,3,0.233
395253,78,78,0,78,0,78,0,78,0,78,0,78,0,78,0,78,0,64.9,0.202,59,0.322
395254,83,83,0,83,0,83,0,83,0,83,0,83,0,83,0,83,0,69,0.203,65,0.277
395260,61,61,0,61,0,61,0,61,0,61,0,61,0,61,0,61,0,53,0.151,51,0.196
395261,61,61,0,61,0,61,0,61,0,61,0,61,0,61,0,61,0,53,0.151,51,0.196
395382,8.2,8.2,0,8.2,0,8.2,0,8.2,0,8.2,0,7.5,0.0933,10.4,-0.212,10.4,-0.212,8.8,-0.0682,7.4,0.108
395528,15.9,15.9,0,19.5,-0.185,19.5,-0.185,19.5,-0.185,19.5,-0.185,19.5,-0.185,19.5,-0.185,19.5,-0.185,16,-0.00625,,
395623,,,,,,,,,,,,,,,,,,,,,
396206,395,395,0,395,0,395,0,395,0,395,0,395,0,395,0,,,319,0.238,259,0.525
396672,7.9,7.9,0,7.9,0,7.9,0,7.9,0,7.9,0,7.9,0,7,0.129,7,0.129,7,0.129,7,0.129
396680,7.9,7.9,0,7.9,0,7.9,0,7.9,0,7.9,0,7.9,0,7,0.129,7,0.129,7,0.129,7,0.129
397181,46,46,0,46,0,46,0,46,0,46,0,45.9,0.00218,45.9,0.00218,45.9,0.00218,33.1,0.39,33.1,0.39
397353,63,63,0,63,0,63,0,63,0,63,0,63,0,47.2,0.335,65,-0.0308,44,0.432,33,0.909
397354,63,63,0,63,0,63,0,63,0,63,0,63,0,63,0,65,-0.0308,44,0.432,,
397355,63,63,0,63,0,63,0,63,0,63,0,63,0,63,0,65,-0.0308,44,0.432,,
397695,75,75,0,75,0,75,0,75,0,75,0,,,75,0,75,0,65,0.154,,
397717,75,75,0,75,0,75,0,75,0,75,0,75,0,75,0,,,65,0.154,62,0.21
397733,34.1,34.1,0,34.1,0,34.1,0,34.1,0,34.1,0,34.1,0,34.1,0,34.1,0.000587,29.5,0.156,28,0.218
397920,75,75,0,75,0,75,0,75,0,75,0,75,0,75,0,75,0,63,0.19,55,0.364
398055,21,21,0,21,0,21,0,21,0,21,0,21,0,21,0,21,0,17.5,0.2,14.4,0.458
398070,40.5,40.5,0,40.5,0,40.5,0,26.9,0.506,26.9,0.506,26.9,0.506,26.9,0.506,26.9,0.506,26.9,0.506,24.5,0.653
398077,40.5,40.5,0,,,,,,,,,26.9,0.506,26.9,0.506,,,26.9,0.506,24.5,0.653
398381,47,47,0,47,0,47,0,47,0,47,0,46.9,0.00213,46.9,0.00213,50.9,-0.0766,36.1,0.302,27.4,0.715
398403,15.9,15.9,0,15.9,0,15.9,0,15.9,0,15.9,0,15.9,0,15.9,0,17.9,-0.112,17.5,-0.0914,13.4,0.187
398420,15.9,15.9,0,15.9,0,15.9,0,15.9,0,15.9,0,15.9,0,15.9,0,17.9,-0.112,17.5,-0.0914,13.4,0.187
398438,9.9,9.9,0,9.9,0,9.9,0,9.9,0,9.9,0,9.9,0,9.9,0,10.9,-0.0917,10.9,-0.0917,7.6,0.303
398717,77.5,77.5,0,77.5,0,77.5,0,77.5,0,77.5,0,69.9,0.109,77.5,0,,,,,68.5,0.131
399060,14.5,14.5,0,14.5,0,14.5,0,14.5,0,14.5,0,14.5,0,14.5,0,13.5,0.0741,12,0.208,,
399261,,,,,,,,,,,,,,,,,,,,,
399262,,,,,,,,,,,,,,,,,,,,,
399263,,,,,,,,,,,,,,,,,,,,,
399426,95.5,95.5,0,95.5,0,95.5,0,95.5,0,95.5,0,95.5,0,95.5,0,95.5,0,73,0.308,73,0.308
399434,95.5,95.5,0,95.5,0,95.5,0,95.5,0,95.5,0,95.5,0,95.5,0,95.5,0,73,0.308,73,0.308
399469,95.5,95.5,0,95.5,0,95.5,0,95.5,0,95.5,0,95.5,0,95.5,0,95.5,0,73.5,0.299,73.5,0.299
399840,12,12,0,12,0,12,0,12,0,12,0,12,0,12,0,,,9.5,0.263,9.5,0.263
400391,45,45,0,45,0,45,0,45,0,45,0,31,0.452,31,0.452,31,0.452,31,0.452,31,0.452
400463,17,17,0,17,0,17,0,17,0,,,,,,,,,,,,
400475,185,185,0,185,0,185,0,185,0,185,0,185,0,185,0,167,0.112,153,0.214,144,0.29
400645,25,25,0,25,0,25,0,25,0,25,0,25,0,25,0,25,0,17,0.471,15,0.667
401013,13,13,0,13,0,13,0,13,0,13,0,,,,,,,,,,
401021,13,13,0,13,0,10.9,0.193,10.9,0.193,13,0,,,,,,,,,,
401056,10.5,10.5,0,13,-0.192,10.9,-0.0367,10.9,-0.0367,13,-0.192,,,,,,,,,,
401077,,,,,,,,,,,,,,,,,,,,,
401091,43,43,0,43,0,43,0,43,0,43,0,43,0,43,0,57.5,-0.252,,,,
401092,43,43,0,43,0,43,0,43,0,43,0,43,0,43,0,57.5,-0.252,,,,
401093,43,43,0,43,0,43,0,43,0,43,0,43,0,43,0,57.5,-0.252,,,,
401129,,,,,,,,,,,,,,,,,,,,,
401170,7.8,7.8,0,7.8,0,7.8,0,7.8,0,7.8,0,7,0.114,9.5,-0.179,9.5,-0.179,8.8,-0.114,7.4,0.0541
401171,469,469,0,469,0,469,0,469,0,469,0,469,0,469,0,435,0.0782,435,0.0782,379,0.237
401173,469,469,0,469,0,469,0,469,0,469,0,469,0,469,0,,,435,0.0782,379,0.237
401196,14.4,14.4,0,14.4,0,14.4,0,14.4,0,14.4,0,14.4,0,14.4,0,14.4,0,,,8.4,0.714
401218,,,,,,,,,,,,,,,,,,,,,
401222,69,69,0,69,0,69,0,69,0,69,0,69,0,69,0,69,0,45.5,0.516,34.5,1
401240,16.5,16.5,0,16.5,0,16.5,0,,,16.5,0,13.9,0.187,13.9,0.187,13.5,0.222,15.5,0.0645,15.5,0.0645
401245,16.5,16.5,0,16.5,0,16.5,0,16.5,0,16.5,0,13.9,0.187,13.9,0.187,13.5,0.222,15.5,0.0645,15.5,0.0645
401255,51.9,51.9,0,51.9,0,51.9,0,51.9,0,51.9,0,50,0.038,50,0.038,45,0.153,45,0.153,45,0.153
401285,21.9,21.9,0,21.9,0,21.9,0,21.9,0,21.9,0,21.9,0,21.9,0,20.5,0.0683,16.8,0.304,14.9,0.47
401293,21.9,21.9,0,21.9,0,21.9,0,21.9,0,21.9,0,21.9,0,21.9,0,20.5,0.0683,18.5,0.184,,
401499,,,,,,,,,,,,,,,,,,,,,
401518,21,21,0,21,0,21,0,21,0,21,0,21,0,21,0,28,-0.25,18.5,0.135,18.5,0.135
401519,,,,,,,,,,,,,,,,,,,,,
401520,24,24,0,24,0,24,0,24,0,24,0,24,0,24,0,28,-0.143,18.5,0.297,18.5,0.297
401597,46.5,46.5,0,46.5,0,46.5,0,46.5,0,46.5,0,46.5,0,46.5,0,46.5,0,35.5,0.31,34,0.368
401720,,,,,,,,,,,,,,,,,,,,,
401789,4.5,4.5,0,4.5,0,4.5,0,4.5,0,4.5,0,4.5,0,4.5,0,4.5,0,4.5,0,,
402038,121,121,0,121,0,121,0,121,0,121,0,121,0,121,0,121,0,104,0.168,73.4,0.654
402894,115,115,0,115,0,115,0,115,0,115,0,,,115,0,,,,,85.3,0.345
403211,37.5,37.5,0,37.5,0,37.5,0,37.5,0,37.5,0,37.5,0,,,36,0.0417,32.5,0.154,,
403232,82.5,82.5,0,82.5,0,82.5,0,82.5,0,82.5,0,82.5,0,82.5,0,75,0.1,68.5,0.204,68.5,0.204
403431,8.2,8.2,0,8.2,0,8.2,0,8.2,0,8.2,0,7.5,0.0933,10.4,-0.212,10.4,-0.212,8.8,-0.0682,7.4,0.108
403511,223,223,0,223,0,223,0,223,0,223,0,223,0,217,0.0276,217,0.0276,185,0.205,185,0.205
403725,4.5,4.5,0,4.5,0,4.5,0,4.5,0,4.5,0,4.5,0,4.5,0,5,-0.1,5,-0.1,3.5,0.286
403954,,,,,,,,,,,,,,,,,,,,,
404001,,,,,,,,,,,,,,,,,,,,,
404011,112,112,0,112,0,112,0,112,0,112,0,112,0,112,0,112,0,110,0.0182,110,0.0182
404013,102,102,0,102,0,102,0,102,0,102,0,102,0,102,0,102,0,102,0,102,0
404020,9.9,9.9,0,,,9.9,0,9.9,0,9.9,0,9.9,0,9.9,0,9.9,0,8,0.238,8.9,0.112
404023,43,43,0,43,0,43,0,43,0,43,0,43,0,43,0,35,0.229,27.5,0.564,21.5,1
404025,53,53,0,53,0,53,0,53,0,53,0,53,0,53,0,47.5,0.116,41,0.293,30.5,0.738
404026,,,,,,,,,,,,,,,,,,,,,
404029,58,58,0,58,0,58,0,58,0,58,0,58,0,58,0,46.3,0.253,43,0.349,26,1.23
404031,,,,,,,,,,,,,,,,,,,,,
404300,125,125,0,125,0,125,0,125,0,125,0,125,0,125,0,125,0,109,0.147,109,0.147
404555,120,120,0,120,0,120,0,120,0,120,0,,,108,0.116,108,0.116,95,0.263,82.5,0.455
404556,,,,,,,,,,,,,,,,,,,,,
404861,12.9,12.9,0,12.9,0,12.9,0,12.9,0,12.9,0,,,9.5,0.358,9.5,0.358,8.5,0.518,8.5,0.518
405081,24.9,24.9,0,24.9,0,24.9,0,27.9,-0.108,27.9,-0.108,27.9,-0.108,33,-0.245,33,-0.245,24,0.0375,21.5,0.158
405515,209,209,0,209,0,209,0,209,0,220,-0.05,220,-0.05,220,-0.05,220,-0.05,204,0.0245,149,0.403
405612,,,,,,,,,,,,,,,,,,,,,
405620,,,,,,,,,,,,,,,,,,,,,
405639,,,,,,,,,,,,,,,,,,,,,
405655,,,,,,,,,,,,,,,,,,,,,
405663,,,,,,,,,,,,,,,,,,,,,
406010,,,,,,,,,,,,,,,,,,,,,
406171,19.5,19.5,0,19.5,0,19.5,0,19.5,0,19.5,0,19.5,0,19.5,0,22,-0.114,21.5,-0.093,15.3,0.275
406309,43,43,0,43,0,43,0,43,0,43,0,43,0,43,0,57.5,-0.252,29,0.483,29,0.483
406635,,,,,,,,,,,,,,,,,,,,,
407089,32.9,32.9,0,32.9,0,32.9,0,32.9,0,32.9,0,32.9,0,41.5,-0.207,41.5,-0.207,31,0.0613,26,0.265
407177,48.5,48.5,0,48.5,0,48.5,0,48.5,0,48.5,0,48.5,0,48.5,0,48.5,0,,,30,0.617
408103,26.5,26.5,0,26.5,0,26.5,0,26.5,0,26.5,0,26.5,0,26.5,0,26.5,0,19.9,0.332,19.9,0.332
408104,22,22,0,22,0,22,0,22,0,22,0,22,0,22,0,22,0,18.7,0.176,18.7,0.176
408109,26.5,26.5,0,26.5,0,26.5,0,26.5,0,26.5,0,26.5,0,26.5,0,26.5,0,24,0.104,24,0.104
408190,,,,,,,,,,,,,,,,,,,,,
408199,,,,,,,,,,,,,,,,,,,,,
408717,188,188,0,188,0,188,0,188,0,188,0,188,0,188,0,188,0,168,0.119,,
409570,,,,,,,,,,,,,,,,,,,,,
410100,,,,,,,,,,,,,,,,,,,,,
410130,,,,,,,,,,,,,,,,,,,,,
410134,25,25,0,25,0,25,0,25,0,25,0,25,0,25,0,25,0,21,0.19,21,0.19
410138,15,15,0,15,0,15,0,15,0,15,0,15,0,,,,,,,,
410144,7.5,7.5,0,7.5,0,7.5,0,7.5,0,7.5,0,7.5,0,7.5,0,7.5,0,7.5,0,7.1,0.0563
410577,,,,,,,,,,,,,,,,,,,,,
411877,25.5,25.5,0,25.5,0,25.5,0,25.5,0,25.5,0,25.5,0,25.5,0,25.5,0,21,0.214,19,0.342
411914,53,53,0,53,0,53,0,53,0,53,0,53,0,53,0,,,,,,
412163,28,28,0,28,0,28,0,28,0,28,0,28,0,28,0,28,0,22.5,0.244,22.5,0.244
412210,28,28,0,28,0,28,0,28,0,28,0,28,0,28,0,28,0,22.5,0.244,22.5,0.244
412228,28,28,0,28,0,28,0,28,0,28,0,28,0,28,0,28,0,22.5,0.244,22.5,0.244
412236,28,28,0,28,0,28,0,28,0,28,0,28,0,28,0,28,0,22.5,0.244,22.5,0.244
412244,28,28,0,28,0,28,0,28,0,28,0,28,0,28,0,28,0,22.5,0.244,22.5,0.244
412252,28,28,0,28,0,28,0,28,0,28,0,28,0,28,0,28,0,22.5,0.244,22.5,0.244
412279,28,28,0,28,0,28,0,28,0,28,0,28,0,28,0,28,0,22.5,0.244,22.5,0.244
412481,48.8,48.8,0,48.8,0,48.8,0,48.8,0,48.8,0,48.8,0,48.8,0,48.8,0,41.5,0.176,41.5,0.176
412490,48.8,48.8,0,48.8,0,48.8,0,48.8,0,48.8,0,48.8,0,48.8,0,48.8,0,41.5,0.176,41.5,0.176
412878,28.5,28.5,0,28.5,0,28.5,0,28.5,0,28.5,0,28.5,0,28.5,0,28.5,0,22.5,0.267,20,0.425
413062,45,45,0,45,0,45,0,45,0,45,0,45,0,45,0,43,0.0465,43,0.0465,43,0.0465
413089,48,48,0,48,0,48,0,48,0,48,0,48,0,48,0,45,0.0667,45,0.0667,45,0.0667
413305,9,9,0,9,0,10.5,-0.143,10.5,-0.143,10.5,-0.143,10.5,-0.143,10.5,-0.143,10.5,-0.143,10,-0.1,8.6,0.0465
413488,2.1,2.1,0,2.1,0,2.1,0,2.1,0,2.1,0,2.1,0,2.1,0,2.1,0,2.1,0,2.1,0
414031,27.4,27.4,0,27.4,0,27.4,0,27.4,0,29.5,-0.0712,29.5,-0.0712,29.5,-0.0712,29.5,-0.0712,21.5,0.274,21.5,0.274
414032,27.4,27.4,0,27.4,0,27.4,0,27.4,0,29.5,-0.0712,29.5,-0.0712,29.5,-0.0712,29.5,-0.0712,21.5,0.274,21.5,0.274
414035,27.4,27.4,0,27.4,0,27.4,0,27.4,0,29.5,-0.0712,29.5,-0.0712,29.5,-0.0712,24,0.142,21.5,0.274,,
414036,27.4,27.4,0,27.4,0,27.4,0,27.4,0,29.5,-0.0712,29.5,-0.0712,29.5,-0.0712,29.5,-0.0712,21.5,0.274,21.5,0.274
414069,89.5,89.5,0,89.5,0,89.5,0,89.5,0,89.5,0,89.5,0,89.5,0,80.5,0.112,73,0.226,68,0.316
414182,6,6,0,6,0,6,0,6,0,6,0,6,0,6,0,6,0,6,0,5,0.2
414271,,,,,,,,,,,,,,,,,,,,,
414654,,,,,,,,,,,,,,,,,,,,,
414891,,,,,,,,,,,,,,,,,,,,,
414930,,,,,,,,,,,,,,,,,,,,,
414999,,,,,,,,,,,,,,,,,,,,,
415006,,,,,,,,,,,,,,,,,,,,,
415012,,,,,,,,,,,,,,,,,,,,,
415235,,,,,,,,,,,,,,,,,,,,,
415243,,,,,,,,,,,,,,,,,,,,,
415474,,,,,,,,,,,,,,,,,,,,,
415987,50.9,50.9,0,50.9,0,50.9,0,50.9,0,50.9,0,50.9,0,49,0.0388,45,0.131,43.8,0.162,41.3,0.232
416266,,,,,,,,,,,,,,,,,,,,,
416487,70.7,70.7,0,70.7,0,70.7,0,70.7,0,70.7,0,70.7,0,70.7,0,69.2,0.0217,68.6,0.0306,65.4,0.081
416665,65,65,0,65,0,65,0,65,0,65,0,65,0,65,0,65,0,62,0.0484,,
416740,,,,,,,,,,,,,,,,,,,,,
416835,89.9,89.9,0,89.9,0,89.9,0,89.9,0,89.9,0,89.9,0,89.9,0,88.4,0.017,87.8,0.0239,84.5,0.0639
417475,,,,,,,,,,,,,,,,,,,,,
417995,,,,,,,,,,,,,,,,,,,,,
418030,,,,,,,,,,,,,,,,,,,,,
418140,,,,,,,,,,,,,,,,,,,,,
418234,,,,,,,,,,,,,,,,,,,,,
418718,,,,,,,,,,,,,,,,,,,,,
419770,,,,,,,,,,,,,,,,,,,,,
420395,,,,,,,,,,,,,,,,,,,,,
421045,16.5,16.5,0,16.5,0,16.5,0,16.5,0,16.5,0,16.5,0,16.5,0,16.5,0,15.5,0.0645,15.5,0.0645
421123,49,49,0,49,0,49,0,49,0,49,0,49,0,49,0,,,26.9,0.822,33,0.485
421223,93.5,93.5,0,93.5,0,93.5,0,93.5,0,93.5,0,93.5,0,93.5,0,93.5,0,93.5,0,93.5,0
421422,23.5,23.5,0,23.5,0,23.5,0,23.5,0,23.5,0,23.5,0,23.5,0,20.5,0.146,,,,
421499,56,56,0,56,0,56,0,56,0,56,0,,,,,,,,,,
421557,60.5,60.5,0,60.5,0,60.5,0,60.5,0,60.5,0,60.5,0,60.5,0,65.8,-0.0805,65.8,-0.0805,49.5,0.222
421634,197,197,0,197,0,197,0,197,0,197,0,197,0,197,0,197,0,132,0.489,125,0.573
421758,197,197,0,,,,,,,197,0,197,0,197,0,197,0,132,0.489,125,0.573
422335,18,18,0,18,0,18,0,18,0,18,0,18,0,16.9,0.0651,16.9,0.0651,16.9,0.0651,15,0.2
422933,,,,,,,,,,,,,,,,,,,,,
423031,8,8,0,8,0,8,0,8,0,8,0,8,0,8,0,8,0,8,0,,
423333,6,6,0,6,0,6.5,-0.0769,6.5,-0.0769,6.5,-0.0769,6.5,-0.0769,,,,,,,,
423491,,,,,,,,,,,,,,,,,,,,,
423542,11,11,0,11,0,11,0,11,0,11,0,11,0,11,0,11,0,11,0,11,0
423564,59.9,59.9,0,59.9,0,59.9,0,,,,,,,,,,,,,,
423580,67.9,67.9,0,67.9,0,67.9,0,,,,,,,,,,,,,,
423750,,,,,,,,,,,,,,,,,,,,,
423769,71,71,0,71,0,71,0,71,0,71,0,71,0,71,0,45,0.578,45,0.578,45,0.578
423882,7,7,0,,,7,0,7,0,7,0,7,0,7,0,7,0,6.8,0.0294,6,0.167
423883,37.5,37.5,0,37.5,0,37.5,0,37.5,0,,,,,,,,,30,0.25,20.5,0.829
423884,42.4,42.4,0,42.4,0,42.4,0,42.4,0,42.4,0,42.4,0,42.4,0,43.1,-0.0162,35.5,0.194,25,0.696
423890,4.5,4.5,0,4.5,0,4.5,0,4.5,0,4.5,0,4.5,0,,,4.5,0,4.5,0,4.5,0
424006,135,135,0,135,0,135,0,,,,,,,,,135,0,135,0,135,0
424113,67,67,0,67,0,67,0,67,0,67,0,67,0,,,,,45.5,0.473,43.5,0.54
424142,,,,,,,,,,,,,,,,,,,,,
424235,,,,,,,,,,,,,,,,,,,,,
424242,,,,,,,,,,,,,,,,,,,,,
425346,,,,,,,,,,,,,,,,,,,,,
426113,8.5,8.5,0,8.5,0,8.5,0,8.5,0,8.5,0,7.5,0.133,10.4,-0.183,10.4,-0.183,8.8,-0.0341,7.4,0.149
426121,53.5,53.5,0,53.5,0,53.5,0,53.5,0,53.5,0,47.9,0.117,59.5,-0.101,59.5,-0.101,49.5,0.0808,45.5,0.176
426172,193,193,0,193,0,193,0,193,0,193,0,193,0,173,0.116,173,0.116,139,0.388,139,0.388
426547,,,,,,,,,,,,,,,,,,,,,
426571,41,41,0,41,0,41,0,41,0,41,0,41,0,41,0,41,0,29.5,0.39,29.5,0.39
426768,69,69,0,69,0,69,0,69,0,69,0,69,0,69,0,69,0,66.7,0.0345,55.5,0.243
426784,60,60,0,60,0,60,0,60,0,60,0,60,0,60,0,60,0,53.5,0.121,53.5,0.121
427349,15.9,15.9,0,17,-0.0647,17,-0.0647,17,-0.0647,17,-0.0647,17,-0.0647,14.9,0.0671,,,,,,
427365,14.9,14.9,0,18,-0.172,18,-0.172,18,-0.172,18,-0.172,18,-0.172,18,-0.172,18,-0.172,18,-0.172,18,-0.172
427373,18,18,0,18,0,18,0,18,0,18,0,18,0,18,0,18,0,18,0,18,0
427390,10.5,10.5,0,10.5,0,10.5,0,10.5,0,10.5,0,10.5,0,10.5,0,10,0.05,10,0.05,10,0.05
427411,54.5,54.5,0,54.5,0,54.5,0,54.5,0,54.5,0,54.5,0,54.5,0,,,,,,
427430,,,,,,,,,,,,,,,,,,,,,
427560,5.2,5.2,0,5.2,0,5.2,0,5.2,0,5.2,0,5.2,0,5.2,0,5.2,0,5,0.04,5,0.04
427578,,,,,,,,,,,,,,,,,,,,,
427764,,,,,,,,,,,,,,,,,,,,,
427900,26.5,26.5,0,26.5,0,26.5,0,26.5,0,26.5,0,27.9,-0.0502,32.5,-0.185,37,-0.284,36.5,-0.274,26,0.0192
427942,,,,,,,,,,,,,,,,,,,,,
427985,655,655,0,655,0,655,0,655,0,655,0,655,0,655,0,655,0,,,,
428060,52,52,0,52,0,52,0,52,0,52,0,52,0,52,0,48,0.0833,42,0.238,39.9,0.303
428175,,,,,,,,,,,,,,,,,,,,,
428183,36,36,0,36,0,36,0,36,0,,,36,0,36,0,,,,,29.5,0.22
428221,,,,,,,,,,,,,,,,,,,,,
428718,17.5,17.5,0,17.5,0,17.5,0,17.5,0,17.5,0,17.5,0,17.5,0,15,0.167,12.2,0.434,,
429420,7.8,7.8,0,7.8,0,7.8,0,7.8,0,7.8,0,7.8,0,7.8,0,7.8,0,7.5,0.04,7.5,0.04
429619,5.8,5.8,0,5.8,0,5.8,0,5.8,0,5.8,0,5.8,0,5.8,0,5.8,0,5.3,0.0943,5.3,0.0943
429635,,,,,,,,,,,,,,,,,,,,,
430065,77.5,77.5,0,77.5,0,77.5,0,77.5,0,77.5,0,69.9,0.109,69.9,0.109,70,0.107,70,0.107,68.5,0.131
430200,23,23,0,23,0,23,0,23,0,23,0,21,0.0952,,,28.5,-0.193,26.5,-0.132,24.5,-0.0612
430210,,,,,,,,,,,,,,,,,,,,,
430285,21.9,21.9,0,21.9,0,21.9,0,21.9,0,21.9,0,21.9,0,21.9,0,21.9,0,20,0.095,,
430631,96.9,96.9,0,,,96.9,0,96.9,0,,,,,96.9,0,103,-0.0592,84,0.154,84,0.154
430634,,,,,,,,,,,,,,,,,,,,,
431001,36,36,0,36,0,36,0,36,0,36,0,36,0,36,0,36,0,31,0.161,26.5,0.358
431028,14.4,14.4,0,14.4,0,14,0.0286,14,0.0286,14,0.0286,14,0.0286,14,0.0286,14,0.0286,12.5,0.152,11.9,0.21
431036,10.5,10.5,0,10.5,0,10.2,0.0294,10.2,0.0294,10.2,0.0294,10.2,0.0294,10.2,0.0294,10.2,0.0294,8.8,0.193,8.8,0.193
431126,23.8,23.8,0,23.8,0,23.8,0,23.8,0,23.8,0,23.8,0,23.8,0,23.8,0,21.6,0.102,21.6,0.102
431354,,,,,,,,,,,,,,,,,,,,,
431362,13,13,0,13,0,13,0,13,0,13,0,13,0,13,0,13,0,13,0,13,0
431540,32.5,32.5,0,32.5,0,32.5,0,32.5,0,,,32.5,0,,,32.5,0,27,0.204,25,0.3
431605,58,58,0,58,0,46.5,0.247,39.5,0.468,58,0,58,0,58,0,65.9,-0.12,63.8,-0.0909,46.5,0.247
431842,23.2,23.2,0,23.2,0,23.2,0,35,-0.337,35,-0.337,22.1,0.0498,26.5,-0.125,35,-0.337,,,,
432035,89.3,89.3,0,89.3,0,89.3,0,89.3,0,89.3,0,117,-0.239,117,-0.239,117,-0.237,97.5,-0.0841,,
432063,,,,,,,,,,,,,,,,,,,,,
432064,,,,,,,,,,,,,,,,,,,,,
432065,24,24,0,24,0,24,0,24,0,24,0,24,0,24,0,24,0,22,0.0909,16.9,0.42
432066,,,,,,,,,,,,,,,,,,,,,
432073,,,,,,,,,,,,,,,,,,,,,
432076,24,24,0,24,0,24,0,24,0,24,0,24,0,24,0,24,0,17.8,0.348,17.8,0.348
432125,,,,,,,,,,,,,,,,,,,,,
432413,12.5,12.5,0,12.5,0,12.5,0,12.5,0,12.5,0,12.5,0,12.5,0,12.5,0,11,0.136,8.6,0.453
432484,,,,,,,,,,,,,,,,,,,,,
432595,,,,,,,,,,,,,,,,,,,,,
432600,20.9,20.9,0,20.9,0,20.9,0,20.9,0,20.9,0,20.9,0,23,-0.0913,23,-0.0913,22,-0.05,18.5,0.13
432881,28.1,28.1,0,28.1,0,28.1,0,28.1,0,28.1,0,28.1,0,28.1,0,28.1,0,24.5,0.147,20.5,0.371
432903,28.1,28.1,0,28.1,0,28.1,0,28.1,0,28.1,0,28.1,0,28.1,0,28.1,0,24.5,0.147,20.5,0.371
432911,28.1,28.1,0,28.1,0,28.1,0,28.1,0,28.1,0,28.1,0,28.1,0,28.1,0,24.5,0.147,20.5,0.371
433144,,,,,,,,,,,,,,,,,,,,,
433225,,,,,,,,,,,,,,,,,,,,,
433306,38.9,38.9,0,38.9,0,38.9,0,38.9,0,38.9,0,38.9,0,38.9,0,,,,,,
433357,53.9,53.9,0,53.9,0,53.9,0,53.9,0,53.9,0,53.9,0,53.9,0,53.9,0,,,,
433365,32.5,32.5,0,32.5,0,32.5,0,32.5,0,32.5,0,,,,,,,,,,
433373,39.9,39.9,0,39.9,0,39.9,0,39.9,0,39.9,0,39.9,0,39.9,0,39.9,0,,,28.8,0.385
433381,37.9,37.9,0,37.9,0,37.9,0,37.9,0,37.9,0,,,,,,,,,,
433390,39.9,39.9,0,39.9,0,39.9,0,39.9,0,39.9,0,39.9,0,39.9,0,39.9,0,,,22.9,0.742
433438,,,,,,,,,,,,,,,,,,,,,
433446,,,,,,,,,,,,,,,,,,,,,
433470,,,,,,,,,,,,,,,,,,,,,
433580,53,53,0,53,0,53,0,53,0,53,0,53,0,53,0,53,0,51.5,0.0291,33.9,0.563
433720,93.5,93.5,0,93.5,0,93.5,0,93.5,0,93.5,0,93.5,0,93.5,0,93.5,0,89.9,0.04,55.5,0.685
433725,169,169,0,169,0,169,0,169,0,169,0,169,0,169,0,169,0,165,0.0242,96,0.76
433772,52.5,52.5,0,52.5,0,52.5,0,52.5,0,65,-0.192,65,-0.192,65,-0.192,65,-0.192,48.5,0.0825,,
434078,6.9,6.9,0,6.9,0,6.9,0,6.9,0,6.9,0,6.9,0,6.9,0,7,-0.0143,7,-0.0143,6,0.15
434094,6.9,6.9,0,6.9,0,6.9,0,6.9,0,6.9,0,6.9,0,6.9,0,7,-0.0143,7,-0.0143,6,0.15
434112,,,,,,,,,,,,,,,,,,,,,
434115,,,,,,,,,,,,,,,,,,,,,
434122,,,,,,,,,,,,,,,,,,,,,
434233,12,12,0,12,0,12,0,12,0,12,0,12,0,12,0,9,0.333,9,0.333,9,0.333
434426,,,,,,,,,,,,,,,,,,,,,
434442,,,,,,,,,,,,,,,,,,,,,
434469,,,,,,,,,,,,,,,,,,,,,
434477,,,,,,,,,,,,,,,,,,,,,
434493,39.9,39.9,0,39.9,0,39.9,0,39.9,0,39.9,0,39.9,0,39.9,0,39.9,0,,,,
434507,,,,,,,,,,,,,,,,,,,,,
434531,,,,,,,,,,,,,,,,,,,,,
434574,,,,,,,,,,,,,,,,,,,,,
434582,,,,,,,,,,,,,,,,,,,,,
434590,69.9,69.9,0,69.9,0,69.9,0,69.9,0,69.9,0,,,,,,,,,48,0.456
434981,42.5,42.5,0,42.5,0,42.5,0,42.5,0,42.5,0,42.5,0,,,,,45.5,-0.0659,36.8,0.155
435001,76.4,76.4,0,76.4,0,76.4,0,76.4,0,76.4,0,76.4,0,76.4,0,82,-0.0683,82,-0.0683,65,0.175
435538,,,,,,,,,,,,,,,,,,,,,
435546,49.8,49.8,0,49.8,0,49.8,0,49.8,0,,,,,,,63.8,-0.219,,,39.8,0.251
435681,6.5,6.5,0,6.5,0,6.5,0,6.5,0,6.5,0,6.5,0,6.5,0,6.5,0,,,,
436186,,,,,,,,,,,,,,,,,,,,,
436224,205,205,0,205,0,205,0,205,0,199,0.0296,199,0.0296,,,,,,,105,0.951
436330,120,120,0,120,0,120,0,120,0,120,0,120,0,120,0,120,0,120,0,110,0.0899
436356,210,210,0,210,0,210,0,210,0,210,0,210,0,210,0,210,0,175,0.2,150,0.401
436615,,,,,,,,,,,,,,,,,,,,,
436852,19.9,19.9,0,19.9,0,19.9,0,19.9,0,19.9,0,19.9,0,19.9,0,22,-0.0955,21.5,-0.0744,15.3,0.301
436860,19.9,19.9,0,,,,,,,,,,,,,,,21.5,-0.0744,15.3,0.301
437280,48,48,0,48,0,48,0,48,0,48,0,48,0,48,0,39.5,0.215,43.5,0.103,31.5,0.524
437419,8.5,8.5,0,10.2,-0.167,8.5,0,8.5,0,10.2,-0.167,8.9,-0.0449,10.2,-0.167,10.2,-0.167,9.4,-0.0957,7,0.214
437492,,,,,,,,,,,,,,,,,,,,,
437506,,,,,,,,,,,,,,,,,,,,,
437700,18.6,18.6,0,18.6,0,18.6,0,18.6,0,,,,,,,30.3,-0.386,26,-0.285,20.8,-0.106
437859,10,10,0,10,0,10,0,10,0,10,0,10,0,10,0,10,0,8.5,0.176,8.5,0.176
437878,589,589,0,589,0,589,0,589,0,589,0,699,-0.157,575,0.0243,575,0.0243,525,0.122,,
437913,10,10,0,10,0,10,0,10,0,10,0,10,0,10,0,10,0,8.5,0.176,8.5,0.176
437999,,,,,,,,,,,,,,,,,,,,,
438120,14.8,14.8,0,14.8,0,14.8,0,14.8,0,14.8,0,14.8,0,14.8,0,14.8,0,13,0.138,12,0.233
438586,41.1,41.1,0,41.1,0,41.1,0,51.3,-0.199,51.3,-0.199,51.3,-0.199,51.3,-0.199,58.5,-0.297,56.5,-0.273,41,0.00244
438716,38.3,38.3,0,38.3,0,38.3,0,38.3,0,38.3,0,45.9,-0.166,45.9,-0.166,45.9,-0.166,42.5,-0.0988,37.5,0.0213
438790,53.5,53.5,0,53.5,0,53.5,0,53.5,0,53.5,0,47.9,0.117,59.5,-0.101,59.5,-0.101,49.5,0.0808,45.5,0.176
439020,20.4,20.4,0,20.4,0,20.4,0,20.4,0,20.4,0,20.4,0,20.4,0,20.4,0,20.4,0,19,0.0737
439105,50.3,50.3,0,50.3,0,50.3,0,50.3,0,50.3,0,50.3,0,50.3,0,50.3,0,50.3,0,39,0.29
439106,35,35,0,35,0,35,0,35,0,35,0,35,0,35,0,37.6,-0.0691,37.6,-0.0691,30,0.167
439107,65.8,65.8,0,65.8,0,65.8,0,65.8,0,65.8,0,65.8,0,65.8,0,70,-0.06,70,-0.06,,
439363,17.9,17.9,0,17.9,0,17.9,0,17.9,0,17.9,0,17.9,0,17.9,0,17.9,0,,,,
439533,25.5,25.5,0,25.5,0,25.5,0,25.5,0,25.5,0,25.5,0,25.5,0,25.5,0,25.5,0,21.5,0.186
439835,21.5,21.5,0,21.5,0,21.5,0,21.5,0,21.5,0,21,0.0238,21,0.0238,21,0.0238,15,0.433,13,0.654
439851,43.1,43.1,0,43.1,0,43.1,0,43.1,0,43.1,0,43.1,0,43.1,0,43.1,0,,,35.6,0.211
440051,,,,,,,,,,,,,,,,,,,,,
441350,75,75,0,75,0,75,0,75,0,75,0,,,75,0,75,0,65,0.154,,
441531,67.7,63.2,0.0712,63.2,0.0712,63.2,0.0712,63.2,0.0712,63.2,0.0712,,,63.2,0.0712,56.2,0.205,53.8,0.258,51.7,0.309
442083,,,,,,,,,,,,,,,,,,,,,
442084,,,,,,,,,,,,,,,,,,,,,
442356,15.6,15.6,0,15.6,0,15.6,0,15.6,0,15.6,0,15.6,0,15.6,0,15.6,0,13.5,0.156,13.5,0.156
442665,,,,,,,,,,,,,,,,,,,,,
442801,15.5,15.5,0,15.5,0,15.5,0,15.5,0,15.5,0,15.5,0,15.5,0,14.5,0.069,13.5,0.148,,
442828,6,6,0,6,0,6,0,6,0,6,0,,,,,,,,,,
442933,29,29,0,29,0,29,0,29,0,29,0,29,0,29,0,29,0,29,0,,
442968,,,,,,,,,,,,,,,,,,,,,
443174,59,59,0,59,0,59,0,59,0,59,0,,,,,59,0,59,0,46,0.283
443190,59,59,0,59,0,59,0,59,0,59,0,59,0,59,0,59,0,59,0,46,0.283
443816,42.9,42.9,0,42.9,0,42.9,0,42.9,0,42.9,0,,,,,,,,,,
443948,34.8,34.8,0,34.8,0,34.8,0,33.8,0.0296,33.8,0.0296,33.8,0.0296,33.8,0.0296,33.8,0.0296,29.5,0.18,28,0.243
445127,24.5,24.5,0,24.5,0,24.5,0,24.5,0,24.5,0,24.5,0,24.5,0,,,,,,
445614,15.6,15.6,0,15.6,0,15.6,0,15.6,0,15.6,0,15.6,0,15.6,0,15.6,0,13.5,0.156,13.5,0.156
445680,,,,,,,,,,,,,,,,,,,,,
445703,52,52,0,52,0,52,0,52,0,52,0,52,0,52,0,52,0,44,0.182,43.5,0.195
445711,52,52,0,52,0,52,0,52,0,,,52,0,52,0,52,0,44,0.182,,
445797,10.5,10.5,0,10.5,0,10.5,0,9.8,0.0714,,,9.8,0.0714,9.8,0.0714,,,9,0.167,9,0.167
445940,38.3,38.3,0,38.3,0,38.3,0,38.3,0,38.3,0,45.9,-0.166,45.9,-0.166,45.9,-0.166,42.5,-0.0988,37.5,0.0213
445959,70.1,70.1,0,70.1,0,70.1,0,70.1,0,,,87,-0.194,87,-0.194,87,-0.194,81.3,-0.138,75,-0.0653
446114,42.4,42.4,0,42.4,0,42.4,0,42.4,0,42.4,0,42.4,0,42.4,0,,,,,,
446165,35.7,35.7,0,35.7,0,35.7,0,35.7,0,35.7,0,35.7,0,35.7,0,,,,,20.5,0.741
446203,23.5,23.5,0,23.5,0,23.5,0,23.5,0,23.5,0,23.5,0,23.5,0,23.5,0,19.5,0.205,17,0.382
446408,7.7,7.7,0,7.7,0,7.7,0,7.7,0,7.7,0,7.7,0,,,7.7,0,4.9,0.571,5.7,0.351
446416,7.9,7.9,0,7.9,0,7.9,0,7.9,0,7.9,0,7.9,0,7.9,0,,,,,,
446572,53.3,53.3,0,53.3,0,53.3,0,53.3,0,53.3,0,53.3,0,42,0.269,52,0.025,44,0.211,,
446653,7.3,7.3,0,7.3,0,7.3,0,7.3,0,7.3,0,7.3,0,7.3,0,7.3,0,7.3,0,7.3,0
447668,5,5,0,5,0,5,0,5,0,5,0,5,0,5,0,5,0,5,0,4,0.25
447860,,,,,,,,,,,,,,,,,,,,,
447861,,,,,,,,,,,,,,,,,,,,,
447863,,,,,,,,,,,,,,,,,,,,,
447974,35,35,0,35,0,35,0,35,0,,,35,0,,,35,0,35,0,28,0.25
447975,69,69,0,69,0,69,0,69,0,69,0,69,0,69,0,69,0,69,0,,
448619,,,,,,,,,,,,,,,,,,,,,
448625,,,,,,,,,,,,,,,,,,,,,
448626,,,,,,,,,,,,,,,,,,,,,
448627,,,,,,,,,,,,,,,,,,,,,
448629,,,,,,,,,,,,,,,,,,,,,
449288,12.6,12.6,0,12.6,0,12.6,0,12.6,0,12.6,0,12.6,0,12.6,0,12.6,0,12.6,0,10.3,0.223
449512,28,28,0,28,0,28,0,28,0,28,0,28,0,28,0,25,0.12,25,0.12,25,0.12
449520,28,28,0,28,0,28,0,28,0,28,0,28,0,28,0,22,0.273,22,0.273,22,0.273
449539,75.5,75.5,0,75.5,0,75.5,0,75.5,0,75.5,0,72.5,0.0414,72.5,0.0414,68.5,0.102,68.5,0.102,65.5,0.153
449547,75.5,75.5,0,75.5,0,75.5,0,75.5,0,75.5,0,72.5,0.0414,72.5,0.0414,68.5,0.102,68.5,0.102,65.5,0.153
449555,67.5,67.5,0,67.5,0,67.5,0,67.5,0,67.5,0,62.5,0.08,58,0.164,56.5,0.195,56.5,0.195,47.5,0.421
450007,,,,,,,,,,,,,,,,,,,,,
450191,45,45,0,45,0,45,0,45,0,45,0,45,0,45,0,45,0,37,0.216,34.5,0.304
450192,46.7,46.7,0,46.7,0,46.7,0,46.7,0,,,,,,,,,,,,
450405,26.9,26.9,0,26.9,0,26.9,0,26.9,0,26.9,0,27.5,-0.0218,26.5,0.0151,,,22,0.223,20,0.345
450559,,,,,,,,,,,,,,,,,,,,,
450629,179,179,0,179,0,179,0,179,0,,,,,,,,,,,,
450908,,,,,,,,,,,,,,,,,,,,,
450962,27.9,27.9,0,27.9,0,27.9,0,27.9,0,27.9,0,27.9,0,27.9,0,27.9,0,26,0.0731,26,0.0731
450964,28.5,28.5,0,28.5,0,28.5,0,28.5,0,28.5,0,28.5,0,28.5,0,28.5,0,27,0.0556,27,0.0556
451015,110,110,0,110,0,110,0,110,0,110,0,110,0,110,0,110,0,104,0.0577,66,0.667
451133,,,,,,,,,,,,,,,,,,,,,
451510,67.5,67.5,0,67.5,0,67.5,0,67.5,0,67.5,0,,,67.5,0,67.5,0,,,51,0.324
451511,48.5,48.5,0,48.5,0,48.5,0,48.5,0,48.5,0,,,48.5,0,48.5,0,39.9,0.216,37,0.311
451609,,,,,,,,,,,,,,,,,,,,,
451886,91.3,91.3,0,91.3,0,91.3,0,114,-0.199,114,-0.199,114,-0.199,114,-0.199,93,-0.0183,126,-0.273,87.5,0.0434
451894,51,60,-0.15,60,-0.15,51,0,51,0,74,-0.311,74,-0.311,74,-0.311,61,-0.164,82.5,-0.382,59,-0.136
451967,4.5,4.5,0,4.5,0,4.5,0,4.5,0,4.5,0,4.5,0,4.5,0,4.5,0,4.5,0,4.5,0
451996,,,,,,,,,,,,,,,,,,,,,
452049,,,,,,,,,,,,,,,,,,,,,
452144,39.2,39.2,0,39.2,0,39.2,0,39.2,0,39.2,0,39.2,0,39.2,0,39.2,0,32.7,0.199,,
452147,,,,,,,,,,,,,,,,,,,,,
452287,,,,,,,,,,,,,,,,,,,,,
452390,,,,,,,,,,,,,,,,,,,,,
452419,,,,,,,,,,,,,,,,,,,,,
452420,,,,,,,,,,,,,,,,,,,,,
452421,,,,,,,,,,,,,,,,,,,,,
452422,,,,,,,,,,,,,,,,,,,,,
452423,,,,,,,,,,,,,,,,,,,,,
452425,,,,,,,,,,,,,,,,,,,,,
452612,64.9,64.9,0,64.9,0,64.9,0,64.9,0,64.9,0,64.9,0,64.9,0,55,0.18,46.4,0.399,59.9,0.0835
452613,64.9,64.9,0,64.9,0,64.9,0,64.9,0,64.9,0,64.9,0,64.9,0,64.9,0,61.9,0.0485,59.9,0.0835
452614,64.9,64.9,0,64.9,0,64.9,0,64.9,0,64.9,0,64.9,0,51.9,0.25,55,0.18,61.9,0.0485,59.9,0.0835
452615,64.9,64.9,0,64.9,0,64.9,0,64.9,0,64.9,0,64.9,0,51.9,0.25,55,0.18,61.9,0.0485,59.9,0.0835
452669,45.4,45.4,0,45.4,0,45.4,0,45.4,0,45.4,0,45.4,0,45.4,0,45.4,0,37.8,0.201,,
452726,,,,,,,,,,,,,,,,,,,,,
452830,,,,,,,,,,,,,,,,,,,,,
452832,,,,,,,,,,,,,,,,,,,,,
452833,,,,,,,,,,,,,,,,,,,,,
452842,,,,,,,,,,,,,,,,,,,,,
453001,,,,,,,,,,,,,,,,,,,,,
453060,,,,,,,,,,,,,,,,,,,,,
453395,,,,,,,,,,,,,,,,,,,,,
453433,15,15,0,15,0,15,0,15,0,15,0,15,0,15,0,15,0,15,0,15,0
453434,14.9,14.9,0,14.9,0,14.9,0,14.9,0,14.9,0,14.9,0,14.9,0,14.9,0,14.9,0,14.9,0
453435,,,,,,,,,,,,,,,,,,,,,
453436,15,15,0,15,0,15,0,15,0,15,0,15,0,15,0,15,0,15,0,15,0
453639,,,,,,,,,,,,,,,,,,,,,
453714,13.1,13.1,0,13.1,0,13.1,0,13.1,0,13.1,0,,,,,,,,,,
453890,95,95,0,95,0,95,0,95,0,95,0,110,-0.136,110,-0.136,110,-0.136,100,-0.05,83,0.145
453929,16.2,16.2,0,,,,,16.2,0,16.2,0,16.2,0,16.2,0,16.2,0,14,0.157,,
453942,16.2,16.2,0,,,,,16.2,0,16.2,0,16.2,0,16.2,0,16.2,0,14,0.157,,
454117,7,7,0,7,0,7,0,7,0,7,0,8,-0.125,8,-0.125,8.5,-0.176,7.3,-0.0411,6.5,0.0769
454118,7,7,0,7,0,7,0,7,0,7,0,8,-0.125,8,-0.125,8.5,-0.176,7.3,-0.0411,6.8,0.0294
454215,63.8,63.8,0,,,,,63.8,0,63.8,0,99.5,-0.359,99.5,-0.359,99.5,-0.359,90,-0.291,,
454216,,,,,,,,,,,,,,,,,,,,,
454317,,,,,,,,,,,,,,,,,,,,,
454427,,,,,,,,,,,,,,,,,,,,,
454460,,,,,,,,,,,,,,,,,,,,,
454532,39.9,39.9,0,39.9,0,39.9,0,39.9,0,39.9,0,39.9,0,39.9,0,39.9,0,,,28,0.425
454678,64.9,64.9,0,64.9,0,64.9,0,64.9,0,64.9,0,64.9,0,51.9,0.25,55,0.18,61.9,0.0485,59.9,0.0835
454679,64.9,64.9,0,64.9,0,64.9,0,64.9,0,64.9,0,64.9,0,64.9,0,64.9,0,,,59.9,0.0835
454705,180,180,0,180,0,180,0,180,0,180,0,180,0,180,0,180,0,144,0.25,150,0.2
454738,,,,,,,,,,,,,,,,,,,,,
454739,,,,,,,,,,,,,,,,,,,,,
454834,,,,,,,,,,,,,,,,,,,,,
454934,,,,,,,,,,,,,,,,,,,,,
454978,,,,,,,,,,,,,,,,,,,,,
455321,,,,,,,,,,,,,,,,,,,,,
455412,180,180,0,180,0,180,0,180,0,180,0,180,0,180,0,150,0.199,,,,
455456,,,,,,,,,,,,,,,,,,,,,
455457,,,,,,,,,,,,,,,,,,,,,
455677,28.8,28.8,0,28.8,0,28.8,0,28.8,0,,,,,,,28.8,0,,,,
455678,,,,,,,,,,,,,,,,,,,,,
455692,,,,,,,,,,,,,,,,,,,,,
455709,26,26,0,26,0,26,0,26,0,26,0,26,0,26,0,26,0,26,0,22.4,0.161
455754,,,,,,,,,,,,,,,,,,,,,
455755,,,,,,,,,,,,,,,,,,,,,
455830,8.9,8.9,0,8.9,0,8.9,0,8.9,0,8.9,0,8.9,0,8.9,0,10.5,-0.152,9.9,-0.101,7.8,0.141
455849,,,,,,,,,,,,,,,,,,,,,
455886,,,,,,,,,,,,,,,,,,,,,
455962,59.9,59.9,0,59.9,0,59.9,0,59.9,0,59.9,0,59.9,0,49.5,0.21,42.5,0.409,45,0.331,45,0.331
455970,29.9,29.9,0,29.9,0,29.9,0,29.9,0,29.9,0,29.9,0,29.9,0,29.5,0.0136,28.5,0.0491,28.5,0.0491
456225,19.9,9.9,1.01,9.9,1.01,9.9,1.01,19.9,0,18.9,0.0529,19.9,0,21.9,-0.0913,14.9,0.336,21.9,-0.0913,14.9,0.336
456545,15.3,15.3,0,15.3,0,15.3,0,15.3,0,15.3,0,15.3,0,15.3,0,15.3,0,13,0.177,11.4,0.342
456561,,,,,,,,,,,,,,,,,,,,,
456799,76.5,76.5,0,,,,,,,76.5,0,104,-0.268,104,-0.268,104,-0.268,90,-0.15,,
456802,,,,,,,,,,,,,,,,,,,,,
456926,46.2,46.2,0,46.2,0,46.2,0,57.7,-0.199,57.7,-0.199,57.7,-0.199,57.7,-0.199,65.5,-0.295,63.5,-0.272,46,0.00435
457051,16,16,0,16,0,16,0,16,0,16,0,16,0,16,0,,,12.5,0.28,11.9,0.345
457078,17,17,0,17,0,17,0,17,0,17,0,17,0,17,0,17,0,14,0.214,14,0.214
457086,16.9,16.9,0,16.9,0,16.9,0,,,16.9,0,16.9,0,16.9,0,17,-0.00588,14.5,0.166,14.5,0.166
457094,17,17,0,17,0,17,0,17,0,17,0,17,0,17,0,17,0,14,0.214,14,0.214
457345,,,,,,,,,,,,,,,,,,,,,
457701,,,,,,,,,,,,,,,,,,,,,
457716,,,,,,,,,,,,,,,,,,,,,
457834,12.5,12.5,0,12.5,0,12.5,0,12.5,0,12.5,0,12.5,0,12.5,0,12.5,0,,,,
458063,159,159,0,159,0,159,0,159,0,159,0,159,0,159,0,,,132,0.202,120,0.317
458727,14,14,0,14,0,14,0,14,0,14,0,14,0,14,0,14,0,14,0,12,0.167
459025,64.9,64.9,0,64.9,0,64.9,0,64.9,0,64.9,0,64.9,0,64.9,0,64.9,0,61.9,0.0485,,
459097,16,16,0,16,0,16,0,16,0,16,0,16,0,16,0,14,0.143,14,0.143,14,0.143
459128,,,,,,,,,,,,,,,,,,,,,
459129,60.7,,,60.7,0,60.7,0,60.7,0,60.7,0,60.7,0,60.7,0,60.7,0,36,0.686,40.7,0.491
459133,95,,,,,95,0,95,0,95,0,95,0,95,0,105,-0.0952,73,0.301,76.7,0.239
459136,90,90,0,90,0,90,0,90,0,90,0,90,0,90,0,105,-0.143,73,0.233,76.7,0.173
459137,90,90,0,90,0,90,0,90,0,90,0,90,0,90,0,105,-0.143,73,0.233,76.7,0.173
459138,90,90,0,90,0,90,0,90,0,90,0,90,0,90,0,105,-0.143,73,0.233,76.7,0.173
459142,,,,,,,,,,,,,,,,,,,,,
459144,,,,,,,,,,,,,,,,,,,,,
459145,,,,,,,,,,,,,,,,,,,,,
459149,,,,,,,,,,,,,,,,,,,,,
459194,,,,,,,,,,,,,,,,,,,,,
459199,,,,,,,,,,,,,,,,,,,,,
459209,,,,,,,,,,,,,,,,,,,,,
459210,,,,,,,,,,,,,,,,,,,,,
459212,,,,,,,,,,,,,,,,,,,,,
459215,,,,,,,,,,,,,,,,,,,,,
459219,,,,,,,,,,,,,,,,,,,,,
459220,,,,,,,,,,,,,,,,,,,,,
459221,,,,,,,,,,,,,,,,,,,,,
459223,,,,,,,,,,,,,,,,,,,,,
459225,,,,,,,,,,,,,,,,,,,,,
459226,,,,,,,,,,,,,,,,,,,,,
459227,,,,,,,,,,,,,,,,,,,,,
459230,,,,,,,,,,,,,,,,,,,,,
459233,,,,,,,,,,,,,,,,,,,,,
459234,,,,,,,,,,,,,,,,,,,,,
459235,,,,,,,,,,,,,,,,,,,,,
459236,,,,,,,,,,,,,,,,,,,,,
459237,,,,,,,,,,,,,,,,,,,,,
459238,,,,,,,,,,,,,,,,,,,,,
459288,,,,,,,,,,,,,,,,,,,,,
459294,,,,,,,,,,,,,,,,,,,,,
459295,,,,,,,,,,,,,,,,,,,,,
459314,,,,,,,,,,,,,,,,,,,,,
459315,,,,,,,,,,,,,,,,,,,,,
459331,,,,,,,,,,,,,,,,,,,,,
459334,,,,,,,,,,,,,,,,,,,,,
459342,,,,,,,,,,,,,,,,,,,,,
459347,,,,,,,,,,,,,,,,,,,,,
459349,,,,,,,,,,,,,,,,,,,,,
459362,,,,,,,,,,,,,,,,,,,,,
459363,,,,,,,,,,,,,,,,,,,,,
459374,,,,,,,,,,,,,,,,,,,,,
459375,,,,,,,,,,,,,,,,,,,,,
459376,,,,,,,,,,,,,,,,,,,,,
459392,,,,,,,,,,,,,,,,,,,,,
459403,,,,,,,,,,,,,,,,,,,,,
459405,,,,,,,,,,,,,,,,,,,,,
459406,,,,,,,,,,,,,,,,,,,,,
459407,,,,,,,,,,,,,,,,,,,,,
459420,,,,,,,,,,,,,,,,,,,,,
459569,21,21,0,21,0,21,0,21,0,21,0,21,0,21,0,21,0,,,21,0
459674,45,45,0,45,0,45,0,45,0,45,0,45,0,,,45,0,45,0,45,0
459818,89.6,89.6,0,89.6,0,89.6,0,89.6,0,89.6,0,89.6,0,89.6,0,,,74.7,0.199,68,0.318
459844,,,,,,,,,,,,,,,,,,,,,
459887,17.5,17.5,0,17.5,0,17.5,0,17.5,0,,,17.5,0,17.5,0,17.5,0,17.5,0,17.5,0
459978,25,25,0,25,0,25,0,25,0,25,0,25,0,25,0,25,0,25,0,25,0
460223,109,109,0,109,0,109,0,109,0,109,0,109,0,109,0,109,0,,,59.9,0.826
460225,54.7,54.7,0,54.7,0,54.7,0,54.7,0,54.7,0,54.7,0,54.7,0,54.7,0,51.5,0.0621,35,0.563
460226,59.7,59.7,0,59.7,0,59.7,0,59.7,0,59.7,0,59.7,0,59.7,0,,,51.5,0.159,35,0.706
460273,39,39,0,39,0,39,0,39,0,39,0,39,0,39,0,39,0,31.7,0.23,23,0.696
460348,55.1,51.3,0.0741,51.3,0.0741,51.3,0.0741,51.3,0.0741,51.3,0.0741,,,,,,,,,,
460349,62.9,58.7,0.0716,58.7,0.0716,58.7,0.0716,58.7,0.0716,58.7,0.0716,,,,,,,,,,
460404,,,,,,,,,,,,,,,,,,,,,
460407,,,,,,,,,,,,,,,,,,,,,
460408,,,,,,,,,,,,,,,,,,,,,
460409,,,,,,,,,,,,,,,,,,,,,
460411,,,,,,,,,,,,,,,,,,,,,
460415,,,,,,,,,,,,,,,,,,,,,
460416,,,,,,,,,,,,,,,,,,,,,
460417,,,,,,,,,,,,,,,,,,,,,
460422,,,,,,,,,,,,,,,,,,,,,
460425,,,,,,,,,,,,,,,,,,,,,
460429,,,,,,,,,,,,,,,,,,,,,
460545,71,71,0,71,0,71,0,71,0,71,0,71,0,71,0,71,0,59,0.203,,
460646,,,,,,,,,,,,,,,,,,,,,
460647,,,,,,,,,,,,,,,,,,,,,
460649,,,,,,,,,,,,,,,,,,,,,
460650,,,,,,,,,,,,,,,,,,,,,
460651,,,,,,,,,,,,,,,,,,,,,
460695,,,,,,,,,,,,,,,,,,,,,
460696,,,,,,,,,,,,,,,,,,,,,
460720,,,,,,,,,,,,,,,,,,,,,
460722,,,,,,,,,,,,,,,,,,,,,
460724,,,,,,,,,,,,,,,,,,,,,
460726,,,,,,,,,,,,,,,,,,,,,
460731,,,,,,,,,,,,,,,,,,,,,
460732,,,,,,,,,,,,,,,,,,,,,
460735,,,,,,,,,,,,,,,,,,,,,
460736,,,,,,,,,,,,,,,,,,,,,
460738,,,,,,,,,,,,,,,,,,,,,
460739,,,,,,,,,,,,,,,,,,,,,
460743,,,,,,,,,,,,,,,,,,,,,
460746,,,,,,,,,,,,,,,,,,,,,
460748,,,,,,,,,,,,,,,,,,,,,
460749,,,,,,,,,,,,,,,,,,,,,
460751,,,,,,,,,,,,,,,,,,,,,
460752,,,,,,,,,,,,,,,,,,,,,
460754,,,,,,,,,,,,,,,,,,,,,
460755,,,,,,,,,,,,,,,,,,,,,
460756,,,,,,,,,,,,,,,,,,,,,
460831,,,,,,,,,,,,,,,,,,,,,
460943,,,,,,,,,,,,,,,,,,,,,
460944,,,,,,,,,,,,,,,,,,,,,
460945,,,,,,,,,,,,,,,,,,,,,
460985,,,,,,,,,,,,,,,,,,,,,
460987,,,,,,,,,,,,,,,,,,,,,
460988,,,,,,,,,,,,,,,,,,,,,
460991,,,,,,,,,,,,,,,,,,,,,
460992,,,,,,,,,,,,,,,,,,,,,
460993,,,,,,,,,,,,,,,,,,,,,
460994,,,,,,,,,,,,,,,,,,,,,
460995,,,,,,,,,,,,,,,,,,,,,
460997,,,,,,,,,,,,,,,,,,,,,
460998,,,,,,,,,,,,,,,,,,,,,
461000,,,,,,,,,,,,,,,,,,,,,
461091,58.5,58.5,0,58.5,0,58.5,0,58.5,0,58.5,0,58.5,0,58.5,0,58.5,0,,,,
461100,,,,,,,,,,,,,,,,,,,,,
461101,57,57,0,57,0,57,0,57,0,,,,,,,57,0,,,,
461102,57,57,0,57,0,57,0,57,0,57,0,57,0,,,57,0,38.8,0.469,44.2,0.29
461103,,,,,,,,,,,,,,,,,,,,,
461104,,,,,,,,,,,,,,,,,,,,,
461106,,,,,,,,,,,,,,,,,,,,,
461107,,,,,,,,,,,,,,,,,,,,,
461207,,,,,,,,,,,,,,,,,,,,,
461208,,,,,,,,,,,,,,,,,,,,,
461238,19,19,0,19,0,19,0,19,0,19,0,19,0,19,0,19,0,13.2,0.439,13.2,0.439
461268,,,,,,,,,,,,,,,,,,,,,
461274,,,,,,,,,,,,,,,,,,,,,
461275,66.5,66.5,0,66.5,0,66.5,0,66.5,0,66.5,0,66.5,0,,,65,0.0231,39,0.705,39,0.705
461276,66.5,66.5,0,66.5,0,66.5,0,66.5,0,66.5,0,66.5,0,66.5,0,65,0.0231,39,0.705,39,0.705
461277,66.4,66.4,0,66.4,0,66.4,0,66.4,0,66.4,0,66.4,0,66.4,0,65,0.0215,39,0.703,39,0.703
461278,46,46,0,46,0,46,0,46,0,46,0,46,0,46,0,46,0,46,0,46,0
461393,21.5,21.5,0,21.5,0,21.5,0,21.5,0,21.5,0,,,21.5,0,21.5,0,18.8,0.144,16.7,0.287
461519,,,,,,,,,,,,,,,,,,,,,
461759,155,155,0,155,0,155,0,155,0,99,0.566,99,0.566,99,0.566,99,0.566,99,0.566,,
461857,,,,,,,,,,,,,,,,,,,,,
461865,15.9,15.9,0,15.9,0,15.9,0,15.9,0,15.9,0,15.9,0,15.9,0,17.9,-0.112,17.5,-0.0914,13.4,0.187
461929,,,,,,,,,,,,,,,,,,,,,
461958,,,,,,,,,,,,,,,,,,,,,
462003,14,14,0,14,0,14,0,14,0,14,0,14,0,12,0.167,,,13.1,0.0687,,
462193,19.4,19.4,0,19.4,0,19.4,0,19.4,0,19.4,0,19.4,0,19.4,0,19.4,0,,,,
462194,11.2,11.2,0,11.2,0,11.2,0,11.2,0,11.2,0,11.2,0,11.2,0,11.2,0,10,0.12,,
462195,,,,,,,,,,,,,,,,,,,,,
462196,19.4,19.4,0,19.4,0,19.4,0,19.4,0,19.4,0,19.4,0,19.4,0,19.4,0,,,,
462197,11.2,11.2,0,11.2,0,11.2,0,11.2,0,11.2,0,11.2,0,11.2,0,11.2,0,10,0.12,,
462199,19.4,19.4,0,19.4,0,19.4,0,19.4,0,19.4,0,19.4,0,19.4,0,19.4,0,,,,
462200,4.5,4.5,0,4.5,0,4.5,0,4.5,0,4.5,0,4.5,0,4.5,0,4.5,0,4,0.125,,
462233,7,7,0,7,0,7,0,7,0,7,0,7,0,5.9,0.186,5.9,0.186,6.2,0.129,5.8,0.207
462241,13,13,0,13,0,13,0,13,0,13,0,,,,,12,0.0833,12,0.0833,11,0.182
462249,21.5,21.5,0,21.5,0,21.5,0,21.5,0,21.5,0,,,,,,,,,,
462250,6.7,6.7,0,6.7,0,6.7,0,6.7,0,6.7,0,6.7,0,6.5,0.0308,6.2,0.0806,6.2,0.0806,5.6,0.196
462251,21.5,21.5,0,21.5,0,21.5,0,21.5,0,21.5,0,,,,,,,,,,
462341,47.7,47.7,0,47.7,0,47.7,0,47.7,0,47.7,0,47.7,0,47.7,0,,,30,0.59,30,0.59
462382,44.8,44.8,0,44.8,0,44.8,0,44.8,0,44.8,0,45.6,-0.0175,45.6,-0.0175,45.6,-0.0175,33.7,0.329,,
462383,44.6,44.6,0,44.6,0,44.6,0,44.6,0,44.6,0,41.3,0.0799,41.3,0.0799,,,38,0.174,,
462385,44.6,44.6,0,44.6,0,44.6,0,44.6,0,44.6,0,45.6,-0.0219,45.6,-0.0219,40,0.115,37,0.205,,
462406,,,,,,,,,,,,,,,,,,,,,
462407,,,,,,,,,,,,,,,,,,,,,
462409,,,,,,,,,,,,,,,,,,,,,
462410,,,,,,,,,,,,,,,,,,,,,
462433,,,,,,,,,,,,,,,,,,,,,
462435,38.4,38.4,0,38.4,0,38.4,0,38.4,0,38.4,0,38.4,0,38.4,0,38,0.0105,,,,
462444,119,119,0,119,0,119,0,119,0,,,,,,,115,0.033,,,,
462522,19,19,0,19,0,19,0,19,0,19,0,20.5,-0.0732,20.5,-0.0732,20.5,-0.0732,18,0.0556,15.5,0.226
462721,,,,,,,,,,,,,,,,,,,,,
462799,37.9,37.9,0,37.9,0,37.9,0,37.9,0,37.9,0,,,,,,,,,,
462810,44.9,44.9,0,44.9,0,44.9,0,44.9,0,44.9,0,,,,,,,,,,
462845,73.5,73.5,0,73.5,0,73.5,0,73.5,0,73.5,0,73.5,0,73.5,0,73.5,0,,,,
462860,,,,,,,,,,,,,,,,,,,,,
462862,,,,,,,,,,,,,,,,,,,,,
462871,,,,,,,,,,,,,,,,,,,,,
462873,,,,,,,,,,,,,,,,,,,,,
462877,,,,,,,,,,,,,,,,,,,,,
462878,,,,,,,,,,,,,,,,,,,,,
462879,,,,,,,,,,,,,,,,,,,,,
462886,,,,,,,,,,,,,,,,,,,,,
462887,,,,,,,,,,,,,,,,,,,,,
462981,119,119,0,119,0,119,0,119,0,119,0,119,0,119,0,119,0,83.5,0.425,74.5,0.597
463065,53,53,0,53,0,53,0,53,0,53,0,53,0,53,0,,,,,,
463066,53.1,53.1,0,53.1,0,53.1,0,53.1,0,53.1,0,53.1,0,53.1,0,53,0.00189,,,,
463068,,,,,,,,,,,,,,,,,,,,,
463275,176,176,0,176,0,176,0,189,-0.0661,189,-0.0661,189,-0.0661,205,-0.139,205,-0.139,,,,
463335,25,25,0,25,0,25,0,25,0,25,0,25,0,25,0,,,,,,
463426,,,,,,,,,,,,,,,,,,,,,
463442,,,,,,,,,,,,,,,,,,,,,
463469,,,,,,,,,,,,,,,,,,,,,
463477,,,,,,,,,,,,,,,,,,,,,
463493,,,,,,,,,,,,,,,,,,,,,
463505,110,110,0,110,0,110,0,110,0,110,0,110,0,110,0,99,0.106,86.5,0.266,86.5,0.266
463512,,,,,,,,,,,,,,,,,,,,,
463663,,,,,,,,,,,,,,,,,,,,,
464325,12.3,12.3,0,12.3,0,12.3,0,12.3,0,12.3,0,12.3,0,12.3,0,12.3,0,11.5,0.0696,8.8,0.398
464333,26.6,26.6,0,26.6,0,26.6,0,26.6,0,26.6,0,26.6,0,26.6,0,26.6,0,25,0.064,19.5,0.364
464350,26.6,26.6,0,26.6,0,26.6,0,26.6,0,26.6,0,26.6,0,26.6,0,26.6,0,25,0.064,19.5,0.364
464597,5.4,5.4,0,5.4,0,5.4,0,5.4,0,5.4,0,5.4,0,5.4,0,5.4,0,4,0.35,4,0.35
464627,5.4,5.4,0,5.4,0,5.4,0,5.4,0,5.4,0,5.4,0,5.4,0,5.4,0,4.5,0.2,4,0.35
465271,49.5,49.5,0,49.5,0,49.5,0,49.5,0,49.5,0,49.5,0,49.5,0,49.5,0,38.9,0.272,36,0.375
465420,56,56,0,56,0,56,0,56,0,56,0,56,0,56,0,56,0,56,0,56,0
465423,31.5,31.5,0,31.5,0,31.5,0,31.5,0,31.5,0,31.5,0,31.5,0,31.5,0,31.5,0,31.5,0
465526,28.5,28.5,0,28.5,0,28.5,0,28.5,0,28.5,0,28.5,0,28.5,0,28.5,0,24,0.188,22.5,0.267
467324,40.3,40.3,0,40.3,0,40.3,0,40.3,0,40.3,0,40.3,0,40.3,0,40.3,0,34.8,0.158,24.9,0.618
467510,23.5,23.5,0,23.5,0,23.5,0,23.5,0,23.5,0,23.5,0,23.5,0,23.5,0,18.8,0.25,16.7,0.407
467600,54.9,54.9,0,54.9,0,54.9,0,54.9,0,54.9,0,58.5,-0.0615,58.5,-0.0615,,,41.5,0.323,39.5,0.39
467618,10.5,10.5,0,10.5,0,10.5,0,10.5,0,10.5,0,9,0.167,10.5,0,10.5,0,9.4,0.117,10.5,0
467626,10.5,10.5,0,10.5,0,10.5,0,10.5,0,10.5,0,9,0.167,10.5,0,10.5,0,9.4,0.117,10.5,0
467634,10.5,10.5,0,10.5,0,10.5,0,10.5,0,10.5,0,10.5,0,10.5,0,10.5,0,9.4,0.117,10.5,0
467642,10.5,10.5,0,10.5,0,10.5,0,10.5,0,10.5,0,10.5,0,10.5,0,,,9.4,0.117,10.5,0
467650,,,,,,,,,,,,,,,,,,,,,
467677,10.5,10.5,0,10.5,0,10.5,0,10.5,0,10.5,0,10.5,0,10.5,0,10.5,0,,,10.5,0
467685,10.5,10.5,0,10.5,0,10.5,0,10.5,0,10.5,0,10.5,0,10.5,0,10.5,0,9.4,0.117,10.5,0
467693,10.5,10.5,0,10.5,0,10.5,0,10.5,0,10.5,0,10.5,0,10.5,0,,,,,10.5,0
467723,97.5,97.5,0,97.5,0,97.5,0,97.5,0,97.5,0,97.5,0,97.5,0,97.5,0,97.5,0,97.5,0
467820,241,241,0,241,0,241,0,241,0,241,0,241,0,241,0,241,0,195,0.236,172,0.397
467847,241,241,0,241,0,241,0,241,0,241,0,241,0,241,0,241,0,195,0.236,172,0.397
468193,4,4,0,4,0,4,0,4,0,4,0,4,0,4,0,,,,,,
469009,19.5,19.5,0,19.5,0,16.5,0.182,16.5,0.182,19.5,0,15.9,0.226,19.8,-0.0152,19.8,-0.0152,17,0.147,15.5,0.258
469021,5.5,5.5,0,5.5,0,5.5,0,5.5,0,5.5,0,5,0.1,7.4,-0.257,7.4,-0.257,6.9,-0.203,6.2,-0.113
469344,98,98,0,98,0,98,0,98,0,98,0,98,0,98,0,98,0,89,0.101,80,0.225
469459,49,49,0,49,0,49,0,49,0,44.9,0.0913,52,-0.0577,52,-0.0577,52,-0.0577,42.5,0.153,37.5,0.307
469467,49,49,0,49,0,49,0,49,0,44.9,0.0913,52,-0.0577,52,-0.0577,52,-0.0577,42.5,0.153,37.5,0.307
469475,49,49,0,49,0,49,0,49,0,44.9,0.0913,52,-0.0577,52,-0.0577,52,-0.0577,42.5,0.153,37.5,0.307
469513,68.5,68.5,0,68.5,0,68.5,0,68.5,0,68.5,0,68.5,0,68.5,0,68.5,0,58,0.181,50,0.37
470101,,,,,,,,,,,,,,,,,,,,,
470108,9.9,9.9,0,12,-0.175,12,-0.175,12,-0.175,12,-0.175,12,-0.175,12,-0.175,12,-0.175,10,-0.01,10,-0.01
470119,,,,,,,,,,,,,,,,,,,,,
470121,50,50,0,50,0,50,0,50,0,50,0,50,0,50,0,50,0,40.5,0.235,38,0.316
470124,,,,,,,,,,,,,,,,,,,,,
470127,,,,,,,,,,,,,,,,,,,,,
470129,,,,,,,,,,,,,,,,,,,,,
470151,,,,,,,,,,,,,,,,,,,,,
470279,,,,,,,,,,,,,,,,,,,,,
470457,15.9,15.9,0,,,15.9,0,15.9,0,,,15.9,0,,,,,,,,
470520,,,,,,,,,,,,,,,,,,,,,
470589,,,,,,,,,,,,,,,,,,,,,
471020,,,,,,,,,,,,,,,,,,,,,
471070,,,,,,,,,,,,,,,,,,,,,
471305,59.9,59.9,0,59.9,0,59.9,0,59.9,0,59.9,0,,,,,,,,,,
471330,,,,,,,,,,,,,,,,,,,,,
471453,12.9,12.9,0,12.9,0,12.9,0,12.9,0,12.9,0,,,,,,,,,8.5,0.518
471660,21.9,21.9,0,21.9,0,21.9,0,21.9,0,21.9,0,21.9,0,21.9,0,23.5,-0.0681,19.9,0.101,19.9,0.101
472033,15.5,15.5,0,15.5,0,15.5,0,15.5,0,15.5,0,15.5,0,,,15.5,0,9,0.722,9,0.722
472573,26,26,0,26,0,26,0,26,0,,,,,,,26,0,26,0,26,0
472590,,,,,,,,,,,,,,,,,,,,,
472760,,,,,,,,,,,,,,,,,,,,,
473477,,,,,,,,,,,,,,,,,,,,,
473766,25,25,0,25,0,25,0,25,0,23,0.087,26,-0.0385,26,-0.0385,26,-0.0385,26,-0.0385,26,-0.0385
474215,139,139,0,139,0,139,0,139,0,139,0,139,0,139,0,149,-0.0684,142,-0.0211,,
474231,,,,,,,,,,,,,,,,,,,,,
474240,,,,,,,,,,,,,,,,,,,,,
474363,12.9,12.9,0,12.9,0,12.9,0,12.9,0,12.9,0,17,-0.241,17,-0.241,16.6,-0.223,13,-0.00769,11.9,0.084
475068,,,,,,,,,,,,,,,,,,,,,
475149,6.4,6.4,0,6.4,0,6.4,0,6.4,0,6.4,0,6.4,0,6.4,0,6.4,0,6.5,-0.0154,6.5,-0.0154
475254,,,,,,,,,,,,,,,,,,,,,
475521,50,50,0,50,0,50,0,50,0,50,0,50,0,50,0,50,0,40.5,0.235,38,0.316
475530,50,50,0,50,0,50,0,50,0,50,0,50,0,50,0,50,0,40.5,0.235,38,0.316
476609,39.9,39.9,0,39.9,0,39.9,0,39.9,0,39.9,0,43.5,-0.0828,43.5,-0.0828,43.5,-0.0828,39.9,0,29.9,0.334
477249,,,,,,,,,,,,,,,,,,,,,
477290,,,,,,,,,,,,,,,,,,,,,
477656,,,,,,,,,,,,,,,,,,,,,
477664,,,,,,,,,,,,,,,,,,,,,
478296,37,37,0,37,0,37,0,37,0,37,0,37,0,37,0,37,0,31.9,0.16,22.5,0.644
478687,7.5,7.5,0,7.5,0,7.5,0,7.5,0,7.5,0,7.5,0,7.5,0,7.5,0,7.5,0,7.1,0.0563
479241,20.8,20.8,0,20.8,0,20.8,0,20.8,0,20.8,0,20.8,0,17.6,0.182,20.2,0.0297,17,0.224,17,0.224
479691,75,75,0,75,0,75,0,75,0,75,0,75,0,75,0,75,0,,,,
479837,11.5,11.5,0,11.5,0,11.5,0,11.5,0,11.5,0,11.5,0,,,11.5,0,10,0.15,10,0.15
479845,11,11,0,11,0,11,0,11,0,11,0,11,0,11,0,8.9,0.236,8.5,0.294,8.5,0.294
479918,190,190,0,190,0,190,0,190,0,190,0,190,0,190,0,190,0,,,132,0.439
479934,12.9,12.9,0,12.9,0,12.9,0,12.9,0,12.9,0,,,9.5,0.358,9.5,0.358,5,1.58,8.5,0.518
480159,10.4,10.4,0,10.4,0,10.4,0,10.4,0,10.4,0,,,9.2,0.13,,,,,,
480165,10,10,0,10,0,10,0,10,0,10,0,10,0,9,0.111,,,,,,
480166,13.8,13.8,0,,,,,13.8,0,13.8,0,13.8,0,12.1,0.14,,,,,,
480167,21,21,0,21,0,21,0,21,0,21,0,,,,,,,,,,
480170,9.6,9.6,0,9.6,0,9.6,0,9.6,0,9.6,0,9.6,0,9.2,0.0435,,,,,,
480178,12.8,12.8,0,,,,,12.8,0,,,12.8,0,,,,,12,0.0667,11.9,0.0756
480180,14.5,14.5,0,14.5,0,14.5,0,14.5,0,14.5,0,14.5,0,,,,,13,0.115,12.9,0.124
480187,14.5,14.5,0,,,14.5,0,14.5,0,14.5,0,14.5,0,,,,,,,,
480192,12.8,12.8,0,,,,,,,12.8,0,12.8,0,,,,,,,,
480193,,,,,,,,,,,,,,,,,,,,,
480214,,,,,,,,,,,,,,,,,,,,,
480257,,,,,,,,,,,,,,,,,,,,,
480305,,,,,,,,,,,,,,,,,,,,,
480320,,,,,,,,,,,,,,,,,,,,,
480338,,,,,,,,,,,,,,,,,,,,,
480341,135,135,0,135,0,135,0,135,0,135,0,98.7,0.367,135,0,153,-0.117,111,0.218,112,0.204
480355,72.5,72.5,0,72.5,0,72.5,0,72.5,0,,,,,,,66,0.0985,,,61,0.189
480391,7,7,0,7,0,7,0,7,0,7,0,7.9,-0.114,7.9,-0.114,8,-0.125,6.5,0.0769,6.5,0.0769
480410,36.9,36.9,0,36.9,0,36.9,0,36.9,0,36.9,0,36.9,0,36.9,0,36.9,0,28,0.318,26,0.419
480468,6.8,,,,,,,6.8,0,6.8,0,6.8,0,6.8,0,8,-0.15,7.5,-0.0933,,
480469,12,,,,,12,0,12,0,,,,,12,0,16,-0.25,15.3,-0.216,,
480470,18.5,18.5,0,18.5,0,18.5,0,18.5,0,,,18.5,0,18.5,0,26.8,-0.31,24,-0.229,,
480475,9.5,,,,,,,9.5,0,9.5,0,9.5,0,9.5,0,13.9,-0.317,12.7,-0.252,,
480484,,,,,,,,,,,,,,,,,,,,,
480504,10.2,10.2,0,10.2,0,10.2,0,10.2,0,10.2,0,10.2,0,10.2,0,10.2,0,9,0.133,9,0.133
480531,10.5,10.5,0,10.5,0,10.5,0,10.5,0,10.5,0,10.5,0,10.5,0,10.5,0,9,0.167,8.5,0.235
480532,,,,,,,,,,,,,,,,,,,,,
480534,16.5,16.5,0,16.5,0,16.5,0,16.5,0,16.5,0,16.5,0,16.5,0,16.5,0,14.5,0.138,14.5,0.138
480579,15.5,15.5,0,15.5,0,15.5,0,15.5,0,15.5,0,15.5,0,15.5,0,15.5,0,15,0.0333,13,0.192
480754,,,,,,,,,,,,,,,,,,,,,
481150,23,23,0,23,0,23,0,23,0,23,0,23,0,23,0,23,0,23,0,23,0
481151,22.5,22.5,0,22.5,0,22.5,0,22.5,0,22.5,0,22.5,0,22.5,0,,,,,21.5,0.0465
481556,,,,,,,,,,,,,,,,,,,,,
481807,14,14,0,14,0,14,0,14,0,14,0,14,0,14,0,14,0,12,0.167,12,0.167
481823,22.5,22.5,0,22.5,0,22.5,0,22.5,0,22.5,0,22.5,0,22.5,0,22.5,0,22,0.0227,22,0.0227
481871,,,,,,,,,,,,,,,,,,,,,
481874,,,,,,,,,,,,,,,,,,,,,
481882,21,21,0,21,0,21,0,21,0,28.5,-0.263,28.5,-0.263,28.5,-0.263,28.5,-0.263,20.5,0.0244,20.5,0.0244
481971,,,,,,,,,,,,,,,,,,,,,
482011,,,,,,,,,,,,,,,,,,,,,
482013,97,97,0,97,0,115,-0.157,115,-0.157,115,-0.157,115,-0.157,115,-0.157,115,-0.157,79.9,0.214,75,0.293
482057,38,38,0,38,0,38,0,38,0,38,0,38,0,38,0,38,0,38,0,38,0
482058,,,,,,,,,,,,,,,,,,,,,
482096,,,,,,,,,,,,,,,,,,,,,
482277,45,45,0,45,0,45,0,45,0,45,0,45,0,45,0,57.5,-0.217,43.5,0.0345,29,0.552
482285,,,,,,,,,,,,,,,,,,,,,
482307,43,43,0,43,0,43,0,43,0,43,0,43,0,43,0,57.5,-0.252,,,,
482315,43,43,0,43,0,43,0,43,0,43,0,43,0,43,0,57.5,-0.252,,,29,0.483
482323,43,43,0,43,0,43,0,43,0,43,0,43,0,43,0,57.5,-0.252,,,29,0.483
482340,89.9,89.9,0,89.9,0,89.9,0,89.9,0,89.9,0,89.9,0,89.9,0,92,-0.0228,78,0.153,78,0.153
482537,26,26,0,26,0,26,0,26,0,26,0,26,0,26,0,26,0,23.5,0.106,22.5,0.156
482540,26,26,0,26,0,26,0,26,0,26,0,26,0,26,0,26,0,23.5,0.106,22.5,0.156
482790,56,56,0,56,0,56,0,56,0,56,0,56,0,56,0,56,0,40.5,0.383,37.5,0.493
482801,6,6,0,6,0,6,0,6,0,6,0,,,,,,,,,,
483011,80,80,0,80,0,80,0,80,0,80,0,35.5,1.25,80,0,64,0.25,55,0.455,47.2,0.695
483012,34,66,-0.485,66,-0.485,66,-0.485,66,-0.485,66,-0.485,66,-0.485,66,-0.485,66,-0.485,56,-0.393,39.2,-0.133
483013,66,66,0,66,0,66,0,66,0,66,0,66,0,66,0,66,0,45,0.467,39.2,0.684
483305,29.9,29.9,0,29.9,0,29.9,0,29.9,0,29.9,0,29.9,0,29.9,0,33.5,-0.107,38,-0.213,27,0.107
483532,92,92,0,92,0,92,0,92,0,92,0,92,0,92,0,92,0,79.5,0.157,56,0.643
483563,41,41,0,41,0,41,0,41,0,41,0,41,0,41,0,,,,,29.5,0.39
483564,41,41,0,41,0,41,0,41,0,41,0,41,0,41,0,,,,,30,0.367
483907,,,,,,,,,,,,,,,,,,,,,
484064,72.9,72.9,0,72.9,0,72.9,0,72.9,0,72.9,0,72.9,0,72.9,0,72.9,0,64.9,0.123,64.9,0.123
484078,,,,,,,,,,,,,,,,,,,,,
484142,29,29,0,29,0,29,0,29,0,29,0,29,0,14.9,0.946,24.9,0.165,10,1.9,21.9,0.324
484598,22.5,22.5,0,22.5,0,22.5,0,22.5,0,22.5,0,22.5,0,22.5,0,22.5,0,18.5,0.216,17,0.324
484709,39,39,0,39,0,39,0,39,0,39,0,39,0,39,0,39,0,35,0.114,32.5,0.2
484717,,,,,,,,,,,,,,,,,,,,,
484733,,,,,,,,,,,,,,,,,,,,,
484741,,,,,,,,,,,,,,,,,,,,,
484776,22,22,0,22,0,22,0,22,0,22,0,22,0,22,0,22,0,22,0,22,0
484911,46.9,46.9,0,46.9,0,46.9,0,46.9,0,46.9,0,46.9,0,46.9,0,,,,,24.5,0.914
485020,55,55,0,55,0,55,0,55,0,55,0,55,0,55,0,55,0,44.5,0.236,44.5,0.236
485050,,,,,,,,,,,,,,,,,,,,,
485080,55,55,0,55,0,55,0,55,0,,,,,,,,,,,,
486104,44.5,44.5,0,44.5,0,44.5,0,44.5,0,44.5,0,44.5,0,44.5,0,44.5,0,38,0.171,29.5,0.508
486949,15.6,15.6,0,15.6,0,15.6,0,15.6,0,15.6,0,15.6,0,15.6,0,15.6,0,13.8,0.13,11,0.418
486950,15.6,15.6,0,15.6,0,15.6,0,15.6,0,15.6,0,15.6,0,15.6,0,15.6,0,13.8,0.13,11,0.418
487031,,,,,,,,,,,,,,,,,,,,,
487066,,,,,,,,,,,,,,,,,,,,,
487082,9.5,9.5,0,9.5,0,9.5,0,9.5,0,9.5,0,8.9,0.0674,9.5,0,12,-0.208,12,-0.208,10.5,-0.0952
487578,,,,,,,,,,,,,,,,,,,,,
488240,14.9,14.9,0,20.5,-0.273,16.9,-0.118,16.9,-0.118,20.5,-0.273,16.5,-0.097,16.5,-0.097,16.9,-0.118,15,-0.00667,14.5,0.0276
488259,20.5,20.5,0,20.5,0,16.9,0.213,16.9,0.213,20.5,0,16.5,0.242,16.5,0.242,16.9,0.213,15,0.367,14.5,0.414
488275,20.5,20.5,0,20.5,0,16.9,0.213,16.9,0.213,20.5,0,16.5,0.242,16.5,0.242,16.9,0.213,13.5,0.519,20.5,0
488976,,,,,,,,,,,,,,,,,,,,,
488992,,,,,,,,,,,,,,,,,,,,,
489590,,,,,,,,,,,,,,,,,,,,,
489794,,,,,,,,,,,,,,,,,,,,,
489930,8,8,0,8,0,8,0,7.5,0.0667,7.5,0.0667,7.5,0.0667,7.5,0.0667,7.5,0.0667,7.5,0.0667,7.5,0.0667
490120,39.6,39.6,0,39.6,0,39.6,0,39.6,0,39.6,0,39.6,0,39.6,0,39.6,0,32.4,0.222,23.4,0.692
490122,,,,,,,,,,,,,,,,,,,,,
490440,,,,,,,,,,,,,,,,,,,,,
490466,48.4,48.4,0,48.4,0,48.4,0,48.4,0,48.4,0,48.4,0,48.4,0,48.4,0,43.5,0.113,43.5,0.113
490555,,,,,,,,,,,,,,,,,,,,,
491670,16.9,16.9,0,16.9,0,16.9,0,16.9,0,16.9,0,16.9,0,,,,,13.8,0.225,,
491934,6.5,6.5,0,6.5,0,6.5,0,6.5,0,6.5,0,6.5,0,6.5,0,6.5,0,5.2,0.25,5.2,0.25
492026,12.9,12.9,0,16.5,-0.218,16.5,-0.218,16.5,-0.218,16.5,-0.218,11.5,0.122,,,,,13.5,-0.0444,13,-0.00769
492029,16.5,16.5,0,16.5,0,16.5,0,16.5,0,16.5,0,14.5,0.138,14.5,0.138,,,13.5,0.222,,
492031,12.9,12.9,0,16.5,-0.218,16.5,-0.218,16.5,-0.218,16.5,-0.218,11.5,0.122,14.5,-0.11,14.5,-0.11,13.5,-0.0444,13,-0.00769
492033,,,,,,,,,,,,,,,,,,,,,
492248,29.9,29.9,0,29.9,0,29.9,0,29.9,0,29.9,0,29.9,0,29.9,0,34.8,-0.141,26.9,0.112,21,0.424
492337,93.5,93.5,0,93.5,0,93.5,0,93.5,0,93.5,0,,,,,,,,,,
492400,32.5,32.5,0,32.5,0,32.5,0,32.5,0,32.5,0,32.5,0,32.5,0,32.5,0,29,0.121,29,0.121
492418,18.5,18.5,0,18.5,0,18.5,0,18.5,0,18.5,0,18.5,0,,,18.5,0,18.5,0,18.5,0
492426,17.5,17.5,0,17.5,0,17.5,0,17.5,0,17.5,0,17.5,0,17.5,0,17.5,0,15,0.167,15,0.167
492515,12.3,12.3,0,12.3,0,12.3,0,12.3,0,12.3,0,12.3,0,12.3,0,12.3,0,11.5,0.0696,8.8,0.398
492531,12.3,12.3,0,12.3,0,12.3,0,12.3,0,12.3,0,12.3,0,12.3,0,12.3,0,11.5,0.0696,9.3,0.323
492532,27.5,27.5,0,27.5,0,27.5,0,27.5,0,27.5,0,27.5,0,27.5,0,27.5,0,21,0.31,18.5,0.486
492533,43.5,43.5,0,43.5,0,43.5,0,43.5,0,43.5,0,43.5,0,43.5,0,43.5,0,31,0.403,25,0.74
492534,79.9,79.9,0,79.9,0,79.9,0,,,79.9,0,79.9,0,79.9,0,62,0.289,56.5,0.414,47.5,0.682
492538,26,26,0,26,0,26,0,26,0,26,0,26,0,26,0,26,0,23.5,0.106,22.5,0.156
492539,26,26,0,26,0,26,0,26,0,26,0,26,0,26,0,26,0,23.5,0.106,22.5,0.156
492544,21,21,0,21,0,21,0,21,0,21,0,21,0,21,0,21,0,18.5,0.135,17.5,0.2
492545,21,21,0,21,0,21,0,21,0,21,0,21,0,21,0,21,0,18.5,0.135,17.5,0.2
492546,21,21,0,21,0,21,0,21,0,21,0,21,0,21,0,21,0,18.5,0.135,17.5,0.2
492671,10,10,0,10,0,10,0,10,0,10,0,10,0,,,10,0,10,0,10,0
493112,68,68,0,68,0,,,,,68,0,,,,,,,,,,
493279,499,499,0,499,0,499,0,499,0,499,0,499,0,525,-0.0495,525,-0.0495,459,0.0871,369,0.352
493295,,,,,,,,,,,,,,,,,,,,,
493414,,,,,,,,,,,,,,,,,,,,,
493694,7.5,7.5,0,7.5,0,7.5,0,7.5,0,7.5,0,7.5,0,,,7.5,0,6.9,0.087,6.9,0.087
493705,50,50,0,50,0,50,0,50,0,50,0,50,0,50,0,50,0,50,0,50,0
493716,37.9,37.9,0,37.9,0,37.9,0,37.9,0,37.9,0,37.9,0,37.9,0,37.9,0,34,0.115,34,0.115
493724,8.1,8.1,0,8.1,0,8.1,0,8.1,0,8.1,0,8.1,0,8.1,0,8.1,0,7.3,0.11,7.3,0.11
494283,19.5,19.5,0,,,,,,,,,17.4,0.121,,,17.4,0.121,11.8,0.653,12.5,0.56
494345,,,,,,,,,,,,,,,,,,,,,
494348,,,,,,,,,,,,,,,,,,,,,
494356,,,,,,,,,,,,,,,,,,,,,
494585,,,,,,,,,,,,,,,,,,,,,
495177,27,27,0,27,0,27,0,27,0,27,0,27,0,21.5,0.256,27,0,22.5,0.2,18,0.5
495178,27,27,0,27,0,27,0,27,0,27,0,27,0,27,0,27,0,22.5,0.2,18,0.5
495180,22.5,22.5,0,22.5,0,22.5,0,22.5,0,22.5,0,22.5,0,22.5,0,,,,,,
495181,,,,,,,,,,,,,,,,,,,,,
495183,,,,,,,,,,,,,,,,,,,,,
495573,32.9,32.9,0,32.9,0,32.9,0,32.9,0,,,,,,,,,,,23.8,0.382
495581,32.9,32.9,0,32.9,0,32.9,0,32.9,0,32.9,0,32.9,0,32.9,0,32.9,0,23.8,0.382,23.8,0.382
496138,2.1,2.1,0,2.1,0,2.1,0,2.1,0,2.1,0,2.1,0,2.1,0,2.1,0,2.1,0,2.1,0
496642,,,,,,,,,,,,,,,,,,,,,
496758,120,120,0,120,0,120,0,120,0,120,0,120,0,128,-0.0625,128,-0.0625,,,66.9,0.792
496804,,,,,,,,,,,,,,,,,,,,,
497126,17,17,0,17,0,17,0,17,0,17,0,17,0,17,0,17,0,17,0,15.5,0.0968
497142,27,27,0,27,0,27,0,27,0,27,0,27,0,27,0,27,0,27,0,24.6,0.0998
497150,27,27,0,27,0,27,0,27,0,27,0,27,0,27,0,27,0,27,0,,
497320,80,80,0,80,0,80,0,80,0,80,0,78,0.0256,78,0.0256,72.5,0.103,72.5,0.103,70,0.143
497339,,,,,,,,,,,,,,,,,,,,,
497800,,,,,,,,,,,,,,,,,,,,,
497877,24.5,24.5,0,24.5,0,25.9,-0.0541,25.9,-0.0541,30.6,-0.199,30.6,-0.199,30.6,-0.199,30.6,-0.199,19.5,0.256,20.5,0.195
498250,19.9,19.9,0,19.9,0,19.9,0,19.9,0,19.9,0,,,,,,,,,13.9,0.432
498750,,,,,,,,,,,,,,,,,,,,,
499331,14,14,0,14,0,14,0,14,0,14,0,14,0,14,0,14,0,14,0,11.5,0.217
499501,206,206,0,206,0,206,0,206,0,206,0,170,0.212,205,0.00488,205,0.00488,155,0.329,125,0.648
500264,49.9,49.9,0,49.9,0,49.9,0,49.9,0,49.9,0,,,,,,,,,,
500268,49.9,49.9,0,49.9,0,49.9,0,49.9,0,49.9,0,,,,,,,,,,
500281,34.9,34.9,0,34.9,0,34.9,0,34.9,0,34.9,0,,,,,,,,,,
500284,48.9,48.9,0,48.9,0,48.9,0,48.9,0,48.9,0,,,,,,,,,,
500285,49.9,49.9,0,49.9,0,,,49.9,0,49.9,0,,,,,,,,,,
500286,41.9,41.9,0,41.9,0,,,,,,,,,,,,,,,,
500287,41.9,41.9,0,41.9,0,41.9,0,41.9,0,,,,,,,,,,,,
500288,29.9,29.9,0,29.9,0,29.9,0,29.9,0,,,,,,,,,,,,
500289,53.9,53.9,0,53.9,0,53.9,0,53.9,0,,,,,,,,,,,,
500292,48.9,48.9,0,48.9,0,48.9,0,48.9,0,,,,,,,,,,,,
500293,35.9,35.9,0,35.9,0,,,,,,,,,,,,,,,,
500294,34.9,34.9,0,34.9,0,34.9,0,34.9,0,34.9,0,,,,,,,,,,
500295,46.9,46.9,0,46.9,0,46.9,0,46.9,0,,,,,,,,,,,,
500372,,,,,,,,,,,,,,,,,,,,,
500771,6,6,0,6,0,6,0,6,0,6,0,,,,,,,,,,
501510,145,145,0,145,0,145,0,145,0,145,0,145,0,145,0,145,0,124,0.169,83,0.747
501717,25,25,0,25,0,25,0,25,0,25,0,25,0,25,0,25,0,22,0.136,,
501718,25,25,0,25,0,25,0,25,0,25,0,25,0,25,0,,,,,,
501775,12.5,12.5,0,12.5,0,12.5,0,12.5,0,12.5,0,12.5,0,12.5,0,12.5,0,11.2,0.116,8.6,0.453
501832,,,,,,,,,,,,,,,,,,,,,
502039,30.6,30.6,0,30.6,0,30.6,0,30.6,0,30.6,0,34.4,-0.11,34.4,-0.11,39.5,-0.225,35,-0.126,26.2,0.168
502415,939,939,0,939,0,939,0,939,0,939,0,,,,,,,,,,
502530,45.3,52,-0.129,52,-0.129,52,-0.129,52,-0.129,52,-0.129,,,52,-0.129,,,,,43.5,0.0414
502605,108,108,0,108,0,108,0,108,0,108,0,108,0,108,0,108,0,70,0.543,70,0.543
502620,319,319,0,319,0,319,0,319,0,319,0,382,-0.167,382,-0.167,382,-0.167,350,-0.0891,275,0.159
502630,71.8,71.8,0,71.8,0,71.8,0,71.8,0,71.8,0,71.8,0,71.8,0,71.8,0,64.2,0.118,50,0.436
502638,45,45,0,45,0,45,0,45,0,45,0,45,0,45,0,45,0,45,0,36.3,0.24
502640,30.3,30.3,0,30.3,0,30.3,0,30.3,0,30.3,0,30.3,0,30.3,0,,,,,,
502648,45,45,0,45,0,45,0,45,0,45,0,45,0,45,0,,,,,,
502649,30.3,30.3,0,30.3,0,30.3,0,30.3,0,30.3,0,30.3,0,30.3,0,30.3,0,30.3,0,24.3,0.247
502651,24.5,24.5,0,24.5,0,24.5,0,24.5,0,24.5,0,24.5,0,24.5,0,24.5,0,,,15.5,0.581
502672,,,,,,,,,,,,,,,,,,,,,
502740,,,,,,,,,,,,,,,,,,,,,
502952,25,25,0,25,0,25,0,25,0,25,0,25,0,25,0,25,0,15,0.667,,
503681,6.2,6.2,0,6.2,0,6.2,0,6.2,0,6.2,0,6.2,0,6.2,0,6,0.0333,5,0.24,5,0.24
503720,6.5,,,,,,,,,,,6.5,0,6.5,0,6.5,0,6.5,0,6.5,0
504270,12,12,0,12,0,12,0,12,0,12,0,12,0,12,0,11,0.0909,10,0.2,10,0.2
504396,34,34,0,34,0,34,0,34,0,34,0,34,0,34,0,34,0,29,0.172,25,0.36
504513,84.4,84.4,0,84.4,0,84.4,0,84.4,0,84.4,0,84.4,0,84.4,0,84.4,0,72,0.172,64,0.319
504877,24.5,24.5,0,24.5,0,24.5,0,24.5,0,24.5,0,24.5,0,24.5,0,19.5,0.256,19.5,0.256,19.5,0.256
505170,,,,,,,,,,,,,,,,,,,,,
505560,10.5,10.5,0,10.5,0,10.5,0,10.5,0,10.5,0,,,10.5,0,10.5,0,,,5.7,0.842
505579,11.8,11.8,0,11.8,0,11.8,0,11.8,0,11.8,0,11.8,0,11.8,0,11.8,0,11.8,0,11.8,0
506040,22.7,22.7,0,22.7,0,22.7,0,22.7,0,22.7,0,22.7,0,18,0.261,20,0.135,20.4,0.113,17.2,0.32
506082,,,,,,,,,,,,,,,,,,,,,
506982,35,35,0,35,0,35,0,35,0,35,0,35,0,35,0,35,0,30,0.167,22.5,0.556
507033,,,,,,,,,,,,,,,,,,,,,
507034,43.1,43.1,0,43.1,0,43.1,0,43.1,0,43.1,0,43.1,0,43.1,0,43.1,0,35.5,0.214,25,0.724
507040,22.7,22.7,0,22.7,0,22.7,0,22.7,0,22.7,0,22.7,0,18,0.261,22.7,0,20.4,0.113,18.2,0.247
507046,22.7,22.7,0,22.7,0,22.7,0,22.7,0,22.7,0,22.7,0,18,0.261,20,0.135,20.4,0.113,18.2,0.247
507870,11.3,11.3,0,11.3,0,11.3,0,11.3,0,11.3,0,11.3,0,11.3,0,11.3,0,10.4,0.0865,8.9,0.27
507875,11.3,11.3,0,11.3,0,11.3,0,11.3,0,11.3,0,11.3,0,11.3,0,11.3,0,10.4,0.0865,8.9,0.27
508144,11.5,11.5,0,11.5,0,11.5,0,11.5,0,11.5,0,11.5,0,11.5,0,11.5,0,7,0.643,7,0.643
508225,7.5,7.5,0,7.5,0,7.5,0,7.5,0,7.5,0,7.5,0,7.5,0,8.5,-0.118,6,0.25,6,0.25
508799,28.5,28.5,0,28.5,0,24.9,0.145,24.9,0.145,25.1,0.135,27.9,0.0215,32,-0.109,33.9,-0.159,21.5,0.326,21,0.357
508802,28.5,28.5,0,28.5,0,24.9,0.145,24.9,0.145,28.5,0,23.9,0.192,23.9,0.192,28.5,0,21,0.357,21,0.357
508829,23.9,23.9,0,29.5,-0.19,29.5,-0.19,29.5,-0.19,29.5,-0.19,28.5,-0.161,28.5,-0.161,29.9,-0.201,15.5,0.542,24,-0.00417
509000,,,,,,,,,,,,,,,,,,,,,
509060,67.5,39,0.731,39,0.731,39,0.731,39,0.731,39,0.731,39,0.731,39,0.731,67.5,0,67.5,0,,
509064,12,12,0,12,0,12,0,12,0,12,0,12,0,12,0,12,0,,,,
509083,15.5,17,-0.0882,17,-0.0882,17,-0.0882,17,-0.0882,17,-0.0882,17.6,-0.119,20,-0.225,22.6,-0.314,,,28,-0.446
509084,,,,,,,,,,,,,,,,,,,,,
509087,73.4,73.4,0,73.4,0,73.4,0,73.4,0,73.4,0,73.4,0,73.4,0,79,-0.0709,79,-0.0709,61.9,0.186
509302,64.1,64.1,0,64.1,0,64.1,0,64.1,0,64.1,0,64.1,0,85,-0.246,85,-0.246,56,0.145,50,0.282
509310,107,107,0,107,0,107,0,107,0,107,0,107,0,85.9,0.25,107,0,87.9,0.222,66.3,0.62
510036,,,,,,,,,,,,,,,,,,,,,
510254,,,,,,,,,,,,,,,,,,,,,
510418,13.5,13.5,0,13.5,0,13.5,0,13.5,0,,,,,,,,,,,,
510475,,,,,,,,,,,,,,,,,,,,,
511307,20.5,20.5,0,20.5,0,16.9,0.213,16.9,0.213,20.5,0,16.5,0.242,16.5,0.242,16.9,0.213,15,0.367,14.5,0.414
511374,,,,,,,,,,,,,,,,,,,,,
511617,55,55,0,55,0,55,0,55,0,55,0,55,0,52.9,0.0397,52.9,0.0397,46.9,0.173,46.9,0.173
511846,84.9,84.9,0,84.9,0,84.9,0,84.9,0,84.9,0,,,,,,,,,,
511870,60.5,,,,,,,60.5,0,60.5,0,60.5,0,60.5,0,60.5,0,54.9,0.102,58,0.0431
511878,,,,,,,,,,,,,,,,,,,,,
513040,19.9,19.9,0,25,-0.204,22.9,-0.131,22.9,-0.131,25,-0.204,25,-0.204,23.9,-0.167,29.5,-0.325,27.5,-0.276,,
513105,,,,,,,,,,,,,,,,,,,,,
513130,,,,,,,,,,,,,,,,,,,,,
513148,,,,,,,,,,,,,,,,,,,,,
513155,,,,,,,,,,,,,,,,,,,,,
513440,35.3,35.3,0,35.3,0,35.3,0,44,-0.198,44,-0.198,44,-0.198,44,-0.198,50,-0.294,48.4,-0.271,35.5,-0.00563
513458,38.2,38.2,0,38.2,0,38.2,0,47.7,-0.199,47.7,-0.199,47.7,-0.199,47.7,-0.199,54,-0.293,52.4,-0.271,36.8,0.038
513503,,,,,,,,,,,,,,,,,,,,,
513520,26.5,26.5,0,26.5,0,26.5,0,33,-0.197,33,-0.197,33,-0.197,33,-0.197,37.5,-0.293,36.8,-0.28,,
514411,5.2,5.2,0,5.2,0,5.2,0,5.2,0,5.2,0,5.2,0,,,5.2,0,5,0.04,5,0.04
514817,9.5,9.5,0,9.5,0,9.5,0,9.5,0,8.5,0.118,8.5,0.118,,,8.9,0.0674,7.9,0.203,7.9,0.203
515036,25.9,25.9,0,25.9,0,25.9,0,25.9,0,25.9,0,27,-0.0407,27,-0.0407,31.9,-0.188,26,-0.00385,,
515042,49.9,49.9,0,49.9,0,49.9,0,49.9,0,49.9,0,49.9,0,49.9,0,56,-0.109,45,0.109,37,0.349
515044,46.8,46.8,0,46.8,0,46.8,0,46.8,0,46.8,0,49.9,-0.0621,49.9,-0.0621,56,-0.164,45,0.04,37,0.265
515153,7.5,7.5,0,7.5,0,7.5,0,7.5,0,7.5,0,7.5,0,7.5,0,7.5,0,7.5,0,6.2,0.21
516112,25,25,0,25,0,25,0,25,0,25,0,25,0,25,0,26,-0.0385,26,-0.0385,19.5,0.282
516119,53,53,0,53,0,53,0,53,0,53,0,53,0,53,0,47,0.128,34.5,0.536,34.5,0.536
516139,10.5,10.5,0,10.5,0,10.5,0,10.5,0,10.5,0,10.5,0,10.5,0,,,9.4,0.117,10.5,0
516211,12.5,12.5,0,12.5,0,12.5,0,12.5,0,12.5,0,12.5,0,12.5,0,12.5,0,,,,
516236,11,11,0,11,0,11,0,11,0,11,0,11,0,11,0,11,0,7,0.571,7,0.571
516260,40,40,0,40,0,40,0,40,0,40,0,40,0,40,0,40.5,-0.0123,39.9,0.00251,39.9,0.00251
516287,,,,,,,,,,,,,,,,,,,,,
517313,17.5,17.5,0,17.5,0,17.5,0,17.5,0,17.5,0,17.5,0,17.5,0,,,16.5,0.0606,12,0.458
517321,23,23,0,23,0,23,0,23,0,23,0,23,0,23,0,23,0,21.8,0.055,,
517330,,,,,,,,,,,,,,,,,,,,,
517348,,,,,,,,,,,,,,,,,,,,,
517372,79.9,79.9,0,79.9,0,79.9,0,79.9,0,79.9,0,79.9,0,79.9,0,85.6,-0.0666,81.5,-0.0196,63.6,0.256
517864,23.5,23.5,0,23.5,0,23.5,0,23.5,0,23.5,0,23.5,0,,,,,19.5,0.205,19.5,0.205
517976,,,,,,,,,,,,,,,,,,,,,
518004,25,25,0,25,0,25,0,25,0,,,25,0,25,0,25,0,25,0,25,0
518036,81,81,0,81,0,81,0,81,0,81,0,81,0,81,0,81,0,81,0,81,0
518038,119,119,0,119,0,119,0,119,0,119,0,119,0,119,0,119,0,119,0,119,0
518085,,,,,,,,,,,,,,,,,,,,,
518139,,,,,,,,,,,,,,,,,,,,,
518187,28.9,28.9,0,28.9,0,28.9,0,28.9,0,,,28.9,0,,,28.9,0,23,0.257,22,0.314
518344,39,39,0,39,0,39,0,39,0,39,0,39,0,39,0,39,0,35,0.114,28,0.393
518711,12.5,12.5,0,12.5,0,12.5,0,12.5,0,12.5,0,12.5,0,12.5,0,10.6,0.179,,,,
518718,125,125,0,125,0,125,0,125,0,125,0,125,0,125,0,125,0,76,0.645,73,0.712
519707,23.5,23.5,0,23.5,0,23.5,0,23.5,0,23.5,0,23.5,0,23.5,0,23.5,0,18.2,0.291,18.2,0.291
519731,125,125,0,125,0,125,0,125,0,125,0,125,0,125,0,125,0,109,0.147,109,0.147
519758,158,158,0,158,0,158,0,158,0,158,0,158,0,158,0,158,0,130,0.212,130,0.212
519804,55,55,0,55,0,55,0,55,0,55,0,55,0,55,0,,,41.9,0.313,41.9,0.313
520300,31.3,31.3,0,31.3,0,31.3,0,31.3,0,31.3,0,,,31.3,0,,,,,,
520302,31.3,31.3,0,31.3,0,31.3,0,31.3,0,31.3,0,31.3,0,31.3,0,31.3,0,28.7,0.0906,,
520303,48.7,48.7,0,48.7,0,48.7,0,48.7,0,,,48.7,0,,,,,,,,
520304,48.7,48.7,0,48.7,0,48.7,0,48.7,0,,,48.7,0,,,,,,,,
520305,48.7,48.7,0,48.7,0,48.7,0,48.7,0,48.7,0,,,48.7,0,,,41.9,0.162,,
520310,40,40,0,40,0,40,0,40,0,40,0,49.9,-0.198,49.9,-0.198,49.9,-0.198,35.5,0.127,27.3,0.465
520314,19,19,0,19,0,19,0,19,0,19,0,19,0,19,0,19,0,15,0.267,15,0.267
520315,34.4,34.4,0,34.4,0,34.4,0,34.4,0,34.4,0,34.4,0,34.4,0,34.4,0,27.5,0.251,27.5,0.251
520316,,,,,,,,,,,,,,,,,,,,,
520317,,,,,,,,,,,,,,,,,,,,,
520318,,,,,,,,,,,,,,,,,,,,,
520320,13.2,13.2,0,13.2,0,13.2,0,13.2,0,13.2,0,13.2,0,13.2,0,13.2,0,11,0.2,11,0.2
520322,,,,,,,,,,,,,,,,,,,,,
520324,26.5,26.5,0,26.5,0,26.5,0,26.5,0,26.5,0,26.5,0,26.5,0,26.5,0,22,0.205,22,0.205
520343,,,,,,,,,,,,,,,,,,,,,
520370,35.7,35.7,0,35.7,0,35.7,0,35.7,0,35.7,0,35.7,0,,,,,27.9,0.28,20.5,0.741
520374,42.4,42.4,0,42.4,0,42.4,0,42.4,0,42.4,0,42.4,0,42.4,0,35.5,0.194,35.5,0.194,25,0.696
520829,,,,,,,,,,,,,,,,,,,,,
521302,31.2,31.2,0,31.2,0,31.2,0,31.2,0,31.2,0,31.2,0,31.2,0,31.2,0,26,0.2,24,0.3
521353,72.2,72.2,0,72.2,0,72.2,0,72.2,0,72.2,0,72.2,0,72.2,0,72.2,0,60.3,0.197,55,0.313
521663,93,93,0,93,0,93,0,93,0,93,0,93,0,93,0,83.6,0.112,76.3,0.219,73.3,0.269
521950,,,,,,,,,,,,,,,,,,,,,
522007,84.9,84.9,0,88,-0.0352,88,-0.0352,88,-0.0352,,,88,-0.0352,88,-0.0352,88,-0.0352,72,0.179,62,0.369
522449,,,,,,,,,,,,,,,,,,,,,
522538,6.7,6.7,0,6.7,0,6.7,0,6.7,0,6.7,0,6.7,0,6.7,0,6.7,0,5.5,0.218,5.5,0.218
522546,16.5,16.5,0,16.5,0,16.5,0,16.5,0,16.5,0,16.5,0,16.5,0,16.5,0,16.5,0,16.5,0
522562,9.5,9.5,0,,,,,9.5,0,9.5,0,9.5,0,9.5,0,9.5,0,9.5,0,8.5,0.118
522600,10,10,0,10,0,10,0,10,0,10,0,10,0,10,0,10,0,10,0,10,0
523879,20.9,20.9,0,20.9,0,20.9,0,25.9,-0.193,25.9,-0.193,25.9,-0.193,30.9,-0.324,30.9,-0.324,23,-0.0913,19,0.1
524050,332,332,0,332,0,332,0,332,0,332,0,332,0,,,,,331,0.00332,261,0.273
524150,50,50,0,50,0,50,0,50,0,50,0,50,0,50,0,50,0,37,0.351,,
524387,56.9,56.9,0,56.9,0,56.9,0,56.9,0,56.9,0,56.9,0,56.9,0,56.9,0,47.4,0.2,43,0.323
524441,,,,,,,,,,,,,,,,,,,,,
524824,12.9,12.9,0,18,-0.283,18,-0.283,18,-0.283,11.9,0.084,18,-0.283,18,-0.283,,,,,,
525464,31,31,0,31,0,31,0,31,0,31,0,30,0.0333,30,0.0333,30,0.0333,27.5,0.127,27.5,0.127
525847,24,24,0,24,0,24,0,24,0,24,0,24,0,24,0,,,,,,
527700,119,119,0,150,-0.207,150,-0.207,150,-0.207,150,-0.207,150,-0.207,150,-0.207,175,-0.32,159,-0.252,95,0.253
527718,139,,,,,139,0,139,0,,,,,150,-0.0733,175,-0.206,159,-0.126,,
527726,,,,,,,,,,,,,,,,,,,,,
528005,,,,,,,,,,,,,,,,,,,,,
528130,,,,,,,,,,,,,,,,,,,,,
528463,,,,,,,,,,,,,,,,,,,,,
528510,8,8,0,8,0,8,0,8,0,8,0,8,0,8,0,8,0,7.5,0.0667,7.5,0.0667
528544,7,7,0,7,0,7,0,7,0,7,0,7,0,7,0,7,0,6.3,0.111,6.3,0.111
528609,,,,,,,,,,,,,,,,,,,,,
530110,24,24,0,24,0,24,0,24,0,24,0,24,0,20,0.2,24,0,19.9,0.206,19.9,0.206
530111,24,24,0,24,0,24,0,24,0,24,0,24,0,20,0.2,24,0,,,,
530113,24,24,0,24,0,24,0,24,0,24,0,24,0,24,0,24,0,,,,
530251,22.8,22.8,0,22.8,0,22.8,0,22.8,0,22.8,0,22.8,0,,,,,,,,
530252,42,42,0,42,0,33,0.273,33,0.273,36,0.167,36,0.167,32,0.312,36,0.167,36,0.167,,
530621,13.5,13.5,0,13.5,0,13.5,0,13.5,0,13.5,0,13.5,0,13.5,0,,,9.9,0.364,9.9,0.364
530831,,,,,,,,,,,,,,,,,,,,,
530834,,,,,,,,,,,,,,,,,,,,,
530905,,,,,,,,,,,,,,,,,,,,,
530948,,,,,,,,,,,,,,,,,,,,,
532886,,,,,,,,,,,,,,,,,,,,,
533098,,,,,,,,,,,,,,,,,,,,,
534285,14,14,0,14,0,14,0,17.5,-0.2,17.5,-0.2,17.5,-0.2,17.5,-0.2,21.6,-0.352,19.2,-0.271,14,0
534609,,,,,,,,,,,,,,,,,,,,,
534617,,,,,,,,,,,,,,,,,,,,,
534625,,,,,,,,,,,,,,,,,,,,,
534633,,,,,,,,,,,,,,,,,,,,,
534641,16,16,0,16,0,16,0,16,0,16,0,16,0,16,0,16,0,16,0,16,0
534668,,,,,,,,,,,,,,,,,,,,,
534714,9.5,9.5,0,9.5,0,9.5,0,8,0.188,8,0.188,8,0.188,8,0.188,8,0.188,8,0.188,8,0.188
534994,,,,,,,,,,,,,,,,,,,,,
535216,15,15,0,15,0,15,0,15,0,15,0,12.9,0.163,13.5,0.111,,,,,,
536210,22,22,0,22,0,22,0,22,0,22,0,22,0,22,0,22,0,19,0.158,19,0.158
536849,25.6,25.6,0,25.6,0,25.6,0,25.6,0,25.6,0,25.6,0,25.6,0,25.6,0,21.8,0.174,15.5,0.652
537012,39.8,39.8,0,39.8,0,39.8,0,39.8,0,39.8,0,39.8,0,39.8,0,39.8,0,39.1,0.0179,,
537020,45.9,45.9,0,45.9,0,45.9,0,45.9,0,45.9,0,45.9,0,45.9,0,45.9,0,48.7,-0.0575,,
537438,16.5,16.5,0,16.5,0,,,,,16.5,0,16.5,0,,,13.5,0.222,12,0.375,12,0.375
537470,10.5,10.5,0,10.5,0,10.5,0,10.5,0,10.5,0,10.5,0,10.5,0,10.5,0,8.5,0.235,8.5,0.235
537803,30.6,30.6,0,30.6,0,30.6,0,30.6,0,30.6,0,37,-0.173,37,-0.173,36.9,-0.171,35,-0.126,26.8,0.142
538221,27.5,27.5,0,27.5,0,27.5,0,27.5,0,27.5,0,27.5,0,27.5,0,27.5,0,25,0.1,25,0.1
539198,138,138,0,138,0,138,0,138,0,,,138,0,138,0,,,108,0.287,,
539244,130,130,0,130,0,130,0,130,0,,,130,0,130,0,113,0.146,104,0.248,94.1,0.379
539252,129,129,0,129,0,129,0,129,0,,,129,0,,,112,0.145,104,0.237,94.1,0.367
539260,193,193,0,193,0,193,0,193,0,193,0,193,0,193,0,,,156,0.237,126,0.535
539708,,,,,,,,,,,,,,,,,,,,,
539805,35.5,35.5,0,35.5,0,35.5,0,35.5,0,,,,,,,,,,,,
539813,,,,,,,,,,,,,,,,,,,,,
539821,35.5,35.5,0,35.5,0,35.5,0,35.5,0,,,,,,,,,,,,
539856,33.1,33.1,0,33.1,0,33.1,0,33.1,0,33.1,0,33.1,0,33.1,0,33.1,0,27.6,0.199,,
540161,72.2,72.2,0,72.2,0,72.2,0,72.2,0,72.2,0,72.2,0,72.2,0,72.2,0,60.2,0.199,,
540250,15.4,15.4,0,15.4,0,15.4,0,15.4,0,15.4,0,15.4,0,15.4,0,15.4,0,14.8,0.0405,10.5,0.467
540269,14.5,14.5,0,14.5,0,14.5,0,14.5,0,14.5,0,14.5,0,14.5,0,15.4,-0.0584,14.8,-0.0203,10.5,0.381
540439,28.1,28.1,0,28.1,0,28.1,0,28.1,0,28.1,0,28.1,0,28.1,0,28.1,0,24.5,0.147,21,0.338
540455,31.5,31.5,0,31.5,0,31.5,0,31.5,0,31.5,0,28.9,0.09,30.6,0.0294,30.6,0.0294,26.5,0.189,,
540463,30.5,30.5,0,30.5,0,30.5,0,30.5,0,30.5,0,27.9,0.0932,29.4,0.0374,29.4,0.0374,24.5,0.245,,
540471,25,25,0,25,0,25,0,25,0,25,0,25,0,25,0,25,0,25,0,25,0
540480,,,,,,,,,,,,,,,,,,,,,
540498,58.7,58.7,0,58.7,0,58.7,0,58.7,0,58.7,0,58.7,0,58.7,0,58.7,0,48.5,0.21,39,0.505
540501,56.1,56.1,0,56.1,0,56.1,0,56.1,0,56.1,0,56.1,0,56.1,0,,,47.5,0.181,,
540528,42.5,42.5,0,42.5,0,42.5,0,42.5,0,42.5,0,42.5,0,42.5,0,42.5,0,36.5,0.164,25.5,0.667
540544,28.1,28.1,0,28.1,0,28.1,0,28.1,0,28.1,0,28.1,0,28.1,0,28.1,0,24.5,0.147,21,0.338
540745,28,28,0,28,0,28,0,28,0,28,0,28,0,28,0,28,0,24.5,0.143,21,0.333
540746,28.1,28.1,0,28.1,0,28.1,0,28.1,0,28.1,0,28.1,0,28.1,0,28.1,0,24.5,0.147,20.5,0.371
540749,7.5,7.5,0,,,,,,,,,,,,,11.5,-0.348,11,-0.318,8,-0.0625
540757,10.5,10.5,0,10.5,0,10.5,0,10.5,0,10.5,0,10.5,0,10.5,0,11.5,-0.087,11,-0.0455,8,0.312
540765,,,,,,,,,,,,,,,,,,,,,
540900,17,17,0,17,0,17,0,17,0,17,0,17,0,17,0,,,14.9,0.141,14,0.214
540919,,,,,,,,,,,,,,,,,,,,,
540927,15,15,0,15,0,15,0,15.8,-0.0506,15.8,-0.0506,15.8,-0.0506,15.8,-0.0506,15.8,-0.0506,14.5,0.0345,14,0.0714
540932,42.5,42.5,0,42.5,0,,,42.5,0,,,42.5,0,42.5,0,34,0.25,,,31.5,0.349
540935,74,74,0,,,74,0,75.9,-0.025,75.9,-0.025,75.9,-0.025,75.9,-0.025,75.9,-0.025,71.9,0.0292,60.9,0.215
540951,9.5,9.5,0,9.5,0,9.5,0,9.5,0,9.5,0,9.5,0,9.5,0,9.5,0,8.5,0.118,6.5,0.462
541079,,,,,,,,,,,,,,,,,,,,,
541087,19.5,19.5,0,19.5,0,19.5,0,19.5,0,19.5,0,19.5,0,19.5,0,22,-0.114,21.5,-0.093,15.3,0.275
541223,11.7,11.7,0,11.7,0,11.7,0,11.7,0,11.7,0,11.7,0,,,11.7,0,11.7,0,11.7,0
542112,109,109,0,109,0,109,0,109,0,109,0,109,0,109,0,71.3,0.529,,,,
542115,134,134,0,134,0,134,0,134,0,134,0,134,0,134,0,90.9,0.474,90.9,0.474,90.9,0.474
542116,134,134,0,134,0,134,0,134,0,134,0,134,0,134,0,89.9,0.491,89.9,0.491,89.9,0.491
542210,,,,,,,,,,,,,,,,,,,,,
542246,13.5,13.5,0,13.5,0,13.5,0,13.5,0,13.5,0,13.5,0,13.5,0,13.5,0,11,0.227,,
542288,16.5,16.5,0,16.5,0,16.5,0,16.5,0,16.5,0,16.5,0,16.5,0,16.5,0,,,,
542320,41.5,41.5,0,41.5,0,41.5,0,41.5,0,41.5,0,41.5,0,41.5,0,41.5,0,39.9,0.0401,32.5,0.277
543661,89.3,89.3,0,89.3,0,89.3,0,89.3,0,89.3,0,89.3,0,89.3,0,89.3,0,87.5,0.0206,,
543692,,,,,,,,,,,,,,,,,,,,,
543693,,,,,,,,,,,,,,,,,,,,,
544310,,,,,,,,,,,,,,,,,,,,,
544329,71,71,0,71,0,71,0,71,0,71,0,71,0,71,0,71,0,52.5,0.352,,
544337,95,95,0,95,0,95,0,95,0,95,0,95,0,,,95,0,,,45,1.11
544418,60,60,0,60,0,60,0,60,0,60,0,60,0,71,-0.155,71,-0.155,52.5,0.143,34,0.765
544434,60,60,0,60,0,60,0,60,0,60,0,60,0,71,-0.155,71,-0.155,52.5,0.143,34,0.765
544450,80.7,80.7,0,80.7,0,80.7,0,80.7,0,80.7,0,80.7,0,94.9,-0.15,95,-0.151,70,0.153,44,0.834
544477,,,,,,,,,,,,,,,,,,,,,
544493,83,83,0,83,0,83,0,83,0,83,0,83,0,83,0,83,0,61.3,0.354,39.5,1.1
544540,6,6,0,6,0,6,0,5.8,0.0345,5.8,0.0345,5.8,0.0345,5.8,0.0345,5.5,0.0909,,,5.2,0.154
544558,4,4,0,,,4,0,3.6,0.111,3.6,0.111,3.6,0.111,3.6,0.111,3.5,0.143,3,0.333,3,0.333
544647,6.5,6.5,0,6.5,0,6.5,0,6.5,0,6.5,0,6.5,0,6.5,0,6.5,0,6.5,0,6.5,0
544736,59.4,59.4,0,59.4,0,59.4,0,59.4,0,59.4,0,59.4,0,59.4,0,64.5,-0.0791,64.5,-0.0791,51,0.165
544752,36.8,36.8,0,36.8,0,36.8,0,36.8,0,36.8,0,36.8,0,36.8,0,40,-0.08,40,-0.08,31,0.187
544760,,,,,,,,,,,,,,,,,,,,,
545090,19.4,19.4,0,19.4,0,19.4,0,19.4,0,19.4,0,19.4,0,19.4,0,18.8,0.0319,17.5,0.109,17.5,0.109
545104,23,23,0,23,0,23,0,23,0,23,0,23,0,23,0,22.5,0.0222,21,0.0952,21,0.0952
545465,60,60,0,60,0,60,0,60,0,60,0,60,0,71,-0.155,71,-0.155,36.8,0.63,34,0.765
545481,,,,,,,,,,,,,,,,,,,,,
545538,108,108,0,108,0,108,0,108,0,108,0,108,0,108,0,108,0,90,0.2,59.5,0.815
546020,,,,,,,,,,,,,,,,,,,,,
547719,29.9,29.9,0,29.9,0,29.9,0,29.9,0,29.9,0,29.9,0,,,,,,,,
547743,49.9,49.9,0,49.9,0,49.9,0,49.9,0,49.9,0,49.9,0,49.9,0,49.9,0,,,,
547751,49.9,49.9,0,49.9,0,49.9,0,49.9,0,49.9,0,49.9,0,49.9,0,49.9,0,,,,
547778,25.2,25.2,0,25.2,0,25.2,0,25.2,0,,,25.2,0,,,,,,,,
549516,,,,,,,,,,,,,,,,,,,,,
550002,42.5,42.5,0,42.5,0,42.5,0,42.5,0,42.5,0,42.5,0,,,51,-0.167,46,-0.0761,36.5,0.164
550004,,,,,,,,,,,,,,,,,,,,,
550005,,,,,,,,,,,,,,,,,,,,,
550007,75,75,0,75,0,75,0,130,-0.423,130,-0.423,130,-0.423,130,-0.423,130,-0.423,92,-0.185,92,-0.185
550009,,,,,,,,,,,,,,,,,,,,,
550013,,,,,,,,,,,,,,,,,,,,,
550015,,,,,,,,,,,,,,,,,,,,,
550016,,,,,,,,,,,,,,,,,,,,,
550022,,,,,,,,,,,,,,,,,,,,,
550026,,,,,,,,,,,,,,,,,,,,,
550029,12.5,12.5,0,12.5,0,12.5,0,12.5,0,12.5,0,12.5,0,12.5,0,12.5,0,12.5,0,,
550069,20,20,0,20,0,20,0,20,0,20,0,20,0,,,20,0,18.5,0.0811,17.5,0.143
550070,20,20,0,20,0,20,0,20,0,20,0,20,0,,,20,0,18.5,0.0811,17.5,0.143
550073,,,,,,,,,,,,,,,,,,,,,
550074,,,,,,,,,,,,,,,,,,,,,
550084,24.5,24.5,0,24.5,0,24.5,0,24.5,0,24.5,0,24.5,0,24.5,0,27.5,-0.109,,,,
550085,24.5,24.5,0,24.5,0,24.5,0,24.5,0,24.5,0,24.5,0,24.5,0,27.5,-0.109,,,,
550087,19.5,19.5,0,19.5,0,19.5,0,19.5,0,19.5,0,19.5,0,19.5,0,19.5,0,16.9,0.154,15,0.3
550088,25.9,25.9,0,25.9,0,25.9,0,25.9,0,25.9,0,25.9,0,25.9,0,,,,,,
550089,,,,,,,,,,,,,,,,,,,,,
550090,409,409,0,409,0,409,0,399,0.0251,399,0.0251,399,0.0251,399,0.0251,399,0.0251,269,0.52,256,0.598
550091,435,435,0,435,0,435,0,435,0,435,0,435,0,435,0,619,-0.297,459,-0.0523,369,0.179
550092,739,739,0,739,0,739,0,739,0,739,0,739,0,739,0,739,0,559,0.322,495,0.493
550093,329,329,0,329,0,329,0,349,-0.0573,349,-0.0573,349,-0.0573,349,-0.0573,349,-0.0573,235,0.4,220,0.495
550095,259,259,0,259,0,259,0,259,0,259,0,315,-0.178,315,-0.178,,,,,,
550097,,,,,,,,,,,,,,,,,,,,,
550101,,,,,,,,,,,,,,,,,,,,,
550102,20.5,20.5,0,20.5,0,20.5,0,20.5,0,20.5,0,20.5,0,20.5,0,20.5,0,20,0.025,14.5,0.414
550104,8,8,0,8,0,8,0,8,0,8,0,6.9,0.159,8,0,8,0,7.5,0.0667,7.5,0.0667
550109,26.9,26.9,0,26.9,0,26.9,0,26.9,0,26.9,0,26.9,0,26.9,0,26.9,0,22.9,0.175,19.9,0.352
550110,37.9,37.9,0,37.9,0,37.9,0,37.9,0,37.9,0,37.9,0,37.9,0,37.9,0,30.9,0.227,27.9,0.358
550111,26.9,26.9,0,26.9,0,26.9,0,26.9,0,26.9,0,26.9,0,26.9,0,26.9,0,22.9,0.175,19.9,0.352
550180,37.9,37.9,0,37.9,0,37.9,0,37.9,0,37.9,0,37.9,0,37.9,0,37.9,0,30.9,0.227,27.9,0.358
550182,,,,,,,,,,,,,,,,,,,,,
550185,,,,,,,,,,,,,,,,,,,,,
550187,,,,,,,,,,,,,,,,,,,,,
550268,38.5,38.5,0,38.5,0,38.5,0,38.5,0,38.5,0,38.5,0,38.5,0,38.5,0,32.5,0.185,32.5,0.185
550270,,,,,,,,,,,,,,,,,,,,,
550274,,,,,,,,,,,,,,,,,,,,,
550276,11.5,11.5,0,11.5,0,11.5,0,11.5,0,11.5,0,10.5,0.0952,13,-0.115,13,-0.115,11,0.0455,10,0.15
550277,11.5,11.5,0,11.5,0,11.5,0,11.5,0,11.5,0,10.5,0.0952,13,-0.115,13,-0.115,11,0.0455,10,0.15
550290,,,,,,,,,,,,,,,,,,,,,
550297,70,70,0,,,,,,,,,76.5,-0.085,76.5,-0.085,76.5,-0.085,62.5,0.12,58.5,0.197
550299,,,,,,,,,,,,,,,,,,,,,
550307,36.5,36.5,0,36.5,0,36.5,0,36.5,0,33.5,0.0896,29.5,0.237,33.5,0.0896,33.5,0.0896,33.5,0.0896,33.5,0.0896
550308,29,29,0,33.5,-0.134,33.5,-0.134,33.5,-0.134,33.5,-0.134,29.5,-0.0169,33.5,-0.134,33.5,-0.134,30,-0.0333,30,-0.0333
550309,33.5,33.5,0,33.5,0,33.5,0,33.5,0,33.5,0,33.5,0,33.5,0,33.5,0,30,0.117,30,0.117
550311,33.5,33.5,0,33.5,0,33.5,0,33.5,0,33.5,0,33.5,0,33.5,0,33.5,0,30,0.117,30,0.117
550312,15.9,15.9,0,18.5,-0.141,18.5,-0.141,18.5,-0.141,18.5,-0.141,18.5,-0.141,18.5,-0.141,16.9,-0.0592,16.9,-0.0592,16.9,-0.0592
550313,,,,,,,,,,,,,,,,,,,,,
550314,97.5,97.5,0,97.5,0,97.5,0,97.5,0,97.5,0,97.5,0,97.5,0,97.5,0,82.5,0.182,82.5,0.182
550315,97.5,97.5,0,97.5,0,97.5,0,97.5,0,97.5,0,97.5,0,97.5,0,97.5,0,87,0.121,87,0.121
550316,97.5,97.5,0,97.5,0,97.5,0,97.5,0,97.5,0,97.5,0,97.5,0,71,0.373,62.5,0.56,71,0.373
550317,120,120,0,120,0,120,0,120,0,120,0,120,0,120,0,120,0,114,0.0526,114,0.0526
550318,52.5,52.5,0,52.5,0,52.5,0,52.5,0,52.5,0,52.5,0,52.5,0,52.5,0,42,0.25,42,0.25
550320,59.9,59.9,0,,,,,,,,,,,,,,,,,,
550324,,,,,,,,,,,,,,,,,,,,,
550341,,,,,,,,,,,,,,,,,,,,,
550342,28,28,0,28,0,28,0,28,0,28,0,28,0,,,28,0,28,0,25.5,0.098
550343,,,,,,,,,,,,,,,,,,,,,
550344,27,27,0,27,0,27,0,27,0,27,0,27,0,27,0,27,0,27,0,24.5,0.102
550348,41.5,41.5,0,41.5,0,41.5,0,41.5,0,41.5,0,41.5,0,41.5,0,41.5,0,36,0.153,30.5,0.361
550349,40,40,0,40,0,40,0,40,0,40,0,40,0,40,0,40,0,40,0,29,0.379
550350,40.5,40.5,0,40.5,0,40.5,0,40.5,0,40.5,0,40.5,0,40.5,0,40.5,0,36,0.125,30.5,0.328
550351,45,45,0,45,0,45,0,45,0,45,0,45,0,45,0,45,0,45,0,36.5,0.233
550355,148,148,0,148,0,148,0,138,0.0727,138,0.0727,138,0.0727,138,0.0727,138,0.0727,138,0.0727,138,0.0727
550356,81,81,0,81,0,81,0,75,0.08,75,0.08,,,75,0.08,75,0.08,66.9,0.211,75,0.08
550357,78.5,78.5,0,78.5,0,78.5,0,68.5,0.146,68.5,0.146,68.5,0.146,68.5,0.146,68.5,0.146,68.5,0.146,68,0.154
550358,62.5,62.5,0,62.5,0,62.5,0,56,0.116,56,0.116,56,0.116,56,0.116,56,0.116,,,56,0.116
550359,37.5,37.5,0,37.5,0,37.5,0,34.5,0.087,34.5,0.087,34.5,0.087,34.5,0.087,35,0.0714,35,0.0714,35,0.0714
550360,41.9,41.9,0,41.9,0,41.9,0,38.5,0.0883,38.5,0.0883,33.9,0.236,38.5,0.0883,38.5,0.0883,35,0.197,35,0.197
550375,,,,,,,,,,,,,,,,,,,,,
550376,,,,,,,,,,,,,,,,,,,,,
550377,27.5,27.5,0,27.5,0,27.5,0,27.5,0,27.5,0,27.5,0,27.5,0,27.5,0,22.5,0.222,17.5,0.571
550378,27.5,27.5,0,27.5,0,27.5,0,27.5,0,27.5,0,27.5,0,27.5,0,27.5,0,22.5,0.222,17.5,0.571
550379,27.5,27.5,0,27.5,0,27.5,0,27.5,0,27.5,0,27.5,0,27.5,0,27.5,0,22.5,0.222,17.5,0.571
550381,22,22,0,22,0,22,0,22,0,22,0,22,0,22,0,20.5,0.0732,,,,
550382,,,,,,,,,,,,,,,,,,,,,
550383,,,,,,,,,,,,,,,,,,,,,
550390,,,,,,,,,,,,,,,,,,,,,
550392,13.9,13.9,0,16.5,-0.158,16.5,-0.158,16.5,-0.158,16.5,-0.158,10.5,0.324,13.5,0.0296,13,0.0692,13,0.0692,13,0.0692
550393,13.9,13.9,0,16.5,-0.158,16.5,-0.158,16.5,-0.158,16.5,-0.158,10.5,0.324,13.5,0.0296,13,0.0692,13,0.0692,13,0.0692
550394,49.5,49.5,0,49.5,0,49.5,0,49.5,0,49.5,0,49.5,0,49.5,0,41.5,0.193,41.5,0.193,41.5,0.193
550395,,,,,,,,,,,,,,,,,,,,,
550397,,,,,,,,,,,,,,,,,,,,,
550398,,,,,,,,,,,,,,,,,,,,,
550404,7,7,0,7,0,7,0,7,0,7,0,7,0,7,0,7,0,6,0.167,5,0.4
550405,34.9,34.9,0,34.9,0,34.9,0,34.9,0,34.9,0,34.9,0,34.9,0,39.9,-0.125,33.5,0.0418,27.9,0.251
550408,,,,,,,,,,,,,,,,,,,,,
550409,,,,,,,,,,,,,,,,,,,,,
550410,,,,,,,,,,,,,,,,,,,,,
550411,,,,,,,,,,,,,,,,,,,,,
550412,,,,,,,,,,,,,,,,,,,,,
550414,5.8,5.8,0,5.8,0,5.8,0,5.8,0,5.8,0,5.8,0,5.8,0,5.8,0,5.8,0,5.8,0
550415,11.5,11.5,0,,,11.5,0,11.5,0,11.5,0,11.5,0,11.5,0,11.5,0,11.5,0,11.5,0
550425,139,139,0,139,0,139,0,139,0,139,0,139,0,88,0.58,,,82.5,0.685,82.5,0.685
550430,,,,,,,,,,,,,,,,,,,,,
550432,,,,,,,,,,,,,,,,,,,,,
550433,92.5,92.5,0,92.5,0,92.5,0,92.5,0,92.5,0,92.5,0,92.5,0,89.5,0.0335,75,0.233,,
550436,,,,,,,,,,,,,,,,,,,,,
550437,,,,,,,,,,,,,,,,,,,,,
550438,,,,,,,,,,,,,,,,,,,,,
550439,,,,,,,,,,,,,,,,,,,,,
550445,,,,,,,,,,,,,,,,,,,,,
550446,,,,,,,,,,,,,,,,,,,,,
550447,,,,,,,,,,,,,,,,,,,,,
550452,,,,,,,,,,,,,,,,,,,,,
550453,,,,,,,,,,,,,,,,,,,,,
550454,,,,,,,,,,,,,,,,,,,,,
550455,,,,,,,,,,,,,,,,,,,,,
550456,,,,,,,,,,,,,,,,,,,,,
550457,,,,,,,,,,,,,,,,,,,,,
550460,,,,,,,,,,,,,,,,,,,,,
550461,112,112,0,112,0,112,0,112,0,112,0,112,0,112,0,,,,,,
550464,,,,,,,,,,,,,,,,,,,,,
550466,7.5,7.5,0,7.5,0,7.5,0,7.5,0,7.5,0,7.5,0,7.5,0,7.5,0,7,0.0714,7,0.0714
550467,6.2,6.2,0,6.2,0,6.2,0,6.2,0,6.2,0,6.2,0,,,,,,,5,0.24
550468,7.5,7.5,0,7.5,0,7.5,0,7.5,0,,,7.5,0,7.5,0,,,7.5,0,7.5,0
550470,5,5,0,5,0,5,0,5,0,5,0,5,0,5,0,5,0,5,0,5,0
550471,,,,,,,,,,,,,,,,,,,,,
550472,,,,,,,,,,,,,,,,,,,,,
550473,52.5,52.5,0,52.5,0,52.5,0,52.5,0,52.5,0,52.5,0,52.5,0,52.5,0,52.5,0,43.5,0.207
550474,9.3,9.3,0,9.3,0,9.3,0,9.3,0,9.3,0,9.3,0,9.3,0,9.3,0,,,,
550475,8.8,8.8,0,8.8,0,8.8,0,8.8,0,8.8,0,8.8,0,8.8,0,8.8,0,8,0.1,6.2,0.419
550476,15.5,15.5,0,15.5,0,15.5,0,15.5,0,15.5,0,15.5,0,15.5,0,15.5,0,15.5,0,13,0.192
550478,6.2,6.2,0,6.2,0,6.2,0,6.2,0,,,6.2,0,6.2,0,6.2,0,6.2,0,4,0.55
550481,,,,,,,,,,,,,,,,,,,,,
550482,,,,,,,,,,,,,,,,,,,,,
550490,30,30,0,30,0,30,0,30,0,30,0,30,0,30,0,30,0,,,12,1.5
550491,19.4,19.4,0,19.4,0,19.4,0,19.4,0,19.4,0,,,,,19.4,0,16.6,0.169,14.5,0.338
550492,241,241,0,241,0,241,0,241,0,241,0,241,0,241,0,241,0,170,0.418,151,0.596
550496,,,,,,,,,,,,,,,,,,,,,
550502,135,135,0,135,0,135,0,135,0,135,0,,,,,,,,,112,0.204
550513,16,16,0,16,0,16,0,16,0,,,16,0,,,15.4,0.039,13,0.231,13,0.231
550514,,,,,,,,,,,,,,,,,,,,,
550516,,,,,,,,,,,,,,,,,,,,,
550517,,,,,,,,,,,,,,,,,,,,,
550519,,,,,,,,,,,,,,,,,,,,,
550533,,,,,,,,,,,,,,,,,,,,,
550534,,,,,,,,,,,,,,,,,,,,,
550535,,,,,,,,,,,,,,,,,,,,,
550536,,,,,,,,,,,,,,,,,,,,,
550546,4,4,0,4,0,4,0,4,0,4,0,,,,,,,,,,
550549,,,,,,,,,,,,,,,,,,,,,
550551,7,7,0,7,0,7,0,7,0,7,0,7,0,7,0,8.7,-0.195,7.5,-0.0667,,
550552,,,,,,,,,,,,,,,,,,,,,
550553,7,7,0,7,0,7,0,7,0,7,0,7,0,7,0,8.7,-0.195,7.5,-0.0667,5,0.4
550554,7,7,0,7,0,7,0,7,0,7,0,7,0,7,0,8.6,-0.186,7.5,-0.0667,5,0.4
550560,126,126,0,126,0,126,0,126,0,126,0,126,0,126,0,126,0,114,0.103,89.9,0.398
550565,,,,,,,,,,,,,,,,,,,,,
550568,6.2,6.2,0,6.2,0,6.2,0,6.2,0,6.2,0,6.2,0,6.2,0,6.2,0,6.2,0,6.2,0
550569,6.2,6.2,0,6.2,0,6.2,0,6.2,0,6.2,0,6.2,0,6.2,0,6.2,0,6.2,0,6.2,0
550570,7,7,0,7,0,7,0,7,0,7,0,6.2,0.129,,,6.2,0.129,,,6.2,0.129
550575,,,,,,,,,,,,,,,,,,,,,
550576,30,30,0,30,0,30,0,30,0,28.5,0.0526,28.5,0.0526,28.5,0.0526,28.5,0.0526,21,0.429,,
550577,30,30,0,30,0,30,0,30,0,28.5,0.0526,28.5,0.0526,28.5,0.0526,28.5,0.0526,21,0.429,19.5,0.538
550578,,,,,,,,,,,,,,,,,,,,,
550579,33.5,33.5,0,33.5,0,33.5,0,33.5,0,32.5,0.0308,32.5,0.0308,32.5,0.0308,32.5,0.0308,26.5,0.264,24.5,0.367
550580,33.5,33.5,0,33.5,0,33.5,0,33.5,0,32.5,0.0308,32.5,0.0308,32.5,0.0308,32.5,0.0308,26.5,0.264,24.5,0.367
550581,28.5,28.5,0,28.5,0,28.5,0,28.5,0,,,,,27.5,0.0364,27.5,0.0364,21,0.357,19.5,0.462
550583,28.5,28.5,0,28.5,0,28.5,0,28.5,0,27.5,0.0364,27.5,0.0364,27.5,0.0364,27.5,0.0364,21,0.357,19.5,0.462
550584,125,125,0,125,0,125,0,125,0,125,0,125,0,125,0,125,0,87,0.437,87,0.437
550588,5.2,5.2,0,5.2,0,5.2,0,5.2,0,5.2,0,5.2,0,5.2,0,5.2,0,5,0.04,5,0.04
550589,,,,,,,,,,,,,,,,,,,,,
550590,57.5,57.5,0,57.5,0,57.5,0,57.5,0,57.5,0,57.5,0,57.5,0,,,,,,
550595,,,,,,,,,,,,,,,,,,,,,
550596,162,162,0,162,0,162,0,162,0,162,0,162,0,140,0.162,162,0,142,0.14,142,0.14
550597,148,148,0,148,0,148,0,148,0,148,0,142,0.0387,125,0.181,148,0,142,0.0351,142,0.0387
550600,,,,,,,,,,,,,,,,,,,,,
550603,15,15,0,15,0,15,0,15,0,15,0,15,0,,,,,15,0,15,0
550604,54.5,54.5,0,54.5,0,54.5,0,54.5,0,54.5,0,54.5,0,54.5,0,,,,,,
550607,,,,,,,,,,,,,,,,,,,,,
550609,49.5,49.5,0,49.5,0,49.5,0,49.5,0,49.5,0,49.5,0,49.5,0,49.5,0,42,0.179,36,0.375
550610,69.5,69.5,0,69.5,0,69.5,0,69.5,0,69.5,0,69.5,0,69.5,0,79.5,-0.126,68,0.0221,54,0.287
550621,,,,,,,,,,,,,,,,,,,,,
550623,24.5,24.5,0,24.5,0,24.5,0,24.5,0,24.5,0,24.5,0,24.5,0,24.5,0,22,0.114,19,0.289
550624,24.5,24.5,0,24.5,0,24.5,0,24.5,0,24.5,0,,,24.5,0,24.5,0,22,0.114,19,0.289
550625,98,98,0,98,0,98,0,98,0,98,0,,,,,98,0,98,0,89,0.101
550626,112,112,0,112,0,112,0,112,0,112,0,112,0,,,112,0,102,0.098,93,0.204
550627,114,114,0,114,0,114,0,114,0,114,0,,,114,0,114,0,103,0.107,95,0.2
550628,114,114,0,114,0,114,0,114,0,114,0,114,0,114,0,114,0,103,0.107,95,0.2
550629,93.5,93.5,0,93.5,0,93.5,0,93.5,0,93.5,0,93.5,0,93.5,0,,,85,0.1,75,0.247
550630,38.5,38.5,0,38.5,0,38.5,0,38.5,0,38.5,0,38.5,0,38.5,0,38.5,0,35,0.1,31,0.242
550632,,,,,,,,,,,,,,,,,,,,,
550634,7,7,0,7,0,7,0,7,0,7,0,7,0,7,0,5.7,0.228,5.7,0.228,5.7,0.228
550636,,,,,,,,,,,,,,,,,,,,,
550642,,,,,,,,,,,,,,,,,,,,,
550643,559,559,0,559,0,559,0,559,0,559,0,559,0,559,0,559,0,409,0.367,325,0.72
550652,32.5,32.5,0,32.5,0,32.5,0,32.5,0,32.5,0,32.5,0,32.5,0,32.5,0,24.5,0.327,22,0.477
550666,24,24,0,24,0,24,0,24,0,24,0,24,0,24,0,24,0,18.5,0.297,15.9,0.509
550667,16,16,0,16,0,16,0,16,0,16,0,16,0,16,0,16,0,15,0.0667,13,0.231
550668,15,15,0,15,0,15,0,15,0,15,0,15,0,15,0,15,0,10,0.5,10,0.5
550669,46.3,46.3,0,46.3,0,46.3,0,46.3,0,46.3,0,46.3,0,46.3,0,46.3,0,,,38,0.218
550670,36.3,36.3,0,36.3,0,36.3,0,36.3,0,36.3,0,36.3,0,36.3,0,,,35,0.0371,33.5,0.0836
550672,27.5,27.5,0,27.5,0,27.5,0,27.5,0,27.5,0,27.5,0,27.5,0,27.5,0,27.5,0,27.5,0
550673,42.5,42.5,0,42.5,0,42.5,0,42.5,0,42.5,0,42.5,0,42.5,0,42.5,0,37.5,0.133,36,0.181
550674,37.5,37.5,0,37.5,0,37.5,0,37.5,0,37.5,0,37.5,0,37.5,0,37.5,0,33.8,0.109,32,0.172
550675,37.5,37.5,0,37.5,0,37.5,0,37.5,0,37.5,0,37.5,0,37.5,0,37.5,0,33.8,0.109,31,0.21
550678,32.5,32.5,0,32.5,0,32.5,0,32.5,0,30,0.0833,30,0.0833,,,30,0.0833,24.5,0.327,22.9,0.419
550681,,,,,,,,,,,,,,,,,,,,,
550682,37.5,37.5,0,37.5,0,37.5,0,37.5,0,36,0.0417,36,0.0417,36,0.0417,36,0.0417,28.5,0.316,27,0.389
550683,37.5,37.5,0,37.5,0,37.5,0,37.5,0,36,0.0417,36,0.0417,36,0.0417,36,0.0417,29,0.293,27,0.389
550685,32.5,32.5,0,32.5,0,32.5,0,32.5,0,,,,,,,30,0.0833,24.5,0.327,22.9,0.419
550686,15,15,0,15,0,15,0,15,0,15,0,15,0,15,0,15,0,15,0,15,0
550687,15,15,0,15,0,15,0,15,0,15,0,15,0,15,0,15,0,15,0,15,0
550688,22,22,0,22,0,22,0,22,0,22,0,22,0,22,0,22,0,22,0,22,0
550689,25,25,0,25,0,25,0,25,0,25,0,25,0,25,0,25,0,25,0,25,0
550690,,,,,,,,,,,,,,,,,,,,,
550691,25,25,0,25,0,25,0,25,0,25,0,25,0,25,0,25,0,25,0,25,0
550692,,,,,,,,,,,,,,,,,,,,,
550693,,,,,,,,,,,,,,,,,,,,,
550694,7.5,7.5,0,7.5,0,7.5,0,7.5,0,7.5,0,7.5,0,7.5,0,6.9,0.087,,,3.8,0.974
550708,11.9,11.9,0,11.9,0,11.9,0,11.9,0,11.9,0,11.9,0,11.9,0,11.9,0,,,,
550709,11.9,11.9,0,11.9,0,11.9,0,11.9,0,11.9,0,11.9,0,11.9,0,11.9,0,,,,
550711,11.9,11.9,0,11.9,0,11.9,0,11.9,0,11.9,0,11.9,0,11.9,0,11.9,0,,,,
550732,,,,,,,,,,,,,,,,,,,,,
550735,54,54,0,54,0,54,0,54,0,54,0,54,0,54,0,88.5,-0.39,69.5,-0.223,45.9,0.176
550738,12.5,12.5,0,12.5,0,12.5,0,12.5,0,12.5,0,12.5,0,12.5,0,12.5,0,11.5,0.087,11.5,0.087
550740,54,54,0,54,0,54,0,54,0,54,0,54,0,54,0,82.2,-0.343,69.5,-0.223,45.9,0.176
550741,48.5,48.5,0,48.5,0,48.5,0,48.5,0,48.5,0,48.5,0,82.2,-0.41,82.2,-0.41,69.5,-0.302,45.9,0.0566
550745,54,54,0,54,0,54,0,54,0,54,0,54,0,54,0,85.5,-0.368,69.5,-0.223,45.9,0.176
550746,85,85,0,85,0,85,0,85,0,85,0,85,0,85,0,85,0,69.5,0.223,45.9,0.852
550749,138,138,0,138,0,138,0,138,0,138,0,138,0,138,0,138,0,138,0,138,0
550750,96,96,0,96,0,96,0,96,0,96,0,84.5,0.136,96,0,,,87.5,0.0971,87.5,0.0971
550751,,,,,,,,,,,,,,,,,,,,,
550753,43,43,0,43,0,43,0,43,0,43,0,43,0,43,0,43,0,33.5,0.284,31,0.387
550756,42.5,42.5,0,42.5,0,42.5,0,38.5,0.104,38.5,0.104,38.5,0.104,38.5,0.104,38.5,0.104,33.5,0.269,33.5,0.269
550757,,,,,,,,,,,,,,,,,,,,,
550758,,,,,,,,,,,,,,,,,,,,,
550759,6.5,6.5,0,6.5,0,6.5,0,6.5,0,6.5,0,6.5,0,6.5,0,6.5,0,6.5,0,6.5,0
550761,,,,,,,,,,,,,,,,,,,,,
550764,12.2,12.2,0,12.2,0,12,0.0167,11.5,0.0609,11.5,0.0609,11.5,0.0609,11.5,0.0609,11.5,0.0609,11.5,0.0609,10.5,0.162
550766,21,21,0,21,0,21,0,21,0,21,0,21,0,21,0,21,0,17.5,0.2,14.4,0.458
550767,21,21,0,21,0,21,0,21,0,21,0,21,0,21,0,21,0,17.5,0.2,14.4,0.458
550768,7.5,7.5,0,7.5,0,6.4,0.172,6.4,0.172,7.5,0,7.5,0,6.5,0.154,7.5,0,6.5,0.154,5.6,0.339
550770,69,69,0,69,0,69,0,69,0,69,0,170,-0.594,170,-0.594,170,-0.594,170,-0.594,,
550773,,,,,,,,,,,,,,,,,,,,,
550777,,,,,,,,,,,,,,,,,,,,,
550781,,,,,,,,,,,,,,,,,,,,,
550782,,,,,,,,,,,,,,,,,,,,,
550783,,,,,,,,,,,,,,,,,,,,,
550788,,,,,,,,,,,,,,,,,,,,,
550790,,,,,,,,,,,,,,,,,,,,,
550799,,,,,,,,,,,,,,,,,,,,,
550800,,,,,,,,,,,,,,,,,,,,,
550801,12,,,,,,,,,24.5,-0.51,24.5,-0.51,24.5,-0.51,24.5,-0.51,19.9,-0.397,12.5,-0.04
550803,43.5,43.5,0,43.5,0,43.5,0,43.5,0,43.5,0,43.5,0,43.5,0,43.5,0,29.5,0.475,23.5,0.851
550804,43.5,43.5,0,43.5,0,43.5,0,43.5,0,43.5,0,43.5,0,43.5,0,43.5,0,29.5,0.475,23.5,0.851
550805,43.5,43.5,0,43.5,0,43.5,0,43.5,0,43.5,0,43.5,0,43.5,0,43.5,0,29.5,0.475,23.5,0.851
550806,43.5,43.5,0,43.5,0,43.5,0,43.5,0,43.5,0,43.5,0,43.5,0,43.5,0,29.5,0.475,23.5,0.851
550807,43.5,43.5,0,43.5,0,43.5,0,43.5,0,43.5,0,43.5,0,43.5,0,43.5,0,,,23.5,0.851
550808,67.9,67.9,0,67.9,0,67.9,0,67.9,0,67.9,0,67.9,0,67.9,0,66.4,0.0226,65.8,0.0319,62.5,0.0864
550812,5.8,5.8,0,5.8,0,5.8,0,5.8,0,5.8,0,5.8,0,5.8,0,5.8,0,4.8,0.208,,
550813,,,,,,,,,,,,,,,,,,,,,
550828,,,,,,,,,,,,,,,,,,,,,
550830,16.5,16.5,0,16.5,0,16.5,0,16.5,0,16.5,0,16.5,0,16.5,0,16.5,0,16.5,0,16.5,0
550831,124,124,0,124,0,124,0,124,0,124,0,124,0,91,0.363,91,0.363,91,0.363,91,0.363
550832,190,190,0,190,0,190,0,190,0,190,0,190,0,155,0.226,,,,,,
550834,165,165,0,165,0,165,0,165,0,165,0,165,0,113,0.46,113,0.46,113,0.46,113,0.46
550835,,,,,,,,,,,,,,,,,,,,,
550836,,,,,,,,,,,,,,,,,,,,,
550837,,,,,,,,,,,,,,,,,,,,,
550838,17,17,0,17,0,17,0,17,0,17,0,17,0,17,0,17,0,15.5,0.0968,15.5,0.0968
550839,,,,,,,,,,,,,,,,,,,,,
550840,,,,,,,,,,,,,,,,,,,,,
550842,63,63,0,63,0,63,0,63,0,63,0,63,0,63,0,,,39.9,0.579,,
550843,,,,,,,,,,,,,,,,,,,,,
550844,,,,,,,,,,,,,,,,,,,,,
550845,32.5,32.5,0,32.5,0,32.5,0,32.5,0,32.5,0,32.5,0,32.5,0,32.5,0,32.5,0,,
550846,25,25,0,25,0,25,0,25,0,25,0,25,0,25,0,,,,,,
550847,27,27,0,27,0,27,0,27,0,27,0,27,0,27,0,27,0,27,0,,
550848,31.5,31.5,0,31.5,0,31.5,0,31.5,0,31.5,0,31.5,0,31.5,0,31.5,0,31.5,0,,
550849,,,,,,,,,,,,,,,,,,,,,
550851,24,24,0,24,0,24,0,24,0,24,0,24,0,24,0,24,0,24,0,,
550852,29.5,29.5,0,29.5,0,29.5,0,29.5,0,29.5,0,29.5,0,29.5,0,29.5,0,29.5,0,,
550853,,,,,,,,,,,,,,,,,,,,,
550855,27,27,0,27,0,27,0,27,0,27,0,27,0,27,0,,,,,,
550856,29.5,29.5,0,29.5,0,29.5,0,29.5,0,29.5,0,29.5,0,29.5,0,29.5,0,29.5,0,,
550857,29.5,29.5,0,29.5,0,29.5,0,29.5,0,29.5,0,29.5,0,29.5,0,29.5,0,29.5,0,,
550858,28,28,0,28,0,28,0,28,0,28,0,28,0,28,0,28,0,28,0,,
550859,,,,,,,,,,,,,,,,,,,,,
550860,,,,,,,,,,,,,,,,,,,,,
550861,,,,,,,,,,,,,,,,,,,,,
550862,,,,,,,,,,,,,,,,,,,,,
550867,24,24,0,24,0,24,0,24,0,24,0,24,0,24,0,24,0,24,0,19,0.263
550871,7.5,7.5,0,7.5,0,7.5,0,7.5,0,7.5,0,7.5,0,7.5,0,6.9,0.087,5,0.5,5,0.5
550872,7.5,7.5,0,7.5,0,7.5,0,7.5,0,7.5,0,7.5,0,7.5,0,,,5,0.5,5,0.5
550875,11,11,0,11,0,11,0,11,0,11,0,11,0,11,0,10.5,0.0476,8.8,0.25,8.8,0.25
550878,,,,,,,,,,,,,,,,,,,,,
550880,140,140,0,140,0,140,0,140,0,140,0,140,0,140,0,140,0,115,0.213,88,0.585
550881,,,,,,,,,,,,,,,,,,,,,
550886,,,,,,,,,,,,,,,,,,,,,
550887,,,,,,,,,,,,,,,,,,,,,
550911,,,,,,,,,,,,,,,,,,,,,
550912,140,140,0,140,0,140,0,140,0,140,0,140,0,131,0.0687,131,0.0687,118,0.186,107,0.308
550913,47.9,47.9,0,47.9,0,47.9,0,47.9,0,47.9,0,47.9,0,47.9,0,47.9,0,46,0.0413,45,0.0644
550915,12.5,12.5,0,12.5,0,12.5,0,12.5,0,12.5,0,12.5,0,12.5,0,12.5,0,12,0.0417,10,0.25
550917,28,28,0,28,0,28,0,28,0,28,0,28,0,28,0,22.9,0.223,24.5,0.143,20,0.4
550918,,,,,,,,,,,,,,,,,,,,,
550919,16.5,16.5,0,16.5,0,16.5,0,16.5,0,16.5,0,16.5,0,16.5,0,16.5,0,16.5,0,15,0.1
550920,,,,,,,,,,,,,,,,,,,,,
550921,,,,,,,,,,,,,,,,,,,,,
550922,,,,,,,,,,,,,,,,,,,,,
550924,,,,,,,,,,,,,,,,,,,,,
550931,37.5,37.5,0,37.5,0,37.5,0,37.5,0,35,0.0714,35,0.0714,35,0.0714,35,0.0714,32,0.172,32,0.172
550932,,,,,,,,,,,,,,,,,,,,,
550933,,,,,,,,,,,,,,,,,,,,,
550934,,,,,,,,,,,,,,,,,,,,,
550935,,,,,,,,,,,,,,,,,,,,,
550939,,,,,,,,,,,,,,,,,,,,,
550940,36,36,0,36,0,36,0,36,0,36,0,36,0,36,0,36,0,31,0.161,31,0.161
550941,36,36,0,36,0,36,0,36,0,36,0,36,0,36,0,36,0,31,0.161,31,0.161
550942,,,,,,,,,,,,,,,,,,,,,
550943,,,,,,,,,,,,,,,,,,,,,
550945,,,,,,,,,,,,,,,,,,,,,
550946,,,,,,,,,,,,,,,,,,,,,
550947,90,90,0,90,0,90,0,90,0,90,0,90,0,90,0,90,0,82.5,0.0909,,
550948,70,70,0,70,0,70,0,70,0,70,0,70,0,70,0,68.5,0.0219,62.5,0.12,,
550949,,,,,,,,,,,,,,,,,,,,,
550950,,,,,,,,,,,,,,,,,,,,,
550951,,,,,,,,,,,,,,,,,,,,,
550952,28.5,28.5,0,28.5,0,28.5,0,28.5,0,26,0.0962,26,0.0962,26,0.0962,32,-0.109,26.5,0.0755,19,0.5
550959,,,,,,,,,,,,,,,,,,,,,
550966,,,,,,,,,,,,,,,,,,,,,
550967,,,,,,,,,,,,,,,,,,,,,
550970,11.9,11.9,0,11.9,0,11.9,0,11.9,0,11.9,0,11.9,0,11.2,0.0625,11.2,0.0625,11.2,0.0625,11,0.0818
550971,13.9,13.9,0,16.5,-0.158,16.5,-0.158,16.5,-0.158,16.5,-0.158,10.9,0.275,15,-0.0733,15,-0.0733,13.5,0.0296,13,0.0692
550972,17,17,0,17,0,17,0,17,0,17,0,17,0,17,0,17,0,,,,
550974,17,17,0,17,0,17,0,,,17,0,17,0,17,0,17,0,,,,
550975,17,17,0,17,0,17,0,17,0,17,0,17,0,17,0,17,0,,,,
550976,17,17,0,17,0,17,0,17,0,17,0,17,0,17,0,17,0,,,,
550977,11.1,11.1,0,11.1,0,11.1,0,11.1,0,11.1,0,11.1,0,11.1,0,11.1,0,9,0.233,8.4,0.321
550978,,,,,,,,,,,,,,,,,,,,,
550979,,,,,,,,,,,,,,,,,,,,,
550980,,,,,,,,,,,,,,,,,,,,,
550984,47.5,47.5,0,47.5,0,47.5,0,47.5,0,47.5,0,47.5,0,47.5,0,36,0.319,32.5,0.462,32.5,0.462
550985,47.5,47.5,0,47.5,0,47.5,0,47.5,0,47.5,0,47.5,0,47.5,0,36,0.319,32.5,0.462,32.5,0.462
550986,43,43,0,43,0,43,0,43,0,43,0,43,0,43,0,36,0.194,32.5,0.323,32.5,0.323
550989,118,118,0,118,0,118,0,118,0,118,0,118,0,118,0,118,0,75,0.58,75,0.58
550991,,,,,,,,,,,,,,,,,,,,,
550992,12.5,12.5,0,12.5,0,12.5,0,,,12.5,0,,,12.5,0,,,,,,
550993,15,15,0,15,0,15,0,15,0,15,0,15,0,15,0,,,,,,
550994,15,15,0,15,0,15,0,15,0,15,0,15,0,15,0,,,,,,
550995,15.5,15.5,0,15.5,0,15.5,0,15.5,0,15.5,0,15.5,0,15.5,0,,,,,,
550996,15.5,15.5,0,15.5,0,15.5,0,15.5,0,15.5,0,15.5,0,15.5,0,,,,,,
550997,15,15,0,15,0,15,0,15,0,15,0,15,0,15,0,,,,,,
550998,13.5,13.5,0,13.5,0,13.5,0,13.5,0,13.5,0,13.5,0,13.5,0,,,,,,
550999,13.5,13.5,0,13.5,0,,,,,13.5,0,13.5,0,13.5,0,,,,,,
551002,19.5,19.5,0,19.5,0,19.5,0,19.5,0,19.5,0,19.5,0,19.5,0,,,,,,
551005,69.5,69.5,0,69.5,0,69.5,0,69.5,0,69.5,0,69.5,0,69.5,0,69.5,0,42.5,0.635,34.5,1.01
551006,,,,,,,,,,,,,,,,,,,,,
551008,69.5,69.5,0,69.5,0,69.5,0,69.5,0,69.5,0,69.5,0,69.5,0,69.5,0,42.5,0.635,34.5,1.01
551009,69.5,69.5,0,69.5,0,69.5,0,69.5,0,69.5,0,69.5,0,69.5,0,69.5,0,42.5,0.635,34.5,1.01
551011,75,75,0,75,0,75,0,75,0,75,0,75,0,75,0,,,45.5,0.648,39.5,0.899
551012,69.5,69.5,0,69.5,0,69.5,0,69.5,0,69.5,0,69.5,0,69.5,0,69.5,0,42.5,0.635,34.5,1.01
551013,95,95,0,95,0,95,0,95,0,95,0,95,0,95,0,,,52.5,0.81,46.5,1.04
551022,165,165,0,165,0,165,0,165,0,165,0,165,0,165,0,165,0,165,0,124,0.331
551024,229,229,0,229,0,229,0,229,0,229,0,229,0,229,0,229,0,229,0,229,0
551025,135,135,0,135,0,135,0,135,0,135,0,135,0,135,0,135,0,135,0,135,0
551027,165,165,0,165,0,165,0,165,0,165,0,165,0,165,0,165,0,165,0,165,0
551028,165,165,0,165,0,165,0,165,0,165,0,165,0,165,0,165,0,165,0,165,0
551029,,,,,,,,,,,,,,,,,,,,,
551030,100,100,0,100,0,100,0,100,0,100,0,100,0,100,0,100,0,100,0,95,0.0526
551032,100,100,0,100,0,100,0,100,0,100,0,100,0,100,0,100,0,100,0,95,0.0526
551035,,,,,,,,,,,,,,,,,,,,,
551037,41.8,41.8,0,41.8,0,41.8,0,41.8,0,41.8,0,41.8,0,,,41.8,0,,,,
551038,41.8,41.8,0,41.8,0,41.8,0,41.8,0,41.8,0,41.8,0,41.8,0,41.8,0,39.5,0.0582,28,0.493
551039,41.8,41.8,0,41.8,0,41.8,0,41.8,0,41.8,0,41.8,0,41.8,0,41.8,0,39.5,0.0582,,
551041,,,,,,,,,,,,,,,,,,,,,
551042,114,114,0,114,0,114,0,114,0,114,0,114,0,114,0,114,0,69.9,0.637,59.9,0.91
551043,,,,,,,,,,,,,,,,,,,,,
551048,52.5,52.5,0,52.5,0,52.5,0,52.5,0,52.5,0,52.5,0,52.5,0,55.5,-0.0541,42,0.25,42,0.25
551050,13.9,13.9,0,16.5,-0.158,16.5,-0.158,16.5,-0.158,16.5,-0.158,10.5,0.324,13.5,0.0296,13,0.0692,13,0.0692,,
551051,148,148,0,148,0,148,0,138,0.0727,138,0.0727,138,0.0727,138,0.0727,138,0.0727,138,0.0727,,
551052,,,,,,,,,,,,,,,,,,,,,
551053,215,215,0,215,0,215,0,215,0,215,0,215,0,,,,,145,0.483,134,0.604
551054,,,,,,,,,,,,,,,,,,,,,
551055,,,,,,,,,,,,,,,,,,,,,
551057,,,,,,,,,,,,,,,,,,,,,
551059,,,,,,,,,,,,,,,,,,,,,
551060,,,,,,,,,,,,,,,,,,,,,
551062,,,,,,,,,,,,,,,,,,,,,
551064,,,,,,,,,,,,,,,,,,,,,
551068,14.9,14.9,0,14.9,0,14.9,0,,,,,,,,,15,-0.00667,15,-0.00667,12.5,0.192
551069,,,,,,,,,,,,,,,,,,,,,
551071,,,,,,,,,,,,,,,,,,,,,
551072,,,,,,,,,,,,,,,,,,,,,
551073,,,,,,,,,,,,,,,,,,,,,
551075,,,,,,,,,,,,,,,,,,,,,
551077,,,,,,,,,,,,,,,,,,,,,
551078,,,,,,,,,,,,,,,,,,,,,
551081,,,,,,,,,,,,,,,,,,,,,
551085,25,25,0,25,0,25,0,25,0,25,0,25,0,25,0,25,0,25,0,25,0
551091,,,,,,,,,,,,,,,,,,,,,
551092,6,,,,,,,,,,,,,,,,,,,,
551094,15,15,0,15,0,15,0,15,0,,,14.5,0.0345,13.8,0.087,,,12.5,0.2,12.5,0.2
551095,11.5,,,,,,,,,,,,,,,,,,,,
551098,,,,,,,,,,,,,,,,,,,,,
551099,94.9,94.9,0,106,-0.1,106,-0.1,106,-0.1,106,-0.1,106,-0.1,106,-0.1,,,68.5,0.385,68.5,0.385
551100,,,,,,,,,,,,,,,,,,,,,
551114,23,23,0,23,0,23,0,23,0,23,0,23,0,23,0,,,,,,
551121,289,289,0,289,0,289,0,429,-0.326,429,-0.326,429,-0.326,429,-0.326,,,295,-0.0203,249,0.161
551122,309,309,0,309,0,309,0,459,-0.327,459,-0.327,459,-0.327,459,-0.327,459,-0.327,325,-0.0492,285,0.0842
551124,249,249,0,249,0,249,0,355,-0.299,355,-0.299,355,-0.299,355,-0.299,355,-0.299,245,0.0163,210,0.186
551126,,,,,,,,,,,,,,,,,,,,,
551128,37.4,37.4,0,37.4,0,37.4,0,37.4,0,37.4,0,37.4,0,37.4,0,37.4,0,,,,
551129,11.1,11.1,0,11.1,0,11.1,0,11.1,0,11.1,0,11.1,0,11.1,0,11.1,0,10.4,0.0673,7.7,0.442
551130,12,12,0,12,0,12,0,12,0,12,0,12,0,12,0,12,0,11,0.0909,8.3,0.446
551131,12,12,0,12,0,12,0,12,0,12,0,12,0,12,0,12,0,11,0.0909,8.3,0.446
551132,,,,,,,,,,,,,,,,,,,,,
551134,46.6,46.6,0,46.6,0,46.6,0,46.6,0,46.6,0,46.6,0,46.6,0,46.6,0,41,0.137,33.5,0.391
551149,20,20,0,20,0,20,0,20,0,16,0.25,16,0.25,16,0.25,,,15,0.333,14,0.429
551150,20,20,0,20,0,20,0,20,0,16,0.25,16,0.25,16,0.25,,,15,0.333,,
551152,5.1,5.1,0,5.1,0,5.1,0,5.1,0,5.1,0,5.1,0,5.1,0,5.1,0,4.5,0.133,4.5,0.133
551160,28.9,28.9,0,28.9,0,28.9,0,28.9,0,28.9,0,,,,,,,,,,
551161,,,,,,,,,,,,,,,,,,,,,
551167,37.5,37.5,0,37.5,0,37.5,0,37.5,0,37.5,0,37.5,0,37.5,0,37.5,0,37,0.0135,37,0.0135
551168,20,20,0,20,0,20,0,20,0,20,0,20,0,20,0,20,0,,,16,0.25
551169,23.5,23.5,0,23.5,0,23.5,0,23.5,0,24,-0.0208,24,-0.0208,24,-0.0208,24,-0.0208,20,0.175,20,0.175
551170,,,,,,,,,,,,,,,,,,,,,
551172,,,,,,,,,,,,,,,,,,,,,
551173,,,,,,,,,,,,,,,,,,,,,
551174,,,,,,,,,,,,,,,,,,,,,
551175,,,,,,,,,,,,,,,,,,,,,
551176,,,,,,,,,,,,,,,,,,,,,
551177,,,,,,,,,,,,,,,,,,,,,
551178,18.7,18.7,0,18.7,0,18.7,0,18.7,0,18.7,0,18.7,0,18.7,0,18.7,0,15.5,0.206,15.5,0.206
551179,18.7,18.7,0,18.7,0,18.7,0,18.7,0,18.7,0,18.7,0,18.7,0,18.7,0,15.5,0.206,15.5,0.206
551181,22,22,0,22,0,22,0,22,0,22,0,22,0,22,0,22,0,18,0.222,18,0.222
551182,22,22,0,22,0,22,0,22,0,22,0,22,0,22,0,22,0,18,0.222,18,0.222
551185,18.7,18.7,0,18.7,0,18.7,0,18.7,0,18.7,0,18.7,0,18.7,0,18.7,0,15.5,0.206,15.5,0.206
551186,,,,,,,,,,,,,,,,,,,,,
551187,22,22,0,22,0,22,0,22,0,22,0,22,0,22,0,22,0,18,0.222,,
551188,,,,,,,,,,,,,,,,,,,,,
551189,6.3,6.3,0,6.3,0,6.3,0,6.3,0,6.3,0,6.3,0,6.3,0,6.3,0,,,4,0.575
551193,,,,,,,,,,,,,,,,,,,,,
551194,274,274,0,274,0,274,0,274,0,274,0,274,0,274,0,274,0,274,0,219,0.251
551195,244,244,0,244,0,244,0,244,0,244,0,244,0,244,0,244,0,244,0,210,0.162
551196,174,174,0,174,0,174,0,174,0,174,0,174,0,174,0,174,0,174,0,164,0.061
551197,210,210,0,210,0,210,0,210,0,210,0,210,0,210,0,210,0,210,0,210,0
551200,374,374,0,374,0,374,0,374,0,374,0,374,0,374,0,374,0,374,0,314,0.191
551202,168,168,0,168,0,168,0,168,0,168,0,168,0,168,0,168,0,168,0,150,0.12
551203,325,325,0,325,0,325,0,325,0,325,0,325,0,325,0,325,0,279,0.165,279,0.165
551204,249,249,0,249,0,249,0,249,0,249,0,249,0,249,0,249,0,249,0,215,0.158
551206,174,174,0,174,0,174,0,174,0,174,0,174,0,174,0,174,0,174,0,164,0.061
551207,,,,,,,,,,,,,,,,,,,,,
551208,194,194,0,194,0,194,0,194,0,194,0,194,0,194,0,194,0,194,0,179,0.0838
551209,245,245,0,245,0,245,0,245,0,245,0,245,0,245,0,245,0,245,0,245,0
551211,174,174,0,174,0,174,0,174,0,174,0,174,0,174,0,174,0,164,0.061,164,0.061
551213,173,173,0,173,0,173,0,173,0,173,0,173,0,173,0,173,0,173,0,173,0
551214,90,90,0,90,0,90,0,90,0,90,0,90,0,90,0,90,0,90,0,90,0
551215,197,197,0,197,0,197,0,197,0,197,0,197,0,197,0,197,0,180,0.0944,115,0.713
551216,285,285,0,285,0,285,0,285,0,285,0,285,0,285,0,285,0,285,0,285,0
551217,159,159,0,159,0,159,0,159,0,159,0,159,0,159,0,159,0,159,0,159,0
551219,,,,,,,,,,,,,,,,,,,,,
551220,,,,,,,,,,,,,,,,,,,,,
551223,87.5,87.5,0,87.5,0,87.5,0,87.5,0,87.5,0,87.5,0,87.5,0,,,,,,
551224,87.5,87.5,0,87.5,0,87.5,0,87.5,0,87.5,0,87.5,0,87.5,0,,,,,,
551230,12,,,12,0,12,0,12,0,12,0,13,-0.0769,12,0,12,0,11.5,0.0435,10.5,0.143
551231,6.4,,,,,6.4,0,6.4,0,6.4,0,6,0.0667,6,0.0667,6,0.0667,6,0.0667,6,0.0667
551242,,,,,,,,,,,,,,,,,,,,,
551246,,,,,,,,,,,,,,,,,,,,,
551251,,,,,,,,,,,,,,,,,,,,,
551281,12.5,12.5,0,12.5,0,12.5,0,12.5,0,12.5,0,12.5,0,12.5,0,,,,,8,0.562
551282,,,,,,,,,,,,,,,,,,,,,
551284,17,17,0,17,0,17,0,17,0,17,0,17,0,17,0,17,0,14,0.214,14,0.214
551285,17,17,0,17,0,17,0,17,0,17,0,17,0,17,0,17,0,14,0.214,14,0.214
551286,17,17,0,17,0,17,0,17,0,17,0,17,0,17,0,17,0,14,0.214,14,0.214
551288,17,17,0,17,0,17,0,17,0,17,0,17,0,17,0,17,0,14,0.214,14,0.214
551290,,,,,,,,,,,,,,,,,,,,,
551323,41.5,41.5,0,41.5,0,41.5,0,41.5,0,41.5,0,41.5,0,41.5,0,41.5,0,41.5,0,41.5,0
551328,26.9,26.9,0,26.9,0,26.9,0,26.9,0,,,,,,,,,,,20,0.345
551329,26.9,26.9,0,26.9,0,26.9,0,26.9,0,,,,,,,,,,,20,0.345
551330,32.5,32.5,0,32.5,0,32.5,0,32.5,0,,,,,,,,,,,25,0.3
551331,32.5,32.5,0,32.5,0,32.5,0,32.5,0,,,,,,,,,,,25,0.3
551332,17.4,17.4,0,17.4,0,17.4,0,17.4,0,17.4,0,17.4,0,17.4,0,17.4,0,14.5,0.2,12.5,0.392
551334,,,,,,,,,,,,,,,,,,,,,
551335,,,,,,,,,,,,,,,,,,,,,
551336,108,108,0,108,0,108,0,108,0,108,0,108,0,108,0,108,0,89,0.213,76,0.421
551337,108,108,0,108,0,108,0,108,0,108,0,108,0,108,0,,,,,,
551338,249,249,0,249,0,249,0,249,0,249,0,249,0,249,0,249,0,205,0.215,179,0.391
551339,249,249,0,249,0,249,0,249,0,249,0,249,0,249,0,249,0,205,0.215,177,0.407
551340,84,84,0,84,0,84,0,84,0,108,-0.222,108,-0.222,108,-0.222,108,-0.222,89,-0.0562,76,0.105
551342,249,249,0,249,0,249,0,249,0,249,0,249,0,249,0,249,0,205,0.215,177,0.407
551343,249,249,0,249,0,249,0,249,0,249,0,249,0,249,0,249,0,205,0.215,177,0.407
551344,84,84,0,84,0,84,0,84,0,108,-0.222,108,-0.222,108,-0.222,108,-0.222,89,-0.0562,77.5,0.0839
551346,,,,,,,,,,,,,,,,,,,,,
551349,,,,,,,,,,,,,,,,,,,,,
551352,,,,,,,,,,,,,,,,,,,,,
551356,,,,,,,,,,,,,,,,,,,,,
551357,,,,,,,,,,,,,,,,,,,,,
551358,,,,,,,,,,,,,,,,,,,,,
551359,14,14,0,14,0,14,0,14,0,14,0,14,0,14,0,14,0,14,0,14,0
551360,14,14,0,14,0,14,0,14,0,14,0,14,0,14,0,14,0,14,0,14,0
551367,65,65,0,65,0,65,0,65,0,65,0,65,0,59.9,0.0851,59.9,0.0851,44.9,0.448,,
551379,,,,,,,,,,,,,,,,,,,,,
551380,,,,,,,,,,,,,,,,,,,,,
551381,,,,,,,,,,,,,,,,,,,,,
551382,,,,,,,,,,,,,,,,,,,,,
551385,,,,,,,,,,,,,,,,,,,,,
551386,,,,,,,,,,,,,,,,,,,,,
551394,,,,,,,,,,,,,,,,,,,,,
551396,103,103,0,103,0,103,0,103,0,103,0,103,0,103,0,103,0,70,0.471,70,0.471
551397,375,375,0,375,0,375,0,375,0,375,0,,,375,0,,,,,,
551405,,,,,,,,,,,,,,,,,,,,,
551407,,,,,,,,,,,,,,,,,,,,,
551409,55,55,0,55,0,55,0,55,0,55,0,55,0,55,0,55,0,,,,
551441,,,,,,,,,,,,,,,,,,,,,
551448,,,,,,,,,,,,,,,,,,,,,
551450,,,,,,,,,,,,,,,,,,,,,
551451,17.9,17.9,0,17.9,0,17.9,0,17.9,0,17.9,0,17.9,0,17.9,0,17.9,0,17.9,0,12.5,0.432
551455,,,,,,,,,,,,,,,,,,,,,
551456,14.5,14.5,0,16.8,-0.137,13.9,0.0432,13.9,0.0432,16.8,-0.137,,,16.8,-0.137,16.9,-0.142,15,-0.0333,11.5,0.261
551458,14.5,14.5,0,16.8,-0.137,13.9,0.0432,13.9,0.0432,16.8,-0.137,16.8,-0.137,16.8,-0.137,16.9,-0.142,11.5,0.261,11.5,0.261
551459,16.8,16.8,0,16.8,0,16.8,0,16.8,0,16.8,0,16.8,0,16.8,0,16.9,-0.00592,15,0.12,11.5,0.461
551460,,,,,,,,,,,,,,,,,,,,,
551467,,,,,,,,,,,,,,,,,,,,,
551470,,,,,,,,,,,,,,,,,,,,,
551471,,,,,,,,,,,,,,,,,,,,,
551487,,,,,,,,,,,,,,,,,,,,,
551494,52.5,52.5,0,52.5,0,52.5,0,52.5,0,52.5,0,52.5,0,52.5,0,52.5,0,36,0.458,36,0.458
551495,21,21,0,21,0,21,0,21,0,28.5,-0.263,28.5,-0.263,28.5,-0.263,28.5,-0.263,19.5,0.0769,,
551496,,,,,,,,,,,,,,,,,,,,,
551497,43.5,43.5,0,43.5,0,43.5,0,43.5,0,56,-0.223,56,-0.223,56,-0.223,56,-0.223,42.5,0.0235,,
551498,43.5,43.5,0,43.5,0,43.5,0,43.5,0,56,-0.223,56,-0.223,56,-0.223,56,-0.223,42.5,0.0235,42.5,0.0235
551499,,,,,,,,,,,,,,,,,,,,,
551500,21.5,21.5,0,21.5,0,21.5,0,,,,,,,,,18.5,0.162,15,0.433,15,0.433
551501,19.5,19.5,0,19.5,0,19.5,0,19.5,0,19.5,0,19.5,0,19.5,0,18.5,0.0541,15.5,0.258,15.5,0.258
551502,150,150,0,150,0,150,0,138,0.0909,138,0.0909,138,0.0909,138,0.0909,,,,,,
551510,,,,,,,,,,,,,,,,,,,,,
551512,,,,,,,,,,,,,,,,,,,,,
551513,,,,,,,,,,,,,,,,,,,,,
551514,29.9,29.9,0,29.9,0,29.9,0,29.9,0,29.9,0,29.9,0,29.9,0,36.5,-0.181,29.5,0.0136,24,0.246
551515,17.5,17.5,0,17.5,0,17.5,0,17.5,0,17.5,0,17.5,0,17.5,0,,,,,16.5,0.0606
551516,,,,,,,,,,,,,,,,,,,,,
551523,38,,,,,,,,,,,38,0,38,0,38,0,38,0,38,0
551528,,,,,,,,,,,,,,,,,,,,,
551529,,,,,,,,,,,,,,,,,,,,,
551530,,,,,,,,,,,,,,,,,,,,,
551533,,,,,,,,,,,,,,,,,,,,,
551534,,,,,,,,,,,,,,,,,,,,,
551535,,,,,,,,,,,,,,,,,,,,,
551546,4.5,4.5,0,4.5,0,4.5,0,4.5,0,4.5,0,4.5,0,4.5,0,4.4,0.0227,4.4,0.0227,4.4,0.0227
551553,,,,,,,,,,,,,,,,,,,,,
551555,11,11,0,11,0,11,0,11,0,11,0,11,0,11,0,11,0,10,0.1,10,0.1
551556,28.5,,,,,28.5,0,28.5,0,28.5,0,28.5,0,28.5,0,23.5,0.213,17.5,0.629,17.5,0.629
551558,24,24,0,24,0,24,0,24,0,24,0,24,0,24,0,24,0,22.5,0.0667,21.5,0.116
551559,40,40,0,40,0,40,0,40,0,40,0,40,0,40,0,40,0,39.5,0.0127,38,0.0526
551560,43,43,0,43,0,43,0,43,0,43,0,43,0,43,0,43,0,40.5,0.0617,39,0.103
551561,,,,,,,,,,,,,,,,,,,,,
551565,,,,,,,,,,,,,,,,,,,,,
551566,28,28,0,28,0,28,0,28,0,28,0,28,0,28,0,28,0,23,0.217,,
551567,28,28,0,28,0,28,0,28,0,28,0,,,28,0,28,0,23,0.217,23,0.217
551571,41,41,0,41,0,41,0,29.5,0.39,29.5,0.39,29.5,0.39,29.5,0.39,29.5,0.39,29.5,0.39,29,0.414
551572,41,41,0,,,,,,,,,29.5,0.39,29.5,0.39,29.5,0.39,29.5,0.39,29,0.414
551573,41,41,0,41,0,41,0,29.5,0.39,29.5,0.39,29.5,0.39,29.5,0.39,29.5,0.39,29.5,0.39,29,0.414
551574,19.5,19.5,0,19.5,0,19.5,0,19.5,0,19.5,0,19.5,0,19.5,0,18.5,0.0541,15.5,0.258,15.5,0.258
551578,25,25,0,25,0,25,0,25,0,25,0,25,0,25,0,,,,,,
551579,22.5,22.5,0,22.5,0,22.5,0,22.5,0,22.5,0,22.5,0,22.5,0,,,,,,
551580,22.5,22.5,0,22.5,0,22.5,0,22.5,0,,,,,22.5,0,,,,,,
551581,22.5,22.5,0,22.5,0,22.5,0,22.5,0,22.5,0,,,22.5,0,,,,,,
551582,20,20,0,20,0,20,0,20,0,20,0,20,0,20,0,,,,,,
551583,,,,,,,,,,,,,,,,,,,,,
551584,,,,,,,,,,,,,,,,,,,,,
551585,17.5,,,,,,,,,,,,,,,,,11.9,0.471,,
551586,,,,,,,,,,,,,,,,,,,,,
551593,39.5,39.5,0,39.5,0,39.5,0,39.5,0,39.5,0,39.5,0,39.5,0,39.5,0,39.5,0,36,0.0972
551594,,,,,,,,,,,,,,,,,,,,,
551603,6.5,6.5,0,6.5,0,6.5,0,6.5,0,6.5,0,5.8,0.121,7.2,-0.0972,7.2,-0.0972,6.9,-0.058,5.9,0.102
551604,,,,,,,,,,,,,,,,,,,,,
551607,10.9,10.9,0,10.9,0,,,,,,,,,10.9,0,10.9,0,10.9,0,,
551608,,,,,,,,,,,,,,,,,,,,,
551610,4,4,0,4,0,4,0,4,0,4,0,4,0,,,4,0,,,3,0.333
551611,4,4,0,4,0,4,0,4,0,4,0,4,0,4,0,4,0,,,3,0.333
551612,4,4,0,4,0,4,0,4,0,4,0,4,0,4,0,4,0,4,0,3,0.333
551613,4,4,0,4,0,4,0,4,0,4,0,4,0,4,0,4,0,,,,
551614,12,12,0,12,0,12,0,12,0,12,0,12,0,12,0,12,0,9.9,0.212,9.9,0.212
551615,,,,,,,,,,,,,,,,,,,,,
551621,14,14,0,14,0,14,0,,,14,0,,,,,,,15,-0.0667,,
551622,,,,,,,,,,,,,,,,,,,,,
551625,326,326,0,326,0,326,0,326,0,326,0,326,0,326,0,326,0,275,0.184,229,0.421
551626,244,244,0,244,0,244,0,244,0,244,0,244,0,244,0,244,0,210,0.162,177,0.379
551628,189,189,0,249,-0.241,249,-0.241,249,-0.241,249,-0.241,249,-0.241,185,0.0222,249,-0.241,205,-0.078,177,0.0678
551630,37,37,0,37,0,37,0,37,0,37,0,37,0,37,0,,,,,,
551631,,,,,,,,,,,,,,,,,,,,,
551632,37,37,0,37,0,37,0,37,0,37,0,37,0,37,0,28.8,0.285,,,,
551633,37,37,0,37,0,37,0,37,0,37,0,37,0,37,0,,,,,26,0.423
551634,37,37,0,37,0,37,0,37,0,37,0,37,0,37,0,,,,,,
551636,270,270,0,270,0,270,0,270,0,270,0,270,0,270,0,270,0,170,0.589,165,0.636
551639,,,,,,,,,,,,,,,,,,,,,
551640,,,,,,,,,,,,,,,,,,,,,
551641,,,,,,,,,,,,,,,,,,,,,
551642,,,,,,,,,,,,,,,,,,,,,
551644,,,,,,,,,,,,,,,,,,,,,
551645,,,,,,,,,,,,,,,,,,,,,
551646,,,,,,,,,,,,,,,,,,,,,
551647,,,,,,,,,,,,,,,,,,,,,
551648,,,,,,,,,,,,,,,,,,,,,
551649,,,,,,,,,,,,,,,,,,,,,
551650,10,10,0,10,0,10,0,10,0,10,0,10,0,10,0,10,0,9.5,0.0526,8,0.25
551655,16,16,0,16,0,16,0,16,0,13.5,0.185,13.5,0.185,13.5,0.185,13.5,0.185,13.5,0.185,12,0.333
551656,16,16,0,16,0,16,0,16,0,13.5,0.185,13.5,0.185,13.5,0.185,13.5,0.185,13.5,0.185,,
551657,18,18,0,18,0,18,0,18,0,18,0,18,0,18,0,18,0,16.5,0.0909,15,0.2
551658,28,28,0,28,0,28,0,28,0,26,0.0769,26,0.0769,26,0.0769,26,0.0769,23.5,0.191,20,0.4
551670,,,,,,,,,,,,,,,,,,,,,
551671,,,,,,,,,,,,,,,,,,,,,
551672,,,,,,,,,,,,,,,,,,,,,
551674,,,,,,,,,,,,,,,,,,,,,
551675,85,85,0,85,0,85,0,85,0,85,0,195,-0.564,195,-0.564,195,-0.564,,,,
551684,,,,,,,,,,,,,,,,,,,,,
551687,76.5,76.5,0,87.5,-0.126,87.5,-0.126,87.5,-0.126,87.5,-0.126,87.5,-0.126,87.5,-0.126,87.5,-0.126,81,-0.0556,81,-0.0556
551688,149,149,0,168,-0.116,168,-0.116,168,-0.116,168,-0.116,168,-0.116,168,-0.116,145,0.0283,138,0.0836,138,0.0836
551689,,,,,,,,,,,,,,,,,,,,,
551690,,,,,,,,,,,,,,,,,,,,,
551691,,,,,,,,,,,,,,,,,,,,,
551692,,,,,,,,,,,,,,,,,,,,,
551693,,,,,,,,,,,,,,,,,,,,,
551695,,,,,,,,,,,,,,,,,,,,,
551696,,,,,,,,,,,,,,,,,,,,,
551697,,,,,,,,,,,,,,,,,,,,,
551699,,,,,,,,,,,,,,,,,,,,,
551707,,,,,,,,,,,,,,,,,,,,,
551709,212,212,0,212,0,212,0,212,0,212,0,212,0,212,0,212,0,125,0.7,125,0.7
551710,46,46,0,46,0,46,0,43,0.0698,43,0.0698,43,0.0698,49,-0.0612,49,-0.0612,40,0.15,40,0.15
551711,34.5,34.5,0,34.5,0,34.5,0,34.5,0,34.5,0,34.5,0,34.5,0,33.5,0.0299,27.5,0.255,,
551712,34.5,34.5,0,34.5,0,34.5,0,34.5,0,34.5,0,34.5,0,34.5,0,33.5,0.0299,27.5,0.255,,
551714,,,,,,,,,,,,,,,,,,,,,
551717,3.5,3.5,0,3.5,0,3.5,0,3.5,0,3.5,0,3.5,0,3.5,0,3.5,0,2.5,0.4,2.5,0.4
551718,33.5,33.5,0,33.5,0,33.5,0,33.5,0,33.5,0,33.5,0,33.5,0,33.5,0,33.5,0,33.5,0
551719,33.5,33.5,0,33.5,0,33.5,0,33.5,0,33.5,0,33.5,0,33.5,0,,,33.5,0,33.5,0
551720,,,,,,,,,,,,,,,,,,,,,
551725,31,31,0,31,0,31,0,31,0,31,0,31,0,31,0,31,0,26,0.192,26,0.192
551726,,,,,,,,,,,,,,,,,,,,,
551733,,,,,,,,,,,,,,,,,,,,,
551734,,,,,,,,,,,,,,,,,,,,,
551735,,,,,,,,,,,,,,,,,,,,,
551736,,,,,,,,,,,,,,,,,,,,,
551737,,,,,,,,,,,,,,,,,,,,,
551738,,,,,,,,,,,,,,,,,,,,,
551739,26.9,26.9,0,26.9,0,26.9,0,26.9,0,,,,,,,24.5,0.098,,,,
551741,41,41,0,41,0,41,0,41,0,41,0,41,0,41,0,28.5,0.439,,,22,0.864
551747,,,,,,,,,,,,,,,,,,,,,
551749,11.8,,,,,,,,,11.8,0,,,,,11.8,0,,,11.8,0
551751,,,,,,,,,,,,,,,,,,,,,
551752,,,,,,,,,,,,,,,,,,,,,
551753,35.9,35.9,0,35.9,0,35.9,0,35.9,0,35.9,0,35.9,0,35.9,0,35.9,0,27.5,0.305,,
551754,,,,,,,,,,,,,,,,,,,,,
551756,10.9,10.9,0,12,-0.0917,12,-0.0917,12,-0.0917,12,-0.0917,12,-0.0917,12,-0.0917,,,,,9,0.211
551758,,,,,,,,,,,,,,,,,,,,,
551761,,,,,,,,,,,,,,,,,,,,,
551762,8.5,8.5,0,8.5,0,8.5,0,8.5,0,8.5,0,8.5,0,8.5,0,8.5,0,,,8.5,0
551763,,,,,,,,,,,,,,,,,,,,,
551766,,,,,,,,,,,,,,,,,,,,,
551769,,,,,,,,,,,,,,,,,,,,,
551772,,,,,,,,,,,,,,,,,,,,,
551773,,,,,,,,,,,,,,,,,,,,,
551787,,,,,,,,,,,,,,,,,,,,,
551793,,,,,,,,,,,,,,,,,,,,,
551794,,,,,,,,,,,,,,,,,,,,,
551795,,,,,,,,,,,,,,,,,,,,,
551796,,,,,,,,,,,,,,,,,,,,,
551799,15.5,15.5,0,15.5,0,15.5,0,14.5,0.069,14.5,0.069,14.5,0.069,14.5,0.069,14,0.107,13.5,0.148,13.5,0.148
551803,7.7,7.7,0,7.7,0,7.7,0,7.7,0,7.7,0,7.7,0,7.7,0,,,,,,
551804,11.9,11.9,0,11.9,0,11.9,0,11.9,0,11.9,0,11.9,0,11.9,0,,,,,,
551806,16,16,0,16,0,16,0,16,0,16,0,16,0,16,0,16,0,13.5,0.185,13.5,0.185
551807,16,16,0,16,0,16,0,16,0,16,0,16,0,16,0,16,0,15,0.0667,15,0.0667
551817,,,,,,,,,,,,,,,,,,,,,
551818,,,,,,,,,,,,,,,,,,,,,
551819,,,,,,,,,,,,,,,,,,,,,
551820,,,,,,,,,,,,,,,,,,,,,
551822,,,,,,,,,,,,,,,,,,,,,
551823,,,,,,,,,,,,,,,,,,,,,
551824,,,,,,,,,,,,,,,,,,,,,
551827,,,,,,,,,,,,,,,,,,,,,
551828,,,,,,,,,,,,,,,,,,,,,
551829,19.5,19.5,0,19.5,0,19.5,0,19.5,0,19.5,0,19.5,0,19.5,0,19.5,0,19.5,0,17.5,0.114
551831,15,15,0,15,0,15,0,15,0,15,0,15,0,15,0,15,0,13,0.154,11.5,0.304
551832,20,20,0,20,0,20,0,20,0,20,0,20,0,20,0,20,0,18.5,0.0811,12.5,0.6
551833,23.5,23.5,0,23.5,0,23.5,0,23.5,0,23.5,0,23.5,0,23.5,0,23.5,0,21.5,0.093,19.5,0.205
551834,19.5,19.5,0,19.5,0,19.5,0,19.5,0,19.5,0,19.5,0,19.5,0,19.5,0,18.5,0.0541,12.5,0.56
551835,19.5,19.5,0,19.5,0,19.5,0,19.5,0,19.5,0,19.5,0,19.5,0,19.5,0,18.5,0.0541,12.5,0.56
551838,81,81,0,81,0,81,0,81,0,81,0,81,0,81,0,,,,,,
551839,,,,,,,,,,,,,,,,,,,,,
551850,,,,,,,,,,,,,,,,,,,,,
551853,15,15,0,15,0,15,0,15,0,,,14.5,0.0345,14.5,0.0345,,,12.5,0.2,12.5,0.2
551854,,,,,,,,,,,,,,,,,,,,,
551855,58,58,0,58,0,58,0,58,0,58,0,,,58,0,58,0,58,0,58,0
551857,,,,,,,,,,,,,,,,,,,,,
551858,,,,,,,,,,,,,,,,,,,,,
551859,65,65,0,65,0,65,0,,,,,,,65,0,65,0,,,,
551863,,,,,,,,,,,,,,,,,,,,,
551865,33,33,0,33,0,33,0,33,0,33,0,,,33,0,33,0,33,0,33,0
551866,39,39,0,39,0,39,0,39,0,39,0,39,0,39,0,39,0,39,0,39,0
551867,39.5,39.5,0,39.5,0,39.5,0,39.5,0,39.5,0,38.8,0.018,38.8,0.018,37.5,0.0533,32.5,0.215,27.5,0.436
551869,,,,,,,,,,,,,,,,,,,,,
551873,,,,,,,,,,,,,,,,,,,,,
551874,,,,,,,,,,,,,,,,,,,,,
551875,,,,,,,,,,,,,,,,,,,,,
551878,,,,,,,,,,,,,,,,,,,,,
551879,,,,,,,,,,,,,,,,,,,,,
551881,,,,,,,,,,,,,,,,,,,,,
551882,,,,,,,,,,,,,,,,,,,,,
551883,,,,,,,,,,,,,,,,,,,,,
551885,,,,,,,,,,,,,,,,,,,,,
551886,,,,,,,,,,,,,,,,,,,,,
551887,,,,,,,,,,,,,,,,,,,,,
551888,,,,,,,,,,,,,,,,,,,,,
551889,,,,,,,,,,,,,,,,,,,,,
551897,33.5,33.5,0,33.5,0,33.5,0,33.5,0,33.5,0,33.5,0,33.5,0,33.5,0,33.5,0,33.5,0
551898,33.5,33.5,0,33.5,0,33.5,0,,,33.5,0,33.5,0,33.5,0,33.5,0,33.5,0,33.5,0
551900,15,15,0,15,0,15,0,15,0,15,0,15,0,15,0,15,0,,,10,0.5
551901,15,15,0,15,0,15,0,15,0,15,0,15,0,15,0,15,0,,,10,0.5
551903,,,,,,,,,,,,,,,,,,,,,
551904,15,15,0,15,0,15,0,15,0,,,,,15,0,15,0,,,10,0.5
551905,15,15,0,15,0,15,0,15,0,15,0,15,0,15,0,15,0,11,0.364,10,0.5
551906,15,15,0,15,0,15,0,15,0,15,0,15,0,15,0,15,0,,,10,0.5
551909,42.6,42.6,0,42.6,0,42.6,0,42.6,0,42.6,0,38,0.121,,,,,35.9,0.187,35.9,0.187
551911,12.9,12.9,0,16.5,-0.218,16.5,-0.218,16.5,-0.218,16.5,-0.218,11.5,0.122,14.5,-0.11,14.5,-0.11,13.5,-0.0444,13,-0.00769
551912,8.9,8.9,0,11,-0.191,11,-0.191,11,-0.191,11,-0.191,11,-0.191,11,-0.191,9.5,-0.0632,10,-0.11,10,-0.11
551913,28.5,28.5,0,28.5,0,28.5,0,28.5,0,28.5,0,28.5,0,28.5,0,,,28.5,0,28.5,0
551914,,,,,,,,,,,,,,,,,,,,,
551915,28.5,28.5,0,28.5,0,28.5,0,28.5,0,28.5,0,28.5,0,28.5,0,28.5,0,28.5,0,28.5,0
551916,28.5,28.5,0,28.5,0,28.5,0,28.5,0,28.5,0,28.5,0,28.5,0,28.5,0,28.5,0,28.5,0
551917,28.5,28.5,0,28.5,0,28.5,0,28.5,0,28.5,0,28.5,0,28.5,0,28.5,0,28.5,0,28.5,0
551918,28.5,28.5,0,28.5,0,28.5,0,28.5,0,28.5,0,28.5,0,28.5,0,28.5,0,28.5,0,,
551919,,,,,,,,,,,,,,,,,,,,,
551920,46,46,0,46,0,46,0,46,0,46,0,,,,,43.5,0.0575,,,,
551921,,,,,,,,,,,,,,,,,,,,,
551922,46,46,0,46,0,46,0,46,0,46,0,46,0,46,0,43.5,0.0575,40,0.15,,
551944,,,,,,,,,,,,,,,,,,,,,
551949,,,,,,,,,,,,,,,,,,,,,
551950,32.5,32.5,0,32.5,0,32.5,0,32.5,0,32.5,0,32.5,0,32.5,0,32.5,0,22.5,0.444,22,0.477
551951,31,31,0,31,0,31,0,31,0,31,0,31,0,31,0,31,0,22.5,0.378,22,0.409
551955,,,,,,,,,,,,,,,,,,,,,
551956,,,,,,,,,,,,,,,,,,,,,
551958,,,,,,,,,,,,,,,,,,,,,
551960,,,,,,,,,,,,,,,,,,,,,
551962,,,,,,,,,,,,,,,,,,,,,
551963,,,,,,,,,,,,,,,,,,,,,
551964,,,,,,,,,,,,,,,,,,,,,
551965,,,,,,,,,,,,,,,,,,,,,
551966,,,,,,,,,,,,,,,,,,,,,
551967,,,,,,,,,,,,,,,,,,,,,
551971,,,,,,,,,,,,,,,,,,,,,
551974,,,,,,,,,,,,,,,,,,,,,
551976,18.5,18.5,0,22,-0.159,22,-0.159,22,-0.159,22,-0.159,17.9,0.0335,22,-0.159,14.9,0.242,13.5,0.37,16,0.156
551977,15,15,0,15,0,15,0,15,0,15,0,15,0,15,0,15,0,13.5,0.111,,
551978,15.5,15.5,0,15.5,0,15.5,0,15,0.0333,15,0.0333,15,0.0333,15,0.0333,15,0.0333,14.5,0.069,14.5,0.069
551979,15.5,15.5,0,,,15.5,0,15,0.0333,15,0.0333,15,0.0333,15,0.0333,15,0.0333,14.5,0.069,14.5,0.069
551980,15.5,15.5,0,15.5,0,15.5,0,15,0.0333,15,0.0333,15,0.0333,15,0.0333,15,0.0333,14.5,0.069,14.5,0.069
551985,12,12,0,12,0,12,0,12,0,12,0,12,0,12,0,12,0,9.9,0.212,9.9,0.212
551986,,,,,,,,,,,,,,,,,,,,,
551987,,,,,,,,,,,,,,,,,,,,,
551991,18,18,0,18,0,18,0,18,0,18,0,18,0,18,0,18,0,12.5,0.44,10.5,0.714
551992,,,,,,,,,,,,,,,,,,,,,
551993,270,270,0,270,0,270,0,270,0,270,0,270,0,270,0,270,0,209,0.292,,
551994,8.2,8.2,0,8.2,0,8.2,0,8.2,0,8.2,0,8.2,0,8.2,0,8.2,0,,,,
551995,,,,,,,,,,,,,,,,,,,,,
551998,,,,,,,,,,,,,,,,,,,,,
551999,,,,,,,,,,,,,,,,,,,,,
552000,,,,,,,,,,,,,,,,,,,,,
552004,,,,,,,,,,,,,,,,,,,,,
552006,7.6,7.6,0,7.6,0,7.6,0,7.6,0,7.6,0,7.6,0,7.6,0,7.6,0,7.6,0,5.5,0.382
552007,,,,,,,,,,,,,,,,,,,,,
552008,,,,,,,,,,,,,,,,,,,,,
552009,,,,,,,,,,,,,,,,,,,,,
552010,,,,,,,,,,,,,,,,,,,,,
552021,,,,,,,,,,,,,,,,,,,,,
552025,,,,,,,,,,,,,,,,,,,,,
552042,,,,,,,,,,,,,,,,,,,,,
552043,,,,,,,,,,,,,,,,,,,,,
552048,,,,,,,,,,,,,,,,,,,,,
552049,,,,,,,,,,,,,,,,,,,,,
552050,12,12,0,12,0,12,0,12,0,12,0,12,0,12,0,,,,,8,0.5
552051,,,,,,,,,,,,,,,,,,,,,
552053,,,,,,,,,,,,,,,,,,,,,
552055,99,99,0,99,0,99,0,99,0,99,0,99,0,250,-0.604,250,-0.604,250,-0.604,173,-0.428
552056,,,,,,,,,,,,,,,,,,,,,
552057,,,,,,,,,,,,,,,,,,,,,
552058,9.5,9.5,0,9.5,0,9.5,0,9.5,0,9.5,0,9.5,0,9,0.0556,8.5,0.118,8.5,0.118,8,0.188
552059,4.5,4.5,0,4.5,0,4.5,0,4.5,0,4.5,0,4.5,0,,,4.2,0.0714,2.7,0.667,2.7,0.667
552060,19,19,0,19,0,19,0,19,0,19,0,19,0,,,,,,,18,0.0556
552061,23,,,,,,,,,23,0,23,0,23,0,,,,,,
552063,18,18,0,18,0,18,0,18,0,18,0,18,0,18,0,18,0,17.5,0.0286,17.5,0.0286
552064,23,23,0,23,0,23,0,23,0,23,0,23,0,23,0,23,0,20.5,0.122,20.5,0.122
552067,,,,,,,,,,,,,,,,,,,,,
552068,,,,,,,,,,,,,,,,,,,,,
552071,,,,,,,,,,,,,,,,,,,,,
552072,,,,,,,,,,,,,,,,,,,,,
552074,52.5,52.5,0,52.5,0,52.5,0,52.5,0,52.5,0,52.5,0,52.5,0,52.5,0,52.5,0,52.5,0
552076,7.7,7.7,0,7.7,0,7.7,0,7.7,0,7.7,0,7.7,0,7.7,0,7.7,0,6.9,0.116,5.5,0.4
552077,7.7,7.7,0,7.7,0,7.7,0,7.7,0,7.7,0,7.7,0,7.7,0,7.7,0,6.9,0.116,5.5,0.4
552078,,,,,,,,,,,,,,,,,,,,,
552080,,,,,,,,,,,,,,,,,,,,,
552082,34.5,34.5,0,34.5,0,34.5,0,34.5,0,34.5,0,34.5,0,34.5,0,44.4,-0.223,37,-0.0676,24.5,0.408
552083,,,,,,,,,,,,,,,,,,,,,
552084,30,30,0,30,0,,,,,28.5,0.0526,28.5,0.0526,,,,,21,0.429,19.5,0.538
552087,38.5,38.5,0,38.5,0,38.5,0,,,,,,,36,0.0694,,,29,0.328,27,0.426
552090,38.5,38.5,0,38.5,0,38.5,0,38.5,0,38.5,0,38.5,0,38.5,0,38.5,0,29,0.328,27,0.426
552091,30,30,0,30,0,30,0,30,0,30,0,30,0,30,0,30,0,15.9,0.887,,
552099,10.5,10.5,0,10.5,0,10.5,0,10.5,0,10.5,0,10.5,0,10.5,0,11.5,-0.087,11,-0.0455,8,0.312
552101,10.5,10.5,0,10.5,0,10.5,0,10.5,0,10.5,0,10.5,0,,,11.5,-0.087,11,-0.0455,8,0.312
552111,,,,,,,,,,,,,,,,,,,,,
552112,,,,,,,,,,,,,,,,,,,,,
552113,,,,,,,,,,,,,,,,,,,,,
552115,,,,,,,,,,,,,,,,,,,,,
552116,,,,,,,,,,,,,,,,,,,,,
552117,,,,,,,,,,,,,,,,,,,,,
552118,,,,,,,,,,,,,,,,,,,,,
552120,,,,,,,,,,,,,,,,,,,,,
552128,,,,,,,,,,,,,,,,,,,,,
552130,16.8,16.8,0,16.8,0,16.8,0,16.8,0,16.8,0,16.8,0,16.8,0,16.9,-0.00592,14.5,0.159,14.5,0.159
552131,,,,,,,,,,,,,,,,,,,,,
552132,,,,,,,,,,,,,,,,,,,,,
552136,13,13,0,13,0,13,0,13,0,13,0,13,0,13,0,13,0,9.5,0.368,7.5,0.733
552137,13,13,0,13,0,13,0,13,0,13,0,13,0,13,0,13,0,9.5,0.368,7.5,0.733
552138,13,13,0,13,0,13,0,13,0,13,0,13,0,13,0,13,0,9.5,0.368,7.5,0.733
552139,,,,,,,,,,,,,,,,,,,,,
552140,13,13,0,13,0,13,0,13,0,13,0,13,0,13,0,13,0,9.5,0.368,7.5,0.733
552141,13,13,0,13,0,13,0,13,0,13,0,13,0,13,0,13,0,9.5,0.368,7.5,0.733
552145,,,,,,,,,,,,,,,,,,,,,
552146,,,,,,,,,,,,,,,,,,,,,
552152,11,11,0,11,0,11,0,11,0,11,0,11,0,11,0,,,10,0.1,8.9,0.236
552153,,,,,,,,,,,,,,,,,,,,,
552155,,,,,,,,,,,,,,,,,,,,,
552156,,,,,,,,,,,,,,,,,,,,,
552157,,,,,,,,,,,,,,,,,,,,,
552158,,,,,,,,,,,,,,,,,,,,,
552161,10,10,0,10,0,10,0,10,0,10,0,10,0,10,0,10,0,9.5,0.0526,8,0.25
552169,,,,,,,,,,,,,,,,,,,,,
552182,16.9,16.9,0,16.9,0,16.9,0,16.9,0,16.9,0,16.9,0,16.9,0,16.9,0,16.9,0,15.5,0.0903
552183,16.9,16.9,0,16.9,0,16.9,0,16.9,0,16.9,0,16.9,0,16.9,0,16.9,0,16.9,0,15.5,0.0903
552184,16.9,16.9,0,16.9,0,16.9,0,16.9,0,16.9,0,16.9,0,16.9,0,16.9,0,16.9,0,15.5,0.0903
552192,,,,,,,,,,,,,,,,,,,,,
552193,,,,,,,,,,,,,,,,,,,,,
552195,30.5,30.5,0,30.5,0,30.5,0,30.5,0,30.5,0,30.5,0,30.5,0,30.5,0,23.5,0.298,21,0.452
552196,,,,,,,,,,,,,,,,,,,,,
552197,,,,,,,,,,,,,,,,,,,,,
552198,9.5,9.5,0,9.5,0,9.5,0,9.5,0,9.5,0,9.9,-0.0404,9.9,-0.0404,,,,,,
552204,,,,,,,,,,,,,,,,,,,,,
552212,42,42,0,42,0,42,0,42,0,42,0,42,0,42,0,42,0,34,0.235,32,0.312
552219,9.9,9.9,0,11.5,-0.139,11.5,-0.139,11.5,-0.139,11.5,-0.139,11.5,-0.139,11.5,-0.139,11.5,-0.139,8.5,0.165,10.5,-0.0571
552220,7,7,0,7,0,7,0,7,0,7,0,7,0,7,0,7,0,6,0.167,,
552222,,,,,,,,,,,,,,,,,,,,,
552223,,,,,,,,,,,,,,,,,,,,,
552225,,,,,,,,,,,,,,,,,,,,,
552228,8,8,0,8,0,8,0,8,0,8,0,8,0,7,0.143,7,0.143,5,0.6,,
552233,16.9,16.9,0,16.9,0,16.9,0,16.9,0,16.9,0,16.9,0,16.9,0,16.9,0,16.9,0,16.9,0
552234,,,,,,,,,,,,,,,,,,,,,
552235,,,,,,,,,,,,,,,,,,,,,
552236,,,,,,,,,,,,,,,,,,,,,
552237,,,,,,,,,,,,,,,,,,,,,
552238,,,,,,,,,,,,,,,,,,,,,
552239,,,,,,,,,,,,,,,,,,,,,
552242,194,194,0,194,0,194,0,194,0,194,0,194,0,194,0,,,,,,
552243,,,,,,,,,,,,,,,,,,,,,
552248,,,,,,,,,,,,,,,,,,,,,
552249,,,,,,,,,,,,,,,,,,,,,
552250,,,,,,,,,,,,,,,,,,,,,
552252,,,,,,,,,,,,,,,,,,,,,
552253,,,,,,,,,,,,,,,,,,,,,
552255,,,,,,,,,,,,,,,,,,,,,
552256,27,27,0,27,0,27,0,27,0,27,0,27,0,27,0,38.5,-0.299,34.5,-0.217,,
552257,,,,,,,,,,,,,,,,,,,,,
552258,12.7,12.7,0,12.7,0,12.7,0,12.7,0,12.7,0,12.7,0,14,-0.0929,16.4,-0.226,14.5,-0.124,13.2,-0.0379
552260,16.9,16.9,0,16.9,0,13.9,0.216,13.9,0.216,16.9,0,16.9,0,16.9,0,16.9,0,16.9,0,15.5,0.0903
552265,47.5,47.5,0,,,,,47.5,0,47.5,0,47.5,0,47.5,0,,,45,0.0556,43.5,0.092
552266,10,10,0,10,0,10,0,10,0,10,0,10,0,10,0,10,0,8.8,0.136,7.5,0.333
552268,,,,,,,,,,,,,,,,,,,,,
552270,,,,,,,,,,,,,,,,,,,,,
552271,,,,,,,,,,,,,,,,,,,,,
552272,4.8,4.8,0,4.8,0,4.8,0,4.8,0,4.8,0,4.8,0,4.8,0,4.8,0,4.8,0,4.8,0
552273,4.8,4.8,0,4.8,0,4.8,0,4.8,0,4.8,0,4.8,0,4.8,0,4.8,0,4.8,0,4.8,0
552274,,,,,,,,,,,,,,,,,,,,,
552276,4.8,4.8,0,4.8,0,4.8,0,4.8,0,4.8,0,4.8,0,4.8,0,,,4.8,0,4.8,0
552277,4.8,4.8,0,4.8,0,4.8,0,4.8,0,4.8,0,4.8,0,4.8,0,4.8,0,4.8,0,4.8,0
552278,4.8,4.8,0,4.8,0,4.8,0,4.8,0,4.8,0,4.8,0,4.8,0,4.8,0,4.8,0,4.8,0
552279,4.8,4.8,0,4.8,0,4.8,0,4.8,0,4.8,0,,,4.8,0,,,4.8,0,4.8,0
552280,4.8,4.8,0,4.8,0,4.8,0,4.8,0,4.8,0,,,,,,,,,,
552281,,,,,,,,,,,,,,,,,,,,,
552282,,,,,,,,,,,,,,,,,,,,,
552284,,,,,,,,,,,,,,,,,,,,,
552285,145,145,0,145,0,145,0,145,0,,,145,0,145,0,123,0.179,108,0.339,96.8,0.494
552286,,,,,,,,,,,,,,,,,,,,,
552287,,,,,,,,,,,,,,,,,,,,,
552293,5.5,5.5,0,5.5,0,5.5,0,5.5,0,5.5,0,5.5,0,5.5,0,5.5,0,5.5,0,5.5,0
552294,,,,,,,,,,,,,,,,,,,,,
552295,,,,,,,,,,,,,,,,,,,,,
552296,,,,,,,,,,,,,,,,,,,,,
552297,,,,,,,,,,,,,,,,,,,,,
552298,21.9,21.9,0,21.9,0,21.9,0,21.9,0,21.9,0,21.9,0,21.9,0,21.9,0,20,0.095,20,0.095
552299,28.9,28.9,0,28.9,0,28.9,0,28.9,0,28.9,0,28.9,0,28.9,0,28.9,0,24,0.204,24,0.204
552300,19,19,0,19,0,19,0,19,0,19,0,19,0,19,0,19,0,19,0,19,0
552301,8.8,8.8,0,8.8,0,8.8,0,8.8,0,8.8,0,8.8,0,8.8,0,8.8,0,8,0.1,8,0.1
552302,11.5,11.5,0,11.5,0,11.5,0,11.5,0,11.5,0,11.5,0,11.5,0,,,,,,
552303,11.5,11.5,0,11.5,0,11.5,0,11.5,0,11.5,0,11.5,0,11.5,0,,,,,,
552306,11.5,11.5,0,11.5,0,11.5,0,11.5,0,11.5,0,11.5,0,11.5,0,,,,,,
552307,19,19,0,19,0,19,0,19,0,19,0,,,19,0,,,,,,
552308,10.5,10.5,0,10.5,0,10.5,0,10.5,0,10.5,0,10.5,0,10.5,0,,,,,,
552317,,,,,,,,,,,,,,,,,,,,,
552318,5.7,5.7,0,5.7,0,5.7,0,5.7,0,5.7,0,5.7,0,5.7,0,5.7,0,4.5,0.267,4.5,0.267
552319,5.7,5.7,0,5.7,0,5.7,0,5.7,0,5.7,0,,,5.7,0,5.7,0,4.5,0.267,4.5,0.267
552320,5.7,5.7,0,5.7,0,5.7,0,5.7,0,5.7,0,5.7,0,5.7,0,5.7,0,4.5,0.267,4.5,0.267
552322,5.7,5.7,0,5.7,0,5.7,0,5.7,0,5.7,0,5.7,0,5.7,0,5.7,0,4.5,0.267,4.5,0.267
552323,,,,,,,,,,,,,,,,,,,,,
552324,,,,,,,,,,,,,,,,,,,,,
552325,,,,,,,,,,,,,,,,,,,,,
552326,5,5,0,5,0,5,0,5,0,5,0,5,0,5,0,6.5,-0.231,5.5,-0.0909,4,0.25
552327,,,,,,,,,,,,,,,,,,,,,
552329,20,20,0,20,0,20,0,20,0,20,0,20,0,20,0,,,20,0,20,0
552331,20.5,20.5,0,20.5,0,20.5,0,20.5,0,20.5,0,20.5,0,20.5,0,20.5,0,20,0.025,20,0.025
552332,,,,,,,,,,,,,,,,,,,,,
552333,,,,,,,,,,,,,,,,,,,,,
552336,,,,,,,,,,,,,,,,,,,,,
552341,,,,,,,,,,,,,,,,,,,,,
552342,,,,,,,,,,,,,,,,,,,,,
552344,,,,,,,,,,,,,,,,,,,,,
552345,46,,,,,,,,,46.3,-0.00648,46.3,-0.00648,46.3,-0.00648,46.3,-0.00648,,,,
552346,168,168,0,168,0,168,0,168,0,168,0,168,0,,,168,0,99.9,0.681,,
552347,,,,,,,,,,,,,,,,,,,,,
552351,,,,,,,,,,,,,,,,,,,,,
552354,42.5,42.5,0,42.5,0,42.5,0,38.5,0.104,38.5,0.104,38.5,0.104,38.5,0.104,38.5,0.104,27.5,0.545,27.5,0.545
552355,42.5,42.5,0,42.5,0,42.5,0,38.5,0.104,38.5,0.104,38.5,0.104,38.5,0.104,38.5,0.104,27.5,0.545,27.5,0.545
552357,,,,,,,,,,,,,,,,,,,,,
552358,42.5,42.5,0,42.5,0,,,,,38.5,0.104,38.5,0.104,38.5,0.104,,,27.5,0.545,27.5,0.545
552359,,,,,,,,,,,,,,,,,,,,,
552360,,,,,,,,,,,,,,,,,,,,,
552361,,,,,,,,,,,,,,,,,,,,,
552362,42.5,42.5,0,42.5,0,,,,,,,,,38.5,0.104,,,,,33.5,0.269
552363,42.5,42.5,0,42.5,0,42.5,0,,,,,38.5,0.104,,,38.5,0.104,,,,
552366,,,,,,,,,,,,,,,,,,,,,
552367,11,11,0,11,0,11,0,11,0,11,0,11,0,11,0,10,0.1,9.5,0.158,8.8,0.25
552368,11,11,0,11,0,11,0,11,0,11,0,11,0,11,0,10,0.1,9.5,0.158,8.5,0.294
552369,11,11,0,11,0,11,0,11,0,11,0,11,0,11,0,10,0.1,9.5,0.158,8.5,0.294
552373,11,11,0,11,0,11,0,10,0.1,10,0.1,9.5,0.158,9.5,0.158,9.5,0.158,9.5,0.158,9.5,0.158
552374,46,46,0,46,0,46,0,46,0,46,0,46,0,46,0,46,0,,,41.5,0.108
552375,46,,,,,,,46,0,46,0,46,0,46,0,46,0,42.5,0.0824,41.5,0.108
552383,,,,,,,,,,,,,,,,,,,,,
552385,,,,,,,,,,,,,,,,,,,,,
552386,,,,,,,,,,,,,,,,,,,,,
552387,25,25,0,25,0,25,0,25,0,25,0,25,0,25,0,28.5,-0.123,27.5,-0.0909,19.9,0.256
552388,46,46,0,46,0,46,0,46,0,46,0,46,0,46,0,58.5,-0.214,50,-0.08,35.5,0.296
552389,,,,,,,,,,,,,,,,,,,,,
552390,13,13,0,13,0,13,0,13,0,11.5,0.13,11.5,0.13,11.5,0.13,11.5,0.13,11.5,0.13,11.5,0.13
552391,13,13,0,13,0,13,0,13,0,11.5,0.13,11.5,0.13,11.5,0.13,11.5,0.13,11.5,0.13,11.5,0.13
552392,13,13,0,13,0,13,0,13,0,11.5,0.13,11.5,0.13,11.5,0.13,,,11.5,0.13,,
552393,95,95,0,95,0,95,0,95,0,95,0,95,0,95,0,91,0.044,,,81,0.173
552394,,,,,,,,,,,,,,,,,,,,,
552395,,,,,,,,,,,,,,,,,,,,,
552396,,,,,,,,,,,,,,,,,,,,,
552397,11,11,0,11,0,11,0,11,0,10.5,0.0476,10.5,0.0476,10.5,0.0476,,,9.5,0.158,9.5,0.158
552398,,,,,,,,,,,,,,,,,,,,,
552400,26.5,26.5,0,26.5,0,26.5,0,26.5,0,26.5,0,26.5,0,,,,,,,,
552401,,,,,,,,,,,,,,,,,,,,,
552403,,,,,,,,,,,,,,,,,,,,,
552404,,,,,,,,,,,,,,,,,,,,,
552405,140,140,0,140,0,140,0,140,0,140,0,140,0,140,0,,,119,0.176,106,0.321
552406,,,,,,,,,,,,,,,,,,,,,
552407,,,,,,,,,,,,,,,,,,,,,
552408,,,,,,,,,,,,,,,,,,,,,
552409,20,20,0,20,0,20,0,20,0,20,0,20,0,20,0,18.5,0.0811,18.5,0.0811,18.5,0.0811
552411,15.5,15.5,0,15.5,0,15.5,0,15.5,0,15.5,0,15.5,0,15.5,0,15.5,0,15.5,0,15.5,0
552412,,,,,,,,,,,,,,,,,,,,,
552413,148,148,0,148,0,148,0,148,0,148,0,148,0,148,0,,,,,,
552414,,,,,,,,,,,,,,,,,,,,,
552416,34.9,34.9,0,34.9,0,34.9,0,34.9,0,,,34.9,0,34.9,0,30,0.163,28,0.246,28,0.246
552417,50.5,50.5,0,50.5,0,50.5,0,50.5,0,50.5,0,50.5,0,50.5,0,44,0.148,38,0.329,38,0.329
552418,69.5,69.5,0,69.5,0,69.5,0,69.5,0,69.5,0,69.5,0,69.5,0,55,0.264,47,0.479,47,0.479
552419,87.5,87.5,0,87.5,0,87.5,0,87.5,0,87.5,0,87.5,0,87.5,0,75.5,0.159,66.5,0.316,66.5,0.316
552420,32.5,32.5,0,32.5,0,32.5,0,32.5,0,32.5,0,32.5,0,32.5,0,,,23.5,0.383,23.5,0.383
552421,,,,,,,,,,,,,,,,,,,,,
552422,20,20,0,20,0,20,0,20,0,20,0,20,0,20,0,,,,,16.9,0.183
552423,5.5,,,,,,,,,,,,,6.9,-0.203,,,6,-0.0833,6,-0.0833
552424,5.5,5.5,0,6.8,-0.191,6.8,-0.191,6.8,-0.191,6.8,-0.191,6.9,-0.203,5.5,0,,,6,-0.0833,6,-0.0833
552425,,,,,,,,,,,,,,,,,,,,,
552426,,,,,,,,,,,,,,,,,,,,,
552430,,,,,,,,,,,,,,,,,,,,,
552431,9.5,9.5,0,9.5,0,9.5,0,9.5,0,9.5,0,9.5,0,9.5,0,9.5,0,7.9,0.203,8.5,0.118
552432,,,,,,,,,,,,,,,,,,,,,
552433,93,93,0,93,0,93,0,93,0,93,0,93,0,93,0,93,0,67,0.388,67,0.388
552434,,,,,,,,,,,,,,,,,,,,,
552435,,,,,,,,,,,,,,,,,,,,,
552436,,,,,,,,,,,,,,,,,,,,,
552438,76,76,0,76,0,76,0,76,0,76,0,76,0,76,0,76,0,55,0.382,55,0.382
552439,,,,,,,,,,,,,,,,,,,,,
552440,17,17,0,17,0,17,0,17,0,,,17,0,,,,,16.8,0.0119,16,0.0625
552441,,,,,,,,,,,,,,,,,,,,,
552442,17,17,0,17,0,17,0,17,0,17,0,17,0,17,0,17,0,18,-0.0556,16,0.0625
552443,17,17,0,17,0,17,0,17,0,17,0,17,0,17,0,,,18,-0.0556,16,0.0625
552444,,,,,,,,,,,,,,,,,,,,,
552445,,,,,,,,,,,,,,,,,,,,,
552446,12.9,12.9,0,12.9,0,12.9,0,12.9,0,12.9,0,12.9,0,12.9,0,12.9,0,16,-0.194,16,-0.194
552447,17,17,0,17,0,17,0,17,0,17,0,17,0,17,0,17,0,15.5,0.0968,16,0.0625
552448,17,17,0,17,0,17,0,17,0,17,0,17,0,17,0,17,0,15.5,0.0968,16,0.0625
552449,,,,,,,,,,,,,,,,,,,,,
552450,,,,,,,,,,,,,,,,,,,,,
552451,10,10,0,10,0,10,0,10,0,10,0,10,0,9,0.111,10,0,8.5,0.176,8.5,0.176
552452,,,,,,,,,,,,,,,,,,,,,
552453,23.5,23.5,0,23.5,0,23.5,0,23.5,0,23.5,0,23.5,0,,,,,,,15,0.567
552454,16.5,16.5,0,16.5,0,16.5,0,16.5,0,16.5,0,16.5,0,16.5,0,16.5,0,16.5,0,16.5,0
552455,,,,,,,,,,,,,,,,,,,,,
552456,,,,,,,,,,,,,,,,,,,,,
552458,,,,,,,,,,,,,,,,,,,,,
552459,112,112,0,112,0,112,0,112,0,112,0,112,0,112,0,108,0.0417,108,0.0417,108,0.0417
552460,,,,,,,,,,,,,,,,,,,,,
552461,,,,,,,,,,,,,,,,,,,,,
552462,22.5,22.5,0,22.5,0,22.5,0,,,,,,,,,,,,,,
552463,,,,,,,,,,,,,,,,,,,,,
552464,,,,,,,,,,,,,,,,,,,,,
552465,,,,,,,,,,,,,,,,,,,,,
552466,,,,,,,,,,,,,,,,,,,,,
552467,109,109,0,109,0,109,0,109,0,109,0,109,0,109,0,106,0.0235,106,0.0235,106,0.0235
552468,,,,,,,,,,,,,,,,,,,,,
552469,,,,,,,,,,,,,,,,,,,,,
552470,,,,,,,,,,,,,,,,,,,,,
552471,185,185,0,185,0,185,0,185,0,185,0,185,0,185,0,185,0,135,0.37,135,0.37
552472,285,285,0,285,0,285,0,285,0,285,0,285,0,285,0,285,0,255,0.118,,
552473,188,188,0,188,0,188,0,188,0,188,0,188,0,188,0,188,0,168,0.119,130,0.446
552474,11,11,0,11,0,11,0,11,0,11,0,11,0,11,0,11,0,7.5,0.467,7.5,0.467
552475,11,11,0,11,0,11,0,11,0,11,0,11,0,11,0,11,0,7.5,0.467,7.5,0.467
552476,11,11,0,11,0,11,0,11,0,11,0,11,0,11,0,11,0,7.5,0.467,7.5,0.467
552477,15,15,0,,,15,0,15,0,15,0,15,0,,,15,0,13.5,0.111,,
552478,7.5,7.5,0,7.5,0,7.5,0,7.5,0,7.5,0,7.5,0,7.5,0,7.5,0,6,0.25,6,0.25
552479,8.9,8.9,0,8.9,0,8.9,0,8.9,0,8.9,0,8.9,0,8.9,0,,,7.5,0.187,7.5,0.187
552480,8.9,8.9,0,8.9,0,8.9,0,8.9,0,8.9,0,8.9,0,,,8.9,0,7.5,0.187,7.5,0.187
552481,8.9,8.9,0,8.9,0,8.9,0,8.9,0,,,,,8.9,0,8.9,0,7.5,0.187,7.5,0.187
552482,2,2,0,2,0,2,0,2,0,,,2,0,2,0,2,0,2,0,2,0
552483,110,110,0,110,0,110,0,110,0,,,110,0,,,110,0,99,0.111,99,0.111
552484,,,,,,,,,,,,,,,,,,,,,
552485,18.5,18.5,0,18.5,0,18.5,0,18.5,0,18.5,0,18.5,0,18.5,0,18.5,0,18.5,0,18.5,0
552486,18.5,18.5,0,18.5,0,18.5,0,18.5,0,18.5,0,18.5,0,18.5,0,18.5,0,18.5,0,18.5,0
552487,,,,,,,,,,,,,,,,,,,,,
552488,,,,,,,,,,,,,,,,,,,,,
552489,8.8,8.8,0,8.8,0,8.8,0,8.8,0,8.8,0,8.8,0,8.8,0,8.8,0,8,0.1,8,0.1
552493,,,,,,,,,,,,,,,,,,,,,
552494,,,,,,,,,,,,,,,,,,,,,
552495,10.4,10.4,0,10.4,0,10.4,0,10.4,0,10.4,0,10.4,0,10.4,0,10.4,0,8,0.3,8,0.3
552496,10.4,10.4,0,10.4,0,10.4,0,10.4,0,10.4,0,10.4,0,10.4,0,10.4,0,8,0.3,8,0.3
552497,6.5,6.5,0,7.6,-0.145,7.6,-0.145,7.6,-0.145,7.6,-0.145,6.5,0,6.5,0,6.9,-0.058,7.5,-0.133,8.4,-0.226
552498,6.5,6.5,0,7.6,-0.145,7.6,-0.145,7.6,-0.145,7.6,-0.145,6.5,0,6.5,0,6.9,-0.058,7.5,-0.133,8.4,-0.226
552499,6.5,6.5,0,7.6,-0.145,7.6,-0.145,7.6,-0.145,7.6,-0.145,6.5,0,6.5,0,6.9,-0.058,7.5,-0.133,8.4,-0.226
552500,16.5,16.5,0,16.5,0,16.5,0,16.5,0,16.5,0,16.5,0,16.5,0,16.5,0,15,0.1,14.5,0.138
552501,6.9,6.9,0,6.9,0,6.9,0,6.9,0,6.9,0,6.9,0,6.9,0,6,0.15,5.5,0.255,5.5,0.255
552502,,,,,,,,,,,,,,,,,,,,,
552504,,,,,,,,,,,,,,,,,,,,,
552505,,,,,,,,,,,,,,,,,,,,,
552506,,,,,,,,,,,,,,,,,,,,,
552507,,,,,,,,,,,,,,,,,,,,,
552508,,,,,,,,,,,,,,,,,,,,,
552509,,,,,,,,,,,,,,,,,,,,,
552510,,,,,,,,,,,,,,,,,,,,,
552511,,,,,,,,,,,,,,,,,,,,,
552512,30,30,0,30,0,30,0,30,0,30,0,30,0,,,26,0.154,25,0.2,,
552513,130,130,0,130,0,130,0,130,0,125,0.0408,125,0.0408,125,0.0408,125,0.0408,125,0.04,125,0.04
552514,,,,,,,,,,,,,,,,,,,,,
552515,,,,,,,,,,,,,,,,,,,,,
552516,,,,,,,,,,,,,,,,,,,,,
552517,,,,,,,,,,,,,,,,,,,,,
552518,,,,,,,,,,,,,,,,,,,,,
552519,14.9,14.9,0,14.9,0,14.9,0,14.9,0,13.5,0.104,13.5,0.104,13.5,0.104,13.5,0.104,11.8,0.263,11.8,0.263
552520,14.9,14.9,0,14.9,0,14.9,0,14.9,0,13.5,0.104,13.5,0.104,13.5,0.104,13.5,0.104,11.8,0.263,11.8,0.263
552521,,,,,,,,,,,,,,,,,,,,,
552522,,,,,,,,,,,,,,,,,,,,,
552523,,,,,,,,,,,,,,,,,,,,,
552525,63,63,0,63,0,63,0,63,0,63,0,63,0,63,0,,,39.9,0.579,,
552527,,,,,,,,,,,,,,,,,,,,,
552528,,,,,,,,,,,,,,,,,,,,,
552532,,,,,,,,,,,,,,,,,,,,,
552533,,,,,,,,,,,,,,,,,,,,,
552534,,,,,,,,,,,,,,,,,,,,,
552535,,,,,,,,,,,,,,,,,,,,,
552536,,,,,,,,,,,,,,,,,,,,,
552537,,,,,,,,,,,,,,,,,,,,,
552538,,,,,,,,,,,,,,,,,,,,,
552543,,,,,,,,,,,,,,,,,,,,,
552544,,,,,,,,,,,,,,,,,,,,,
552547,,,,,,,,,,,,,,,,,,,,,
552548,,,,,,,,,,,,,,,,,,,,,
552549,,,,,,,,,,,,,,,,,,,,,
552551,,,,,,,,,,,,,,,,,,,,,
552552,,,,,,,,,,,,,,,,,,,,,
552553,,,,,,,,,,,,,,,,,,,,,
552554,,,,,,,,,,,,,,,,,,,,,
552555,,,,,,,,,,,,,,,,,,,,,
552561,33.3,33.3,0,33.3,0,33.3,0,33.3,0,33.3,0,33.3,0,33.3,0,,,,,,
552562,36.9,36.9,0,36.9,0,36.9,0,36.9,0,36.9,0,36.9,0,36.9,0,,,,,,
552563,,,,,,,,,,,,,,,,,,,,,
552564,48,48,0,48,0,48,0,48,0,48,0,48,0,48,0,48,0,38.5,0.247,29.5,0.627
552565,6,6,0,6,0,6,0,6,0,6,0,6,0,6,0,6,0,6,0,4.9,0.224
552566,,,,,,,,,,,,,,,,,,,,,
552567,,,,,,,,,,,,,,,,,,,,,
552568,,,,,,,,,,,,,,,,,,,,,
552569,18.5,18.5,0,18.5,0,18.5,0,18.5,0,18.5,0,,,,,,,,,,
552570,,,,,,,,,,,,,,,,,,,,,
552670,69,69,0,69,0,69,0,69,0,69,0,149,-0.537,170,-0.594,175,-0.605,45,0.533,29.9,1.31
552671,14,14,0,14,0,14,0,14,0,14,0,,,14,0,14,0,12.5,0.12,,
552674,14,14,0,14,0,14,0,14,0,14,0,11.5,0.217,14,0,14,0,12.5,0.12,10.5,0.333
552675,14,14,0,14,0,14,0,14,0,14,0,11.5,0.217,14,0,14,0,12.5,0.12,10.5,0.333
552676,8.7,8.7,0,8.7,0,8.7,0,8.7,0,8.7,0,8.7,0,8.7,0,8.7,0,6,0.45,6,0.45
552677,,,,,,,,,,,,,,,,,,,,,
552678,,,,,,,,,,,,,,,,,,,,,
552679,,,,,,,,,,,,,,,,,,,,,
552680,,,,,,,,,,,,,,,,,,,,,
552681,,,,,,,,,,,,,,,,,,,,,
552682,,,,,,,,,,,,,,,,,,,,,
552683,,,,,,,,,,,,,,,,,,,,,
552684,,,,,,,,,,,,,,,,,,,,,
552685,,,,,,,,,,,,,,,,,,,,,
552687,45,45,0,45,0,45,0,45,0,45,0,45,0,45,0,45,0,45,0,40,0.125
552688,,,,,,,,,,,,,,,,,,,,,
552689,13.7,13.7,0,13.7,0,13.7,0,13.7,0,13.7,0,13.7,0,13.7,0,13.7,0,12.5,0.096,12.5,0.096
552690,15,15,0,15,0,15,0,15,0,,,15,0,15,0,15,0,12.5,0.2,,
552691,27.5,27.5,0,27.5,0,27.5,0,27.5,0,27.5,0,27.5,0,27.5,0,27.5,0,22,0.25,20,0.375
552692,25,25,0,25,0,25,0,25,0,25,0,25,0,25,0,25,0,22.5,0.111,,
552693,12.5,12.5,0,12.5,0,12.5,0,12.5,0,12.5,0,12.5,0,12.5,0,12.5,0,11.2,0.116,11.2,0.116
552694,21.5,21.5,0,21.5,0,21.5,0,21.5,0,25,-0.14,25,-0.14,25,-0.14,25,-0.14,22,-0.0227,21,0.0238
552695,12.5,12.5,0,12.5,0,12.5,0,12.5,0,12.5,0,12.5,0,12.5,0,12.5,0,11.2,0.116,11.2,0.116
552696,,,,,,,,,,,,,,,,,,,,,
552698,,,,,,,,,,,,,,,,,,,,,
552699,,,,,,,,,,,,,,,,,,,,,
552700,,,,,,,,,,,,,,,,,,,,,
552701,,,,,,,,,,,,,,,,,,,,,
552702,,,,,,,,,,,,,,,,,,,,,
552703,,,,,,,,,,,,,,,,,,,,,
552704,,,,,,,,,,,,,,,,,,,,,
552705,240,240,0,240,0,240,0,240,0,240,0,240,0,240,0,,,245,-0.0204,210,0.143
552707,9,9,0,9,0,9,0,9,0,9,0,9,0,9,0,,,,,,
552708,9,9,0,9,0,9,0,9,0,9,0,9,0,,,,,,,,
552710,4.9,4.9,0,4.9,0,4.9,0,4.9,0,5.5,-0.109,5.5,-0.109,5.5,-0.109,,,,,3.5,0.4
552711,,,,,,,,,,,,,,,,,,,,,
552712,13.5,13.5,0,13.5,0,13.5,0,13.5,0,13.5,0,13.5,0,12.5,0.08,,,11.5,0.174,11,0.227
552714,7.5,7.5,0,7.5,0,7,0.0714,7,0.0714,7,0.0714,7,0.0714,7,0.0714,6,0.25,6,0.25,6,0.25
552715,7.5,7.5,0,7.5,0,7,0.0714,7,0.0714,7,0.0714,7,0.0714,7,0.0714,6,0.25,6,0.25,6,0.25
552716,,,,,,,,,,,,,,,,,,,,,
552717,,,,,,,,,,,,,,,,,,,,,
552718,,,,,,,,,,,,,,,,,,,,,
552719,,,,,,,,,,,,,,,,,,,,,
552720,31,31,0,31,0,31,0,31,0,31,0,31,0,31,0,31,0,22.5,0.378,22.5,0.378
552721,99.9,99.9,0,99.9,0,99.9,0,99.9,0,99.9,0,99.9,0,99.9,0,,,,,63,0.586
552730,4.5,4.5,0,4.5,0,4.5,0,4.5,0,4.5,0,4.5,0,4.5,0,4.5,0,4.5,0,4.5,0
552731,4.5,4.5,0,4.5,0,4.5,0,4.5,0,4.5,0,4.5,0,4.5,0,4.5,0,4.5,0,,
552732,4.5,4.5,0,4.5,0,4.5,0,4.5,0,4.5,0,4.5,0,,,4.5,0,4.5,0,4.5,0
552733,4.5,4.5,0,4.5,0,4.5,0,4.5,0,4.5,0,4.5,0,4.5,0,4.5,0,4.5,0,4.5,0
552734,4.5,4.5,0,4.5,0,4.5,0,4.5,0,4.5,0,4.5,0,4.5,0,4.5,0,4.5,0,4.5,0
552735,4,4,0,4,0,4,0,4,0,4,0,4,0,4,0,3,0.333,2.7,0.481,2.7,0.481
552736,2.9,2.9,0,2.9,0,2.9,0,2.9,0,2.7,0.0741,2.7,0.0741,2.7,0.0741,3,-0.0333,2.5,0.16,2.5,0.16
552751,2.5,2.5,0,,,2.5,0,2.5,0,2.5,0,2.5,0,,,,,,,,
552752,76,76,0,76,0,76,0,76,0,,,,,76,0,,,,,,
552753,17.5,17.5,0,17.5,0,17.5,0,17.5,0,17.5,0,17.5,0,17.5,0,17.5,0,15.5,0.129,,
552754,36.9,36.9,0,36.9,0,36.9,0,36.9,0,36.9,0,34.9,0.0573,36.9,0,48,-0.231,38.5,-0.0416,38.5,-0.0416
552755,,,,,,,,,,,,,,,,,,,,,
552756,20.5,20.5,0,20.5,0,20.5,0,20.5,0,20.5,0,20.5,0,20.5,0,20.5,0,9.5,1.16,11,0.864
552757,,,,,,,,,,,,,,,,,,,,,
552758,,,,,,,,,,,,,,,,,,,,,
552759,,,,,,,,,,,,,,,,,,,,,
552760,,,,,,,,,,,,,,,,,,,,,
552761,25.5,25.5,0,25.5,0,25.5,0,25.5,0,25.5,0,25.5,0,25.5,0,25.5,0,24.5,0.0408,24.5,0.0408
552762,,,,,,,,,,,,,,,,,,,,,
552763,,,,,,,,,,,,,,,,,,,,,
552764,,,,,,,,,,,,,,,,,,,,,
552766,,,,,,,,,,,,,,,,,,,,,
552768,13.8,13.8,0,13.8,0,13.8,0,13.8,0,,,13.8,0,,,,,,,,
552769,25,25,0,25,0,25,0,25,0,25,0,25,0,25,0,25,0,18.8,0.33,18.8,0.33
552770,,,,,,,,,,,,,,,,,,,,,
552771,,,,,,,,,,,,,,,,,,,,,
552772,,,,,,,,,,,,,,,,,,,,,
552773,,,,,,,,,,,,,,,,,,,,,
552774,37.5,37.5,0,37.5,0,37.5,0,37.5,0,,,37.5,0,37.5,0,37.5,0,35,0.0714,35,0.0714
552775,,,,,,,,,,,,,,,,,,,,,
552776,,,,,,,,,,,,,,,,,,,,,
552777,37,37,0,37,0,37,0,37,0,37,0,37,0,37,0,37,0,27.5,0.345,27.5,0.345
552778,33.5,33.5,0,33.5,0,33.5,0,33.5,0,33.5,0,33.5,0,33.5,0,,,22.5,0.489,22.5,0.489
552779,33.5,33.5,0,33.5,0,33.5,0,33.5,0,33.5,0,33.5,0,33.5,0,40,-0.162,23.5,0.426,,
552780,8.5,8.5,0,8.5,0,8.5,0,8.5,0,8.5,0,8.5,0,8.5,0,,,7.5,0.133,7.5,0.133
552781,6.5,6.5,0,6.5,0,6.5,0,6.5,0,,,6.5,0,,,6.5,0,5.9,0.102,5.9,0.102
552782,8.5,8.5,0,8.5,0,8.5,0,8.5,0,8.5,0,8.5,0,8.5,0,11,-0.227,7.8,0.0897,7.8,0.0897
552783,,,,,,,,,,,,,,,,,,,,,
552784,,,,,,,,,,,,,,,,,,,,,
552785,,,,,,,,,,,,,,,,,,,,,
552786,,,,,,,,,,,,,,,,,,,,,
552787,,,,,,,,,,,,,,,,,,,,,
552788,,,,,,,,,,,,,,,,,,,,,
552789,,,,,,,,,,,,,,,,,,,,,
552791,17.5,17.5,0,17.5,0,17.5,0,17.5,0,17.5,0,17.5,0,17.5,0,14.9,0.174,12.5,0.4,14,0.25
552793,,,,,,,,,,,,,,,,,,,,,
552794,15.5,15.5,0,15.5,0,15.5,0,15.5,0,15.5,0,15.5,0,15.5,0,15.5,0,14,0.107,13.7,0.131
552795,,,,,,,,,,,,,,,,,,,,,
552796,,,,,,,,,,,,,,,,,,,,,
552797,,,,,,,,,,,,,,,,,,,,,
552798,22.5,22.5,0,22.5,0,28,-0.196,26.3,-0.144,26.3,-0.144,26.3,-0.144,,,22.3,0.00897,26.3,-0.144,26.3,-0.144
552799,,,,,,,,,,,,,,,,,,,,,
552800,145,145,0,145,0,145,0,145,0,,,,,,,,,84,0.726,,
552801,,,,,,,,,,,,,,,,,,,,,
552802,,,,,,,,,,,,,,,,,,,,,
552803,,,,,,,,,,,,,,,,,,,,,
552804,,,,,,,,,,,,,,,,,,,,,
552805,,,,,,,,,,,,,,,,,,,,,
552806,,,,,,,,,,,,,,,,,,,,,
552807,,,,,,,,,,,,,,,,,,,,,
552808,,,,,,,,,,,,,,,,,,,,,
552809,,,,,,,,,,,,,,,,,,,,,
552811,,,,,,,,,,,,,,,,,,,,,
552812,,,,,,,,,,,,,,,,,,,,,
552813,,,,,,,,,,,,,,,,,,,,,
552814,6.5,6.5,0,6.5,0,6.5,0,6.5,0,6.5,0,6.5,0,6.5,0,6.5,0,6.5,0,6.5,0
552815,,,,,,,,,,,,,,,,,,,,,
552816,,,,,,,,,,,,,,,,,,,,,
552817,,,,,,,,,,,,,,,,,,,,,
552818,162,162,0,162,0,162,0,162,0,162,0,162,0,162,0,,,,,,
552819,,,,,,,,,,,,,,,,,,,,,
552820,,,,,,,,,,,,,,,,,,,,,
552821,,,,,,,,,,,,,,,,,,,,,
552822,,,,,,,,,,,,,,,,,,,,,
552823,,,,,,,,,,,,,,,,,,,,,
552824,,,,,,,,,,,,,,,,,,,,,
552825,,,,,,,,,,,,,,,,,,,,,
552826,,,,,,,,,,,,,,,,,,,,,
552828,,,,,,,,,,,,,,,,,,,,,
552829,,,,,,,,,,,,,,,,,,,,,
552830,,,,,,,,,,,,,,,,,,,,,
552831,,,,,,,,,,,,,,,,,,,,,
552832,,,,,,,,,,,,,,,,,,,,,
552833,,,,,,,,,,,,,,,,,,,,,
552834,,,,,,,,,,,,,,,,,,,,,
552835,,,,,,,,,,,,,,,,,,,,,
552836,,,,,,,,,,,,,,,,,,,,,
552837,224,224,0,224,0,224,0,224,0,,,,,,,,,,,,
552838,145,145,0,145,0,145,0,145,0,145,0,145,0,145,0,145,0,145,0,119,0.218
552846,35,35,0,35,0,35,0,35,0,35,0,32.5,0.0769,,,32.5,0.0769,32.5,0.0769,32.5,0.0769
552847,40,,,,,,,,,40,0,,,,,37.5,0.0667,37.5,0.0667,37.5,0.0667
552848,,,,,,,,,,,,,,,,,,,,,
552849,13,13,0,13,0,13,0,13,0,13,0,12,0.0833,9.5,0.368,12,0.0833,,,,
552850,,,,,,,,,,,,,,,,,,,,,
552851,130,130,0,130,0,130,0,130,0,130,0,130,0,130,0,130,0,,,,
552852,,,,,,,,,,,,,,,,,,,,,
552853,,,,,,,,,,,,,,,,,,,,,
552854,11,11,0,11,0,11,0,11,0,11,0,11,0,11,0,,,10,0.1,9.3,0.183
552855,11,11,0,11,0,11,0,11,0,11,0,11,0,,,11,0,,,9.3,0.183
552856,,,,,,,,,,,,,,,,,,,,,
552857,19.8,19.8,0,19.8,0,19.8,0,19.8,0,19.8,0,19.8,0,19.8,0,19.8,0,,,,
552858,179,179,0,179,0,179,0,179,0,179,0,,,,,,,125,0.433,125,0.433
552859,179,179,0,179,0,179,0,179,0,179,0,,,,,125,0.433,,,125,0.433
552860,11.9,11.9,0,11.9,0,11.9,0,11.9,0,4.9,1.43,9.9,0.202,11.9,0,11.9,0,6.5,0.831,10.9,0.0917
552862,449,449,0,449,0,449,0,449,0,449,0,,,,,,,,,270,0.664
552864,11.9,11.9,0,11.9,0,11.9,0,11.9,0,4.9,1.43,9.9,0.202,11.9,0,11.9,0,10.9,0.0917,10.9,0.0917
552865,11.9,11.9,0,11.9,0,11.9,0,11.9,0,4.9,1.43,9.9,0.202,5.9,1.02,11.9,0,6.5,0.831,10.9,0.0917
552866,20.5,20.5,0,20.5,0,20.5,0,20.5,0,20.5,0,20.5,0,20.5,0,18.5,0.108,18.5,0.108,18.5,0.108
552867,20.5,20.5,0,20.5,0,20.5,0,20.5,0,20.5,0,20.5,0,20.5,0,18.5,0.108,18.5,0.108,18.5,0.108
552868,20.5,20.5,0,20.5,0,20.5,0,20.5,0,20.5,0,20.5,0,20.5,0,18.5,0.108,18.5,0.108,18.5,0.108
552869,3.5,3.5,0,3.5,0,3.5,0,3.5,0,3.5,0,3.5,0,3.5,0,3.5,0,3.5,0,3.5,0
552870,,,,,,,,,,,,,,,,,,,,,
552871,3.5,3.5,0,3.5,0,3.5,0,3.5,0,3.5,0,3.5,0,3.5,0,3.5,0,3.5,0,3.5,0
552872,3.5,3.5,0,3.5,0,3.5,0,3.5,0,3.5,0,3.5,0,3.5,0,3.5,0,3.5,0,3.5,0
552873,3.5,3.5,0,3.5,0,3.5,0,3.5,0,3.5,0,3.5,0,3.5,0,3.5,0,3.5,0,3.5,0
552874,3.5,3.5,0,3.5,0,3.5,0,3.5,0,3.5,0,3.5,0,3.5,0,3.5,0,3.5,0,3.5,0
552875,,,,,,,,,,,,,,,,,,,,,
552876,,,,,,,,,,,,,,,,,,,,,
552877,,,,,,,,,,,,,,,,,,,,,
552878,,,,,,,,,,,,,,,,,,,,,
552879,,,,,,,,,,,,,,,,,,,,,
552880,,,,,,,,,,,,,,,,,,,,,
552881,,,,,,,,,,,,,,,,,,,,,
552882,,,,,,,,,,,,,,,,,,,,,
552883,,,,,,,,,,,,,,,,,,,,,
552884,,,,,,,,,,,,,,,,,,,,,
552885,,,,,,,,,,,,,,,,,,,,,
552886,,,,,,,,,,,,,,,,,,,,,
552887,,,,,,,,,,,,,,,,,,,,,
552888,,,,,,,,,,,,,,,,,,,,,
552889,,,,,,,,,,,,,,,,,,,,,
552890,140,140,0,140,0,140,0,,,,,140,0,140,0,,,,,,
552891,,,,,,,,,,,,,,,,,,,,,
552892,6.5,6.5,0,6.5,0,6.5,0,6.5,0,,,6.5,0,6.5,0,6,0.0833,6,0.0833,6,0.0833
552893,,,,,,,,,,,,,,,,,,,,,
552894,15.5,15.5,0,15.5,0,15.5,0,15.5,0,15.5,0,15.5,0,15.5,0,15,0.0333,13.5,0.148,13,0.192
552895,15.5,15.5,0,15.5,0,15.5,0,15.5,0,15.5,0,15.5,0,15.5,0,15,0.0333,13.5,0.148,,
552896,99,99,0,99,0,99,0,99,0,99,0,,,,,99,0,99,0,,
552897,,,,,,,,,,,,,,,,,,,,,
552898,93.5,93.5,0,93.5,0,93.5,0,93.5,0,93.5,0,93.5,0,,,93.5,0,93.5,0,93.5,0
552899,78.5,78.5,0,78.5,0,78.5,0,78.5,0,78.5,0,78.5,0,,,,,,,,
552900,,,,,,,,,,,,,,,,,,,,,
552901,31,31,0,31,0,31,0,31,0,31,0,31,0,31,0,31,0,25,0.24,,
552902,,,,,,,,,,,,,,,,,,,,,
552904,,,,,,,,,,,,,,,,,,,,,
552905,,,,,,,,,,,,,,,,,,,,,
552906,,,,,,,,,,,,,,,,,,,,,
552907,21,21,0,21,0,21,0,21,0,21,0,25.5,-0.176,25.5,-0.176,25.5,-0.176,,,16.5,0.273
552908,120,120,0,132,-0.0917,110,0.091,110,0.091,126,-0.0484,132,-0.0917,126,-0.0484,,,,,,
552909,11.5,11.5,0,11.5,0,11.5,0,11.5,0,11.5,0,11.5,0,11.5,0,11.5,0,11.5,0,11.5,0
552910,,,,,,,,,,,,,,,,,,,,,
552911,11.5,11.5,0,11.5,0,11.5,0,11.5,0,11.5,0,11.5,0,11.5,0,11.5,0,11.5,0,11.5,0
552912,,,,,,,,,,,,,,,,,,,,,
552915,,,,,,,,,,,,,,,,,,,,,
552916,,,,,,,,,,,,,,,,,,,,,
552917,,,,,,,,,,,,,,,,,,,,,
552918,,,,,,,,,,,,,,,,,,,,,
552920,,,,,,,,,,,,,,,,,,,,,
552922,,,,,,,,,,,,,,,,,,,,,
552923,,,,,,,,,,,,,,,,,,,,,
552924,,,,,,,,,,,,,,,,,,,,,
552925,,,,,,,,,,,,,,,,,,,,,
552928,,,,,,,,,,,,,,,,,,,,,
552929,62.5,62.5,0,62.5,0,62.5,0,62.5,0,,,,,62.5,0,62.5,0,62.5,0,62.5,0
552931,,,,,,,,,,,,,,,,,,,,,
552934,,,,,,,,,,,,,,,,,,,,,
552935,,,,,,,,,,,,,,,,,,,,,
552936,62,62,0,62,0,62,0,62,0,62,0,62,0,62,0,,,,,35,0.771
552937,80,80,0,80,0,80,0,80,0,80,0,80,0,80,0,80,0,62.5,0.28,,
552938,68,68,0,68,0,68,0,68,0,,,,,68,0,68,0,49,0.388,49,0.388
552939,,,,,,,,,,,,,,,,,,,,,
552940,47.8,47.8,0,47.8,0,47.8,0,47.8,0,47.8,0,47.8,0,47.8,0,,,36,0.328,36,0.328
552948,89.9,89.9,0,89.9,0,89.9,0,89.9,0,89.9,0,89.9,0,89.9,0,,,,,,
552950,,,,,,,,,,,,,,,,,,,,,
552951,,,,,,,,,,,,,,,,,,,,,
552952,28.8,28.8,0,28.8,0,28.8,0,28.8,0,,,,,28.8,0,28.8,0,,,,
552953,,,,,,,,,,,,,,,,,,,,,
552954,,,,,,,,,,,,,,,,,,,,,
552955,,,,,,,,,,,,,,,,,,,,,
552966,4,4,0,4,0,4,0,4,0,4,0,4,0,4,0,,,,,,
552967,4,4,0,4,0,4,0,4,0,4,0,4,0,4,0,4,0,,,,
552968,22.5,22.5,0,22.5,0,22.5,0,22.5,0,22.5,0,,,,,,,,,,
552969,,,,,,,,,,,,,,,,,,,,,
552970,21,21,0,21,0,21,0,21,0,21,0,21,0,21,0,21,0,20.5,0.0244,20.5,0.0244
552971,21,21,0,21,0,21,0,21,0,21,0,21,0,21,0,21,0,20.5,0.0244,20.5,0.0244
552972,21,21,0,21,0,21,0,21,0,21,0,21,0,21,0,21,0,20.5,0.0244,20.5,0.0244
552974,6.5,6.5,0,6.5,0,6.5,0,6.5,0,6.5,0,6.5,0,6.5,0,,,,,,
552975,,,,,,,,,,,,,,,,,,,,,
552977,26.9,26.9,0,26.9,0,26.9,0,26.9,0,26.9,0,26.9,0,26.9,0,,,,,,
552978,9.5,9.5,0,,,,,9.5,0,9.5,0,9.5,0,,,,,,,8,0.188
552980,,,,,,,,,,,,,,,,,,,,,
552981,,,,,,,,,,,,,,,,,,,,,
552982,,,,,,,,,,,,,,,,,,,,,
552983,,,,,,,,,,,,,,,,,,,,,
552984,,,,,,,,,,,,,,,,,,,,,
552986,,,,,,,,,,,,,,,,,,,,,
552988,,,,,,,,,,,,,,,,,,,,,
552989,,,,,,,,,,,,,,,,,,,,,
552990,,,,,,,,,,,,,,,,,,,,,
552991,,,,,,,,,,,,,,,,,,,,,
552993,,,,,,,,,,,,,,,,,,,,,
552997,,,,,,,,,,,,,,,,,,,,,
552998,38.5,38.5,0,38.5,0,38.5,0,35,0.1,35,0.1,35,0.1,35,0.1,35,0.1,35,0.1,,
552999,,,,,,,,,,,,,,,,,,,,,
553000,,,,,,,,,,,,,,,,,,,,,
553001,,,,,,,,,,,,,,,,,,,,,
553002,,,,,,,,,,,,,,,,,,,,,
553003,,,,,,,,,,,,,,,,,,,,,
553005,,,,,,,,,,,,,,,,,,,,,
553006,,,,,,,,,,,,,,,,,,,,,
553007,59.5,59.5,0,59.5,0,59.5,0,,,,,,,,,,,42.5,0.4,35,0.7
553008,59.5,59.5,0,59.5,0,59.5,0,59.5,0,59.5,0,59.5,0,,,,,,,,
553009,,,,,,,,,,,,,,,,,,,,,
553010,,,,,,,,,,,,,,,,,,,,,
553011,59.5,59.5,0,59.5,0,59.5,0,59.5,0,59.5,0,59.5,0,,,,,,,,
553012,,,,,,,,,,,,,,,,,,,,,
553013,,,,,,,,,,,,,,,,,,,,,
553014,,,,,,,,,,,,,,,,,,,,,
553015,,,,,,,,,,,,,,,,,,,,,
553016,29.5,29.5,0,29.5,0,29.5,0,,,29.5,0,29.5,0,,,,,,,19,0.553
553017,,,,,,,,,,,,,,,,,,,,,
553018,,,,,,,,,,,,,,,,,,,,,
553019,39,39,0,39,0,39,0,39,0,39,0,39,0,39,0,35,0.114,35,0.114,35,0.114
553022,89,89,0,89,0,89,0,89,0,89,0,89,0,89,0,89,0,82.5,0.0788,,
553023,,,,,,,,,,,,,,,,,,,,,
553024,,,,,,,,,,,,,,,,,,,,,
553025,60,60,0,60,0,60,0,60,0,60,0,60,0,60,0,89.1,-0.327,74,-0.189,49.5,0.212
553026,29,29,0,29,0,29,0,29,0,29,0,29,0,29,0,36.6,-0.208,30.5,-0.0492,20,0.45
553027,40.8,40.8,0,40.8,0,40.8,0,40.8,0,40.8,0,40.8,0,40.8,0,40.8,0,34,0.2,24,0.7
553028,42.5,,,,,,,,,,,,,,,42.5,0,34,0.25,24,0.771
553029,,,,,,,,,,,,,,,,,,,,,
553030,,,,,,,,,,,,,,,,,,,,,
553033,220,220,0,220,0,220,0,220,0,220,0,220,0,185,0.19,179,0.229,179,0.229,,
553034,220,220,0,220,0,220,0,220,0,220,0,220,0,185,0.19,179,0.229,,,,
553036,,,,,,,,,,,,,,,,,,,,,
553037,,,,,,,,,,,,,,,,,,,,,
553038,95,95,0,95,0,95,0,95,0,95,0,95,0,95,0,80,0.188,80,0.188,80,0.188
553039,89.9,89.9,0,89.9,0,89.9,0,89.9,0,89.9,0,89.9,0,89.9,0,89.9,0,,,,
553040,69.9,69.9,0,69.9,0,69.9,0,69.9,0,69.9,0,69.9,0,69.9,0,,,,,,
553041,,,,,,,,,,,,,,,,,,,,,
553043,47.5,47.5,0,47.5,0,47.5,0,47.5,0,47.5,0,38.9,0.221,47.5,0,47.5,0,36,0.319,36,0.319
553044,47.5,47.5,0,47.5,0,47.5,0,47.5,0,47.5,0,38.9,0.221,47.5,0,47.5,0,36,0.319,36,0.319
553045,47.5,47.5,0,47.5,0,47.5,0,47.5,0,47.5,0,38.9,0.221,47.5,0,47.5,0,36,0.319,36,0.319
553046,,,,,,,,,,,,,,,,,,,,,
553047,31,31,0,31,0,31,0,31,0,,,31,0,31,0,31,0,22.5,0.378,22.5,0.378
553048,31,31,0,31,0,31,0,31,0,31,0,31,0,31,0,,,22.5,0.378,22.5,0.378
553049,,,,,,,,,,,,,,,,,,,,,
553050,19.5,19.5,0,19.5,0,19.5,0,19.5,0,,,19.5,0,,,21.5,-0.093,21,-0.0714,,
553052,10,10,0,10,0,10,0,10,0,10,0,10,0,10,0,10,0,,,,
553053,4,4,0,4,0,4,0,4,0,4,0,4,0,4,0,4,0,3.5,0.143,3.5,0.143
553054,4,4,0,4,0,4,0,4,0,4,0,4,0,4,0,4,0,3.5,0.143,3.5,0.143
553055,4,4,0,4,0,4,0,4,0,4,0,4,0,4,0,4,0,3.5,0.143,3.5,0.143
553056,4,4,0,4,0,4,0,4,0,4,0,4,0,4,0,4,0,3.5,0.143,3.5,0.143
553057,9,9,0,9,0,9,0,9,0,8.5,0.0588,7.5,0.2,7.5,0.2,8.5,0.0588,,,8.5,0.0588
553058,,,,,,,,,,,,,,,,,,,,,
553059,,,,,,,,,,,,,,,,,,,,,
553060,10.5,10.5,0,10.5,0,10.5,0,10.5,0,10.5,0,10.5,0,10.5,0,9,0.167,8.5,0.235,,
553061,,,,,,,,,,,,,,,,,,,,,
553062,,,,,,,,,,,,,,,,,,,,,
553063,29.9,29.9,0,29.9,0,29.9,0,29.9,0,29.9,0,,,29.9,0,29.9,0,29.9,0,29.9,0
553064,,,,,,,,,,,,,,,,,,,,,
553065,36,36,0,36,0,36,0,36,0,36,0,36,0,36,0,36,0,36.9,-0.0244,36.9,-0.0244
553066,18.7,18.7,0,18.7,0,18.7,0,18.7,0,18.7,0,18.7,0,18.7,0,18.7,0,,,,
553068,18.7,18.7,0,18.7,0,18.7,0,18.7,0,18.7,0,18.7,0,18.7,0,18.7,0,15.5,0.206,,
553069,20.5,20.5,0,20.5,0,20.5,0,20.5,0,20.5,0,20.5,0,20.5,0,20.5,0,17.5,0.171,,
553070,20.5,20.5,0,20.5,0,20.5,0,20.5,0,20.5,0,20.5,0,20.5,0,20.5,0,17.5,0.171,,
553071,,,,,,,,,,,,,,,,,,,,,
553072,43.5,43.5,0,43.5,0,43.5,0,43.5,0,43.5,0,43.5,0,43.5,0,43.5,0,37.5,0.16,,
553073,44.5,44.5,0,44.5,0,44.5,0,44.5,0,44.5,0,44.5,0,44.5,0,44.5,0,43.5,0.023,,
553074,18,18,0,18,0,18,0,18,0,18,0,18,0,18,0,18,0,17.5,0.0286,,
553075,32,32,0,32,0,32,0,32,0,32,0,32,0,32,0,32,0,25,0.28,,
553076,25.5,25.5,0,25.5,0,25.5,0,25.5,0,25.5,0,25.5,0,25.5,0,25.5,0,21,0.214,21,0.214
553077,37,37,0,37,0,37,0,37,0,46.5,-0.204,46.5,-0.204,46.5,-0.204,52.5,-0.295,49.9,-0.259,,
553078,,,,,,,,,,,,,,,,,,,,,
553079,,,,,,,,,,,,,,,,,,,,,
553080,42.5,42.5,0,42.5,0,42.5,0,42.5,0,,,,,42.5,0,,,,,42.5,0
553081,,,,,,,,,,,,,,,,,,,,,
553082,,,,,,,,,,,,,,,,,,,,,
553083,,,,,,,,,,,,,,,,,,,,,
553084,,,,,,,,,,,,,,,,,,,,,
553085,,,,,,,,,,,,,,,,,,,,,
553086,,,,,,,,,,,,,,,,,,,,,
553087,58.5,58.5,0,58.5,0,58.5,0,58.5,0,58.5,0,58.5,0,58.5,0,58.5,0,49.5,0.182,45,0.3
553088,60,60,0,60,0,60,0,60,0,58.5,0.0256,58.5,0.0256,58.5,0.0256,58.5,0.0256,,,,
553089,12.5,12.5,0,12.5,0,12.5,0,12.5,0,12.5,0,12.5,0,12.5,0,12.5,0,12.5,0,,
553090,,,,,,,,,,,,,,,,,,,,,
553091,65,65,0,65,0,65,0,65,0,65,0,65,0,65,0,65,0,,,,
553092,,,,,,,,,,,,,,,,,,,,,
553093,,,,,,,,,,,,,,,,,,,,,
553094,,,,,,,,,,,,,,,,,,,,,
553096,,,,,,,,,,,,,,,,,,,,,
553097,,,,,,,,,,,,,,,,,,,,,
553098,,,,,,,,,,,,,,,,,,,,,
553099,19.9,19.9,0,19.9,0,19.9,0,19.9,0,19.9,0,19.5,0.0205,19.5,0.0205,19.5,0.0205,19.5,0.0205,,
553100,189,189,0,189,0,189,0,189,0,189,0,189,0,189,0,,,,,,
553102,,,,,,,,,,,,,,,,,,,,,
553103,,,,,,,,,,,,,,,,,,,,,
553104,,,,,,,,,,,,,,,,,,,,,
553105,,,,,,,,,,,,,,,,,,,,,
553106,,,,,,,,,,,,,,,,,,,,,
553107,,,,,,,,,,,,,,,,,,,,,
553108,,,,,,,,,,,,,,,,,,,,,
553111,,,,,,,,,,,,,,,,,,,,,
553112,,,,,,,,,,,,,,,,,,,,,
553113,,,,,,,,,,,,,,,,,,,,,
553114,,,,,,,,,,,,,,,,,,,,,
553115,7,7,0,7,0,7,0,7,0,7,0,,,7,0,8.6,-0.186,7.5,-0.0667,,
553116,7,7,0,7,0,7,0,7,0,7,0,7,0,7,0,8.6,-0.186,,,,
553118,21.9,21.9,0,21.9,0,21.9,0,21.9,0,21.9,0,21.9,0,21.9,0,21.9,0,16.4,0.335,,
553119,20.5,20.5,0,20.5,0,20.5,0,20.5,0,20.5,0,20.5,0,20.5,0,23.5,-0.128,,,,
553120,20.5,20.5,0,20.5,0,20.5,0,20.5,0,20.5,0,20.5,0,20.5,0,23.5,-0.128,19,0.0789,,
553121,20.5,20.5,0,20.5,0,20.5,0,20.5,0,20.5,0,20.5,0,20.5,0,23.5,-0.128,,,,
553122,16.5,16.5,0,16.5,0,16.5,0,16.5,0,16.5,0,13.5,0.222,16.5,0,20.5,-0.195,16.4,0.0061,,
553123,16.5,16.5,0,16.5,0,16.5,0,16.5,0,16.5,0,13.5,0.222,16.5,0,20.5,-0.195,16.4,0.0061,,
553124,30,30,0,30,0,30,0,30,0,30,0,30,0,30,0,30,0,30,0,,
553125,,,,,,,,,,,,,,,,,,,,,
553126,,,,,,,,,,,,,,,,,,,,,
553127,,,,,,,,,,,,,,,,,,,,,
553128,,,,,,,,,,,,,,,,,,,,,
553131,,,,,,,,,,,,,,,,,,,,,
553133,,,,,,,,,,,,,,,,,,,,,
553134,,,,,,,,,,,,,,,,,,,,,
553135,,,,,,,,,,,,,,,,,,,,,
553136,,,,,,,,,,,,,,,,,,,,,
553137,170,170,0,170,0,170,0,170,0,170,0,170,0,170,0,,,,,,
553138,36,36,0,36,0,36,0,36,0,36,0,36,0,36,0,36,0,23.9,0.506,,
553139,25,25,0,25,0,25,0,25,0,25,0,,,25,0,30.5,-0.18,22,0.136,,
553140,111,111,0,120,-0.0758,110,0.0091,110,0.0091,108,0.0269,108,0.0269,105,0.0562,94.9,0.169,102,0.0873,,
553144,,,,,,,,,,,,,,,,,,,,,
553145,,,,,,,,,,,,,,,,,,,,,
553146,16.5,16.5,0,16.5,0,16.5,0,16.5,0,17.5,-0.0571,17.5,-0.0571,17.5,-0.0571,17.5,-0.0571,15,0.1,,
553147,17.5,17.5,0,17.5,0,17.5,0,17.5,0,18.7,-0.0642,18.7,-0.0642,18.7,-0.0642,18.7,-0.0642,17.5,0,,
553148,14,14,0,14,0,14,0,14,0,15,-0.0667,15,-0.0667,15,-0.0667,15,-0.0667,12.5,0.12,,
553149,12.5,12.5,0,12.5,0,12.5,0,12.5,0,12.5,0,12.5,0,12.5,0,12.5,0,10,0.25,,
553150,11,11,0,11,0,11,0,11,0,11,0,11,0,11,0,11,0,10,0.1,,
553151,,,,,,,,,,,,,,,,,,,,,
553152,37.5,37.5,0,37.5,0,37.5,0,37.5,0,38.7,-0.031,,,38.7,-0.031,38.7,-0.031,32.5,0.154,,
553153,50,50,0,50,0,50,0,50,0,55,-0.0909,55,-0.0909,55,-0.0909,55,-0.0909,49,0.0204,,
553156,,,,,,,,,,,,,,,,,,,,,
553158,,,,,,,,,,,,,,,,,,,,,
553160,,,,,,,,,,,,,,,,,,,,,
553164,16.5,16.5,0,16.5,0,16.5,0,16.5,0,16.5,0,13.5,0.222,16.5,0,20.5,-0.195,16.4,0.0061,,
553167,3.5,3.5,0,3.5,0,3.5,0,3.5,0,3.5,0,3.5,0,3.5,0,3.5,0,2.5,0.4,,
553170,11.5,11.5,0,,,11.5,0,11.5,0,11.5,0,11.5,0,,,11.5,0,11.5,0,,
553171,,,,,,,,,,,,,,,,,,,,,
553172,140,140,0,140,0,140,0,140,0,140,0,,,109,0.284,,,109,0.284,,
553173,125,125,0,125,0,125,0,140,-0.107,140,-0.107,140,-0.107,109,0.147,109,0.147,,,,
553174,225,225,0,225,0,225,0,225,0,225,0,225,0,199,0.131,199,0.131,,,,
553175,22,22,0,22,0,22,0,22,0,22,0,17.9,0.229,22,0,18,0.222,,,,
553176,,,,,,,,,,,,,,,,,,,,,
553177,12.9,12.9,0,12.9,0,12.9,0,12.9,0,12.9,0,17,-0.241,17,-0.241,17,-0.241,14.5,-0.11,,
553178,13,13,0,,,,,,,13,0,13,0,13,0,15.5,-0.161,14.5,-0.103,,
553179,13,13,0,13,0,13,0,13,0,13,0,13,0,13,0,15.5,-0.161,,,,
553180,10,,,,,,,,,9,0.111,9,0.111,,,9,0.111,9,0.111,,
553181,12.5,12.5,0,12.5,0,,,,,12.5,0,12.5,0,,,,,,,,
553182,12.5,12.5,0,12.5,0,,,,,,,12.5,0,12.5,0,12.5,0,,,,
553183,,,,,,,,,,,,,,,,,,,,,
553184,,,,,,,,,,,,,,,,,,,,,
553185,,,,,,,,,,,,,,,,,,,,,
553186,32,32,0,32,0,,,,,32,0,32,0,,,32,0,,,,
553187,37.5,37.5,0,37.5,0,,,,,,,37.5,0,37.5,0,37.5,0,,,,
553188,37.5,37.5,0,37.5,0,37.5,0,37.5,0,37.5,0,37.5,0,,,37.5,0,,,,
553189,37.5,37.5,0,37.5,0,37.5,0,37.5,0,37.5,0,37.5,0,,,37.5,0,,,,
553190,,,,,,,,,,,,,,,,,,,,,
553191,,,,,,,,,,,,,,,,,,,,,
553192,,,,,,,,,,,,,,,,,,,,,
553195,25,25,0,25,0,25,0,,,25,0,25,0,,,,,,,,
553196,,,,,,,,,,,,,,,,,,,,,
553197,,,,,,,,,,,,,,,,,,,,,
553198,32,32,0,,,,,,,,,32,0,,,,,,,,
553199,,,,,,,,,,,,,,,,,,,,,
553200,37.5,37.5,0,37.5,0,37.5,0,37.5,0,,,37.5,0,37.5,0,37.5,0,,,,
553201,27.5,27.5,0,27.5,0,27.5,0,27.5,0,27.5,0,27.5,0,27.5,0,27.5,0,,,,
553202,27.5,27.5,0,27.5,0,27.5,0,27.5,0,27.5,0,27.5,0,27.5,0,27.5,0,,,,
553203,27.5,27.5,0,27.5,0,27.5,0,27.5,0,27.5,0,27.5,0,,,27.5,0,,,,
553204,,,,,,,,,,,,,,,,,,,,,
553205,27.5,27.5,0,27.5,0,27.5,0,27.5,0,27.5,0,27.5,0,27.5,0,27.5,0,,,,
553206,27.5,27.5,0,27.5,0,27.5,0,27.5,0,27.5,0,27.5,0,27.5,0,27.5,0,,,,
553209,9,9,0,9,0,7.9,0.139,7.9,0.139,9,0,9,0,9.5,-0.0526,8.5,0.0588,8,0.125,,
553210,25,,,,,25,0,25,0,25,0,22.5,0.111,,,22.5,0.111,22.5,0.111,,
553211,31,31,0,31,0,31,0,31,0,,,,,29,0.069,,,29,0.069,,
553212,35,35,0,35,0,35,0,35,0,,,,,32.5,0.0769,32.5,0.0769,,,,
553213,,,,,,,,,,,,,,,,,,,,,
553214,7.5,7.5,0,7.5,0,7.5,0,7.5,0,7.5,0,7.5,0,7.5,0,7.5,0,,,,
553215,7.5,7.5,0,7.5,0,7.5,0,7.5,0,7.5,0,7.5,0,7.5,0,7.5,0,,,,
553216,29.5,29.5,0,29.5,0,29.5,0,29.5,0,29.5,0,23.8,0.239,23.8,0.239,22.5,0.311,,,,
553217,29.5,29.5,0,29.5,0,29.5,0,29.5,0,,,23.8,0.239,23.8,0.239,22.5,0.311,22.5,0.311,,
553218,11.8,11.8,0,11.8,0,,,,,11.8,0,10,0.18,10,0.18,10,0.18,10,0.18,,
553219,16.9,16.9,0,16.9,0,16.9,0,16.9,0,16.9,0,16,0.0562,16,0.0562,16,0.0562,16,0.0562,,
553220,12.5,12.5,0,12.5,0,12.5,0,12.5,0,12.5,0,,,10,0.25,10,0.25,,,,
553221,,,,,,,,,,,,,,,,,,,,,
553222,,,,,,,,,,,,,,,,,,,,,
553223,16.5,16.5,0,16.5,0,16.5,0,16.5,0,16.5,0,16.5,0,16.5,0,16.5,0,16.5,0,,
553224,37.5,37.5,0,37.5,0,37.5,0,37.5,0,37.5,0,37.5,0,37.5,0,37.5,0,36.5,0.0274,,
553225,10.5,10.5,0,10.5,0,10.5,0,10.5,0,10.5,0,10.5,0,10.5,0,11.5,-0.087,,,,
553226,28.5,28.5,0,28.5,0,28.5,0,28.5,0,28.5,0,28.5,0,28.5,0,28.5,0,27.9,0.0215,,
553227,45.9,45.9,0,45.9,0,45.9,0,45.9,0,45.9,0,45.9,0,45.9,0,45.9,0,44.9,0.0223,,
553228,,,,,,,,,,,,,,,,,,,,,
553229,,,,,,,,,,,,,,,,,,,,,
553230,15.5,15.5,0,15.5,0,15.5,0,15.5,0,15.5,0,15.5,0,15.5,0,15.5,0,15.5,0,,
553231,18.9,18.9,0,18.9,0,18.9,0,18.9,0,18.9,0,18.9,0,18.9,0,18.9,0,,,,
553232,,,,,,,,,,,,,,,,,,,,,
553233,15.5,15.5,0,15.5,0,15.5,0,15.5,0,15.5,0,15.5,0,15.5,0,15.5,0,,,,
553235,53.5,53.5,0,53.5,0,53.5,0,53.5,0,53.5,0,53.5,0,53.5,0,38.5,0.39,47,0.138,,
553236,3,3,0,3,0,3,0,3,0,3,0,3,0,3,0,3,0,2.9,0.0345,,
553237,,,,,,,,,,,,,,,,,,,,,
553238,23,23,0,23,0,23,0,23,0,23,0,23,0,23,0,24.5,-0.0612,19,0.211,,
553239,16.4,16.4,0,16.4,0,16.4,0,16.4,0,16.4,0,16.4,0,16.4,0,16.4,0,,,,
553240,45.5,45.5,0,45.5,0,45.5,0,45.5,0,45.5,0,45.5,0,,,,,,,,
553241,28.5,28.5,0,28.5,0,28.5,0,28.5,0,26,0.0962,26,0.0962,26,0.0962,,,,,,
553242,57.5,57.5,0,57.5,0,57.5,0,55,0.0455,55,0.0455,,,52.5,0.0952,52.5,0.0952,,,,
553243,138,138,0,138,0,138,0,135,0.0185,135,0.0185,135,0.0185,135,0.0185,,,,,,
553244,188,188,0,188,0,,,,,,,195,-0.0385,,,,,,,,
553245,101,101,0,101,0,101,0,101,0,101,0,101,0,101,0,101,0,,,,
553246,,,,,,,,,,,,,,,,,,,,,
553247,43.5,43.5,0,43.5,0,43.5,0,43.5,0,,,,,,,43.5,0,,,,
553248,43.5,43.5,0,43.5,0,43.5,0,43.5,0,43.5,0,43.5,0,,,43.5,0,,,,
553249,56,56,0,56,0,56,0,56,0,36,0.556,36,0.556,36,0.556,36,0.556,,,,
553250,,,,,,,,,,,,,,,,,,,,,
553251,38,38,0,38,0,38,0,38,0,32.5,0.169,32.5,0.169,,,31,0.226,,,,
553252,,,,,,,,,,,,,,,,,,,,,
553253,,,,,,,,,,,,,,,,,,,,,
553254,,,,,,,,,,,,,,,,,,,,,
553255,,,,,,,,,,,,,,,,,,,,,
553256,2.5,2.5,0,2.5,0,2.5,0,2.5,0,2.5,0,2.5,0,2.5,0,2.5,0,,,,
553257,,,,,,,,,,,,,,,,,,,,,
553258,,,,,,,,,,,,,,,,,,,,,
553259,,,,,,,,,,,,,,,,,,,,,
553260,,,,,,,,,,,,,,,,,,,,,
553261,,,,,,,,,,,,,,,,,,,,,
553262,,,,,,,,,,,,,,,,,,,,,
553268,,,,,,,,,,,,,,,,,,,,,
553270,9,9,0,9,0,9,0,9,0,9,0,9,0,9,0,,,,,,
553277,34,34,0,34,0,34,0,34,0,34,0,30.5,0.115,34,0,34,0,,,,
553278,15,15,0,20,-0.25,20,-0.25,20,-0.25,20,-0.25,20,-0.25,16.5,-0.0909,,,,,,
553282,26.5,26.5,0,26.5,0,,,,,,,26.5,0,26.5,0,,,,,,
553283,27.5,,,,,,,27.5,0,27.5,0,,,27.5,0,,,,,,
553284,27.5,27.5,0,27.5,0,,,,,27.5,0,27.5,0,27.5,0,,,,,,
553294,,,,,,,,,,,,,,,,,,,,,
553295,,,,,,,,,,,,,,,,,,,,,
553296,3.2,3.2,0,3.2,0,3.2,0,3.2,0,3.2,0,3.2,0,3.2,0,3.2,0,,,,
553297,12.5,12.5,0,12.5,0,12.5,0,12.5,0,,,12.5,0,12.5,0,12.5,0,,,,
553301,,,,,,,,,,,,,,,,,,,,,
553303,28.5,28.5,0,28.5,0,28.5,0,28.5,0,28.5,0,28.5,0,28.5,0,,,,,,
553304,25,25,0,25,0,25,0,25,0,25,0,25,0,25,0,,,,,,
553305,,,,,,,,,,,,,,,,,,,,,
553306,25,25,0,25,0,25,0,25,0,25,0,,,25,0,,,,,,
553307,25,25,0,25,0,25,0,25,0,25,0,25,0,25,0,,,,,,
553308,25,25,0,25,0,25,0,25,0,25,0,25,0,25,0,,,,,,
553309,20.5,20.5,0,20.5,0,20.5,0,20.5,0,20.5,0,20.5,0,20.5,0,,,,,,
553313,12.5,12.5,0,12.5,0,,,,,,,,,,,,,,,,
553314,,,,,,,,,,,,,,,,,,,,,
553315,,,,,,,,,,,,,,,,,,,,,
553316,,,,,,,,,,,,,,,,,,,,,
553317,,,,,,,,,,,,,,,,,,,,,
553318,,,,,,,,,,,,,,,,,,,,,
553319,489,489,0,489,0,489,0,489,0,,,,,,,,,,,,
553320,,,,,,,,,,,,,,,,,,,,,
553326,62,62,0,62,0,62,0,62,0,62,0,62,0,62,0,62,0,,,,
553327,75,75,0,75,0,75,0,75,0,75,0,75,0,75,0,,,,,,
553328,,,,,,,,,,,,,,,,,,,,,
553329,17.5,17.5,0,17.5,0,17.5,0,17.5,0,,,16,0.0938,16,0.0938,16,0.0938,,,,
553330,17.5,17.5,0,17.5,0,17.5,0,17.5,0,,,16,0.0938,16,0.0938,,,,,,
553331,17.5,17.5,0,17.5,0,17.5,0,17.5,0,,,16,0.0938,,,,,,,,
553332,,,,,,,,,,,,,,,,,,,,,
553333,17.5,17.5,0,17.5,0,17.5,0,17.5,0,16,0.0938,16,0.0938,,,16,0.0938,,,,
553335,386,386,0,386,0,386,0,419,-0.0788,419,-0.0788,419,-0.0788,436,-0.115,449,-0.14,,,,
553336,89,89,0,89,0,89,0,89,0,,,,,,,,,,,,
553337,89,89,0,89,0,89,0,89,0,89,0,89,0,89,0,89,0,,,,
553338,89,89,0,89,0,89,0,89,0,89,0,89,0,89,0,89,0,,,,
553339,81,81,0,81,0,81,0,81,0,,,,,,,,,,,,
553340,95,95,0,95,0,95,0,95,0,,,95,0,95,0,,,,,,
553341,,,,,,,,,,,,,,,,,,,,,
553342,,,,,,,,,,,,,,,,,,,,,
553343,195,195,0,195,0,195,0,195,0,195,0,195,0,195,0,,,,,,
553344,169,169,0,195,-0.133,195,-0.133,195,-0.133,195,-0.133,195,-0.133,195,-0.133,195,-0.133,,,,
553345,,,,,,,,,,,,,,,,,,,,,
553348,,,,,,,,,,,,,,,,,,,,,
553349,,,,,,,,,,,,,,,,,,,,,
553351,189,189,0,189,0,189,0,189,0,189,0,189,0,189,0,,,,,,
553352,,,,,,,,,,,,,,,,,,,,,
553353,140,140,0,140,0,140,0,140,0,140,0,140,0,140,0,145,-0.0345,,,,
553354,,,,,,,,,,,,,,,,,,,,,
553356,,,,,,,,,,,,,,,,,,,,,
553357,99,99,0,99,0,99,0,99,0,99,0,99,0,99,0,99,0,,,,
553358,88.5,88.5,0,88.5,0,88.5,0,88.5,0,88.5,0,88.5,0,,,88.5,0,,,,
553360,,,,,,,,,,,,,,,,,,,,,
553361,,,,,,,,,,,,,,,,,,,,,
553362,122,122,0,122,0,122,0,122,0,122,0,122,0,118,0.0295,,,,,,
553364,,,,,,,,,,,,,,,,,,,,,
553365,19.9,19.9,0,19.9,0,19.9,0,19.9,0,19.9,0,19.9,0,,,30.5,-0.348,,,,
553366,21.9,21.9,0,21.9,0,21.9,0,21.9,0,20.5,0.0683,20.5,0.0683,20.5,0.0683,20.5,0.0683,,,,
553368,,,,,,,,,,,,,,,,,,,,,
553370,75,75,0,75,0,75,0,,,,,75,0,99,-0.242,305,-0.754,,,,
553373,14.3,14.3,0,14.3,0,14.3,0,12,0.192,12,0.192,12,0.192,12,0.192,,,,,,
553374,,,,,,,,,,,,,,,,,,,,,
553375,,,,,,,,,,,,,,,,,,,,,
553376,22.8,22.8,0,22.8,0,22.8,0,22.8,0,22.8,0,22.8,0,19.9,0.146,22.9,-0.00437,,,,
553377,5,5,0,5,0,5,0,5,0,5,0,5,0,5,0,5,0,,,,
553378,5,5,0,5,0,5,0,5,0,5,0,5,0,5,0,5,0,,,,
553379,5,5,0,5,0,5,0,5,0,5,0,5,0,5,0,5,0,,,,
553380,28.9,28.9,0,28.9,0,28.9,0,,,28.9,0,,,,,,,,,,
553381,16.9,16.9,0,16.9,0,16.9,0,16.9,0,16.9,0,16.9,0,16.9,0,16.9,0,,,,
553382,16.9,16.9,0,16.9,0,16.9,0,16.9,0,16.9,0,16.9,0,16.9,0,,,,,,
553383,28.9,28.9,0,28.9,0,28.9,0,,,,,,,,,,,,,,
553384,32.5,32.5,0,32.5,0,32.5,0,32.5,0,,,,,32.5,0,,,,,,
553385,39.5,39.5,0,39.5,0,39.5,0,39.5,0,39.5,0,39.5,0,39.5,0,,,,,,
553386,,,,,,,,,,,,,,,,,,,,,
553387,12.9,12.9,0,12.9,0,12.9,0,12.9,0,12.9,0,12.9,0,12.9,0,12.9,0,,,,
553388,28.9,28.9,0,28.9,0,28.9,0,28.9,0,28.9,0,28.9,0,28.9,0,28.9,0,,,,
553389,8.2,8.2,0,8.2,0,8.2,0,8.2,0,8.2,0,8.2,0,8.2,0,8.2,0,,,,
553390,17.5,17.5,0,17.5,0,17.5,0,17.5,0,17.5,0,13.9,0.259,17.5,0,17.5,0,,,,
553391,18.5,18.5,0,18.5,0,18.5,0,18.5,0,18.5,0,17.5,0.0571,17.5,0.0571,17.5,0.0571,,,,
553392,37.9,37.9,0,37.9,0,37.9,0,37.9,0,37.9,0,37.9,0,37.9,0,,,,,,
553393,37.9,37.9,0,37.9,0,37.9,0,37.9,0,37.9,0,37.9,0,37.9,0,,,,,,
553394,37.9,37.9,0,37.9,0,37.9,0,37.9,0,37.9,0,37.9,0,37.9,0,,,,,,
553395,37.9,37.9,0,37.9,0,37.9,0,37.9,0,37.9,0,37.9,0,37.9,0,,,,,,
553396,,,,,,,,,,,,,,,,,,,,,
553397,,,,,,,,,,,,,,,,,,,,,
553398,31.9,31.9,0,31.9,0,31.9,0,31.9,0,31.9,0,37.9,-0.158,37.9,-0.158,,,,,,
553399,37.9,37.9,0,37.9,0,37.9,0,37.9,0,37.9,0,37.9,0,37.9,0,,,,,,
553409,,,,,,,,,,,,,,,,,,,,,
553410,,,,,,,,,,,,,,,,,,,,,
553411,,,,,,,,,,,,,,,,,,,,,
553413,33.9,33.9,0,33.9,0,33.9,0,33.9,0,,,33.9,0,33.9,0,,,,,,
553414,,,,,,,,,,,,,,,,,,,,,
553415,7,7,0,7,0,7,0,7,0,7,0,7,0,7,0,,,,,,
553416,11.5,11.5,0,11.5,0,11.5,0,11.5,0,11.5,0,11.5,0,,,,,,,,
553419,,,,,,,,,,,,,,,,,,,,,
553420,,,,,,,,,,,,,,,,,,,,,
553421,,,,,,,,,,,,,,,,,,,,,
553422,7.8,7.8,0,7.8,0,7.8,0,7.8,0,7.8,0,7.8,0,7.8,0,,,,,,
553423,7.8,7.8,0,7.8,0,7.8,0,7.8,0,7.8,0,7.8,0,7.8,0,,,,,,
553424,28,28,0,28,0,28,0,28,0,,,26,0.0769,26,0.0769,,,,,,
553425,26,26,0,26,0,26,0,26,0,24,0.0833,24,0.0833,24,0.0833,,,,,,
553426,18,18,0,18,0,,,,,13.5,0.333,13.5,0.333,13.5,0.333,,,,,,
553427,18,18,0,18,0,,,,,15,0.2,15,0.2,15,0.2,,,,,,
553429,30,30,0,30,0,30,0,30,0,30,0,,,,,,,,,,
553430,15,15,0,15,0,15,0,15,0,15,0,15,0,,,,,,,,
553431,15,15,0,15,0,15,0,15,0,15,0,15,0,,,,,,,,
553432,,,,,,,,,,,,,,,,,,,,,
553433,,,,,,,,,,,,,,,,,,,,,
553434,2,2,0,2,0,2,0,2,0,2,0,2,0,,,,,,,,
553435,2,2,0,2,0,2,0,2,0,2,0,2,0,,,,,,,,
553436,30,,,,,,,30,0,30,0,30,0,30,0,,,,,,
553437,,,,,,,,,,,,,,,,,,,,,
553438,20.5,20.5,0,20.5,0,20.5,0,20.5,0,,,20.5,0,20.5,0,,,,,,
553439,,,,,,,,,,,,,,,,,,,,,
553440,20.5,20.5,0,20.5,0,20.5,0,20.5,0,20.5,0,20.5,0,20.5,0,,,,,,
553441,21.5,21.5,0,21.5,0,21.5,0,21.5,0,,,21.5,0,21.5,0,,,,,,
553444,8.5,8.5,0,8.5,0,8.5,0,8.5,0,8.5,0,8.5,0,8.5,0,,,,,,
553445,8.5,8.5,0,8.5,0,8.5,0,8.5,0,8.5,0,8.5,0,8.5,0,,,,,,
553446,40,40,0,40,0,40,0,40,0,,,40,0,36.5,0.0959,,,,,,
553447,199,199,0,199,0,199,0,199,0,199,0,195,0.021,195,0.021,,,,,,
553448,31,31,0,31,0,31,0,31,0,31,0,31,0,31,0,,,,,,
553449,38.5,38.5,0,38.5,0,38.5,0,38.5,0,38.5,0,38.5,0,38.5,0,,,,,,
553450,52,52,0,52,0,52,0,,,52,0,52,0,52,0,,,,,,
553452,83,83,0,83,0,83,0,83,0,83,0,83,0,83,0,,,,,,
553454,18.9,18.9,0,24,-0.213,19.5,-0.0308,19.5,-0.0308,24,-0.213,18.9,0,,,,,,,,
553455,,,,,,,,,,,,,,,,,,,,,
553456,,,,,,,,,,,,,,,,,,,,,
553457,,,,,,,,,,,,,,,,,,,,,
553458,,,,,,,,,,,,,,,,,,,,,
553459,,,,,,,,,,,,,,,,,,,,,
553460,,,,,,,,,,,,,,,,,,,,,
553461,,,,,,,,,,,,,,,,,,,,,
553462,14.5,14.5,0,14.5,0,14.5,0,14.5,0,14.5,0,14.5,0,14.5,0,,,,,,
553463,38.5,38.5,0,38.5,0,38.5,0,38.5,0,38.5,0,38.5,0,38.5,0,,,,,,
553464,24.9,24.9,0,,,24.9,0,24.9,0,24.9,0,24.9,0,,,,,,,,
553465,6.9,6.9,0,6.9,0,6.9,0,6.9,0,6.9,0,6.9,0,6.9,0,,,,,,
553466,105,105,0,105,0,105,0,115,-0.087,115,-0.087,115,-0.087,115,-0.087,,,,,,
553467,105,105,0,105,0,105,0,115,-0.087,115,-0.087,115,-0.087,115,-0.087,,,,,,
553468,105,105,0,105,0,105,0,115,-0.087,115,-0.087,115,-0.087,115,-0.087,,,,,,
553469,109,109,0,109,0,109,0,109,0,89.9,0.212,,,89.9,0.212,,,,,,
553470,61.9,61.9,0,61.9,0,61.9,0,61.9,0,54.9,0.128,,,54.9,0.128,,,,,,
553471,26.9,26.9,0,26.9,0,26.9,0,26.9,0,21.5,0.251,21.5,0.251,21.5,0.251,,,,,,
553476,14,14,0,14,0,14,0,14,0,36.9,-0.621,36.9,-0.621,36.9,-0.621,,,,,,
553477,14,14,0,14,0,14,0,14,0,36.9,-0.621,36.9,-0.621,36.9,-0.621,,,,,,
553478,,,,,,,,,,,,,,,,,,,,,
553480,5.9,5.9,0,5.9,0,5.9,0,5.9,0,5.9,0,5.9,0,5.9,0,,,,,,
553482,16.5,16.5,0,16.5,0,,,,,,,16.5,0,16.5,0,,,,,,
553483,14,14,0,14,0,14,0,14,0,14,0,14,0,14,0,,,,,,
553585,,,,,,,,,,,,,,,,,,,,,
553588,,,,,,,,,,,,,,,,,,,,,
553589,255,255,0,255,0,255,0,255,0,255,0,255,0,255,0,,,,,,
553590,18,18,0,18,0,18,0,18,0,18,0,18,0,18,0,,,,,,
553593,3.5,3.5,0,3.5,0,3.5,0,3.5,0,3.5,0,3.5,0,3.5,0,,,,,,
553594,3.5,3.5,0,3.5,0,3.5,0,3.5,0,3.5,0,3.5,0,3.5,0,,,,,,
553595,12.5,12.5,0,12.5,0,12.5,0,12.5,0,12.5,0,9.9,0.263,9.9,0.263,,,,,,
553596,12.5,12.5,0,12.5,0,12.5,0,12.5,0,12.5,0,9.9,0.263,9.9,0.263,,,,,,
553597,18.9,18.9,0,18.9,0,18.9,0,18.9,0,18.9,0,18.9,0,18.9,0,,,,,,
553598,18.9,18.9,0,18.9,0,18.9,0,18.9,0,18.9,0,18.9,0,18.9,0,,,,,,
553599,28.9,28.9,0,28.9,0,28.9,0,28.9,0,28.9,0,28.9,0,28.9,0,,,,,,
553600,17.5,17.5,0,17.5,0,17.5,0,17.5,0,17.5,0,17.5,0,17.5,0,,,,,,
553601,17.5,17.5,0,17.5,0,17.5,0,17.5,0,17.5,0,17.5,0,17.5,0,,,,,,
553602,17.5,17.5,0,17.5,0,17.5,0,17.5,0,,,17.5,0,17.5,0,,,,,,
553603,12,12,0,12,0,9.5,0.263,9.5,0.263,11,0.0909,11,0.0909,11,0.0909,,,,,,
553604,13,13,0,13,0,10.5,0.238,10.5,0.238,12.5,0.04,12.5,0.04,12.5,0.04,,,,,,
553605,14,14,0,14,0,11.5,0.217,11.5,0.217,,,,,,,,,,,,
553606,14.5,14.5,0,14.5,0,14.5,0,13.9,0.0432,13.9,0.0432,13.9,0.0432,13.9,0.0432,,,,,,
553607,,,,,,,,,,,,,,,,,,,,,
553608,34,34,0,34,0,34,0,34,0,34,0,34,0,34,0,,,,,,
553609,,,,,,,,,,,,,,,,,,,,,
553610,8.5,8.5,0,8.5,0,8.5,0,8.5,0,8.5,0,8.5,0,8.5,0,,,,,,
553618,7,7,0,7,0,7,0,7,0,7,0,7,0,,,,,,,,
553620,18.5,18.5,0,18.5,0,18.5,0,18.5,0,18.5,0,18.5,0,18.5,0,,,,,,
553621,8.5,8.5,0,8.5,0,8.5,0,8.5,0,8.5,0,8.5,0,8.5,0,,,,,,
553622,4.5,4.5,0,4.5,0,4.5,0,4.5,0,4.5,0,4.5,0,4.5,0,,,,,,
553623,20,20,0,20,0,20,0,20,0,,,20,0,20,0,,,,,,
553624,32.5,32.5,0,32.5,0,,,32.5,0,32.5,0,32.5,0,32.5,0,,,,,,
553625,,,,,,,,,,,,,,,,,,,,,
553626,20,20,0,20,0,20,0,20,0,20,0,20,0,,,,,,,,
553628,,,,,,,,,,,,,,,,,,,,,
553629,32.5,32.5,0,32.5,0,32.5,0,32.5,0,32.5,0,32.5,0,32.5,0,,,,,,
553630,43.5,43.5,0,,,,,,,,,,,,,,,,,,
553631,47.5,47.5,0,47.5,0,47.5,0,47.5,0,47.5,0,47.5,0,47.5,0,,,,,,
553633,30,30,0,30,0,30,0,30,0,30,0,30,0,,,,,,,,
553634,,,,,,,,,,,,,,,,,,,,,
553635,125,125,0,125,0,125,0,125,0,,,125,0,125,0,,,,,,
553636,31.8,31.8,0,31.8,0,31.8,0,31.8,0,31.8,0,31.8,0,,,,,,,,
553637,31.8,31.8,0,31.8,0,,,,,31.8,0,31.8,0,,,,,,,,
553638,,,,,,,,,,,,,,,,,,,,,
553639,,,,,,,,,,,,,,,,,,,,,
553640,,,,,,,,,,,,,,,,,,,,,
553641,160,160,0,160,0,160,0,165,-0.0303,165,-0.0303,,,,,,,,,,
553642,160,160,0,160,0,160,0,165,-0.0303,165,-0.0303,,,,,,,,,,
553643,160,160,0,160,0,160,0,165,-0.0303,165,-0.0303,165,-0.0303,,,,,,,,
553644,160,160,0,160,0,160,0,165,-0.0303,165,-0.0303,165,-0.0303,,,,,,,,
553645,,,,,,,,,,,,,,,,,,,,,
553646,19.9,19.9,0,19.9,0,19.9,0,19.9,0,19.9,0,19.9,0,,,,,,,,
553647,19.9,19.9,0,19.9,0,19.9,0,19.9,0,19.9,0,19.9,0,,,,,,,,
553649,6,6,0,6,0,6,0,5.5,0.0909,5.5,0.0909,5.5,0.0909,,,,,,,,
553650,6,6,0,6,0,6,0,5.5,0.0909,5.5,0.0909,5.5,0.0909,,,,,,,,
553651,6,6,0,6,0,6,0,5.5,0.0909,5.5,0.0909,5.5,0.0909,,,,,,,,
553652,6,6,0,6,0,6,0,5.5,0.0909,5.5,0.0909,5.5,0.0909,,,,,,,,
553654,,,,,,,,,,,,,,,,,,,,,
553656,28.5,28.5,0,28.5,0,28.5,0,28.5,0,28.5,0,,,,,,,,,,
553657,4,4,0,4,0,4,0,4,0,4,0,4,0,,,,,,,,
553658,4,4,0,4,0,4,0,4,0,4,0,4,0,,,,,,,,
553659,18.5,18.5,0,18.5,0,18.5,0,18.5,0,17.5,0.0571,17.5,0.0571,,,,,,,,
553678,12,12,0,12,0,12,0,12,0,,,12,0,,,,,,,,
553679,12,12,0,12,0,12,0,12,0,,,12,0,,,,,,,,
553680,34.9,34.9,0,34.9,0,34.9,0,34.9,0,34.9,0,34.9,0,,,,,,,,
553681,199,199,0,199,0,199,0,199,0,199,0,,,,,,,,,,
553682,199,199,0,199,0,199,0,199,0,199,0,,,,,,,,,,
553683,188,188,0,188,0,188,0,188,0,188,0,,,,,,,,,,
553684,,,,,,,,,,,,,,,,,,,,,
553686,,,,,,,,,,,,,,,,,,,,,
553687,16.9,16.9,0,16.9,0,16.9,0,16.9,0,16.9,0,,,,,,,,,,
553688,16.9,16.9,0,16.9,0,16.9,0,16.9,0,16.9,0,,,,,,,,,,
553689,20,20,0,20,0,20,0,20,0,20,0,,,,,,,,,,
553690,38.9,38.9,0,38.9,0,38.9,0,38.9,0,,,,,,,,,,,,
553691,,,,,,,,,,,,,,,,,,,,,
553692,,,,,,,,,,,,,,,,,,,,,
553693,,,,,,,,,,,,,,,,,,,,,
553694,21.5,21.5,0,21.5,0,21.5,0,21.5,0,21.5,0,,,,,,,,,,
553696,21.5,21.5,0,21.5,0,21.5,0,21.5,0,,,,,,,,,,,,
553698,28.5,28.5,0,28.5,0,28.5,0,28.5,0,,,,,,,,,,,,
553699,28.5,28.5,0,28.5,0,28.5,0,28.5,0,,,,,,,,,,,,
553700,28.5,28.5,0,28.5,0,28.5,0,28.5,0,,,,,,,,,,,,
553703,4,4,0,4,0,4,0,4,0,4,0,,,,,,,,,,
553705,24.9,24.9,0,24.9,0,24.9,0,24.9,0,24.9,0,,,,,,,,,,
553707,31.9,,,,,,,31.9,0,31.9,0,,,,,,,,,,
553711,69.9,69.9,0,69.9,0,69.9,0,69.9,0,,,,,,,,,,,,
553712,36.9,36.9,0,36.9,0,36.9,0,36.9,0,36.9,0,,,,,,,,,,
553714,,,,,,,,,,,,,,,,,,,,,
553715,,,,,,,,,,,,,,,,,,,,,
553719,160,160,0,160,0,160,0,160,0,,,,,,,,,,,,
553728,31.9,31.9,0,31.9,0,31.9,0,31.9,0,31.9,0,,,,,,,,,,
553731,10.9,10.9,0,10.9,0,10.9,0,10.9,0,10.9,0,,,,,,,,,,
553732,118,118,0,118,0,118,0,118,0,118,0,,,,,,,,,,
553733,235,235,0,235,0,235,0,235,0,,,,,,,,,,,,
553734,375,375,0,375,0,375,0,375,0,,,,,,,,,,,,
553737,30.9,30.9,0,30.9,0,30.9,0,30.9,0,30.9,0,,,,,,,,,,
553744,8.9,8.9,0,9.9,-0.101,9.9,-0.101,9.9,-0.101,,,,,,,,,,,,
553746,56,56,0,56,0,56,0,,,,,,,,,,,,,,
553748,11.9,11.9,0,11.9,0,11.9,0,11.9,0,,,,,,,,,,,,
553749,11.9,11.9,0,11.9,0,11.9,0,11.9,0,,,,,,,,,,,,
553750,11.9,11.9,0,11.9,0,11.9,0,11.9,0,,,,,,,,,,,,
553751,19,19,0,19,0,19,0,19,0,,,,,,,,,,,,
553752,19,19,0,19,0,19,0,19,0,,,,,,,,,,,,
553753,19,19,0,19,0,19,0,19,0,,,,,,,,,,,,
553754,15.5,15.5,0,15.5,0,15.5,0,15.5,0,,,,,,,,,,,,
553755,11.9,11.9,0,27,-0.559,27,-0.559,,,,,,,,,,,,,,
553759,9.9,9.9,0,9.9,0,9.9,0,9.9,0,,,,,,,,,,,,
553760,16.5,16.5,0,16.5,0,16.5,0,16.5,0,,,,,,,,,,,,
553761,8,8,0,8,0,8,0,8,0,,,,,,,,,,,,
553762,8,8,0,8,0,8,0,8,0,,,,,,,,,,,,
553763,8,8,0,8,0,8,0,8,0,,,,,,,,,,,,
553764,16.9,16.9,0,16.9,0,16.9,0,16.9,0,,,,,,,,,,,,
553774,84.9,,,,,,,,,,,,,,,,,,,,
553777,21,,,,,,,,,,,,,,,,,,,,
553785,22.5,,,,,,,,,,,,,,,,,,,,
553854,20,20,0,20,0,20,0,20,0,,,,,,,,,,,,
554466,136,136,0,136,0,136,0,136,0,136,0,136,0,136,0,136,0,111,0.225,103,0.32
554468,108,108,0,108,0,108,0,108,0,108,0,108,0,108,0,108,0,91,0.187,80,0.35
554469,108,108,0,108,0,108,0,108,0,108,0,108,0,108,0,108,0,91,0.187,80,0.35
554470,108,108,0,108,0,108,0,108,0,108,0,108,0,108,0,108,0,91,0.187,80,0.35
555666,45.9,45.9,0,45.9,0,45.9,0,45.9,0,45.9,0,45.9,0,45.9,0,39,0.177,45.9,0,39.9,0.15
555667,60.7,60.7,0,60.7,0,60.7,0,60.7,0,60.7,0,60.7,0,60.7,0,60.7,0,60.7,0,75.9,-0.2
557720,24,24,0,24,0,24,0,24,0,24,0,24,0,24,0,26,-0.0769,23.5,0.0213,,
557721,24,24,0,24,0,24,0,24,0,24,0,24,0,24,0,26,-0.0769,23.5,0.0213,,
558985,,,,,,,,,,,,,,,,,,,,,
558988,,,,,,,,,,,,,,,,,,,,,
559646,,,,,,,,,,,,,,,,,,,,,
559648,80,80,0,80,0,80,0,80,0,80,0,80,0,80,0,80,0,80,0,80,0
559740,25,25,0,25,0,25,0,25,0,,,,,,,,,,,,
559742,55,55,0,55,0,55,0,55,0,55,0,32,0.719,32,0.719,32,0.719,32,0.719,32,0.719
559743,18,18,0,18,0,18,0,18,0,,,,,,,,,,,12,0.5
559753,19,19,0,19,0,19,0,19,0,,,,,,,,,,,,
559873,43.2,43.2,0,43.2,0,43.2,0,53.9,-0.199,53.9,-0.199,53.9,-0.199,53.9,-0.199,61,-0.292,59.3,-0.272,41.5,0.041
559875,,,,,,,,,,,,,,,,,,,,,
560180,124,124,0,124,0,124,0,124,0,124,0,124,0,124,0,124,0,124,0,124,0
560207,,,,,,,,,,,,,,,,,,,,,
560230,134,134,0,134,0,134,0,134,0,134,0,134,0,134,0,134,0,104,0.284,104,0.284
560340,56,56,0,56,0,56,0,56,0,56,0,56,0,,,56,0,46.6,0.202,46.6,0.202
560359,50.3,50.3,0,50.3,0,50.3,0,50.3,0,50.3,0,50.3,0,50.3,0,46.4,0.0841,45.7,0.101,45,0.118
560489,,,,,,,,,,,,,,,,,,,,,
560510,,,,,,,,,,,,,,,,,,,,,
560596,55.7,55.7,0,55.7,0,55.7,0,55.7,0,55.7,0,55.7,0,53.8,0.0353,49.8,0.118,48.5,0.148,46,0.211
560677,,,,,,,,,,,,,,,,,,,,,
560928,,,,,,,,,,,,,,,,,,,,,
560944,,,,,,,,,,,,,,,,,,,,,
561029,,,,,,,,,,,,,,,,,,,,,
561030,13.5,13.5,0,13.5,0,13.5,0,13.5,0,13.5,0,14.5,-0.069,16,-0.156,14,-0.0357,12.5,0.08,11.5,0.174
561207,,,,,,,,,,,,,,,,,,,,,
561282,,,,,,,,,,,,,,,,,,,,,
561363,,,,,,,,,,,,,,,,,,,,,
561380,,,,,,,,,,,,,,,,,,,,,
561460,95,95,0,95,0,95,0,95,0,95,0,95,0,95,0,,,89.9,0.0567,81.5,0.166
561622,,,,,,,,,,,,,,,,,,,,,
561789,64.5,64.5,0,64.5,0,64.5,0,64.5,0,64.5,0,64.5,0,64.5,0,64.5,0,53.5,0.206,49.9,0.293
561878,19.9,19.9,0,19.9,0,19.9,0,19.9,0,19.9,0,19.9,0,19.9,0,18,0.106,18,0.106,18.1,0.0994
561916,5.5,5.5,0,5.5,0,5.5,0,5.5,0,5.5,0,5.5,0,,,5.5,0,5.5,0,5.5,0
561975,55,55,0,55,0,55,0,55,0,55,0,55,0,55,0,55,0,46.5,0.183,46.5,0.183
562223,33.5,33.5,0,33.5,0,33.5,0,33.5,0,33.5,0,33.5,0,33.5,0,33.5,0,30.5,0.0984,30.5,0.0984
562224,33.5,33.5,0,33.5,0,33.5,0,33.5,0,33.5,0,33.5,0,33.5,0,33.5,0,30.5,0.0984,30.5,0.0984
562225,33.5,33.5,0,33.5,0,33.5,0,33.5,0,33.5,0,33.5,0,33.5,0,33.5,0,30.5,0.0984,30.5,0.0984
562572,36.9,36.9,0,36.9,0,,,36.9,0,36.9,0,36.9,0,36.9,0,36.9,0,25.9,0.425,25.9,0.425
562653,,,,,,,,,,,,,,,,,,,,,
563315,,,,,,,,,,,,,,,,,,,,,
563722,62.5,62.5,0,,,62.5,0,62.5,0,62.5,0,62.5,0,,,,,54,0.157,,
563838,52,52,0,52,0,52,0,52,0,52,0,52,0,52,0,52,0,44.9,0.158,44.9,0.158
564346,6.9,6.9,0,6.9,0,6.9,0,6.9,0,6.9,0,,,6.9,0,7.8,-0.115,,,6.7,0.0299
564347,16.9,16.9,0,16.9,0,16.9,0,16.9,0,16.9,0,16.9,0,16.9,0,16.9,0,13,0.3,10,0.69
564524,,,,,,,,,,,,,,,,,,,,,
564605,,,,,,,,,,,,,,,,,,,,,
564680,,,,,,,,,,,,,,,,,,,,,
565245,39,39,0,39,0,39,0,39,0,39,0,39,0,49,-0.204,45.8,-0.148,28.5,0.368,,
565385,62,62,0,62,0,62,0,62,0,62,0,62,0,62,0,62,0,51,0.216,39.5,0.57
565415,160,160,0,160,0,160,0,160,0,160,0,160,0,160,0,,,139,0.15,139,0.15
565490,84,84,0,84,0,84,0,84,0,84,0,84,0,84,0,84,0,84,0,70,0.2
565571,11.5,11.5,0,11.5,0,11.5,0,11.5,0,11.5,0,10.5,0.0952,11.5,0,11.5,0,10,0.15,8,0.438
565573,7,7,0,7,0,7,0,7,0,7,0,7,0,7,0,7,0,6,0.167,6,0.167
565575,7,7,0,7,0,7,0,7,0,7,0,7,0,7,0,7,0,6,0.167,6,0.167
565677,,,,,,,,,,,,,,,,,,,,,
565849,36.9,36.9,0,44.9,-0.178,44.9,-0.178,44.9,-0.178,44.9,-0.178,44.9,-0.178,44.9,-0.178,45,-0.18,29.9,0.234,36.5,0.011
565970,,,,,,,,,,,,,,,,,,,,,
566020,,,,,,,,,,,,,,,,,,,,,
566136,6,6,0,6,0,6,0,6,0,6,0,6,0,6,0,6,0,4.7,0.277,4.7,0.277
566187,,,,,,,,,,,,,,,,,,,,,
566373,19,19,0,19,0,19,0,19,0,19,0,19,0,18,0.0556,16.5,0.152,17,0.118,17,0.118
566454,11,11,0,11,0,11,0,10,0.1,10,0.1,10,0.1,10,0.1,,,,,9.3,0.183
566624,50.2,50.2,0,50.2,0,50.2,0,50.2,0,50.2,0,50.2,0,50.2,0,50.2,0,43.5,0.154,,
566900,9.8,9.8,0,9.8,0,9.8,0,9.8,0,9.8,0,9.8,0,9.8,0,9.8,0,8.5,0.153,7,0.4
566977,11.7,11.7,0,11.7,0,11.7,0,11.7,0,11.7,0,11.7,0,11.7,0,11.7,0,11,0.0636,9.8,0.194
566985,9.8,9.8,0,9.8,0,9.8,0,9.8,0,9.8,0,9.8,0,9.8,0,9.8,0,8.5,0.153,7,0.4
567060,9.8,9.8,0,9.8,0,9.8,0,9.8,0,9.8,0,9.8,0,9.8,0,9.8,0,8.5,0.153,7,0.4
567108,199,199,0,199,0,199,0,199,0,199,0,199,0,199,0,199,0,199,0,,
567540,,,,,,,,,,,,,,,,,,,,,
568245,10.5,10.5,0,10.5,0,10.5,0,10.5,0,10.5,0,10.5,0,10.5,0,10.5,0,10,0.05,9.4,0.117
568248,13,13,0,13,0,13,0,13,0,13,0,13,0,13,0,13,0,11.9,0.0924,9.4,0.383
568250,,,,,,,,,,,,,,,,,,,,,
568254,15,15,0,15,0,15,0,15,0,15,0,15,0,15,0,15,0,15,0,11.2,0.339
568256,15.5,15.5,0,15.5,0,15.5,0,15.5,0,15.5,0,15.5,0,15.5,0,15.5,0,,,15.5,0
568259,13.8,13.8,0,13.8,0,13.8,0,13.8,0,13.8,0,13.8,0,13.8,0,13.8,0,13,0.0615,13,0.0615
568263,10,10,0,10,0,10,0,10,0,10,0,10,0,10,0,10,0,8.8,0.136,8.8,0.136
568264,10.5,10.5,0,10.5,0,10.5,0,10.5,0,10.5,0,10.5,0,10.5,0,10.5,0,8.7,0.207,8.8,0.193
568265,,,,,,,,,,,,,,,,,,,,,
568267,20,20,0,20,0,20,0,20,0,20,0,20,0,20,0,,,18,0.111,16.9,0.183
568269,10,10,0,10,0,10,0,10,0,10,0,10,0,10,0,10,0,8.7,0.149,8.8,0.136
568273,10,10,0,10,0,10,0,10,0,10,0,10,0,10,0,10,0,8.7,0.149,8.8,0.136
568274,12.5,12.5,0,12.5,0,12.5,0,12.5,0,12.5,0,12.5,0,12.5,0,12.5,0,12.5,0,11.9,0.0504
568276,11.2,11.2,0,11.2,0,11.2,0,11.2,0,11.2,0,11.2,0,11.2,0,11.2,0,11.2,0,11.2,0
568510,,,,,,,,,,,,,,,,,,,,,
568562,5,5,0,5,0,5,0,5,0,5,0,5,0,5,0,5,0,3.8,0.316,3.5,0.429
568563,,,,,,,,,,,,,,,,,,,,,
568591,44.5,44.5,0,44.5,0,44.5,0,44.5,0,44.5,0,36.9,0.206,44.5,0,44.5,0,36,0.236,,
568651,,,,,,,,,,,,,,,,,,,,,
568783,28.9,28.9,0,28.9,0,25.5,0.133,25.5,0.133,,,,,,,,,,,,
568970,,,,,,,,,,,,,,,,,,,,,
569011,5.5,5.5,0,5.5,0,5.5,0,5.5,0,5,0.1,5,0.1,5,0.1,5,0.1,5,0.1,3,0.833
569186,29.5,29.5,0,29.5,0,29.5,0,29.5,0,29.5,0,24.9,0.185,29.5,0,29.5,0,26.5,0.113,26.5,0.113
569607,,,,,,,,,,,,,,,,,,,,,
569798,25.5,25.5,0,25.5,0,25.5,0,25.5,0,25.5,0,25.5,0,25.5,0,25.5,0,20,0.275,17.5,0.457
570044,17,17,0,17,0,17,0,18,-0.0556,18,-0.0556,18,-0.0556,18,-0.0556,18,-0.0556,18,-0.0556,,
570125,29,29,0,29,0,29,0,29,0,29,0,29,0,29,0,29,0,29,0,29,0
570214,,,,,,,,,,,,,,,,,,,,,
570281,84.9,84.9,0,84.9,0,84.9,0,84.9,0,84.9,0,84.9,0,84.9,0,,,,,73.5,0.155
570290,,,,,,,,,,,,,,,,,,,,,
570291,15,15,0,15,0,15,0,15,0,15,0,15,0,15,0,15,0,15,0,13,0.154
570370,13.7,13.7,0,13.7,0,13.7,0,13.7,0,13.7,0,,,,,13.7,0,10.5,0.305,8.9,0.539
570559,18,18,0,18,0,18,0,18,0,18,0,21,-0.143,24,-0.25,24,-0.25,17.1,0.0526,17,0.0588
570745,3,3,0,3,0,2.5,0.2,2.5,0.2,2.5,0.2,2.5,0.2,2.5,0.2,2.5,0.2,2.5,0.2,2.7,0.111
570826,2.5,2.5,0,2.5,0,2.5,0,2.5,0,2.5,0,2.5,0,2.5,0,2.5,0,2.5,0,1.9,0.316
570982,11,11,0,11,0,11,0,11,0,11,0,11,0,,,11,0,11,0,11,0
571200,20,20,0,20,0,20,0,20,0,20,0,20,0,20,0,20,0,19,0.0526,15.9,0.258
571270,36,36,0,36,0,32,0.125,32,0.125,,,,,,,,,,,,
571334,21,21,0,21,0,21,0,21,0,21,0,21,0,21,0,21,0,19.9,0.0553,19.9,0.0553
571415,11,11,0,11,0,11,0,11,0,11,0,11,0,11,0,11,0,11,0,11.5,-0.0435
572080,92.1,92.1,0,92.1,0,92.1,0,92.1,0,92.1,0,92.1,0,79,0.166,100,-0.0799,92.8,-0.00754,64.7,0.423
573540,,,,,,,,,,,,,,,,,,,,,
574255,,,,,,,,,,,,,,,,,,,,,
574783,9.1,9.1,0,9.1,0,9.1,0,9.1,0,9.1,0,10,-0.09,10,-0.09,12,-0.242,9.9,-0.0808,9.9,-0.0808
575020,,,,,,,,,,,,,,,,,,,,,
575089,59.4,59.4,0,59.4,0,59.4,0,59.4,0,59.4,0,59.4,0,59.4,0,64.5,-0.0791,64.5,-0.0791,51,0.165
575100,53,53,0,53,0,53,0,53,0,53,0,53,0,53,0,53,0,45.6,0.162,31.8,0.667
575348,11.7,23,-0.491,23,-0.491,23,-0.491,23,-0.491,23,-0.491,23,-0.491,23,-0.491,23,-0.491,19.3,-0.394,13.5,-0.133
575500,54,54,0,54,0,54,0,54,0,54,0,58,-0.069,58,-0.069,58,-0.069,55.2,-0.0217,55,-0.0182
575666,18,18,0,18,0,18,0,18,0,18,0,21,-0.143,24,-0.25,,,17.1,0.0526,17,0.0588
575690,3.4,3.4,0,3.4,0,3.4,0,3.4,0,3.4,0,3.4,0,3.4,0,3.4,0,3.4,0,3.4,0
575704,44,44,0,44,0,44,0,44,0,44,0,44,0,44,0,44,0,39.5,0.114,39.5,0.114
575771,6.8,6.8,0,6.8,0,6.8,0,6.8,0,6.8,0,6.8,0,6.8,0,6.8,0,6.8,0,6.8,0
576069,14,14,0,14,0,14,0,14,0,14,0,14,0,14,0,14,0,13.9,0.00719,13.9,0.00719
576085,,,,,,,,,,,,,,,,,,,,,
576166,75,75,0,75,0,75,0,75,0,75,0,75,0,75,0,75,0,65,0.154,62,0.21
576557,14.5,14.5,0,14.5,0,14.5,0,14.5,0,14.5,0,14.5,0,13.5,0.0741,13.5,0.0741,13.5,0.0741,12.5,0.16
578487,,,,,,,,,,,,,,,,,,,,,
578568,,,,,,,,,,,,,,,,,,,,,
579190,75,75,0,75,0,75,0,75,0,75,0,75,0,75,0,75,0,65,0.154,62,0.21
579351,75,75,0,75,0,75,0,75,0,75,0,75,0,75,0,75,0,65,0.154,62,0.21
579599,75,75,0,75,0,75,0,75,0,75,0,,,75,0,75,0,65,0.154,62,0.21
579779,15.5,15.5,0,15.5,0,15.5,0,15.5,0,15.5,0,15.5,0,15.5,0,15.5,0,14.6,0.0616,10.8,0.435
579831,75,75,0,75,0,75,0,75,0,75,0,75,0,75,0,75,0,65,0.154,62,0.21
580016,20,20,0,20,0,20,0,20,0,20,0,20,0,20,0,19.5,0.0256,19.5,0.0256,15.5,0.29
580155,,,,,,,,,,,,,,,,,,,,,
580236,75,75,0,75,0,75,0,75,0,75,0,,,75,0,75,0,65,0.154,62,0.21
580392,75,75,0,75,0,75,0,75,0,75,0,75,0,75,0,75,0,65,0.154,62,0.21
580554,75,75,0,75,0,75,0,75,0,75,0,,,75,0,75,0,65,0.154,62,0.21
580716,75,75,0,75,0,75,0,75,0,75,0,75,0,75,0,75,0,65,0.154,62,0.21
580909,,,,,,,,,,,,,,,,,,,,,
581060,186,186,0,,,,,186,0,186,0,186,0,186,0,186,0,162,0.145,138,0.353
581061,186,186,0,186,0,186,0,186,0,,,186,0,186,0,186,0,162,0.144,138,0.352
581071,30.6,30.6,0,30.6,0,30.6,0,30.6,0,30.6,0,43.4,-0.295,43.4,-0.295,43,-0.288,38.8,-0.211,33.7,-0.092
581072,75.2,75.2,0,75.2,0,75.2,0,75.2,0,75.2,0,75.2,0,75.2,0,75.2,0,72.5,0.0372,58.7,0.281
581075,44.3,44.3,0,44.3,0,44.3,0,55.3,-0.199,55.3,-0.199,55.3,-0.199,55.3,-0.199,62.9,-0.296,60.9,-0.273,42.6,0.0399
581202,35.5,35.5,0,35.5,0,35.5,0,35.5,0,35.5,0,35.5,0,35.5,0,36.9,-0.0379,35.7,-0.0056,25.2,0.409
581306,36.8,36.8,0,36.8,0,36.8,0,36.8,0,36.8,0,36.8,0,36.8,0,36.8,0,32.2,0.143,25,0.472
581366,38.6,38.6,0,38.6,0,38.6,0,38.6,0,38.6,0,38.6,0,38.6,0,38.6,0,32.7,0.18,26.7,0.446
581371,15.1,15.1,0,15.1,0,15.1,0,15.1,0,15.1,0,15.1,0,12,0.258,15.1,0,13.5,0.119,,
581386,31.8,31.8,0,31.8,0,31.8,0,31.8,0,31.8,0,31.8,0,25,0.272,31.8,0,28.1,0.132,,
581445,,,,,,,,,,,,,,,,,,,,,
581740,,,,,,,,,,,,,,,,,,,,,
581780,,,,,,,,,,,,,,,,,,,,,
581798,35.5,,,35.5,0,35.5,0,35.5,0,,,35.5,0,35.5,0,35.5,0,29.6,0.199,27,0.315
581879,47.9,47.9,0,47.9,0,47.9,0,47.9,0,47.9,0,47.9,0,47.9,0,47.9,0,39.9,0.201,36.5,0.312
581941,,,,,,,,,,,,,,,,,,,,,
582018,71.8,71.8,0,71.8,0,71.8,0,71.8,0,71.8,0,71.8,0,71.8,0,71.8,0,64.2,0.118,50,0.436
582182,13.1,13.1,0,13.1,0,13.1,0,13.1,0,13.1,0,17,-0.229,17,-0.229,20,-0.345,14,-0.0643,15,-0.127
582905,46.8,46.8,0,46.8,0,46.8,0,46.8,0,46.8,0,49.9,-0.0621,49.9,-0.0621,56,-0.164,45,0.04,37,0.265
582980,46.8,46.8,0,46.8,0,46.8,0,46.8,0,46.8,0,49.9,-0.0621,49.9,-0.0621,56,-0.164,45,0.04,37,0.265
583464,,,,,,,,,,,,,,,,,,,,,
583685,40,40,0,40,0,40,0,40,0,40,0,40,0,40,0,69,-0.42,39,0.0256,39,0.0256
583723,15.5,15.5,0,15.5,0,15.5,0,15.5,0,15.5,0,15.5,0,15.5,0,15.5,0,13,0.192,,
584045,26.9,26.9,0,26.9,0,26.9,0,26.9,0,26.9,0,26.9,0,23,0.17,22.9,0.175,26.3,0.0228,26.3,0.0228
584630,37.5,37.5,0,37.5,0,37.5,0,37.5,0,37.5,0,37.5,0,37.5,0,37.5,0,34.4,0.0901,30.5,0.23
584711,37.5,37.5,0,37.5,0,37.5,0,37.5,0,37.5,0,,,37.5,0,37.5,0,33,0.136,27.5,0.364
584797,37.5,37.5,0,37.5,0,37.5,0,37.5,0,37.5,0,37.5,0,37.5,0,37.5,0,,,27.5,0.364
584886,45.4,45.4,0,45.4,0,45.4,0,45.4,0,45.4,0,45.4,0,45.4,0,45.4,0,,,,
584959,25,25,0,25,0,25,0,25,0,25,0,25,0,25,0,25,0,,,22.9,0.0917
585955,50.4,50.4,0,50.4,0,50.4,0,50.4,0,50.4,0,50.4,0,50.4,0,50.4,0,42,0.2,39,0.292
586030,,,,,,,,,,,,,,,,,,,,,
586110,95.2,95.2,0,95.2,0,95.2,0,95.2,0,95.2,0,95.2,0,95.2,0,95.2,0,79.3,0.201,,
586684,10,10,0,10,0,10,0,10,0,10,0,10,0,10,0,10,0,9.5,0.0526,9.5,0.0526
586897,,,,,,,,,,,,,,,,,,,,,
587052,38,38,0,38,0,38,0,38,0,38,0,44.5,-0.146,44.5,-0.146,44.5,-0.146,24.9,0.526,,
587095,,,,,,,,,,,,,,,,,,,,,
587265,,,,,,,,,,,,,,,,,,,,,
587648,46.5,46.5,0,46.5,0,46.5,0,46.5,0,46.5,0,46.5,0,46.5,0,46.5,0,41.5,0.12,30.9,0.505
588130,11.5,11.5,0,11.5,0,11.5,0,11.5,0,11.5,0,11.5,0,,,11.5,0,10,0.15,10,0.15
588547,13,13,0,13,0,13,0,13,0,13,0,13,0,13,0,13,0,13,0,12.5,0.04
588610,4,4,0,4,0,4,0,4,0,4,0,4,0,4,0,4,0,3.5,0.143,3,0.333
588776,6,6,0,6,0,6.5,-0.0769,6.5,-0.0769,6.5,-0.0769,6.5,-0.0769,6.5,-0.0769,6.5,-0.0769,5.5,0.0909,5,0.2
589012,22.9,22.9,0,22.9,0,22.9,0,22.9,0,22.9,0,22.9,0,22.9,0,26,-0.119,25.5,-0.102,18,0.272
589578,15.5,15.5,0,15.5,0,15.5,0,15.5,0,15.5,0,13.5,0.148,14.5,0.069,,,,,,
589659,,,,,,,,,,,,,,,,,,,,,
589748,,,,,,,,,,,,,,,,,,,,,
589756,11.9,11.9,0,13,-0.0846,13,-0.0846,13,-0.0846,13,-0.0846,13,-0.0846,13,-0.0846,15,-0.207,14.5,-0.179,10.3,0.155
589829,,,,,,,,,,,,,,,,,,,,,
589985,158,158,0,158,0,158,0,158,0,158,0,158,0,158,0,158,0,130,0.212,130,0.212
590000,164,164,0,164,0,139,0.18,139,0.18,164,0,164,0,164,0,187,-0.121,164,0.00306,115,0.424
590011,17,17,0,17,0,17,0,17,0,17,0,17,0,17,0,17,0,14.4,0.181,9.8,0.735
590012,,,,,,,,,,,,,,,,,,,,,
590013,115,115,0,115,0,100,0.148,100,0.148,133,-0.137,133,-0.137,133,-0.137,133,-0.137,115,0.00175,,
590043,12.9,12.9,0,,,12.9,0,12.9,0,12.9,0,12.9,0,14.3,-0.0979,14.3,-0.0979,13.9,-0.0719,8.3,0.554
590058,16.5,16.5,0,,,16.5,0,16.5,0,16.5,0,16.5,0,17.7,-0.0678,17.7,-0.0678,13.9,0.187,11.2,0.473
590063,,,,,,,,,,,,,,,,,,,,,
590078,24.9,24.9,0,24.9,0,24.9,0,24.9,0,24.9,0,24.9,0,24.9,0,24.9,0,25,-0.004,14.2,0.754
590083,29.4,29.4,0,29.4,0,29.4,0,29.4,0,,,29.4,0,29.4,0,29.4,0,23.5,0.251,19.2,0.531
590098,26.6,26.6,0,26.6,0,26.6,0,26.6,0,,,26.6,0,26.6,0,26.6,0,22.5,0.182,15,0.773
590127,37.8,37.8,0,37.8,0,37.8,0,37.8,0,37.8,0,37.8,0,37.8,0,37.8,0,31.5,0.2,20.8,0.817
590150,179,179,0,179,0,179,0,179,0,179,0,179,0,179,0,179,0,140,0.279,115,0.557
590231,264,264,0,264,0,264,0,264,0,264,0,264,0,264,0,264,0,230,0.148,184,0.435
590236,53,53,0,53,0,53,0,53,0,53,0,53,0,53,0,53,0,51.5,0.0291,37.5,0.413
590241,30,30,0,30,0,30,0,30,0,,,,,30,0,30,0,29,0.0345,22.9,0.31
590296,11.7,11.7,0,11.7,0,11.7,0,11.7,0,11.7,0,11.7,0,11.7,0,11.7,0,9.5,0.232,9.5,0.232
590325,21,21,0,21,0,21,0,21,0,21,0,21,0,,,18,0.167,18,0.167,18,0.167
590380,17,17,0,17,0,17,0,17,0,17,0,17,0,,,17,0,,,15,0.133
590538,,,,,,,,,,,,,,,,,,,,,
590543,5.6,5.6,0,,,5.6,0,5.6,0,5.6,0,5.6,0,5.6,0,5.6,0,5,0.12,5,0.12
590558,5.6,5.6,0,5.6,0,5.6,0,5.6,0,,,5.6,0,5.6,0,5.6,0,5,0.12,5,0.12
590687,70,70,0,,,70,0,70,0,70,0,70,0,65.7,0.0654,51.5,0.359,58.5,0.197,54,0.296
590845,,,,,,,,,,,,,,,,,,,,,
590851,44.5,44.5,0,44.5,0,44.5,0,44.5,0,44.5,0,35.9,0.24,36,0.236,35,0.271,32.5,0.369,32.9,0.353
590853,53,53,0,53,0,53,0,53,0,53,0,53,0,53,0,,,36.5,0.452,32.5,0.631
590854,53,53,0,53,0,53,0,53,0,53,0,53,0,53,0,,,36.5,0.452,33,0.606
590856,53,53,0,53,0,53,0,53,0,53,0,53,0,53,0,,,36.5,0.452,32.5,0.631
590913,61,61,0,61,0,61,0,61,0,61,0,61,0,61,0,61,0,53,0.151,51,0.196
590920,61,61,0,61,0,61,0,61,0,61,0,61,0,61,0,,,53,0.151,51,0.196
590921,61,61,0,61,0,61,0,61,0,61,0,,,61,0,61,0,53,0.151,51,0.196
590922,61,61,0,61,0,61,0,61,0,,,61,0,61,0,61,0,53,0.151,51,0.196
590961,,,,,,,,,,,,,,,,,,,,,
590966,,,,,,,,,,,,,,,,,,,,,
590992,14.5,19.5,-0.256,19.5,-0.256,15,-0.0333,15,-0.0333,17,-0.147,19.5,-0.256,19.5,-0.256,19,-0.237,19.1,-0.241,13.1,0.107
591114,29.9,29.9,0,29.9,0,29.9,0,29.9,0,29.9,0,,,,,,,,,,
591157,,,,,,,,,,,,,,,,,,,,,
591190,29.9,29.9,0,29.9,0,29.9,0,29.9,0,,,,,,,,,,,,
591238,,,,,,,,,,,,,,,,,,,,,
591450,,,,,,,,,,,,,,,,,,,,,
591475,,,,,,,,,,,,,,,,,,,,,
591578,12.5,12.5,0,12.5,0,12.5,0,12.5,0,,,12.5,0,12.5,0,12.5,0,9.4,0.33,8.2,0.524
591991,15.9,15.9,0,15.9,0,13.9,0.144,13.9,0.144,15.9,0,15.9,0,15.9,0,17.5,-0.0914,15.5,0.0258,13.5,0.178
592138,33.6,33.6,0,33.6,0,33.6,0,33.6,0,33.6,0,33.6,0,33.6,0,36.1,-0.0693,36.1,-0.0693,28.4,0.183
592141,14.9,14.9,0,14.9,0,14.9,0,14.9,0,14.9,0,14.9,0,14.9,0,16,-0.0687,16,-0.0687,,
592552,,,,,,,,,,,,,,,,,,,,,
593002,11,11,0,11,0,11,0,11,0,11,0,11,0,,,11,0,7.5,0.467,7.5,0.467
593347,29.3,29.3,0,29.3,0,29.3,0,29.3,0,29.3,0,29.3,0,29.3,0,29.3,0,28.2,0.039,20,0.465
593348,208,208,0,208,0,208,0,208,0,208,0,208,0,208,0,208,0,153,0.363,120,0.738
593537,70.5,70.5,0,70.5,0,70.5,0,70.5,0,70.5,0,70.5,0,70.5,0,70.5,0,58.7,0.201,53.5,0.318
593538,50.6,50.6,0,50.6,0,50.6,0,50.6,0,50.6,0,50.6,0,50.6,0,,,,,38.4,0.318
593539,52.4,52.4,0,52.4,0,52.4,0,52.4,0,52.4,0,52.4,0,52.4,0,,,,,38.4,0.365
593762,39.9,39.9,0,39.9,0,39.9,0,39.9,0,39.9,0,39.9,0,39.9,0,57.5,-0.306,45,-0.113,39.5,0.0101
593765,,,,,,,,,,,,,,,,,,,,,
595871,18.9,18.9,0,18.9,0,18.9,0,18.9,0,18.9,0,19,-0.00526,19,-0.00526,,,16.5,0.145,,
597007,69.9,69.9,0,69.9,0,69.9,0,69.9,0,69.9,0,59.9,0.167,88,-0.206,88,-0.206,72,-0.0292,62,0.127
597082,158,158,0,158,0,158,0,158,0,158,0,158,0,158,0,158,0,130,0.215,116,0.362
597163,158,158,0,158,0,158,0,158,0,158,0,158,0,158,0,158,0,130,0.215,116,0.362
597970,43.9,43.9,0,43.9,0,43.9,0,43.9,0,43.9,0,43.9,0,43.9,0,,,,,,
598825,,,,,,,,,,,,,,,,,,,,,
598844,,,,,,,,,,,,,,,,,,,,,
599409,19.9,19.9,0,19.9,0,19.9,0,19.9,0,19.9,0,,,,,14.9,0.336,24.9,-0.201,11.9,0.672
599412,59,59,0,59,0,59,0,59,0,,,59,0,,,,,,,44.9,0.314
600040,10,10,0,10,0,10,0,10,0,10,0,10,0,10,0,10,0,8.5,0.176,8.5,0.176
600106,60.5,60.5,0,60.5,0,60.5,0,60.5,0,60.5,0,60.5,0,,,65.8,-0.0805,,,,
600108,,,,,,,,,,,,,,,,,,,,,
600118,,,,,,,,,,,,,,,,,,,,,
600119,,,,,,,,,,,,,,,,,,,,,
600123,,,,,,,,,,,,,,,,,,,,,
600132,,,,,,,,,,,,,,,,,,,,,
600133,27.5,27.5,0,27.5,0,27.5,0,27.5,0,27.5,0,27.5,0,27.5,0,22.5,0.222,22.5,0.222,22.5,0.222
600134,149,149,0,149,0,149,0,149,0,149,0,149,0,125,0.193,125,0.193,,,,
600138,6,6,0,6,0,6,0,6,0,,,6,0,6,0,5,0.2,5,0.2,5,0.2
600143,,,,,,,,,,,,,,,,,,,,,
600147,,,,,,,,,,,,,,,,,,,,,
600153,5,5,0,5,0,5,0,5,0,5,0,5,0,,,5,0,5,0,5,0
600158,13,13,0,13,0,13,0,13,0,13,0,13,0,,,13,0,13,0,13,0
600163,4.5,4.5,0,4.5,0,4.5,0,4.5,0,4.5,0,4.5,0,4.5,0,4.5,0,4.5,0,4.5,0
600168,8.8,8.8,0,8.8,0,8.8,0,8.8,0,,,8.8,0,8.8,0,8.8,0,8,0.1,8,0.1
600172,149,149,0,149,0,149,0,149,0,149,0,,,,,120,0.243,,,,
600173,5,5,0,5,0,5,0,5,0,5,0,5,0,5,0,5,0,5,0,5,0
600178,,,,,,,,,,,,,,,,,,,,,
600180,12.5,12.5,0,12.5,0,12.5,0,,,,,12.5,0,12.5,0,12.5,0,10.5,0.19,9.5,0.316
600183,,,,,,,,,,,,,,,,,,,,,
600188,,,,,,,,,,,,,,,,,,,,,
600189,,,,,,,,,,,,,,,,,,,,,
600193,,,,,,,,,,,,,,,,,,,,,
600194,,,,,,,,,,,,,,,,,,,,,
600198,,,,,,,,,,,,,,,,,,,,,
600205,,,,,,,,,,,,,,,,,,,,,
600212,20,20,0,20,0,20,0,20,0,20,0,20,0,20,0,20,0,19,0.0526,19,0.0526
600215,5,5,0,5,0,5,0,5,0,5,0,5,0,5,0,5,0,5,0,5,0
600217,,,,,,,,,,,,,,,,,,,,,
600218,10,10,0,10,0,10,0,10,0,10,0,10,0,10,0,10,0,8,0.25,8,0.25
600222,5,5,0,5,0,5,0,5,0,5,0,5,0,5,0,5,0,5,0,5,0
600223,,,,,,,,,,,,,,,,,,,,,
600225,5.5,5.5,0,5.5,0,5.5,0,5.5,0,5.5,0,5.5,0,5.5,0,5.5,0,5,0.1,5,0.1
600232,10,10,0,10,0,10,0,10,0,10,0,10,0,10,0,10,0,9.5,0.0526,9.5,0.0526
600235,4.7,4.7,0,4.7,0,4.7,0,4.7,0,4.7,0,4.7,0,4.7,0,4.7,0,4.5,0.0444,4.5,0.0444
600242,5,5,0,5,0,5,0,5,0,5,0,5,0,5,0,5,0,4.5,0.111,4.5,0.111
600252,5,5,0,5,0,5,0,5,0,5,0,5,0,5,0,5,0,4.5,0.111,4.5,0.111
600255,,,,,,,,,,,,,,,,,,,,,
600256,,,,,,,,,,,,,,,,,,,,,
600262,4.7,4.7,0,4.7,0,4.7,0,4.7,0,4.7,0,4.7,0,4.7,0,4.7,0,4.5,0.0444,4.5,0.0444
600265,10,10,0,,,10,0,10,0,10,0,10,0,10,0,10,0,9.5,0.0526,9.5,0.0526
600279,20,20,0,,,,,20,0,,,20,0,20,0,20.2,-0.0109,17.5,0.143,16.6,0.205
600300,27.5,27.5,0,27.5,0,27.5,0,27.5,0,27.5,0,27.5,0,27.5,0,22.5,0.222,22.5,0.222,22.5,0.222
600302,6,6,0,6,0,6,0,6,0,6,0,6,0,6,0,5,0.2,5,0.2,5,0.2
600304,,,,,,,,,,,,,,,,,,,,,
600305,6.9,6.9,0,,,,,6.9,0,,,6.9,0,6.9,0,,,5.5,0.255,5.5,0.255
600306,20,20,0,20,0,20,0,20,0,20,0,20,0,20,0,20,0,19,0.0526,19,0.0526
600307,5,5,0,,,,,5,0,5,0,5,0,5,0,,,4.5,0.111,4.5,0.111
600310,15.5,15.5,0,15.5,0,15.5,0,15.5,0,15.5,0,15.5,0,15.5,0,15.5,0,15.5,0,8.8,0.761
600312,,,,,,,,,,,,,,,,,,,,,
600315,13.8,13.8,0,13.8,0,13.8,0,13.8,0,13.8,0,13.8,0,13.8,0,13.8,0,12.5,0.104,12.5,0.104
600316,18.8,18.8,0,18.8,0,18.8,0,18.8,0,18.8,0,18.8,0,18.8,0,18.8,0,18.8,0,16.2,0.16
600317,14,14,0,14,0,14,0,14,0,14,0,14,0,14,0,14,0,11.5,0.217,9.5,0.474
600320,11,11,0,11,0,11,0,11,0,11,0,11,0,11,0,11,0,11,0,9.5,0.158
600322,16.2,16.2,0,16.2,0,16.2,0,16.2,0,16.2,0,16.2,0,16.2,0,16.2,0,16.2,0,16.2,0
600324,25,25,0,25,0,25,0,25,0,25,0,25,0,25,0,25,0,22,0.136,20.5,0.22
600325,9.5,9.5,0,9.5,0,9.5,0,9.5,0,9.5,0,9.5,0,9.5,0,9.5,0,7.5,0.267,7.5,0.267
600328,5,5,0,,,5,0,5,0,5,0,5,0,5,0,5,0,5,0,5,0
600330,12.5,12.5,0,12.5,0,12.5,0,12.5,0,12.5,0,12.5,0,12.5,0,12.5,0,12.5,0,12.5,0
600331,4.5,4.5,0,4.5,0,4.5,0,4.5,0,4.5,0,4.5,0,4.5,0,4.5,0,4.5,0,4.5,0
600332,11.8,11.8,0,11.8,0,11.8,0,11.8,0,11.8,0,11.8,0,11.8,0,11.8,0,10,0.18,10,0.18
600334,10,10,0,10,0,10,0,10,0,10,0,10,0,10,0,10,0,10,0,10,0
600336,21,21,0,21,0,21,0,21,0,21,0,21,0,21,0,21,0,21,0,21,0
600337,9.5,9.5,0,9.5,0,9.5,0,9.5,0,,,9.5,0,9.5,0,9.5,0,9.5,0,9.5,0
600338,,,,,,,,,,,,,,,,,,,,,
600340,5.2,5.2,0,5.2,0,5.2,0,5.2,0,5.2,0,5.2,0,,,5.2,0,5.2,0,4.5,0.156
600345,7.2,7.2,0,7.2,0,7.2,0,7.2,0,,,7.2,0,7.2,0,7.2,0,7.2,0,6,0.2
600346,27.5,27.5,0,27.5,0,27.5,0,27.5,0,27.5,0,27.5,0,,,22,0.25,22,0.25,20,0.375
600348,,,,,,,,,,,,,,,,,,,,,
600354,,,,,,,,,,,,,,,,,,,,,
600358,16.5,16.5,0,16.5,0,16.5,0,16.5,0,16.5,0,16.5,0,16.5,0,16.5,0,,,,
600360,11.5,11.5,0,11.5,0,11.5,0,11.5,0,11.5,0,11.5,0,11.5,0,11.5,0,11.5,0,11.5,0
600362,11.9,11.9,0,11.9,0,11.9,0,11.9,0,11.9,0,11.9,0,11.9,0,11.9,0,11.9,0,9.5,0.253
600491,7.7,7.7,0,7.7,0,7.7,0,7.7,0,7.7,0,7.7,0,7.7,0,7.7,0,4.9,0.571,5.7,0.351
600495,153,153,0,153,0,153,0,153,0,153,0,153,0,153,0,153,0,149,0.0268,95,0.611
600502,,,,,,,,,,,,,,,,,,,,,
600513,,,,,,,,,,,,,,,,,,,,,
600605,,,,,,,,,,,,,,,,,,,,,
600616,,,,,,,,,,,,,,,,,,,,,
600622,,,,,,,,,,,,,,,,,,,,,
600623,,,,,,,,,,,,,,,,,,,,,
600645,509,509,0,509,0,509,0,509,0,509,0,509,0,509,0,509,0,395,0.289,340,0.497
600650,,,,,,,,,,,,,,,,,,,,,
600651,140,140,0,182,-0.233,182,-0.233,182,-0.233,182,-0.233,182,-0.233,182,-0.233,182,-0.233,135,0.0363,120,0.166
600655,249,249,0,249,0,205,0.215,205,0.215,205,0.215,205,0.215,249,0,249,0,170,0.465,161,0.547
600661,229,229,0,229,0,229,0,229,0,229,0,190,0.206,230,-0.00435,230,-0.00435,155,0.477,150,0.532
600792,96,96,0,96,0,96,0,96,0,96,0,96,0,96,0,96,0,74,0.297,72,0.333
601015,,,,,,,,,,,,,,,,,,,,,
601023,64.9,64.9,0,64.9,0,64.9,0,64.9,0,64.9,0,64.9,0,64.9,0,48.5,0.338,,,45.9,0.414
601028,45.9,45.9,0,45.9,0,45.9,0,,,,,,,,,,,,,33.9,0.354
601038,,,,,,,,,,,,,,,,,,,,,
601048,41.9,41.9,0,41.9,0,41.9,0,41.9,0,41.9,0,41.9,0,41.9,0,39,0.0744,39,0.0744,30.9,0.356
601053,41.9,41.9,0,41.9,0,41.9,0,41.9,0,41.9,0,41.9,0,41.9,0,39,0.0744,39,0.0744,30.9,0.356
601058,41.9,41.9,0,41.9,0,41.9,0,41.9,0,41.9,0,41.9,0,41.9,0,39,0.0744,39,0.0744,30.9,0.356
601068,41.9,41.9,0,41.9,0,41.9,0,41.9,0,41.9,0,41.9,0,41.9,0,39,0.0744,39,0.0744,30.9,0.356
601073,41.9,41.9,0,41.9,0,41.9,0,41.9,0,41.9,0,41.9,0,41.9,0,39,0.0744,39,0.0744,30.9,0.356
601185,53.5,53.5,0,53.5,0,53.5,0,53.5,0,88.2,-0.393,39.9,0.341,39,0.372,88.2,-0.393,73.5,-0.272,48,0.115
601515,80.8,80.8,0,80.8,0,80.8,0,80.8,0,80.8,0,80.8,0,80.8,0,80.8,0,70,0.154,60,0.347
601582,51.5,51.5,0,51.5,0,51.5,0,51.5,0,51.5,0,51.5,0,51.5,0,51.5,0,,,38,0.355
601583,67.5,67.5,0,67.5,0,67.5,0,67.5,0,67.5,0,67.5,0,67.5,0,67.5,0,,,,
601871,177,177,0,177,0,177,0,177,0,177,0,207,-0.145,207,-0.145,207,-0.145,,,135,0.31
602018,10.5,10.5,0,10.5,0,10.5,0,10.5,0,10.5,0,10.9,-0.0367,13,-0.192,15,-0.3,14.5,-0.276,,
602020,,,,,,,,,,,,,,,,,,,,,
602060,26,26,0,26,0,26,0,26,0,26,0,26,0,26,0,26,0,22.2,0.171,22.2,0.171
602070,,,,,,,,,,,,,,,,,,,,,
602116,13,13,0,13,0,13,0,13,0,13,0,13,0,13,0,13,0,11.9,0.0924,11.9,0.0924
602272,8.9,8.9,0,8.9,0,8.9,0,8.9,0,8.9,0,8.9,0,8.9,0,8.9,0,7.5,0.187,7.5,0.187
602336,,,,,,,,,,,,,,,,,,,,,
602338,,,,,,,,,,,,,,,,,,,,,
602526,19.5,19.5,0,19.5,0,19.5,0,19.5,0,19.5,0,18.5,0.0541,18.5,0.0541,18.5,0.0541,11.8,0.653,12.5,0.56
602558,10,10,0,10,0,10,0,10,0,10,0,10,0,10,0,10,0,8.5,0.176,8.5,0.176
602871,16.5,16.5,0,16.5,0,16.5,0,16.5,0,16.5,0,14.5,0.138,14.5,0.138,,,13.5,0.222,13,0.269
602872,16.5,16.5,0,16.5,0,16.5,0,16.5,0,16.5,0,14.5,0.138,14.5,0.138,14.5,0.138,13.5,0.222,13,0.269
602873,16.5,16.5,0,16.5,0,16.5,0,16.5,0,16.5,0,14.5,0.138,14.5,0.138,14.5,0.138,13.5,0.222,13,0.269
603052,,,,,,,,,,,,,,,,,,,,,
603292,47.2,47.2,0,47.2,0,47.2,0,47.2,0,47.2,0,,,,,,,47.2,0,47.2,0
603937,15,15,0,15,0,15,0,15,0,15,0,15,0,15,0,,,14,0.0714,12.9,0.163
604004,37,37,0,37,0,37,0,37,0,37,0,41.9,-0.117,41.9,-0.117,41.9,-0.117,27.5,0.345,24.5,0.51
604009,37,37,0,37,0,37,0,37,0,37,0,41.9,-0.117,41.9,-0.117,41.9,-0.117,27.5,0.345,24.5,0.51
604011,14,14,0,14,0,14,0,14,0,14,0,14,0,14,0,,,13,0.0769,12,0.167
604070,26.9,26.9,0,26.9,0,26.9,0,26.9,0,26.9,0,26.9,0,26.9,0,26.9,0,26.3,0.0228,26.3,0.0228
604097,15,15,0,15,0,15,0,15,0,15,0,15,0,15,0,15,0,14,0.0714,14,0.0714
604105,,,,,,,,,,,,,,,,,,,,,
604106,,,,,,,,,,,,,,,,,,,,,
604107,40,40,0,40,0,40,0,40,0,40,0,40,0,40,0,,,,,35.5,0.127
604117,,,,,,,,,,,,,,,,,,,,,
604118,,,,,,,,,,,,,,,,,,,,,
604151,26.9,26.9,0,26.9,0,26.9,0,26.9,0,26.9,0,26.9,0,26.9,0,22.9,0.175,26.3,0.0228,26.3,0.0228
604154,,,,,,,,,,,,,,,,,,,,,
604212,45,,,,,,,,,,,45,0,45,0,45,0,,,23,0.957
604215,,,,,,,,,,,,,,,,,,,,,
604232,26.9,26.9,0,26.9,0,26.9,0,26.9,0,26.9,0,26.9,0,26.9,0,,,26.3,0.0228,26.3,0.0228
604259,16,16,0,16,0,16,0,16,0,16,0,16,0,16,0,13,0.231,13,0.231,12.5,0.28
604313,26.9,26.9,0,26.9,0,26.9,0,26.9,0,26.9,0,26.9,0,26.9,0,26.9,0,26.3,0.0228,26.3,0.0228
604518,8,8,0,8,0,8,0,8,0,8,0,8,0,8,0,8,0,6,0.333,6,0.333
604710,5,5,0,5,0,5,0,5,0,5,0,5,0,5,0,5,0,5,0,4,0.25
604869,,,,,,,,,,,,,,,,,,,,,
604870,,,,,,,,,,,,,,,,,,,,,
604871,,,,,,,,,,,,,,,,,,,,,
605151,12.5,12.5,0,12.5,0,12.5,0,12.5,0,12.5,0,12.5,0,12.5,0,12.5,0,12.5,0,11,0.136
605152,7.5,7.5,0,7.5,0,7.5,0,7.5,0,7.5,0,7.5,0,7.5,0,7.5,0,7.5,0,6.9,0.087
605514,12.9,12.9,0,12.9,0,12.9,0,12.5,0.032,12.5,0.032,12.5,0.032,12.5,0.032,12.5,0.032,11.9,0.084,11.5,0.122
605522,15.4,15.4,0,15.4,0,15.4,0,,,15,0.0267,15,0.0267,15,0.0267,15,0.0267,14.5,0.0621,14,0.1
605523,16.8,16.8,0,16.8,0,16.8,0,16.3,0.0307,16.3,0.0307,16.3,0.0307,16.3,0.0307,16.3,0.0307,15.5,0.0839,15,0.12
605549,39.4,39.4,0,39.4,0,39.4,0,39.4,0,39.4,0,39.4,0,39.4,0,46.3,-0.149,37,0.0649,30,0.313
605557,39,39,0,39,0,39,0,37.5,0.04,37.5,0.04,37.5,0.04,37.5,0.04,37.5,0.04,33.5,0.164,30,0.3
605581,31.3,31.3,0,31.3,0,31.3,0,30,0.0433,30,0.0433,30,0.0433,30,0.0433,30,0.0433,28.8,0.0868,27.5,0.138
605603,,,,,,,,,,,,,,,,,,,,,
605621,72.5,,,,,,,,,,,70,0.0357,70,0.0357,,,67.5,0.0741,62.5,0.16
605671,,,,,,,,,,,,,,,,,,,,,
605697,60.9,60.9,0,60.9,0,,,,,,,58.8,0.0357,58.8,0.0357,,,50.5,0.206,48.8,0.248
606051,,,,,,,,,,,,,,,,,,,,,
606055,32.4,32.4,0,32.4,0,32.4,0,32.4,0,32.4,0,32.4,0,32.4,0,34,-0.0471,34,-0.0471,29.3,0.106
606155,12.5,12.5,0,12.5,0,12.5,0,12.5,0,12.5,0,12.5,0,12.5,0,12.5,0,10,0.25,10,0.25
606195,,,,,,,,,,,,,,,,,,,,,
606199,31,31,0,31,0,31,0,31,0,31,0,31,0,31,0,31,0,26.8,0.157,,
606314,171,171,0,171,0,171,0,171,0,171,0,171,0,171,0,171,0,154,0.113,130,0.318
606315,49,49,0,49,0,49,0,49,0,49,0,49,0,49,0,49,0,42.5,0.153,33,0.485
606332,49.9,49.9,0,49.9,0,49.9,0,49.9,0,,,49.9,0,49.9,0,49,0.0184,52.5,-0.0495,52.5,-0.0495
606715,,,,,,,,,,,,,,,,,,,,,
606740,,,,,,,,,,,,,,,,,,,,,
606839,27.3,27.3,0,27.3,0,27.3,0,27.3,0,27.3,0,27.3,0,24.4,0.119,24.5,0.114,24.5,0.114,24.5,0.114
607141,24.5,24.5,0,24.5,0,24.5,0,24.5,0,24.5,0,24.5,0,24.5,0,24.5,0,17.4,0.408,,
607147,41,41,0,41,0,41,0,41,0,41,0,41,0,41,0,41,0,30,0.367,,
607187,6.5,6.5,0,6.5,0,6.5,0,6.5,0,6.8,-0.0441,6.8,-0.0441,6.8,-0.0441,6.7,-0.0299,5.5,0.182,5,0.3
607195,79.9,79.9,0,79.9,0,79.9,0,79.9,0,79.9,0,79.9,0,79.9,0,79.9,0,79.9,0,70,0.141
607197,,,,,,,,,,,,,,,,,,,,,
607747,,,,,,,,,,,,,,,,,,,,,
607754,10,10,0,10,0,10,0,10,0,10,0,10,0,10,0,10,0,10,0,7.5,0.333
607762,10,10,0,10,0,10,0,10,0,10,0,10,0,10,0,,,10,0,7.5,0.333
607851,57.5,57.5,0,,,,,,,57.5,0,54,0.0648,52,0.106,49.2,0.169,48.5,0.186,46,0.25
607932,485,485,0,485,0,485,0,485,0,485,0,485,0,485,0,,,,,,
609048,4.5,4.5,0,4.5,0,4.5,0,4.5,0,4.5,0,4.5,0,4.5,0,4.5,0,3.8,0.184,3.7,0.216
609056,4.5,4.5,0,4.5,0,4.5,0,4.5,0,4.5,0,4.5,0,4.5,0,4.5,0,3.7,0.216,3.7,0.216
609080,,,,,,,,,,,,,,,,,,,,,
609099,8.8,8.8,0,8.8,0,8.8,0,8.8,0,8.8,0,8.8,0,8.8,0,8.8,0,8.8,0,6.5,0.354
609137,7.5,7.5,0,7.5,0,7.5,0,7.5,0,7.5,0,7.5,0,7.5,0,7.5,0,7.5,0,6.2,0.21
609153,5,5,0,5,0,5,0,5,0,5,0,5,0,5,0,5,0,4.5,0.111,3.5,0.429
609188,4.5,4.5,0,4.5,0,4.5,0,,,,,4.5,0,4.5,0,4.5,0,,,,
609196,4.5,4.5,0,4.5,0,4.5,0,4.5,0,4.5,0,4.5,0,4.5,0,4.5,0,3.5,0.286,3.5,0.286
609226,6.5,6.5,0,,,,,,,6.5,0,6.5,0,6.5,0,6.5,0,6.3,0.0317,,
609242,8.8,8.8,0,8.8,0,8.8,0,8.8,0,8.8,0,8.8,0,8.8,0,8.8,0,8.8,0,,
609781,28.5,28.5,0,28.5,0,28.5,0,28.5,0,28.5,0,28.5,0,28.5,0,28.5,0,25,0.14,25,0.14
609871,,,,,,,,,,,,,,,,,,,,,
609901,,,,,,,,,,,,,,,,,,,,,
610115,37.5,37.5,0,37.5,0,37.5,0,37.5,0,37.5,0,37.5,0,37.5,0,37.5,0,31,0.21,31,0.21
610265,210,210,0,210,0,210,0,210,0,210,0,210,0,210,0,210,0,,,,
610271,,,,,,,,,,,,,,,,,,,,,
610283,28.5,28.5,0,28.5,0,28.5,0,28.5,0,28.5,0,28.5,0,28.5,0,28.5,0,26,0.0962,26,0.0962
610293,43.9,43.9,0,43.9,0,43.9,0,43.9,0,43.9,0,43.9,0,43.9,0,43.9,0,,,,
610294,,,,,,,,,,,,,,,,,,,,,
610305,45.5,45.5,0,45.5,0,45.5,0,45.5,0,45.5,0,45.5,0,45.5,0,45.5,0,42,0.0833,42,0.0833
610312,20,20,0,20,0,20,0,20,0,20,0,20,0,20,0,20,0,20,0,15.9,0.258
610315,,,,,,,,,,,,,,,,,,,,,
610348,41,41,0,41,0,41,0,41,0,41,0,41,0,41,0,41,0,36,0.139,36,0.139
610359,19,19,0,19,0,19,0,19,0,15.5,0.226,15.5,0.226,15.5,0.226,15.5,0.226,15.5,0.226,15.5,0.226
610369,20.5,20.5,0,20.5,0,20.5,0,20.5,0,17,0.206,17,0.206,17,0.206,17,0.206,16,0.281,16,0.281
610384,24.4,24.4,0,24.4,0,24.4,0,24.4,0,24.4,0,24.4,0,24.4,0,21.4,0.14,20.5,0.19,19.5,0.251
610389,15,15,0,15,0,15,0,15,0,18.9,-0.206,,,18.9,-0.206,21.4,-0.299,20.5,-0.268,19.5,-0.231
610429,11.5,11.5,0,13.8,-0.167,13.8,-0.167,13.8,-0.167,13.8,-0.167,11.5,0,14.5,-0.207,13.8,-0.167,12.5,-0.08,11,0.0455
610539,8.4,8.4,0,8.4,0,8.4,0,8.4,0,8,0.05,8,0.05,8,0.05,7,0.2,7,0.2,7,0.2
610638,29.5,29.5,0,29.5,0,29.5,0,29.5,0,29.5,0,29.5,0,29.5,0,28,0.0536,15,0.967,,
610648,58.5,58.5,0,58.5,0,58.5,0,58.5,0,58.5,0,58.5,0,58.5,0,56,0.0446,30,0.95,28.9,1.02
610658,115,115,0,115,0,115,0,115,0,115,0,115,0,115,0,112,0.0268,59,0.949,56,1.05
610733,,,,,,,,,,,,,,,,,,,,,
610748,,,,,,,,,,,,,,,,,,,,,
610754,120,120,0,120,0,120,0,120,0,120,0,120,0,120,0,120,0,99.5,0.206,,
610764,73,73,0,73,0,73,0,73,0,73,0,73,0,73,0,73,0,59.9,0.219,43,0.698
610984,55,55,0,55,0,55,0,55,0,55,0,55,0,55,0,,,,,,
611073,,,,,,,,,,,,,,,,,,,,,
611074,,,,,,,,,,,,,,,,,,,,,
611075,,,,,,,,,,,,,,,,,,,,,
611751,14.4,14.4,0,14.4,0,14.4,0,14.4,0,14.4,0,14.4,0,14.4,0,14.4,0,12.7,0.134,11,0.309
611794,15.6,15.6,0,,,15.6,0,15.6,0,15.6,0,15.6,0,15.6,0,15.6,0,14.5,0.0759,12.5,0.248
611808,15.6,15.6,0,,,15.6,0,15.6,0,15.6,0,15.6,0,15.6,0,15.6,0,14,0.114,12,0.3
613320,,,,,,,,,,,,,,,,,,,,,
613436,171,171,0,171,0,171,0,171,0,171,0,171,0,,,154,0.109,154,0.109,135,0.262
614858,5.5,5.5,0,5.5,0,5.5,0,5.5,0,5.5,0,5.5,0,5.5,0,5.5,0,5.5,0,4,0.375
615360,,,,,,,,,,,,,,,,,,,,,
615361,39,39,0,39,0,39,0,79.9,-0.512,79.9,-0.512,89.9,-0.566,89.9,-0.566,,,,,64.9,-0.399
615362,,,,,,,,,,,,,,,,,,,,,
615575,110,110,0,110,0,110,0,110,0,,,,,,,,,,,,
615578,,,,,,,,,,,,,,,,,,,,,
615582,,,,,,,,,,,,,,,,,,,,,
615583,,,,,,,,,,,,,,,,,,,,,
615586,,,,,,,,,,,,,,,,,,,,,
615593,15,15,0,15,0,15,0,15,0,15,0,15,0,15,0,15,0,15,0,9.9,0.515
615600,31.5,31.5,0,31.5,0,25,0.26,25,0.26,31.5,0,31.5,0,25,0.26,31.5,0,24.4,0.291,21.4,0.472
615609,,,,,,,,,,,,,,,,,,,,,
615619,15,15,0,15,0,15,0,15,0,15,0,15,0,19.5,-0.231,19.5,-0.231,18,-0.167,11.7,0.282
615620,15,15,0,,,15,0,15,0,15,0,15,0,19.5,-0.231,19.5,-0.231,18,-0.167,11.7,0.282
615624,15,15,0,15,0,15,0,15,0,15,0,15,0,19.5,-0.231,19.5,-0.231,18,-0.167,11.7,0.282
615625,15,15,0,15,0,15,0,15,0,15,0,15,0,19.5,-0.231,19.5,-0.231,18,-0.167,11.7,0.282
615626,15,15,0,15,0,15,0,15,0,15,0,15,0,19.5,-0.231,19.5,-0.231,18,-0.167,11.7,0.282
615630,,,,,,,,,,,,,,,,,,,,,
615633,,,,,,,,,,,,,,,,,,,,,
615634,,,,,,,,,,,,,,,,,,,,,
615669,27,27,0,27,0,27,0,27,0,27,0,27,0,27,0,27,0,18.7,0.444,15,0.8
615670,,,,,,,,,,,,,,,,,,,,,
615671,,,,,,,,,,,,,,,,,,,,,
615672,,,,,,,,,,,,,,,,,,,,,
615674,,,,,,,,,,,,,,,,,,,,,
615676,80,80,0,80,0,80,0,80,0,80,0,80,0,80,0,74,0.0811,66.5,0.203,66.5,0.203
615691,8,8,0,8,0,8,0,8,0,8,0,8.5,-0.0588,11,-0.273,11,-0.273,8.2,-0.0244,6.9,0.159
615699,53,53,0,53,0,53,0,53,0,53,0,53,0,53,0,53,0,45.1,0.175,42,0.262
615701,53,53,0,53,0,53,0,53,0,53,0,53,0,53,0,53,0,45.1,0.175,42,0.262
615715,60.5,60.5,0,60.5,0,60.5,0,60.5,0,60.5,0,60.5,0,60.5,0,65.8,-0.0805,65.8,-0.0805,51.6,0.172
615716,60.5,60.5,0,60.5,0,60.5,0,60.5,0,60.5,0,60.5,0,60.5,0,65.8,-0.0805,65.8,-0.0805,51.6,0.172
615719,22.7,22.7,0,22.7,0,22.7,0,22.7,0,22.7,0,22.7,0,18,0.261,22.7,0,20.4,0.113,18.2,0.247
615786,49,49,0,49,0,49,0,49,0,49,0,49,0,49,0,49,0,40,0.225,40,0.225
615792,15.6,15.6,0,15.6,0,15.6,0,15.6,0,15.6,0,15.6,0,15.6,0,,,,,,
615800,24.9,24.9,0,24.9,0,24.9,0,27.9,-0.108,27.9,-0.108,27.9,-0.108,33,-0.245,33,-0.245,24,0.0375,21.5,0.158
615801,36.9,36.9,0,36.9,0,36.9,0,36.9,0,36.9,0,36.9,0,46.9,-0.213,46.9,-0.213,34,0.0853,29,0.272
615904,23.6,23.6,0,23.6,0,23.6,0,34,-0.306,34,-0.306,22.4,0.0536,26,-0.0923,34,-0.306,32.3,-0.269,,
615905,23.6,23.6,0,23.6,0,23.6,0,34,-0.306,34,-0.306,34,-0.306,34,-0.306,34,-0.306,32.3,-0.269,26.9,-0.123
615907,23.6,23.6,0,23.6,0,23.6,0,34,-0.306,34,-0.306,34,-0.306,34,-0.306,34,-0.306,32.3,-0.269,,
615923,72,72,0,72,0,72,0,72,0,72,0,72,0,72,0,72,0,68.9,0.045,55.5,0.297
615929,99,99,0,99,0,99,0,99,0,99,0,85,0.165,99,0,99,0,,,65.9,0.502
615943,15.5,15.5,0,15.5,0,12.9,0.202,12.9,0.202,15.5,0,15.5,0,,,,,13,0.192,11.8,0.314
615980,2.5,2.5,0,2.5,0,2.5,0,2.5,0,2.5,0,2.5,0,2.5,0,3,-0.167,2.5,0,2,0.25
616101,21.4,21.4,0,21.4,0,21.4,0,21.4,0,21.4,0,21.4,0,21.4,0,21.4,0,17.8,0.202,14.1,0.518
616123,,,,,,,,,,,,,,,,,,,,,
616137,,,,,,,,,,,,,,,,,,,,,
616138,,,,,,,,,,,,,,,,,,,,,
616298,7,7,0,7,0,7,0,7,0,7,0,8,-0.125,8,-0.125,8.5,-0.176,7.3,-0.0411,6.8,0.0294
616305,28.6,28.6,0,28.6,0,28.6,0,28.6,0,28.6,0,28.6,0,28.6,0,,,,,18.6,0.538
616346,59,59,0,59,0,59,0,59,0,59,0,59,0,59,0,59,0,40,0.475,40,0.475
616351,36.9,36.9,0,36.9,0,36.9,0,36.9,0,36.9,0,36.9,0,46.9,-0.213,46.9,-0.213,34,0.0853,29,0.272
616370,80,80,0,80,0,80,0,80,0,80,0,80,0,80,0,80,0,69,0.159,65,0.231
616371,80,80,0,80,0,80,0,80,0,80,0,80,0,80,0,80,0,69,0.159,65,0.231
616429,47.9,47.9,0,47.9,0,47.9,0,47.9,0,47.9,0,47.9,0,47.9,0,47.9,0,39.9,0.201,36.5,0.312
616432,47.9,47.9,0,47.9,0,47.9,0,47.9,0,47.9,0,47.9,0,47.9,0,47.9,0,39.9,0.201,,
616433,29.5,36.9,-0.201,36.9,-0.201,36.9,-0.201,36.9,-0.201,36.9,-0.201,29.5,0,46,-0.359,56,-0.473,35,-0.157,35,-0.157
616434,56,56,0,56,0,41.9,0.337,41.9,0.337,56,0,82,-0.317,65,-0.138,52,0.0769,36,0.556,40.1,0.397
616438,32.9,32.9,0,32.9,0,32.9,0,32.9,0,32.9,0,32.9,0,41.5,-0.207,41.5,-0.207,31,0.0613,26,0.265
616440,20.9,20.9,0,20.9,0,20.9,0,25.9,-0.193,25.9,-0.193,25.9,-0.193,30.9,-0.324,30.9,-0.324,23,-0.0913,19,0.1
616451,35,35,0,35,0,35,0,35,0,35,0,35,0,35,0,35,0,31,0.129,28,0.25
616452,29.5,29.5,0,29.5,0,29.5,0,29.5,0,29.5,0,29.5,0,29.5,0,29.5,0,25.5,0.157,23,0.283
616458,,,,,,,,,,,,,,,,,,,,,
616459,96,96,0,96,0,96,0,96,0,96,0,127,-0.246,127,-0.246,127,-0.246,84.5,0.136,84.5,0.136
616490,8.5,8.5,0,8.5,0,8.5,0,8.5,0,8.5,0,8.5,0,8.5,0,8.5,0,7.5,0.133,5,0.7
616511,20.5,20.5,0,20.5,0,20.5,0,20.5,0,20.5,0,20.5,0,20.5,0,20.5,0,,,,
616512,20.5,20.5,0,20.5,0,20.5,0,20.5,0,20.5,0,20.5,0,20.5,0,20.5,0,15.8,0.297,,
616513,20.5,20.5,0,20.5,0,20.5,0,20.5,0,20.5,0,20.5,0,,,,,,,,
616525,20.6,20.6,0,20.6,0,20.6,0,20.6,0,,,,,,,,,,,,
616563,47,47,0,47,0,47,0,47,0,47,0,46.9,0.00213,46.9,0.00213,78,-0.397,36.1,0.302,29.5,0.593
616564,46.9,46.9,0,46.9,0,46.9,0,46.9,0,46.9,0,23.5,0.996,46.9,0,50.9,-0.0786,36.1,0.299,27.4,0.712
616569,16.5,16.5,0,16.5,0,16.5,0,16.5,0,16.5,0,16.5,0,16.5,0,16.5,0,16.5,0,16.5,0
616746,54,54,0,54,0,54,0,54,0,54,0,53.9,0.00186,53.9,0.00186,33,0.636,24.1,1.24,,
616748,31.9,31.9,0,31.9,0,31.9,0,35.9,-0.111,35.9,-0.111,35.9,-0.111,45.5,-0.299,45.5,-0.299,33,-0.0333,28,0.139
616749,31.9,31.9,0,31.9,0,31.9,0,35.9,-0.111,35.9,-0.111,35.9,-0.111,45.5,-0.299,45.5,-0.299,33,-0.0333,28,0.139
616750,,,,,,,,,,,,,,,,,,,,,
616751,36.9,36.9,0,36.9,0,36.9,0,36.9,0,36.9,0,36.9,0,46.9,-0.213,46.9,-0.213,34,0.0853,29,0.272
616752,24.9,24.9,0,24.9,0,24.9,0,27.9,-0.108,27.9,-0.108,27.9,-0.108,33,-0.245,33,-0.245,24,0.0375,21.5,0.158
616753,24.9,24.9,0,24.9,0,24.9,0,27.9,-0.108,27.9,-0.108,27.9,-0.108,33,-0.245,33,-0.245,24,0.0375,21.5,0.158
616805,12.4,12.4,0,12.4,0,12.4,0,12.4,0,12.4,0,12.4,0,12,0.0333,12,0.0333,6.3,0.968,6.3,0.968
616807,13.8,13.8,0,13.8,0,13.8,0,13.8,0,13.8,0,,,,,,,,,,
616808,13.8,13.8,0,13.8,0,13.8,0,13.8,0,13.8,0,,,,,,,,,,
616809,13.8,13.8,0,13.8,0,13.8,0,13.8,0,13.8,0,,,,,,,,,,
616880,16.3,16.3,0,16.3,0,16.3,0,16.3,0,16.3,0,16.3,0,,,,,,,,
616891,,,,,,,,,,,,,,,,,,,,,
616953,,,,,,,,,,,,,,,,,,,,,
616961,,,,,,,,,,,,,,,,,,,,,
616993,41.9,41.9,0,41.9,0,41.9,0,41.9,0,41.9,0,41.9,0,41.9,0,,,,,29.8,0.406
617030,20.9,20.9,0,20.9,0,20.9,0,25.9,-0.193,25.9,-0.193,25.9,-0.193,30.9,-0.324,30.9,-0.324,23,-0.0913,19,0.1
617031,32.9,32.9,0,32.9,0,32.9,0,32.9,0,,,32.9,0,41.5,-0.207,41.5,-0.207,31,0.0613,26,0.265
617036,13.8,13.8,0,13.8,0,13.8,0,13.8,0,13.8,0,13.8,0,13.8,0,13.8,0,13.8,0,13.8,0
617042,65.9,65.9,0,65.9,0,57.9,0.138,57.9,0.138,65.9,0,65.9,0,49.4,0.334,,,57.5,0.146,50,0.318
617043,,,,,,,,,,,,,,,,,,,,,
617044,65.9,65.9,0,65.9,0,65.9,0,65.9,0,65.9,0,65.9,0,,,72.5,-0.091,57.5,0.146,,
617045,,,,,,,,,,,,,,,,,,,,,
617050,35,35,0,35,0,35,0,35,0,35,0,35,0,35,0,35,0,,,,
617051,66,66,0,66,0,66,0,66,0,66,0,66,0,66,0,66,0,53.7,0.229,44.5,0.483
617052,,,,,,,,,,,,,,,,,,,,,
617053,17,17,0,17,0,13.5,0.259,13.5,0.259,17,0,22.9,-0.258,,,,,16.3,0.0429,16.3,0.0429
617059,60,60,0,60,0,60,0,60,0,60,0,60,0,60,0,60,0,50,0.2,46,0.304
617072,45.6,45.6,0,45.6,0,45.6,0,45.6,0,45.6,0,45.6,0,45.6,0,45.6,0,45.6,0,36,0.267
617073,,,,,,,,,,,,,,,,,,,,,
617165,47,47,0,47,0,47,0,47,0,47,0,46.9,0.00213,46.9,0.00213,78,-0.397,36.1,0.302,29.5,0.593
617166,75,75,0,75,0,75,0,75,0,75,0,75,0,56.2,0.335,75,0,75,0,66,0.136
617167,65,65,0,65,0,65,0,65,0,65,0,65,0,48.7,0.335,65,0,60,0.0833,52,0.25
617278,51,51,0,51,0,51,0,51,0,51,0,58,-0.121,58,-0.121,58,-0.121,37.5,0.36,34.5,0.478
617279,51,51,0,51,0,51,0,51,0,51,0,58,-0.121,58,-0.121,58,-0.121,37.5,0.36,34.5,0.478
617280,51,51,0,51,0,51,0,51,0,51,0,58,-0.121,,,58,-0.121,37.5,0.36,34.5,0.478
617317,,,,,,,,,,,,,,,,,,,,,
617375,,,,,,,,,,,,,,,,,,,,,
617390,74.9,74.9,0,74.9,0,74.9,0,74.9,0,,,74.9,0,74.9,0,74.9,0,64.9,0.154,64.9,0.154
617404,,,,,,,,,,,,,,,,,,,,,
617408,,,,,,,,,,,,,,,,,,,,,
617423,62.9,62.9,0,62.9,0,,,,,,,62.9,0,,,,,,,,
617425,62.9,62.9,0,62.9,0,,,,,62.9,0,62.9,0,,,,,,,,
617426,62.9,62.9,0,62.9,0,,,,,,,,,,,,,,,,
617460,,,,,,,,,,,,,,,,,,,,,
617509,224,224,0,224,0,224,0,224,0,224,0,224,0,224,0,224,0,195,0.151,165,0.361
617545,,,,,,,,,,,,,,,,,,,,,
617579,179,179,0,179,0,179,0,179,0,179,0,179,0,179,0,179,0,,,,
617589,,,,,,,,,,,,,,,,,,,,,
617649,36.9,36.9,0,36.9,0,36.9,0,36.9,0,36.9,0,,,,,,,,,,
617654,18.5,18.5,0,18.5,0,18.5,0,18.5,0,18.5,0,18.5,0,18.5,0,18.8,-0.016,18.5,0,18.5,0
617670,14.4,14.4,0,14.4,0,14.4,0,14.4,0,14.4,0,14.4,0,,,14.4,0,11.6,0.241,,
617721,7.5,7.5,0,7.5,0,7.5,0,7.5,0,7.5,0,7.5,0,7.5,0,,,6.5,0.154,,
617735,29.9,29.9,0,29.9,0,29.9,0,29.9,0,29.9,0,26.5,0.128,,,,,,,20.5,0.459
617736,,,,,,,,,,,,,,,,,,,,,
617759,18.5,18.5,0,18.5,0,18.5,0,18.5,0,18.5,0,18.5,0,18.5,0,18.5,0,15.8,0.171,13.5,0.37
617760,39.9,39.9,0,48,-0.169,37.9,0.0528,37.9,0.0528,48,-0.169,39.9,0,48,-0.169,48,-0.169,38.9,0.0257,,
617761,39.9,39.9,0,48,-0.169,37.9,0.0528,37.9,0.0528,48,-0.169,39.9,0,48,-0.169,48,-0.169,38.9,0.0257,44.5,-0.103
617762,39.9,39.9,0,48,-0.169,37.9,0.0528,37.9,0.0528,48,-0.169,39.9,0,48,-0.169,48,-0.169,38.9,0.0257,44.5,-0.103
617763,20.5,20.5,0,20.5,0,20.5,0,20.5,0,20.5,0,17,0.206,20.5,0,20.5,0,19.3,0.0622,18,0.139
617824,,,,,,,,,,,,,,,,,,,,,
617828,53.5,53.5,0,53.5,0,53.5,0,53.5,0,53.5,0,,,53.5,0,53.5,0,53.5,0,49,0.0918
617829,31,31,0,31,0,31,0,31,0,31,0,31,0,,,,,31,0,,
617831,64,64,0,64,0,64,0,64,0,64,0,64,0,64,0,64,0,64,0,,
617833,38.5,38.5,0,38.5,0,38.5,0,38.5,0,38.5,0,38.5,0,38.5,0,38.5,0,38.5,0,35,0.1
617835,,,,,,,,,,,,,,,,,,,,,
617840,,,,,,,,,,,,,,,,,,,,,
617866,,,,,,,,,,,,,,,,,,,,,
617870,,,,,,,,,,,,,,,,,,,,,
617873,4.5,4.5,0,4.5,0,4.5,0,4.5,0,4.5,0,4.5,0,4.5,0,4.5,0,3.8,0.184,3,0.5
617881,4.5,4.5,0,4.5,0,4.5,0,4.5,0,4.5,0,4.5,0,4.5,0,4.5,0,3.8,0.184,3,0.5
617887,12.5,12.5,0,12.5,0,12.5,0,12.5,0,12.5,0,12.5,0,12.5,0,12.5,0,8.8,0.42,,
617928,35,35,0,35,0,35,0,35,0,35,0,28.9,0.211,28.9,0.211,35,0,33,0.0606,30.5,0.148
617994,48.5,48.5,0,48.5,0,48.5,0,48.5,0,48.5,0,43.9,0.105,43.9,0.105,43.5,0.115,43.5,0.115,43.5,0.115
617995,41.9,41.9,0,48.5,-0.136,48.5,-0.136,48.5,-0.136,48.5,-0.136,48.5,-0.136,48.5,-0.136,48.5,-0.136,45,-0.0689,45,-0.0689
617996,23.9,23.9,0,27.5,-0.131,27.5,-0.131,27.5,-0.131,27.5,-0.131,27.5,-0.131,27.5,-0.131,27.5,-0.131,25,-0.044,25,-0.044
618039,99,99,0,99,0,99,0,99,0,99,0,99,0,99,0,99,0,56,0.768,50,0.98
618046,,,,,,,,,,,,,,,,,,,,,
618047,92,92,0,92,0,92,0,92,0,92,0,92,0,92,0,92,0,54,0.704,45,1.04
618060,,,,,,,,,,,,,,,,,,,,,
618068,,,,,,,,,,,,,,,,,,,,,
618073,,,,,,,,,,,,,,,,,,,,,
618258,36.9,,,,,,,,,36.9,0,,,36.9,0,,,,,,
618314,,,,,,,,,,,,,,,,,,,,,
618320,219,219,0,219,0,219,0,219,0,219,0,219,0,219,0,173,0.266,138,0.593,111,0.973
618325,,,,,,,,,,,,,,,,,,,,,
618326,315,315,0,315,0,315,0,315,0,315,0,315,0,315,0,315,0,275,0.145,275,0.145
618354,21.5,21.5,0,21.5,0,21.5,0,21.5,0,21.5,0,21.5,0,21.5,0,21.5,0,19.9,0.0804,19.9,0.0804
618360,6.5,,,,,6.5,0,6.5,0,6.5,0,6.5,0,6.5,0,6,0.0833,5.8,0.121,5.8,0.121
618361,4.5,4.5,0,4.5,0,4.5,0,4.5,0,4.5,0,,,4.5,0,4.5,0,4.5,0,4.5,0
618397,,,,,,,,,,,,,,,,,,,,,
618398,,,,,,,,,,,,,,,,,,,,,
618399,11.5,11.5,0,11.5,0,11.5,0,11.5,0,11.5,0,11.5,0,11.5,0,10,0.15,9,0.278,9,0.278
618400,11.5,11.5,0,11.5,0,11.5,0,11.5,0,11.5,0,11.5,0,11.5,0,10,0.15,9,0.278,9,0.278
618401,11.5,11.5,0,11.5,0,11.5,0,11.5,0,11.5,0,11.5,0,,,,,9,0.278,9,0.278
618402,22.5,22.5,0,22.5,0,22.5,0,22.5,0,22.5,0,22.5,0,,,,,18,0.25,18,0.25
618404,11.5,11.5,0,11.5,0,11.5,0,11.5,0,11.5,0,11.5,0,11.5,0,10,0.15,9,0.278,9,0.278
618405,22.5,22.5,0,22.5,0,22.5,0,22.5,0,22.5,0,22.5,0,22.5,0,20,0.125,18,0.25,18,0.25
618507,27.5,27.5,0,33.5,-0.179,33.5,-0.179,33.5,-0.179,33.5,-0.179,27.5,0,27.9,-0.0143,33.5,-0.179,31,-0.113,25.9,0.0618
618508,29.5,29.5,0,36,-0.181,36,-0.181,36,-0.181,36,-0.181,29.5,0,29.9,-0.0134,36,-0.181,33,-0.106,28.5,0.0351
618527,18.5,18.5,0,18.5,0,18.5,0,18.5,0,18.5,0,,,18.5,0,20.4,-0.0931,18.8,-0.016,15.8,0.171
618586,18,18,0,18,0,18,0,18,0,18,0,18,0,18,0,18,0,14.3,0.259,14.3,0.259
618587,18,18,0,18,0,18,0,18,0,18,0,18,0,18,0,18,0,14.3,0.259,14.3,0.259
618645,,,,,,,,,,,,,,,,,,,,,
618708,,,,,,,,,,,,,,,,,,,,,
618725,29.5,29.5,0,29.5,0,29.5,0,29.5,0,29.5,0,29.5,0,29.5,0,29.5,0,29.5,0,29.5,0
618726,32.5,32.5,0,32.5,0,32.5,0,32.5,0,32.5,0,32.5,0,32.5,0,32.5,0,32.5,0,29.5,0.102
618727,29.5,29.5,0,29.5,0,29.5,0,29.5,0,29.5,0,29.5,0,29.5,0,29.5,0,29.5,0,29.5,0
618749,290,290,0,290,0,290,0,290,0,290,0,290,0,290,0,290,0,195,0.487,205,0.415
618750,20,20,0,20,0,20,0,20,0,20,0,20,0,20,0,20,0,18,0.111,18,0.111
618767,5.9,5.9,0,7.5,-0.213,6.4,-0.0781,6.4,-0.0781,7.5,-0.213,7.5,-0.213,7.5,-0.213,7.5,-0.213,6.5,-0.0923,5.6,0.0536
618787,14,14,0,14,0,14,0,14,0,14,0,13,0.0769,15,-0.0667,14,0,12,0.167,12,0.167
618791,,,,,,,,,,,,,,,,,,,,,
618792,158,158,0,158,0,158,0,158,0,158,0,158,0,158,0,158,0,130,0.215,116,0.362
618793,,,,,,,,,,,,,,,,,,,,,
618794,,,,,,,,,,,,,,,,,,,,,
618795,14,14,0,14,0,14,0,14,0,14,0,13,0.0769,15,-0.0667,,,12,0.167,,
618796,13,13,0,13,0,13,0,13,0,13,0,,,,,,,11,0.182,,
618797,,,,,,,,,,,,,,,,,,,,,
618798,15.5,15.5,0,15.5,0,15.5,0,15.5,0,15.5,0,15.5,0,15.5,0,15.5,0,11.8,0.314,11.8,0.314
618799,16,16,0,16,0,16,0,16,0,16,0,16,0,16,0,16,0,14.5,0.103,14.5,0.103
618818,,,,,,,,,,,,,,,,,,,,,
618830,,,,,,,,,,,,,,,,,,,,,
618831,,,,,,,,,,,,,,,,,,,,,
618833,,,,,,,,,,,,,,,,,,,,,
618837,149,149,0,149,0,149,0,149,0,149,0,149,0,149,0,149,0,99,0.505,99,0.505
618838,149,149,0,149,0,149,0,149,0,149,0,149,0,149,0,149,0,99,0.505,99,0.505
618854,17.5,17.5,0,17.5,0,17.5,0,17.5,0,17.5,0,17.5,0,17.5,0,17.5,0,16.5,0.0606,16.5,0.0606
618855,17.5,17.5,0,17.5,0,17.5,0,17.5,0,17.5,0,17.5,0,17.5,0,17.5,0,16.5,0.0606,16.5,0.0606
618857,6.9,6.9,0,6.9,0,6.9,0,6.9,0,6.9,0,6.9,0,6.9,0,6.2,0.113,,,5.5,0.255
618858,6.9,6.9,0,6.9,0,6.9,0,6.9,0,6.9,0,6.9,0,,,6.2,0.113,5.5,0.255,,
618862,14.9,14.9,0,16.9,-0.118,16.9,-0.118,16.9,-0.118,16.9,-0.118,16.9,-0.118,16.9,-0.118,16.9,-0.118,16.9,-0.118,15.5,-0.0387
618863,15.5,15.5,0,15.5,0,13.9,0.115,13.9,0.115,15.5,0,15.5,0,15.5,0,15.5,0,13.5,0.148,13.5,0.148
618931,,,,,,,,,,,,,,,,,,,,,
618933,517,517,0,517,0,517,0,517,0,517,0,517,0,517,0,517,0,379,0.364,295,0.753
618950,,,,,,,,,,,,,,,,,,,,,
618998,49,49,0,49,0,49,0,49,0,44.9,0.0913,52,-0.0577,52,-0.0577,52,-0.0577,42.5,0.153,37.5,0.307
618999,,,,,,,,,,,,,,,,,,,,,
619004,15,15,0,15,0,15,0,15,0,15,0,15,0,15,0,14,0.0714,13,0.154,,
619018,165,165,0,190,-0.132,190,-0.132,190,-0.132,190,-0.132,190,-0.132,190,-0.132,160,0.0319,138,0.2,138,0.2
619029,17.5,17.5,0,21.5,-0.186,17.9,-0.0223,17.9,-0.0223,21.5,-0.186,17.9,-0.0223,21.5,-0.186,21.5,-0.186,16.9,0.0355,17,0.0294
619051,305,305,0,305,0,305,0,305,0,305,0,305,0,305,0,305,0,188,0.622,188,0.622
619061,12.5,12.5,0,25.5,-0.51,25.5,-0.51,25.5,-0.51,25.5,-0.51,25.5,-0.51,25.5,-0.51,25.5,-0.51,,,16.5,-0.242
619066,43,43,0,43,0,43,0,43,0,43,0,43,0,43,0,43,0,32.4,0.327,32.4,0.327
619089,,,,,,,,,,,,,,,,,,,,,
619090,,,,,,,,,,,,,,,,,,,,,
619091,,,,,,,,,,,,,,,,,,,,,
619092,,,,,,,,,,,,,,,,,,,,,
619108,,,,,,,,,,,,,,,,,,,,,
619114,,,,,,,,,,,,,,,,,,,,,
619115,,,,,,,,,,,,,,,,,,,,,
619117,,,,,,,,,,,,,,,,,,,,,
619118,,,,,,,,,,,,,,,,,,,,,
619121,18,18,0,18,0,18,0,18,0,18,0,18,0,18,0,18,0,13.5,0.333,13.5,0.333
619126,15,15,0,15,0,15,0,15,0,15,0,15,0,15,0,15,0,15,0,15,0
619129,27.5,27.5,0,27.5,0,27.5,0,27.5,0,27.5,0,27.5,0,27.5,0,,,27,0.0185,26,0.0577
619130,25,25,0,25,0,25,0,25,0,25,0,25,0,27.5,-0.0909,,,,,26,-0.0385
619131,42,42,0,42,0,42,0,42,0,35.5,0.183,35,0.2,28.9,0.453,35,0.2,33.5,0.254,33.5,0.254
619133,,,,,,,,,,,,,,,,,,,,,
619153,29.5,29.5,0,29.5,0,29.5,0,29.5,0,,,,,,,,,,,,
619156,29.5,29.5,0,29.5,0,29.5,0,29.5,0,29.5,0,23.8,0.239,23.8,0.239,22.5,0.311,22.5,0.311,22.5,0.311
619157,29.5,29.5,0,29.5,0,29.5,0,29.5,0,29.5,0,23.8,0.239,23.8,0.239,22.5,0.311,22.5,0.311,22.5,0.311
619185,,,,,,,,,,,,,,,,,,,,,
619245,,,,,,,,,,,,,,,,,,,,,
619265,16.5,16.5,0,16.5,0,16.5,0,16.5,0,16.5,0,16.5,0,16.5,0,16.5,0,11.1,0.486,9.5,0.737
619267,22.5,22.5,0,22.5,0,22.5,0,22.5,0,22.5,0,18.5,0.216,18.5,0.216,,,17.4,0.293,17.5,0.286
619269,25.8,25.8,0,25.8,0,25.8,0,25.8,0,25.8,0,21,0.229,21,0.229,,,,,,
619274,68.5,68.5,0,68.5,0,68.5,0,68.5,0,,,,,,,68.5,0,68.5,0,68.5,0
619275,45,45,0,45,0,45,0,45,0,,,,,,,45,0,45,0,45,0
619276,32.5,32.5,0,32.5,0,32.5,0,32.5,0,,,,,,,,,32.5,0,32.5,0
619285,19,19,0,19,0,19,0,19,0,19,0,19,0,,,19,0,17.5,0.0857,,
619287,10.5,10.5,0,10.5,0,10.5,0,10.5,0,10.5,0,10.5,0,,,,,,,,
619298,120,120,0,159,-0.246,159,-0.246,159,-0.246,159,-0.246,159,-0.246,180,-0.334,180,-0.334,,,125,-0.0408
619330,69,69,0,69,0,69,0,149,-0.537,149,-0.537,149,-0.537,135,-0.489,135,-0.489,,,,
619333,,,,,,,,,,,,,,,,,,,,,
619336,,,,,,,,,,,,,,,,,,,,,
619357,32,32,0,32,0,32,0,32,0,32,0,32,0,32,0,32,0,32,0,30.5,0.0492
619359,42.6,42.6,0,,,,,,,42.6,0,38,0.121,38,0.121,38,0.121,35.9,0.187,35.9,0.187
619364,,,,,,,,,,,,,,,,,,,,,
619368,18,18,0,18,0,18,0,18,0,18,0,18,0,18,0,18,0,15.5,0.161,14,0.286
619369,18,18,0,18,0,18,0,18,0,18,0,18,0,18,0,18,0,15.5,0.161,14,0.286
619370,18,18,0,18,0,18,0,18,0,18,0,18,0,18,0,19.5,-0.0769,15.5,0.161,14,0.286
619382,55,55,0,55,0,55,0,52.5,0.0476,52.5,0.0476,52.5,0.0476,52.5,0.0476,57,-0.0351,44,0.25,44,0.25
619383,97,97,0,97,0,97,0,97,0,97,0,97,0,88,0.102,88,0.102,73,0.329,73,0.329
619396,15,15,0,15,0,15,0,15,0,,,15,0,15,0,15,0,12,0.25,,
619400,22.5,22.5,0,22.5,0,22.5,0,22.5,0,22.5,0,22.5,0,22.5,0,20,0.125,18,0.25,18,0.25
619402,355,355,0,355,0,355,0,355,0,355,0,355,0,355,0,,,310,0.145,269,0.32
619403,,,,,,,,,,,,,,,,,,,,,
619414,10.5,10.5,0,10.5,0,10.5,0,10.5,0,10.5,0,10.5,0,10.5,0,10.5,0,9.4,0.117,10.5,0
619416,5.2,5.2,0,5.2,0,5.2,0,5.2,0,5.2,0,5.2,0,,,5.2,0,5,0.04,5,0.04
619417,15.5,15.5,0,15.5,0,15.5,0,15.5,0,15.5,0,15.5,0,15.5,0,15.5,0,15,0.0333,13,0.192
619418,14.5,14.5,0,14.5,0,14.5,0,14.5,0,14.5,0,14.5,0,,,14.5,0,12.9,0.124,12,0.208
619423,135,135,0,135,0,135,0,135,0,135,0,135,0,135,0,135,0,135,0,135,0
619424,305,305,0,305,0,305,0,305,0,305,0,305,0,305,0,305,0,188,0.622,188,0.622
619425,305,305,0,305,0,305,0,305,0,305,0,305,0,305,0,305,0,188,0.622,188,0.622
619446,,,,,,,,,,,,,,,,,,,,,
619465,18,18,0,18,0,18,0,18,0,18,0,18,0,18,0,18,0,16,0.125,16,0.125
619466,,,,,,,,,,,,,,,,,,,,,
619467,,,,,,,,,,,,,,,,,,,,,
619468,,,,,,,,,,,,,,,,,,,,,
619469,,,,,,,,,,,,,,,,,,,,,
619477,,,,,,,,,,,,,,,,,,,,,
619490,199,199,0,199,0,199,0,199,0,199,0,199,0,184,0.0815,184,0.0815,142,0.396,142,0.396
619510,,,,,,,,,,,,,,,,,,,,,
619523,,,,,,,,,,,,,,,,,,,,,
619525,,,,,,,,,,,,,,,,,,,,,
619526,,,,,,,,,,,,,,,,,,,,,
619558,,,,,,,,,,,,,,,,,,,,,
619559,,,,,,,,,,,,,,,,,,,,,
619560,,,,,,,,,,,,,,,,,,,,,
619569,,,,,,,,,,,,,,,,,,,,,
619636,,,,,,,,,,,,,,,,,,,,,
619667,44.5,44.5,0,44.5,0,44.5,0,44.5,0,44.5,0,44.5,0,44.5,0,44.5,0,38,0.171,31.5,0.413
619701,,,,,,,,,,,,,,,,,,,,,
619709,,,,,,,,,,,,,,,,,,,,,
619717,54.9,54.9,0,54.9,0,54.9,0,54.9,0,54.9,0,54.9,0,65.9,-0.167,65.9,-0.167,65.9,-0.167,65.9,-0.167
619861,,,,,,,,,,,,,,,,,,,,,
619903,,,,,,,,,,,,,,,,,,,,,
619969,89,89,0,89,0,89,0,89,0,89,0,179,-0.503,99,-0.101,208,-0.572,39.9,1.23,140,-0.364
619995,,,,,,,,,,,,,,,,,,,,,
620004,,,,,,,,,,,,,,,,,,,,,
620011,12.5,12.5,0,12.5,0,12.5,0,12.5,0,12.5,0,12.5,0,12.5,0,12.5,0,7.5,0.667,,
620012,,,,,,,,,,,,,,,,,,,,,
620610,,,,,,,,,,,,,,,,,,,,,
621425,,,,,,,,,,,,,,,,,,,,,
621761,,,,,,,,,,,,,,,,,,,,,
622091,4.5,4.5,0,4.5,0,4.5,0,4.5,0,4.5,0,4.5,0,4.5,0,4.5,0,3,0.5,3,0.5
622237,5,5,0,5,0,5,0,5,0,5,0,5,0,5,0,5,0,4.5,0.111,3.5,0.429
623035,5.5,5.5,0,5.5,0,5.5,0,5.5,0,5.5,0,5.5,0,5.5,0,5.5,0,5.5,0,5.9,-0.0678
624039,,,,,,,,,,,,,,,,,,,,,
624055,,,,,,,,,,,,,,,,,,,,,
624253,75,75,0,75,0,75,0,75,0,75,0,75,0,75,0,,,,,,
624257,126,126,0,126,0,126,0,126,0,126,0,135,-0.0667,130,-0.03,130,-0.03,150,-0.159,99.9,0.261
624411,8,8,0,,,,,8,0,8,0,8,0,8,0,8,0,8,0,,
624454,13.8,13.8,0,13.8,0,13.8,0,13.8,0,13.8,0,13.8,0,13.8,0,13.8,0,11.9,0.16,11.9,0.16
624462,,,,,,,,,,,,,,,,,,,,,
624470,22,22,0,22,0,22,0,22,0,27.5,-0.2,27.5,-0.2,27.5,-0.2,27.5,-0.2,23.5,-0.0638,21,0.0476
624500,29.5,29.5,0,29.5,0,29.5,0,29.5,0,29.5,0,29.5,0,29.5,0,29.5,0,25,0.18,25,0.18
624519,28.5,28.5,0,28.5,0,28.5,0,28.5,0,28.5,0,28.5,0,28.5,0,28.5,0,28.5,0,28.5,0
624570,11,11,0,11,0,11,0,10,0.1,10,0.1,10,0.1,10,0.1,10,0.1,,,9.3,0.183
624571,11,11,0,11,0,11,0,10,0.1,10,0.1,10,0.1,,,,,9.3,0.183,9.3,0.183
624573,11,11,0,11,0,11,0,10,0.1,10,0.1,,,10,0.1,,,,,9.3,0.183
624574,11,11,0,11,0,11,0,10,0.1,10,0.1,10,0.1,10,0.1,,,9.3,0.183,9.3,0.183
624576,11,11,0,11,0,11,0,10,0.1,10,0.1,10,0.1,10,0.1,10,0.1,9.3,0.183,9.3,0.183
624589,11,11,0,11,0,11,0,10,0.1,10,0.1,10,0.1,10,0.1,10,0.1,9.3,0.183,9.3,0.183
624602,4.5,4.5,0,4.5,0,4.5,0,4,0.125,4,0.125,,,,,4,0.125,3.9,0.154,,
624610,4.5,4.5,0,,,,,4.5,0,4.5,0,4.5,0,4.5,0,,,4.5,0,4.5,0
624611,,,,,,,,,,,,,,,,,,,,,
624612,6.5,6.5,0,6.5,0,6.5,0,6,0.0833,6,0.0833,6,0.0833,6,0.0833,5.7,0.14,5.7,0.14,5.7,0.14
625050,21.5,21.5,0,21.5,0,21.5,0,21.5,0,21.5,0,21.5,0,21.5,0,21.5,0,21.5,0,21.5,0
625052,19.5,19.5,0,19.5,0,19.5,0,19.5,0,19.5,0,19.5,0,19.5,0,16.8,0.161,16.8,0.161,16.8,0.161
625053,31,31,0,31,0,31,0,31,0,31,0,31,0,31,0,26.8,0.157,26.8,0.157,,
625230,62.5,,,,,,,62.5,0,62.5,0,62.5,0,62.5,0,62.5,0,62.5,0,62.5,0
625485,14.5,14.5,0,14.5,0,14.5,0,14.5,0,14.5,0,14.5,0,14.5,0,14.5,0,14,0.0357,13,0.115
625570,,,,,,,,,,,,,,,,,,,,,
625577,,,,,,,,,,,,,,,,,,,,,
625601,31.5,31.5,0,31.5,0,25,0.26,25,0.26,31.5,0,31.5,0,25,0.26,31.5,0,24.4,0.291,21.4,0.472
626286,,,,,,,,,,,,,,,,,,,,,
626895,18,18,0,18,0,18,0,18,0,18,0,18,0,18,0,18,0,18,0,17,0.0588
626900,18.5,18.5,0,18.5,0,18.5,0,18.5,0,18.5,0,18.5,0,18.5,0,18.5,0,18.5,0,16,0.156
627259,,,,,,,,,,,,,,,,,,,,,
627607,15,15,0,15,0,15,0,15,0,,,15,0,15,0,15,0,13.5,0.111,13.5,0.111
627704,12.5,12.5,0,12.5,0,12.5,0,12.5,0,12.5,0,,,12.5,0,12.5,0,10.5,0.19,10,0.25
628001,,,,,,,,,,,,,,,,,,,,,
628967,379,379,0,379,0,379,0,,,,,,,,,,,,,,
629153,,,,,,,,,,,,,,,,,,,,,
629235,,,,,,,,,,,,,,,,,,,,,
629236,,,,,,,,,,,,,,,,,,,,,
629245,,,,,,,,,,,,,,,,,,,,,
629246,13.9,13.9,0,13.9,0,13.9,0,13.9,0,13.9,0,11.9,0.168,18.9,-0.265,18.9,-0.265,18.9,-0.265,,
629247,,,,,,,,,,,,,,,,,,,,,
629248,,,,,,,,,,,,,,,,,,,,,
629250,,,,,,,,,,,,,,,,,,,,,
629251,,,,,,,,,,,,,,,,,,,,,
629254,,,,,,,,,,,,,,,,,,,,,
629271,,,,,,,,,,,,,,,,,,,,,
629275,28.9,28.9,0,28.9,0,28.9,0,28.9,0,28.9,0,,,,,,,,,,
629276,,,,,,,,,,,,,,,,,,,,,
629277,,,,,,,,,,,,,,,,,,,,,
629280,,,,,,,,,,,,,,,,,,,,,
629293,,,,,,,,,,,,,,,,,,,,,
629294,,,,,,,,,,,,,,,,,,,,,
629295,,,,,,,,,,,,,,,,,,,,,
629296,,,,,,,,,,,,,,,,,,,,,
629297,,,,,,,,,,,,,,,,,,,,,
629298,46.9,46.9,0,46.9,0,46.9,0,46.9,0,46.9,0,,,,,,,37.5,0.251,37.5,0.251
629303,,,,,,,,,,,,,,,,,,,,,
629307,,,,,,,,,,,,,,,,,,,,,
629309,,,,,,,,,,,,,,,,,,,,,
629311,,,,,,,,,,,,,,,,,,,,,
629315,,,,,,,,,,,,,,,,,,,,,
629316,,,,,,,,,,,,,,,,,,,,,
629318,,,,,,,,,,,,,,,,,,,,,
629350,45,45,0,45,0,45,0,45,0,45,0,45,0,45,0,52,-0.135,42,0.0714,34,0.324
629353,,,,,,,,,,,,,,,,,,,,,
629362,,,,,,,,,,,,,,,,,,,,,
629365,19.9,19.9,0,19.9,0,19.9,0,19.9,0,35.9,-0.446,35.9,-0.446,39.9,-0.501,39.9,-0.501,39.9,-0.501,39.9,-0.501
629367,,,,,,,,,,,,,,,,,,,,,
629369,,,,,,,,,,,,,,,,,,,,,
629373,449,449,0,449,0,449,0,449,0,449,0,449,0,399,0.125,399,0.125,189,1.38,300,0.497
629375,,,,,,,,,,,,,,,,,,,,,
629388,,,,,,,,,,,,,,,,,,,,,
629389,,,,,,,,,,,,,,,,,,,,,
629399,28.9,28.9,0,28.9,0,28.9,0,28.9,0,28.9,0,,,,,,,,,22,0.314
629404,47.9,47.9,0,47.9,0,47.9,0,47.9,0,47.9,0,47.9,0,47.9,0,47.9,0,,,32.9,0.456
629427,49,49,0,49,0,49,0,49,0,49,0,49,0,130,-0.623,,,129,-0.62,,
629428,,,,,,,,,,,,,,,,,,,,,
629438,,,,,,,,,,,,,,,,,,,,,
629439,,,,,,,,,,,,,,,,,,,,,
629440,,,,,,,,,,,,,,,,,,,,,
629495,130,130,0,130,0,130,0,130,0,130,0,130,0,130,0,130,0,89.9,0.44,89.9,0.44
629556,,,,,,,,,,,,,,,,,,,,,
629565,,,,,,,,,,,,,,,,,,,,,
629566,,,,,,,,,,,,,,,,,,,,,
629568,,,,,,,,,,,,,,,,,,,,,
629569,,,,,,,,,,,,,,,,,,,,,
629570,,,,,,,,,,,,,,,,,,,,,
629573,,,,,,,,,,,,,,,,,,,,,
629574,,,,,,,,,,,,,,,,,,,,,
629576,,,,,,,,,,,,,,,,,,,,,
629586,,,,,,,,,,,,,,,,,,,,,
629588,,,,,,,,,,,,,,,,,,,,,
629589,,,,,,,,,,,,,,,,,,,,,
629590,,,,,,,,,,,,,,,,,,,,,
629594,39,39,0,39,0,39,0,83.9,-0.535,83.9,-0.535,83.9,-0.535,83.9,-0.535,,,,,,
629595,,,,,,,,,,,,,,,,,,,,,
629661,,,,,,,,,,,,,,,,,,,,,
629665,,,,,,,,,,,,,,,,,,,,,
629668,83,83,0,83,0,83,0,83,0,83,0,83,0,83,0,,,,,,
629683,,,,,,,,,,,,,,,,,,,,,
629684,,,,,,,,,,,,,,,,,,,,,
629685,,,,,,,,,,,,,,,,,,,,,
629686,,,,,,,,,,,,,,,,,,,,,
629708,219,219,0,219,0,219,0,219,0,219,0,250,-0.124,250,-0.124,250,-0.124,250,-0.124,,
629719,,,,,,,,,,,,,,,,,,,,,
629720,,,,,,,,,,,,,,,,,,,,,
629722,,,,,,,,,,,,,,,,,,,,,
629723,,,,,,,,,,,,,,,,,,,,,
629724,12.5,12.5,0,12.5,0,12.5,0,12.5,0,12.5,0,,,,,,,8.9,0.404,9.9,0.263
629725,35.9,35.9,0,35.9,0,35.9,0,35.9,0,35.9,0,35.9,0,35.9,0,35.9,0,24,0.496,24,0.496
629726,,,,,,,,,,,,,,,,,,,,,
629727,,,,,,,,,,,,,,,,,,,,,
629728,,,,,,,,,,,,,,,,,,,,,
629729,,,,,,,,,,,,,,,,,,,,,
629730,,,,,,,,,,,,,,,,,,,,,
629732,,,,,,,,,,,,,,,,,,,,,
629733,,,,,,,,,,,,,,,,,,,,,
629734,,,,,,,,,,,,,,,,,,,,,
629741,33.9,33.9,0,33.9,0,33.9,0,33.9,0,33.9,0,33.9,0,33.9,0,33.9,0,33.9,0,33.9,0
629742,,,,,,,,,,,,,,,,,,,,,
629743,,,,,,,,,,,,,,,,,,,,,
629744,,,,,,,,,,,,,,,,,,,,,
629745,7.5,7.5,0,7.5,0,7.5,0,7.5,0,7.5,0,,,,,9.9,-0.242,8.5,-0.118,,
629746,,,,,,,,,,,,,,,,,,,,,
629747,79.9,79.9,0,79.9,0,79.9,0,79.9,0,79.9,0,79.9,0,79.9,0,79.9,0,79.9,0,,
629748,,,,,,,,,,,,,,,,,,,,,
629749,9.9,9.9,0,9.9,0,9.9,0,9.9,0,9.9,0,9.9,0,9.9,0,19.9,-0.503,27.9,-0.645,27.9,-0.645
629750,27.9,27.9,0,27.9,0,27.9,0,27.9,0,27.9,0,27.9,0,27.9,0,27.9,0,27.9,0,27.9,0
629751,9.9,9.9,0,9.9,0,9.9,0,9.9,0,9.9,0,9.9,0,9.9,0,19.9,-0.503,27.9,-0.645,27.9,-0.645
629752,,,,,,,,,,,,,,,,,,,,,
629753,,,,,,,,,,,,,,,,,,,,,
629754,70.5,70.5,0,70.5,0,70.5,0,70.5,0,70.5,0,,,70.5,0,70.5,0,49.9,0.413,49.9,0.413
629759,,,,,,,,,,,,,,,,,,,,,
629763,65,65,0,65,0,65,0,65,0,65,0,65,0,65,0,69.5,-0.0647,59,0.102,,
629764,19.5,19.5,0,19.5,0,19.5,0,19.5,0,19.5,0,19.5,0,19.5,0,22,-0.114,19,0.0263,15,0.3
629765,,,,,,,,,,,,,,,,,,,,,
629766,49,49,0,49,0,49,0,49,0,49,0,49,0,49,0,55,-0.109,33,0.485,33,0.485
629767,49,49,0,49,0,49,0,49,0,49,0,49,0,49,0,55,-0.109,33,0.485,33,0.485
629768,29,29,0,29,0,29,0,29,0,29,0,29,0,29,0,33,-0.121,20.5,0.415,,
629769,29,29,0,29,0,29,0,29,0,29,0,29,0,29,0,33,-0.121,20.5,0.415,,
629770,29,29,0,29,0,29,0,29,0,29,0,29,0,29,0,33,-0.121,20.5,0.415,21.5,0.349
629771,29,29,0,29,0,29,0,29,0,29,0,29,0,29,0,33,-0.121,20.5,0.415,,
629772,33,33,0,33,0,33,0,33,0,33,0,33,0,33,0,36.5,-0.0959,24.5,0.347,29.5,0.119
629773,33,33,0,33,0,33,0,33,0,33,0,33,0,33,0,36.5,-0.0959,24.5,0.347,29.5,0.119
629774,16.9,16.9,0,16.9,0,16.9,0,16.9,0,16.9,0,16.9,0,16.9,0,18.5,-0.0865,11.5,0.47,,
629775,16.9,16.9,0,16.9,0,16.9,0,16.9,0,16.9,0,16.9,0,16.9,0,18.5,-0.0865,11.5,0.47,12.5,0.352
629776,,,,,,,,,,,,,,,,,,,,,
629777,29,29,0,29,0,29,0,29,0,29,0,,,,,,,,,,
629782,,,,,,,,,,,,,,,,,,,,,
629783,,,,,,,,,,,,,,,,,,,,,
629784,,,,,,,,,,,,,,,,,,,,,
629785,,,,,,,,,,,,,,,,,,,,,
629786,24,24,0,24,0,24,0,24,0,48.5,-0.505,48.5,-0.505,48.5,-0.505,48.5,-0.505,,,,
629787,24,24,0,24,0,24,0,24,0,48.5,-0.505,,,48.5,-0.505,48.5,-0.505,,,,
629788,24,24,0,24,0,24,0,24,0,48.5,-0.505,48.5,-0.505,48.5,-0.505,48.5,-0.505,,,,
629789,,,,,,,,,,,,,,,,,,,,,
629790,155,,,,,,,,,155,0,155,0,,,,,,,,
629791,,,,,,,,,,,,,,,,,,,,,
629794,69,69,0,69,0,69,0,69,0,69,0,160,-0.568,160,-0.568,160,-0.568,,,,
629805,69.9,69.9,0,69.9,0,69.9,0,69.9,0,69.9,0,93.9,-0.256,93.9,-0.256,,,,,,
629809,,,,,,,,,,,,,,,,,,,,,
629810,,,,,,,,,,,,,,,,,,,,,
629811,,,,,,,,,,,,,,,,,,,,,
629812,,,,,,,,,,,,,,,,,,,,,
629813,,,,,,,,,,,,,,,,,,,,,
629814,,,,,,,,,,,,,,,,,,,,,
629816,44.9,44.9,0,44.9,0,44.9,0,44.9,0,44.9,0,,,,,,,,,,
629817,44.9,44.9,0,44.9,0,44.9,0,44.9,0,44.9,0,,,,,,,,,,
629819,44.9,44.9,0,44.9,0,44.9,0,44.9,0,44.9,0,54.9,-0.182,54.9,-0.182,,,,,,
629820,,,,,,,,,,,,,,,,,,,,,
629821,,,,,,,,,,,,,,,,,,,,,
629822,5.9,5.9,0,5.9,0,5.9,0,22.9,-0.742,22.9,-0.742,22.9,-0.742,22.9,-0.742,,,,,,
629823,74.9,74.9,0,74.9,0,74.9,0,74.9,0,,,,,,,,,,,,
629824,69.9,69.9,0,69.9,0,69.9,0,69.9,0,69.9,0,,,84.9,-0.177,,,,,,
629826,79.9,79.9,0,79.9,0,79.9,0,79.9,0,,,,,,,,,,,,
629827,79.9,79.9,0,79.9,0,79.9,0,79.9,0,,,79.9,0,79.9,0,,,,,,
629831,74.9,74.9,0,74.9,0,74.9,0,74.9,0,74.9,0,74.9,0,79.9,-0.0626,,,,,,
629832,23.5,23.5,0,23.5,0,23.5,0,23.5,0,23.5,0,23.5,0,,,,,,,,
629833,,,,,,,,,,,,,,,,,,,,,
629834,,,,,,,,,,,,,,,,,,,,,
629835,,,,,,,,,,,,,,,,,,,,,
629836,,,,,,,,,,,,,,,,,,,,,
629837,,,,,,,,,,,,,,,,,,,,,
629838,82.5,82.5,0,82.5,0,82.5,0,82.5,0,82.5,0,82.5,0,,,,,,,,
629839,43.5,43.5,0,43.5,0,43.5,0,43.5,0,,,43.5,0,,,,,,,,
629840,43.5,43.5,0,43.5,0,43.5,0,43.5,0,43.5,0,43.5,0,,,,,,,,
629841,43.5,43.5,0,43.5,0,43.5,0,43.5,0,43.5,0,,,,,,,,,,
629842,27.9,27.9,0,27.9,0,27.9,0,27.9,0,27.9,0,,,,,,,,,,
630010,87.1,87.1,0,87.1,0,87.1,0,87.1,0,87.1,0,87.1,0,87.1,0,87.1,0,76,0.146,64,0.361
630011,19.9,19.9,0,19.9,0,19.9,0,19.9,0,19.9,0,,,23.9,-0.167,23.9,-0.167,,,14.9,0.336
630129,46,46,0,46,0,46,0,46,0,46,0,46,0,46,0,46,0,46,0,,
630204,39,39,0,39,0,39,0,39,0,39,0,,,,,34.9,0.117,,,29.9,0.304
630251,28,28,0,28,0,28,0,28,0,28,0,28,0,28,0,28,0,27.5,0.0182,27.5,0.0182
630252,,,,,,,,,,,,,,,,,,,,,
630253,,,,,,,,,,,,,,,,,,,,,
630254,,,,,,,,,,,,,,,,,,,,,
630868,255,255,0,255,0,255,0,255,0,255,0,255,0,255,0,255,0,255,0,209,0.22
632028,15,15,0,15,0,15,0,15,0,15,0,15,0,15,0,12.5,0.2,12.5,0.2,11.8,0.271
632029,20,20,0,20,0,20,0,20,0,20,0,20,0,,,,,17.5,0.143,16,0.25
632212,21,21,0,21,0,21,0,21,0,21,0,,,19.5,0.0769,19.5,0.0769,17,0.235,17,0.235
632333,69,69,0,69,0,69,0,75,-0.08,75,-0.08,75,-0.08,79.9,-0.136,79.9,-0.136,,,,
632912,19,19,0,19,0,19,0,19,0,19,0,19,0,19,0,19,0,16.4,0.159,13.5,0.407
634054,59,59,0,59,0,59,0,59,0,59,0,59,0,59,0,59,0,59,0,49.5,0.192
634561,,,,,,,,,,,,,,,,,,,,,
634850,,,,,,,,,,,,,,,,,,,,,
634853,,,,,,,,,,,,,,,,,,,,,
634854,84.9,84.9,0,84.9,0,84.9,0,84.9,0,84.9,0,,,,,,,39.9,1.13,69.9,0.215
634855,,,,,,,,,,,,,,,,,,,,,
634857,,,,,,,,,,,,,,,,,,,,,
634862,,,,,,,,,,,,,,,,,,,,,
634863,,,,,,,,,,,,,,,,,,,,,
635143,79,79,0,79,0,79,0,79,0,79,0,79,0,79,0,,,79,0,69.5,0.137
635144,,,,,,,,,,,,,,,,,,,,,
635153,79.9,79.9,0,79.9,0,79.9,0,79.9,0,79.9,0,,,,,,,,,,
635154,,,,,,,,,,,,,,,,,,,,,
635155,159,159,0,159,0,159,0,159,0,329,-0.517,329,-0.517,329,-0.517,329,-0.517,230,-0.308,154,0.0325
635156,130,130,0,130,0,130,0,130,0,130,0,135,-0.0378,130,0,130,0,,,,
636301,25,25,0,25,0,25,0,25,0,25,0,25,0,25,0,23.5,0.0638,23.5,0.0638,23.5,0.0638
636302,,,,,,,,,,,,,,,,,,,,,
636368,,,,,,,,,,,,,,,,,,,,,
637184,,,,,,,,,,,,,,,,,,,,,
637362,,,,,,,,,,,,,,,,,,,,,
637389,,,,,,,,,,,,,,,,,,,,,
637796,,,,,,,,,,,,,,,,,,,,,
638016,,,,,,,,,,,,,,,,,,,,,
640215,12,12,0,12,0,12,0,12,0,12,0,12,0,12,0,13.2,-0.0909,11.8,0.0169,11,0.0909
640238,39.9,39.9,0,39.9,0,39.9,0,39.9,0,39.9,0,39.9,0,39.9,0,39.9,0,36.9,0.0813,36.9,0.0813
640282,,,,,,,,,,,,,,,,,,,,,
640297,,,,,,,,,,,,,,,,,,,,,
640311,,,,,,,,,,,,,,,,,,,,,
640366,142,142,0,142,0,142,0,142,0,142,0,142,-0.00351,142,-0.00351,142,-0.00351,109,0.303,104,0.372
640371,,,,,,,,,,,,,,,,,,,,,
640386,31.3,31.3,0,31.3,0,31.3,0,30.6,0.0229,,,30.6,0.0229,30.6,0.0229,30.6,0.0229,30.6,0.0229,,
640391,34.8,34.8,0,34.8,0,34.8,0,33.8,0.0296,33.8,0.0296,33.8,0.0296,33.8,0.0296,33.8,0.0296,29,0.2,27.5,0.265
640400,33.8,33.8,0,33.8,0,,,32.5,0.04,32.5,0.04,32.5,0.04,32.5,0.04,32.5,0.04,31,0.0903,30,0.127
640512,50,50,0,50,0,50,0,50,0,50,0,50,0,50,0,50,0,35.5,0.408,29.7,0.684
640541,244,244,0,244,0,244,0,244,0,244,0,244,0,244,0,245,-0.00367,245,-0.00367,199,0.226
640599,,,,,,,,,,,,,,,,,,,,,
640608,,,,,,,,,,,,,,,,,,,,,
640688,13,13,0,13,0,13,0,13,0,13,0,13,0,13,0,13,0,10,0.3,7.5,0.733
640693,13,13,0,13,0,13,0,13,0,13,0,13,0,13,0,13,0,12.6,0.0317,8,0.625
640867,290,290,0,290,0,290,0,290,0,290,0,290,0,290,0,290,0,290,0,249,0.164
641017,40.5,36.8,0.101,,,36.8,0.101,,,57.5,-0.296,,,57,-0.289,53,-0.236,,,,
641031,31.9,30.6,0.0425,,,30.6,0.0425,30.6,0.0425,37.5,-0.149,,,40,-0.203,,,,,33.8,-0.0562
641035,46.5,46.5,0,46.5,0,46.5,0,46.5,0,43.5,0.069,43.5,0.069,43.5,0.069,43.5,0.069,43.5,0.069,39,0.192
641037,49,46.5,0.0538,,,46.5,0.0538,46.5,0.0538,58.8,-0.167,,,62.5,-0.216,56.3,-0.13,,,47.5,0.0316
641041,34,29,0.172,,,29,0.172,29,0.172,38.8,-0.124,,,41.8,-0.187,38.8,-0.124,,,33.8,0.00592
641051,19,18,0.0556,,,18,0.0556,18,0.0556,18,0.0556,,,24.5,-0.224,,,,,20.7,-0.0821
641057,10,10,0,10,0,10,0,10,0,10,0,10,0,10,0,10,0,9.5,0.0526,9.5,0.0526
641079,,,,,,,,,,,,,,,,,,,,,
641086,41,41,0,41,0,41,0,41,0,41,0,41,0,41,0,,,,,,
641089,,,,,,,,,,,,,,,,,,,,,
641099,,,,,,,,,,,,,,,,,,,,,
641541,36.5,36.5,0,36.5,0,36.5,0,36.5,0,36.5,0,36.5,0,36.5,0,,,30.5,0.197,23,0.587
641567,35,35,0,35,0,35,0,35,0,35,0,,,35,0,35,0,35,0,35,0
641572,9.4,9.4,0,9.4,0,9.4,0,9.4,0,9.4,0,9.4,0,9.4,0,9,0.0444,7.3,0.288,6.7,0.403
641785,54.9,54.9,0,54.9,0,54.9,0,54.9,0,54.9,0,54.9,0,54.9,0,54.9,0,49.9,0.1,49.9,0.1
641938,30,30,0,30,0,30,0,30,0,30,0,36.5,-0.178,36.5,-0.178,41,-0.268,38.5,-0.221,30,0
641958,30,30,0,30,0,30,0,30,0,30,0,36.5,-0.178,36.5,-0.178,41,-0.268,38.5,-0.221,,
642079,7.8,7.8,0,7.8,0,7.8,0,8.5,-0.0824,8.5,-0.0824,8.4,-0.0714,8.6,-0.093,9,-0.133,7.9,-0.0127,,
642086,11,11,0,11,0,11,0,12.2,-0.0984,12.2,-0.0984,12.2,-0.0984,13.2,-0.167,14,-0.214,12,-0.0833,10.6,0.0377
642089,15.5,15.5,0,15.5,0,15.5,0,16.9,-0.0828,16.9,-0.0828,16.7,-0.0719,17.1,-0.0936,18,-0.139,15.7,-0.0127,14.3,0.0839
642099,16.7,16.7,0,16.7,0,16.7,0,18.5,-0.0973,18.5,-0.0973,18.4,-0.0924,19.8,-0.157,21.2,-0.212,18.2,-0.0824,16,0.0437
642105,33.5,33.5,0,33.5,0,33.5,0,37,-0.0946,37,-0.0946,34.5,-0.029,39.1,-0.143,42.5,-0.212,35.4,-0.0537,31.4,0.0669
642135,,,,,,,,,,,,,,,,,,,,,
642138,,,,,,,,,,,,,,,,,,,,,
642145,,,,,,,,,,,,,,,,,,,,,
642148,,,,,,,,,,,,,,,,,,,,,
642168,,,,,,,,,,,,,,,,,,,,,
642203,10,10,0,10,0,10,0,10,0,10,0,10,0,10,0,9.8,0.0204,9.8,0.0204,8,0.25
642206,10,10,0,10,0,10,0,10,0,10,0,10,0,10,0,9.8,0.0204,9.8,0.0204,8,0.25
642233,188,188,0,188,0,188,0,188,0,188,0,188,0,188,0,188,0,136,0.385,136,0.385
642248,156,156,0,156,0,156,0,156,0,156,0,156,0,156,0,156,0,110,0.418,110,0.418
642253,81.6,81.6,0,81.6,0,81.6,0,81.6,0,81.6,0,81.6,0,81.6,0,81.6,0,53.5,0.525,53.5,0.525
642268,97.5,97.5,0,97.5,0,97.5,0,97.5,0,97.5,0,97.5,0,97.5,0,97.5,0,86,0.134,75,0.3
642273,68.8,68.8,0,68.8,0,68.8,0,68.8,0,68.8,0,68.8,0,68.8,0,68.8,0,56,0.229,47.5,0.448
642317,,,,,,,,,,,,,,,,,,,,,
642322,,,,,,,,,,,,,,,,,,,,,
642334,43,43,0,43,0,43,0,43,0,43,0,39.9,0.0777,43,0,43,0,37.5,0.147,30.5,0.41
642337,76.8,76.8,0,76.8,0,76.8,0,76.8,0,76.8,0,76.8,0,76.8,0,76.8,0,75,0.024,,
642342,97,97,0,97,0,97,0,97,0,97,0,97,0,97,0,,,,,,
642357,,,,,,,,,,,,,,,,,,,,,
642377,,,,,,,,,,,,,,,,,,,,,
642446,,,,,,,,,,,,,,,,,,,,,
642451,,,,,,,,,,,,,,,,,,,,,
642906,,,,,,,,,,,,,,,,,,,,,
643088,34.9,34.9,0,34.9,0,34.9,0,34.9,0,19.9,0.754,24.9,0.402,34.9,0,34,0.0265,19.9,0.754,24.9,0.402
643092,46.9,46.9,0,46.9,0,46.9,0,46.9,0,46.9,0,46.9,0,46.9,0,,,,,34.9,0.344
643095,41.9,41.9,0,41.9,0,41.9,0,41.9,0,41.9,0,41.9,0,41.9,0,39,0.0744,39,0.0744,30.9,0.356
643099,34,34,0,34,0,34,0,34,0,34,0,34,0,34,0,35,-0.0286,35,-0.0286,30.9,0.1
643106,41.9,41.9,0,41.9,0,41.9,0,41.9,0,41.9,0,41.9,0,41.9,0,39,0.0744,39,0.0744,30.9,0.356
643111,41.9,41.9,0,41.9,0,41.9,0,41.9,0,41.9,0,41.9,0,41.9,0,39,0.0744,,,29.9,0.401
643152,10.5,10.5,0,10.5,0,10.5,0,10.5,0,10,0.05,10,0.05,10,0.05,10,0.05,10,0.05,9,0.167
643167,10.5,10.5,0,10.5,0,10.5,0,10.5,0,10,0.05,10,0.05,10,0.05,10,0.05,,,9,0.167
643172,10,,,,,,,,,9.5,0.0526,,,,,9.5,0.0526,9.5,0.0526,8,0.25
643229,,,,,,,,,,,,,,,,,,,,,
643310,63,63,0,63,0,63,0,63,0,63,0,63,0,62.5,0.008,60.5,0.0413,61,0.0328,61,0.0328
645663,,,,,,,,,,,,,,,,,,,,,
645727,26,26,0,26,0,26,0,25,0.04,25,0.04,25,0.04,25,0.04,25,0.04,21.9,0.187,20.3,0.281
645732,24.8,24.8,0,24.8,0,24.8,0,23.8,0.042,23.8,0.042,23.8,0.042,23.8,0.042,23.8,0.042,21.9,0.132,20.3,0.222
645747,58,58,0,58,0,58,0,56.3,0.0302,56.3,0.0302,56.3,0.0302,56.3,0.0302,56.3,0.0302,51.2,0.133,50,0.16
645752,,,,,,,,,,,,,,,,,,,,,
645767,,,,,,,,,,,,,,,,,,,,,
645772,,,,,,,,,,,,,,,,,,,,,
646077,24,24,0,24,0,24,0,24,0,24,0,,,24,0,23.4,0.0256,20.9,0.148,,
646106,153,153,0,,,153,0,153,0,153,0,153,0,153,0,131,0.164,,,,
646111,81.9,81.9,0,81.9,0,81.9,0,81.9,0,81.9,0,81.9,0,81.9,0,79,0.0367,69,0.187,53.5,0.531
646320,174,174,0,174,0,174,0,174,0,174,0,174,0,,,,,176,-0.0108,135,0.283
646408,14.5,14.5,0,14.5,0,14.5,0,14.5,0,14.5,0,13.7,0.0584,13.7,0.0584,13.7,0.0584,13.7,0.0584,13.7,0.0584
646413,14.5,14.5,0,14.5,0,14.5,0,14.5,0,14.5,0,13.7,0.0584,13.7,0.0584,13.7,0.0584,13.7,0.0584,13.7,0.0584
646428,14.5,14.5,0,14.5,0,14.5,0,14.5,0,14.5,0,13.7,0.0584,13.7,0.0584,13.7,0.0584,13.7,0.0584,13.7,0.0584
646448,6.5,6.5,0,6.5,0,6.5,0,6.5,0,6,0.0833,6,0.0833,6,0.0833,6,0.0833,5.5,0.182,5.5,0.182
646453,10,10,0,10,0,10,0,10,0,10,0,10,0,10,0,10,0,9,0.111,9,0.111
646468,6.5,6.5,0,6.5,0,6.5,0,6.5,0,6,0.0833,6,0.0833,6,0.0833,6,0.0833,5.5,0.182,5.5,0.182
646473,10,10,0,10,0,10,0,10,0,10,0,10,0,10,0,10,0,9,0.111,9,0.111
647045,,,,,,,,,,,,,,,,,,,,,
647090,31,31,0,31,0,31,0,31,0,31,0,31,0,31,0,,,18.8,0.649,18.8,0.649
647109,11.3,11.3,0,11.3,0,11.3,0,11.3,0,11.3,0,11.3,0,11.3,0,11.3,0,11.3,0,11.3,0
647114,18,18,0,18,0,18,0,18,0,18,0,18,0,18,0,18,0,16,0.125,16,0.125
647129,21.5,21.5,0,21.5,0,21.5,0,21.5,0,21.5,0,21.5,0,21.5,0,21.5,0,19.4,0.108,19.4,0.108
647134,12,12,0,,,12,0,12,0,12,0,12,0,12,0,12,0,10.7,0.121,10.7,0.121
647154,,,,,,,,,,,,,,,,,,,,,
647169,6.3,6.3,0,6.3,0,6.3,0,6.3,0,6.3,0,6.3,0,6.3,0,6.3,0,6.3,0,6.3,0
647174,20,20,0,20,0,20,0,20,0,20,0,20,0,20,0,20,0,20,0,,
647189,18,18,0,18,0,18,0,18,0,18,0,18,0,18,0,18,0,18,0,18,0
647194,20,20,0,20,0,20,0,20,0,20,0,20,0,20,0,20,0,20,0,20,0
647218,50,50,0,50,0,50,0,50,0,50,0,50,0,50,0,,,,,38,0.316
647238,18.5,18.5,0,18.5,0,18.5,0,18.5,0,18.5,0,18.5,0,18.5,0,18.5,0,12,0.542,12,0.542
647258,11,11,0,,,,,11,0,11,0,11,0,11,0,11,0,10,0.1,9.5,0.158
647263,13.8,13.8,0,13.8,0,13.8,0,13.8,0,13.8,0,13.8,0,13.8,0,13.8,0,11.3,0.221,11.3,0.221
647298,,,,,,,,,,,,,,,,,,,,,
647332,23,23,0,23,0,23,0,23,0,23,0,23,0,23,0,23,0,20.7,0.111,,
647347,52,52,0,52,0,52,0,52,0,56,-0.0714,56,-0.0714,56,-0.0714,56,-0.0714,48.5,0.0722,41,0.268
647352,28.5,28.5,0,28.5,0,28.5,0,28.5,0,28.5,0,28.5,0,28.5,0,28.5,0,23.2,0.228,23.2,0.228
647367,28,28,0,28,0,28,0,28,0,29.5,-0.0508,29.5,-0.0508,29.5,-0.0508,29.5,-0.0508,25,0.12,25,0.12
647372,37.5,37.5,0,37.5,0,37.5,0,37.5,0,37.5,0,37.5,0,37.5,0,37.5,0,33,0.136,33,0.136
647387,53.5,53.5,0,53.5,0,53.5,0,53.5,0,53.5,0,53.5,0,53.5,0,53.5,0,53.5,0,53.5,0
647401,14.5,14.5,0,14.5,0,14.5,0,14.5,0,14.5,0,14.5,0,14.5,0,14.5,0,14.5,0,14.5,0
648400,83,83,0,83,0,83,0,83,0,83,0,83,0,83,0,83,0,83,0,57,0.456
648421,83,83,0,83,0,83,0,83,0,83,0,83,0,83,0,83,0,83,0,57,0.456
648784,87.5,87.5,0,87.5,0,59.9,0.461,59.9,0.461,87.5,0,68.5,0.277,87.5,0,87.5,0,44.9,0.949,38,1.3
650000,,,,,,,,,,,,,,,,,,,,,
650006,28.9,28.9,0,28.9,0,28.9,0,28.9,0,28.9,0,28.9,0,28.9,0,33.4,-0.135,32.5,-0.111,23,0.257
650008,28,28,0,28,0,28,0,28,0,28,0,28,0,28,0,,,29.5,-0.0508,21,0.333
650029,39.5,39.5,0,39.5,0,39.5,0,39.5,0,39.5,0,39.5,0,39.5,0,39.5,0,37.5,0.0533,37.5,0.0533
650030,39.5,39.5,0,39.5,0,39.5,0,39.5,0,39.5,0,39.5,0,39.5,0,39.5,0,37.5,0.0533,37.5,0.0533
650031,22.5,22.5,0,22.5,0,22.5,0,22.5,0,22.5,0,22.5,0,22.5,0,22.5,0,20,0.125,20,0.125
650032,21,21,0,21,0,21,0,21,0,21,0,21,0,21,0,21,0,18.5,0.135,18.5,0.135
650033,21,21,0,21,0,21,0,21,0,21,0,21,0,21,0,21,0,18.5,0.135,18.5,0.135
650047,,,,,,,,,,,,,,,,,,,,,
650048,12.5,12.5,0,12.5,0,12.5,0,12.5,0,12.5,0,12.5,0,12.5,0,12.9,-0.031,,,7.5,0.667
650049,13.2,13.2,0,13.2,0,13.2,0,13.2,0,13.2,0,13.2,0,13.2,0,13.2,0,7.7,0.714,7.7,0.714
650050,12.5,12.5,0,12.5,0,12.5,0,12.5,0,12.5,0,12.5,0,12.5,0,13.2,-0.053,7.7,0.623,7.7,0.623
650051,12.5,12.5,0,12.5,0,12.5,0,12.5,0,12.5,0,12.5,0,12.5,0,14,-0.107,,,8.5,0.471
650053,13.2,13.2,0,13.2,0,13.2,0,13.2,0,13.2,0,13.2,0,13.2,0,13.2,0,8,0.65,8,0.65
650054,12.5,12.5,0,12.5,0,12.5,0,12.5,0,12.5,0,12.5,0,12.5,0,13.2,-0.053,,,8,0.562
650056,,,,,,,,,,,,,,,,,,,,,
650060,48.5,48.5,0,48.5,0,48.5,0,48.5,0,48.5,0,48.5,0,48.5,0,48.5,0,36,0.347,36,0.347
650061,48.5,48.5,0,48.5,0,48.5,0,48.5,0,48.5,0,48.5,0,48.5,0,48.5,0,36,0.347,36,0.347
650062,56,56,0,56,0,56,0,56,0,56,0,56,0,56,0,56,0,37.5,0.493,37.5,0.493
650066,,,,,,,,,,,,,,,,,,,,,
650069,12.2,12.2,0,12.2,0,12.2,0,12.2,0,12.2,0,12.2,0,12.2,0,12.2,0,8,0.525,8,0.525
650080,,,,,,,,,,,,,,,,,,,,,
650081,,,,,,,,,,,,,,,,,,,,,
650082,,,,,,,,,,,,,,,,,,,,,
650083,,,,,,,,,,,,,,,,,,,,,
650095,8,8,0,8,0,8,0,8,0,8,0,8,0,8,0,8,0,8,0,8,0
650097,35.5,35.5,0,35.5,0,35.5,0,35.5,0,35.5,0,35.5,0,35.5,0,35.5,0,35.5,0,25.5,0.392
650100,51,51,0,51,0,51,0,51,0,51,0,51,0,51,0,51,0,51,0,41,0.244
650105,4,4,0,4,0,4,0,4,0,4,0,4,0,4,0,4,0,3.5,0.143,3.5,0.143
650109,4,4,0,4,0,4,0,4,0,4,0,4,0,4,0,4,0,4,0,4,0
650115,4,4,0,4,0,4,0,4,0,4,0,4,0,4,0,,,3.5,0.143,3.5,0.143
650117,,,,,,,,,,,,,,,,,,,,,
650119,3.1,3.1,0,3.1,0,3.1,0,3.1,0,3.1,0,3.1,0,3.1,0,3.1,0,3.1,0,3.1,0
650125,5,,,,,5,0,5,0,5,0,5,0,5,0,5,0,4.5,0.111,4.5,0.111
650129,4,4,0,4,0,4,0,4,0,4,0,4,0,4,0,4,0,4,0,4,0
650135,4,4,0,4,0,4,0,4,0,4,0,4,0,4,0,4,0,3.4,0.176,3.4,0.176
650142,,,,,,,,,,,,,,,,,,,,,
650145,9,9,0,9,0,9,0,9,0,9,0,9,0,,,9,0,7.5,0.2,7.5,0.2
650149,8.8,8.8,0,8.8,0,8.8,0,8.8,0,8.8,0,8.8,0,8.8,0,,,7.5,0.173,7.5,0.173
650155,8,8,0,8,0,8,0,8,0,8,0,8,0,,,,,8,0,8,0
650158,44.9,44.9,0,44.9,0,44.9,0,44.9,0,74.9,-0.401,64.9,-0.308,74.9,-0.401,,,,,,
650162,29.9,29.9,0,29.9,0,44.9,-0.334,44.9,-0.334,69.9,-0.572,59.9,-0.501,69.9,-0.572,,,,,,
650165,5,5,0,5,0,5,0,5,0,5,0,5,0,,,5,0,3.5,0.429,3.5,0.429
650166,69.9,69.9,0,69.9,0,69.9,0,69.9,0,69.9,0,59.9,0.167,69.9,0,,,,,,
650168,69.9,69.9,0,69.9,0,69.9,0,69.9,0,69.9,0,59.9,0.167,69.9,0,,,,,,
650169,3.5,3.5,0,3.5,0,3.5,0,3.5,0,3.5,0,3.5,0,3.5,0,,,3,0.167,3,0.167
650174,3.8,3.8,0,3.8,0,3.8,0,3.8,0,3.8,0,3.8,0,3.8,0,,,,,,
650175,3.5,3.5,0,3.5,0,3.5,0,3.5,0,3.5,0,3.5,0,3.5,0,,,3,0.167,3,0.167
650184,5.9,5.9,0,5.9,0,5.9,0,5.9,0,9.9,-0.404,8,-0.262,9.9,-0.404,,,,,,
650185,5.5,5.5,0,5.5,0,5.5,0,5.5,0,5.5,0,,,,,,,,,,
650190,11.9,11.9,0,11.9,0,11.9,0,11.9,0,11.9,0,9.9,0.202,11.9,0,,,,,,
650192,6.9,6.9,0,6.9,0,6.9,0,6.9,0,11.9,-0.42,11.9,-0.42,11.9,-0.42,,,,,,
650193,14.9,14.9,0,14.9,0,14.9,0,14.9,0,14.9,0,12.5,0.192,14.9,0,,,,,,
650199,6.2,6.2,0,6.2,0,6.2,0,6.2,0,6.2,0,6.2,0,6.2,0,6.2,0,6.2,0,6.2,0
650203,7.5,7.5,0,7.5,0,7.5,0,7.5,0,7.5,0,7.5,0,7.5,0,,,,,3.1,1.42
650204,,,,,,,,,,,,,,,,,,,,,
650206,,,,,,,,,,,,,,,,,,,,,
650209,31.9,31.9,0,31.9,0,31.9,0,31.9,0,31.9,0,,,31.9,0,,,,,,
650213,5,5,0,5,0,5,0,5,0,5,0,5,0,5,0,5,0,5,0,5,0
650225,,,,,,,,,,,,,,,,,,,,,
650226,,,,,,,,,,,,,,,,,,,,,
650228,39,39,0,39,0,39,0,39,0,39,0,39,0,39,0,,,,,,
650231,48,48,0,48,0,48,0,48,0,48,0,48,0,48,0,,,,,,
650235,74.9,74.9,0,74.9,0,74.9,0,74.9,0,74.9,0,64.9,0.154,74.9,0,,,,,,
650243,,,,,,,,,,,,,,,,,,,,,
650249,3.5,,,,,,,,,3.5,0,3.5,0,3.5,0,3.5,0,3.1,0.129,3.1,0.129
650253,4,,,,,4,0,4,0,4,0,4,0,4,0,4,0,3.4,0.176,3.4,0.176
650259,5,5,0,5,0,5,0,5,0,5,0,5,0,5,0,5,0,4.7,0.0638,,
650263,,,,,,,,,,,,,,,,,,,,,
650273,6.5,6.5,0,6.5,0,6.5,0,6.5,0,,,6.5,0,,,,,6.5,0,,
650279,,,,,,,,,,,,,,,,,,,,,
650283,8.8,,,,,,,,,,,8.8,0,,,,,6.2,0.419,6.2,0.419
650289,8.8,,,,,8.8,0,8.8,0,8.8,0,8.8,0,8.8,0,8.8,0,6.2,0.419,,
650299,8,8,0,8,0,8,0,8,0,8,0,8,0,8,0,8,0,8,0,8,0
650311,5.9,5.9,0,,,,,5.5,0.0727,5.5,0.0727,5.5,0.0727,5.5,0.0727,5.5,0.0727,,,5,0.18
650312,,,,,,,,,,,,,,,,,,,,,
650320,,,,,,,,,,,,,,,,,,,,,
650327,,,,,,,,,,,,,,,,,,,,,
650336,,,,,,,,,,,,,,,,,,,,,
650337,,,,,,,,,,,,,,,,,,,,,
650341,,,,,,,,,,,,,,,,,,,,,
650346,16,16,0,16,0,16,0,16,0,16,0,16,0,15.5,0.0323,15.5,0.0323,15.5,0.0323,15.5,0.0323
650347,16,16,0,16,0,16,0,16,0,16,0,16,0,15.5,0.0323,,,,,15.5,0.0323
650360,,,,,,,,,,,,,,,,,,,,,
650374,39.9,39.9,0,39.9,0,39.9,0,39.9,0,39.9,0,39.9,0,39.9,0,44.8,-0.109,43.5,-0.0828,,
650375,39.9,39.9,0,39.9,0,39.9,0,39.9,0,39.9,0,39.9,0,39.9,0,44.8,-0.109,43.5,-0.0828,31,0.287
650376,39.9,39.9,0,39.9,0,39.9,0,39.9,0,39.9,0,39.9,0,39.9,0,44.8,-0.109,,,31,0.287
650395,3,3,0,3,0,3,0,3,0,3,0,3,0,,,3,0,2.5,0.2,2.5,0.2
650396,3,3,0,3,0,3,0,3,0,3,0,3,0,,,3,0,2.5,0.2,2.5,0.2
650407,,,,,,,,,,,,,,,,,,,,,
650413,62.5,62.5,0,62.5,0,62.5,0,62.5,0,66,-0.053,60,0.0417,60,0.0417,60,0.0417,51,0.225,51,0.225
650415,87.5,87.5,0,87.5,0,87.5,0,87.5,0,92.5,-0.0541,83.5,0.0479,83.5,0.0479,83.5,0.0479,80,0.0938,80,0.0938
650419,62.5,62.5,0,62.5,0,62.5,0,,,,,,,,,,,,,,
650427,,,,,,,,,,,,,,,,,,,,,
650436,27.5,27.5,0,27.5,0,27.5,0,27.5,0,27.5,0,27.5,0,27.5,0,,,,,20,0.375
650449,13.8,13.8,0,13.8,0,13.8,0,13.8,0,13.8,0,13.8,0,13.8,0,13.8,0,13.8,0,10,0.38
650450,,,,,,,,,,,,,,,,,,,,,
650451,12.5,12.5,0,12.5,0,12.5,0,12.5,0,12.5,0,12.5,0,12.5,0,12.5,0,12.5,0,9.9,0.263
650452,13.8,13.8,0,13.8,0,13.8,0,13.8,0,13.8,0,13.8,0,13.8,0,13.8,0,13.8,0,,
650461,20,20,0,20,0,20,0,20,0,20,0,20,0,20,0,20,0,20,0,14.5,0.379
650462,12.5,12.5,0,12.5,0,12.5,0,12.5,0,12.5,0,12.5,0,12.5,0,12.5,0,12.5,0,10,0.25
650498,26.5,26.5,0,26.5,0,26.5,0,26.5,0,,,,,,,,,,,,
650501,25,25,0,25,0,25,0,25,0,25,0,25,0,25,0,,,23.5,0.0638,23.5,0.0638
650527,33.9,33.9,0,32.5,0.0431,32.5,0.0431,35.3,-0.0397,39,-0.131,39,-0.131,48,-0.294,45,-0.247,37.9,-0.106,37.3,-0.0912
650534,33,33,0,30.5,0.082,30.5,0.082,33,0,36.5,-0.0959,36.4,-0.0934,44.8,-0.263,42,-0.214,35.5,-0.0704,33.1,-0.00302
650543,,,,,,,,,,,,,,,,,,,,,
650557,125,125,0,125,0,125,0,125,0,125,0,125,0,125,0,125,0,125,0,125,0
650559,,,,,,,,,,,,,,,,,,,,,
650576,19,19,0,,,17.4,0.092,,,21.2,-0.104,,,26.5,-0.283,24.5,-0.224,20.5,-0.0732,19.7,-0.0355
650582,39.9,,,,,39.9,0,,,47.5,-0.16,,,58.6,-0.319,57.8,-0.31,48.8,-0.182,47.1,-0.153
650589,48.9,48.9,0,,,45,0.0867,49,-0.00204,54.5,-0.103,,,67.7,-0.278,63,-0.224,53,-0.0774,51.8,-0.056
650595,31.9,31.9,0,29.5,0.0814,29.5,0.0814,32,-0.00313,35,-0.0886,35.2,-0.0938,43.2,-0.262,40.6,-0.214,34.2,-0.0673,33.1,-0.0363
650625,32,32,0,32,0,32,0,,,,,29.5,0.0847,29.5,0.0847,29.5,0.0847,,,28,0.143
650664,11.7,11.7,0,11.7,0,11.7,0,11.7,0,11.7,0,11.7,0,11.7,0,11.7,0,11.7,0,8.9,0.315
650676,186,186,0,186,0,186,0,186,0,186,0,186,0,186,0,186,0,125,0.49,119,0.566
650680,,,,,,,,,,,,,,,,,,,,,
650684,,,,,,,,,,,,,,,,,,,,,
650690,,,,,,,,,,,,,,,,,,,,,
650693,,,,,,,,,,,,,,,,,,,,,
650694,,,,,,,,,,,,,,,,,,,,,
650700,,,,,,,,,,,,,,,,,,,,,
650704,8.8,8.8,0,8.8,0,8.8,0,,,8.8,0,,,,,,,8,0.1,7,0.257
650708,86,86,0,86,0,86,0,86,0,86,0,86,0,86,0,86,0,61,0.41,61,0.41
650710,,,,,,,,,,,,,,,,,,,,,
650722,,,,,,,,,,,,,,,,,,,,,
650723,,,,,,,,,,,,,,,,,,,,,
650728,2.2,2.2,0,,,2.2,0,2.2,0,,,2.2,0,2.2,0,2.2,0,1.8,0.222,2.5,-0.12
650735,1.8,1.8,0,1.8,0,2.2,-0.182,2.2,-0.182,2.2,-0.182,,,2.2,-0.182,2.2,-0.182,1.8,0,2.5,-0.28
650747,2.2,2.2,0,2.2,0,2.2,0,2.2,0,2.2,0,1.8,0.222,2.2,0,2.2,0,1.8,0.222,2.5,-0.12
650791,,,,,,,,,,,,,,,,,,,,,
650793,,,,,,,,,,,,,,,,,,,,,
650813,84.3,84.3,0,84.3,0,84.3,0,84.3,0,84.3,0,84.3,0,84.3,0,75.8,0.112,71.5,0.179,,
650819,105,105,0,105,0,105,0,105,0,105,0,105,0,105,0,94.7,0.113,86.9,0.213,71.1,0.482
650832,41.5,41.5,0,41.5,0,41.5,0,41.5,0,41.5,0,41.5,0,,,,,,,,
650842,40,40,0,40,0,40,0,40,0,40,0,40,0,40,0,38,0.0526,32.5,0.231,28.8,0.389
650844,254,254,0,254,0,254,0,,,254,0,254,0,254,0,237,0.0722,213,0.193,213,0.193
650850,231,231,0,231,0,231,0,231,0,231,0,231,0,231,0,216,0.0699,191,0.208,191,0.208
650858,244,244,0,244,0,244,0,244,0,244,0,244,0,244,0,227,0.0745,195,0.25,195,0.25
650884,67.5,67.5,0,67.5,0,67.5,0,67.5,0,67.5,0,67.5,0,67.5,0,64.8,0.0417,56.3,0.199,52.5,0.286
650888,,,,,,,,,,,,,,,,,,,,,
650920,0.5,0.5,0,0.5,0,0.5,0,0.5,0,,,0.5,0,,,0.5,0,0.5,0,0.5,0
650926,0.5,0.5,0,0.5,0,0.5,0,0.5,0,,,0.5,0,,,0.5,0,0.5,0,0.5,0
650948,6,6,0,6,0,6,0,6,0,6,0,6,0,6,0,6,0,6,0,4.2,0.429
650956,6.5,6.5,0,6.5,0,6.5,0,6.5,0,6.5,0,6.5,0,6.5,0,6.5,0,6.5,0,5.3,0.226
650976,,,,,,,,,,,,,,,,,,,,,
650999,12.3,12.3,0,12.3,0,12.3,0,12.3,0,12.3,0,12.3,0,12.3,0,,,7.5,0.64,7.5,0.64
651006,15,,,15,0,15,0,15,0,15,0,15,0,15,0,15,0,14,0.0714,14,0.0714
651007,15,,,,,,,15,0,15,0,15,0,15,0,,,14,0.0714,14,0.0714
651008,15,15,0,15,0,15,0,15,0,15,0,15,0,15,0,15,0,14,0.0714,14,0.0714
651013,15,15,0,15,0,12.9,0.163,12.9,0.163,15,0,15,0,15,0,15,0,14,0.0714,14,0.0714
651015,,,,,,,,,,,,,,,,,,,,,
651021,14,14,0,,,14,0,14,0,14,0,14,0,14,0,14,0,13,0.0769,12,0.167
651027,189,189,0,189,0,189,0,189,0,,,,,189,0,177,0.0725,156,0.214,132,0.429
651064,,,,,,,,,,,,,,,,,,,,,
651089,,,,,,,,,,,,,,,,,,,,,
651093,,,,,,,,,,,,,,,,,,,,,
651104,,,,,,,,,,,,,,,,,,,,,
651114,,,,,,,,,,,,,,,,,,,,,
651115,,,,,,,,,,,,,,,,,,,,,
651116,37.5,37.5,0,37.5,0,37.5,0,37.5,0,,,,,37.5,0,30.9,0.214,,,,
651118,,,,,,,,,,,,,,,,,,,,,
651120,26,26,0,26,0,26,0,26,0,,,24,0.0833,24,0.0833,24,0.0833,,,21,0.238
651129,70,70,0,70,0,70,0,70,0,70,0,70,0,70,0,70,0,59.9,0.169,55,0.273
651157,,,,,,,,,,,,,,,,,,,,,
651164,,,,,,,,,,,,,,,,,,,,,
651166,,,,,,,,,,,,,,,,,,,,,
651179,,,,,,,,,,,,,,,,,,,,,
651193,28.5,28.5,0,28.5,0,28.5,0,28.5,0,28.5,0,28.5,0,28.5,0,28.5,0,,,22.5,0.267
651198,18.5,18.5,0,18.5,0,18.5,0,18.5,0,,,,,17.5,0.0571,17.5,0.0571,14,0.321,14,0.321
651199,25,25,0,25,0,25,0,25,0,25,0,25,0,,,22.5,0.111,18.5,0.351,18.5,0.351
651209,579,579,0,579,0,579,0,579,0,579,0,579,0,579,0,579,0,489,0.184,409,0.416
651216,33.5,33.5,0,33.5,0,33.5,0,33.5,0,33.5,0,33.5,0,33.5,0,33.5,0,28.5,0.175,28.5,0.175
651222,74.5,74.5,0,74.5,0,74.5,0,74.5,0,74.5,0,74.5,0,74.5,0,74.5,0,72,0.0347,50,0.49
651227,,,,,,,,,,,,,,,,,,,,,
651237,13,13,0,13,0,13,0,13,0,13,0,13,0,13,0,13,0,12,0.0833,,
651272,75,75,0,75,0,75,0,75,0,75,0,75,0,75,0,75,0,75,0,75,0
651281,24.5,24.5,0,,,24.5,0,24.5,0,24.5,0,24.5,0,24.5,0,,,22.5,0.0889,21.5,0.14
651286,24.5,24.5,0,24.5,0,24.5,0,24.5,0,24.5,0,24.5,0,24.5,0,24.5,0,20.8,0.178,19.5,0.256
651301,,,,,,,,,,,,,,,,,,,,,
651305,,,,,,,,,,,,,,,,,,,,,
651311,349,349,0,349,0,349,0,349,0,349,0,349,0,365,-0.0438,439,-0.205,369,-0.0542,294,0.187
651370,105,105,0,105,0,105,0,105,0,105,0,105,0,105,0,105,0,69.5,0.511,55,0.909
651382,69,69,0,69,0,69,0,69,0,69,0,69,0,69,0,69,0,45.5,0.516,34.5,1
651418,4.5,4.5,0,4.5,0,4.5,0,4.5,0,4.5,0,4.5,0,4.5,0,4.5,0,4.5,0,4.5,0
651503,91.5,91.5,0,91.5,0,91.5,0,91.5,0,91.5,0,,,,,91.5,0,79.9,0.145,74,0.236
651538,9.8,9.8,0,9.8,0,9.8,0,9.8,0,9.8,0,9.8,0,,,9.8,0,9.8,0,9.8,0
651611,70,70,0,70,0,70,0,70,0,70,0,70,0,70,0,70,0,59.9,0.169,55,0.273
651617,,,,,,,,,,,,,,,,,,,,,
651620,10,10,0,,,,,10,0,10,0,,,11.9,-0.16,11.9,-0.16,10.2,-0.0196,9,0.111
651647,16.9,16.9,0,16.9,0,16.9,0,16.9,0,16,0.0562,16,0.0562,16,0.0562,15,0.127,15,0.127,12.5,0.352
651662,48,48,0,48,0,48,0,48,0,,,46,0.0435,46,0.0435,45,0.0667,45,0.0667,30,0.6
651675,32.5,32.5,0,32.5,0,32.5,0,32.5,0,31,0.0484,31,0.0484,31,0.0484,30,0.0833,30,0.0833,22.5,0.444
651681,41,41,0,41,0,41,0,41,0,,,31,0.323,31,0.323,30,0.367,28.5,0.439,23.5,0.745
651737,123,123,0,123,0,123,0,123,0,,,,,79.9,0.539,,,83.5,0.473,83.5,0.473
651772,7,7,0,7,0,7,0,7,0,7,0,7,0,7,0,7,0,6,0.167,5,0.4
651781,65,65,0,65,0,65,0,65,0,65,0,65,0,44.5,0.461,43.5,0.494,43.5,0.494,43.5,0.494
651784,,,,,,,,,,,,,,,,,,,,,
651833,,,,,,,,,,,,,,,,,,,,,
651837,10,10,0,10,0,10,0,10,0,10,0,9.9,0.0101,11.9,-0.16,11.9,-0.16,10.2,-0.0196,9.2,0.087
651850,16,16,0,16,0,16,0,16,0,16,0,16,0,16,0,16,0,16,0,13.5,0.185
651857,6.7,6.7,0,6.7,0,6.7,0,6.7,0,5.8,0.155,5.6,0.196,5.6,0.196,5.6,0.196,5.5,0.218,6,0.117
651862,,,,,,,,,,,,,,,,,,,,,
651865,,,,,,,,,,,,,,,,,,,,,
651867,17.5,17.5,0,17.5,0,17.5,0,17.5,0,17.5,0,17,0.0294,17,0.0294,17,0.0294,15.5,0.129,15.5,0.129
651870,15,15,0,,,15,0,15,0,18.9,-0.206,18.9,-0.206,15.9,-0.0566,21.4,-0.299,20.5,-0.268,19.5,-0.231
651882,69,69,0,69,0,69,0,69,0,69,0,69,0,69,0,69,0,69,0,59.9,0.152
651886,,,,,,,,,,,,,,,,,,,,,
651889,,,,,,,,,,,,,,,,,,,,,
651935,23.5,23.5,0,23.5,0,23.5,0,23.5,0,23.5,0,24.5,-0.0408,29.5,-0.203,33,-0.288,32,-0.266,23,0.0217
651937,33.9,33.9,0,33.9,0,33.9,0,33.9,0,33.9,0,34.9,-0.0287,42.9,-0.21,47.9,-0.292,46.5,-0.271,33,0.0273
651945,,,,,,,,,,,,,,,,,,,,,
651988,51.5,51.5,0,51.5,0,51.5,0,51.5,0,51.5,0,51.5,0,51.5,0,51.5,0,45,0.144,41,0.256
652001,28.1,28.1,0,28.1,0,28.1,0,28.1,0,28.1,0,28.1,0,28.1,0,28.1,0,24.5,0.147,20.5,0.371
652011,28.1,28.1,0,28.1,0,28.1,0,28.1,0,28.1,0,28.1,0,28.1,0,28.1,0,24.5,0.147,20.5,0.371
652030,26,26,0,26,0,26,0,25,0.04,25,0.04,25,0.04,25,0.04,25,0.04,19.9,0.307,22.5,0.156
652118,,,,,,,,,,,,,,,,,,,,,
652152,7.2,7.2,0,7.2,0,7.2,0,7.2,0,7.2,0,7.2,0,7.2,0,7.2,0,6.2,0.161,5.5,0.309
652153,16.9,16.9,0,16.9,0,16.9,0,16.9,0,16.9,0,16.9,0,16.9,0,16.9,0,12.5,0.352,13.5,0.252
652154,86.9,86.9,0,86.9,0,86.9,0,86.9,0,86.9,0,86.9,0,86.9,0,86.9,0,73.5,0.182,66.9,0.299
652155,8,8,0,8,0,8,0,8,0,8,0,8,0,8,0,7.5,0.0667,7.5,0.0667,7,0.143
652158,,,,,,,,,,,,,,,,,,,,,
652164,31.5,31.5,0,31.5,0,31.5,0,31.5,0,31.5,0,31.5,0,31.5,0,33,-0.0455,,,22.5,0.4
652168,15.8,15.8,0,15.8,0,15.8,0,14.5,0.0897,14.5,0.0897,14.5,0.0897,14.5,0.0897,14.5,0.0897,,,,
652170,22,22,0,22,0,22,0,20,0.1,,,20,0.1,20,0.1,20,0.1,17,0.294,17,0.294
652174,15.8,15.8,0,15.8,0,15.8,0,14.5,0.0897,14.5,0.0897,14.5,0.0897,14.5,0.0897,14.5,0.0897,12.5,0.264,12.5,0.264
652178,15.8,15.8,0,15.8,0,15.8,0,14.5,0.0897,14.5,0.0897,14.5,0.0897,14.5,0.0897,14.5,0.0897,12.5,0.264,12.5,0.264
652182,15.8,15.8,0,15.8,0,15.8,0,14.5,0.0897,14.5,0.0897,14.5,0.0897,14.5,0.0897,14.5,0.0897,12.5,0.264,12.5,0.264
652183,15.8,15.8,0,15.8,0,15.8,0,14.5,0.0897,14.5,0.0897,14.5,0.0897,14.5,0.0897,14.5,0.0897,12.5,0.264,12.5,0.264
652187,15.8,15.8,0,15.8,0,15.8,0,14.5,0.0897,14.5,0.0897,14.5,0.0897,14.5,0.0897,,,12.5,0.264,12.5,0.264
652199,155,155,0,155,0,155,0,155,0,155,0,155,0,155,0,155,0,138,0.119,83.5,0.856
652216,204,204,0,204,0,204,0,204,0,204,0,199,0.0251,199,0.0251,289,-0.294,200,0.0205,189,0.0794
652218,55,,,,,,,,,,,,,,,,,,,35.5,0.549
652221,50.5,50.5,0,50.5,0,50.5,0,50.5,0,50.5,0,50.5,0,50.5,0,50.5,0,45.5,0.11,44.5,0.135
652227,44.5,44.5,0,44.5,0,44.5,0,44.5,0,44.5,0,44.5,0,44.5,0,,,,,35,0.271
652304,8,8,0,8,0,8,0,7.5,0.0667,7.5,0.0667,7.5,0.0667,7.5,0.0667,7.5,0.0667,7.5,0.0667,7.5,0.0667
652332,,,,,,,,,,,,,,,,,,,,,
652343,,,,,,,,,,,,,,,,,,,,,
652344,,,,,,,,,,,,,,,,,,,,,
652354,51.5,51.5,0,51.5,0,51.5,0,51.5,0,51.5,0,51.5,0,51.5,0,35,0.471,35,0.471,35,0.471
652357,11,11,0,11,0,11,0,11,0,10.5,0.0476,10.5,0.0476,10.5,0.0476,10.5,0.0476,10.5,0.0476,9.3,0.183
652360,158,158,0,158,0,158,0,158,0,,,158,0,158,0,158,0,130,0.215,,
652367,,,,,,,,,,,,,,,,,,,,,
652376,88,88,0,88,0,88,0,88,0,88,0,88,0,88,0,88,0,72,0.222,,
652474,,,,,,,,,,,,,,,,,,,,,
652485,,,,,,,,,,,,,,,,,,,,,
652486,21,21,0,21,0,21,0,21,0,21,0,16.9,0.243,21,0,21,0,19,0.105,19,0.105
652487,7,7,0,7,0,7,0,7,0,7,0,5.5,0.273,7,0,7,0,6.3,0.111,6.3,0.111
652496,75,75,0,75,0,75,0,75,0,75,0,61.9,0.212,75,0,75,0,41.9,0.79,41,0.829
652508,,,,,,,,,,,,,,,,,,,,,
652509,,,,,,,,,,,,,,,,,,,,,
652530,20.5,20.5,0,20.5,0,20.5,0,20.5,0,20.5,0,17,0.206,20.5,0,20.5,0,19.3,0.0622,18,0.139
652537,20.5,20.5,0,20.5,0,20.5,0,20.5,0,20.5,0,,,,,,,,,,
652538,35,35,0,35,0,35,0,35,0,35,0,28.9,0.211,35,0,35,0,33,0.0606,30.5,0.148
652540,35,35,0,35,0,35,0,35,0,35,0,28.9,0.211,28.9,0.211,35,0,33,0.0606,30.5,0.148
652570,11.5,11.5,0,11.5,0,11.5,0,10,0.15,10,0.15,10,0.15,10,0.15,10,0.15,7.5,0.533,7.5,0.533
652584,22,22,0,22,0,22,0,22,0,22,0,22,0,22,0,22,0,18,0.222,18,0.222
652626,45,45,0,45,0,45,0,45,0,45,0,45,0,47.9,-0.0605,47.9,-0.0605,44.9,0.00223,44.9,0.00223
652682,106,106,0,106,0,106,0,106,0,106,0,106,0,106,0,84,0.261,,,74.9,0.414
652768,69,69,0,69,0,69,0,69,0,69,0,69,0,72.9,-0.0535,72.9,-0.0535,64.9,0.0632,64.9,0.0632
652820,11.5,11.5,0,11.5,0,11.5,0,11.5,0,11.5,0,11.5,0,9.9,0.162,11.3,0.0177,7.5,0.533,7.5,0.533
652846,,,,,,,,,,,,,,,,,,,,,
652848,19.9,19.9,0,19.9,0,19.9,0,19.9,0,19.9,0,,,,,24.9,-0.201,24.9,-0.201,9.9,1.01
652853,,,,,,,,,,,,,,,,,,,,,
652992,34.9,34.9,0,44.9,-0.223,34.5,0.0116,34.5,0.0116,44.9,-0.223,35.5,-0.0169,35.5,-0.0169,36.9,-0.0542,,,31.5,0.108
653000,35,35,0,35,0,35,0,35,0,35,0,28.9,0.211,28.9,0.211,35,0,33,0.0606,30.5,0.148
653001,20.5,20.5,0,20.5,0,20.5,0,20.5,0,20.5,0,17,0.206,20.5,0,20.5,0,19.3,0.0622,18,0.139
653002,35,35,0,35,0,35,0,35,0,35,0,28.9,0.211,28.9,0.211,35,0,33,0.0606,30.5,0.148
653003,20.5,20.5,0,20.5,0,20.5,0,20.5,0,20.5,0,17,0.206,19,0.0789,20.5,0,19.3,0.0622,18,0.139
653011,109,109,0,129,-0.155,129,-0.155,129,-0.155,129,-0.155,125,-0.127,169,-0.355,175,-0.377,150,-0.273,115,-0.0522
653030,18,18,0,18,0,18,0,18,0,17.5,0.0286,17,0.0588,,,17,0.0588,15.5,0.161,15.5,0.161
653046,,,,,,,,,,,,,,,,,,,,,
653073,158,158,0,158,0,158,0,158,0,158,0,158,0,158,0,158,0,132,0.197,118,0.339
653074,,,,,,,,,,,,,,,,,,,,,
653082,76,76,0,76,0,76,0,76,0,76,0,76,0,76,0,76,0,66.5,0.143,,
653122,11,11,0,11,0,11,0,11,0,11,0,11,0,11,0,11,0,11,0,11,0
653142,,,,,,,,,,,,,,,,,,,,,
653150,,,,,,,,,,,,,,,,,,,,,
653151,,,,,,,,,,,,,,,,,,,,,
653164,30,30,0,30,0,30,0,30,0,30,0,30,0,30,0,30,0,26,0.154,26,0.154
653203,11,11,0,11,0,11,0,11,0,11,0,11,0,11,0,11,0,11,0,11,0
653224,4.5,4.5,0,4.5,0,4.5,0,4.5,0,4.5,0,4.5,0,4.5,0,4.5,0,4.5,0,4.5,0
653225,5,5,0,5,0,5,0,5,0,5,0,5,0,5,0,5,0,5,0,5,0
653227,5.5,5.5,0,5.5,0,5.5,0,5.5,0,,,5.5,0,5.5,0,,,4.5,0.222,4.5,0.222
653228,4.5,4.5,0,,,,,4.5,0,4.5,0,4.5,0,4.5,0,4.5,0,4.5,0,4.5,0
653229,4.5,4.5,0,4.5,0,4.5,0,4.5,0,4.5,0,4.5,0,4.5,0,4.5,0,4.5,0,4.5,0
653235,4.5,4.5,0,4.5,0,4.5,0,4.5,0,4.5,0,4.5,0,4.5,0,4.5,0,4.5,0,4.5,0
653239,7.5,7.5,0,7.5,0,7.5,0,7.5,0,7.5,0,7.5,0,7.5,0,,,,,7.5,0
653240,6,6,0,6,0,6,0,6.2,-0.0323,6.2,-0.0323,6.2,-0.0323,6.2,-0.0323,6.2,-0.0323,6.2,-0.0323,5,0.2
653244,6.3,6.3,0,6.3,0,6.3,0,6.3,0,6.3,0,6.3,0,6.3,0,6.3,0,6.3,0,6.3,0
653299,30,30,0,30,0,30,0,30,0,30,0,30,0,30,0,30,0,26,0.154,26,0.154
653312,29.5,29.5,0,29.5,0,29.5,0,29.5,0,29.5,0,29.5,0,29.5,0,25.5,0.157,25.5,0.157,25.5,0.157
653339,,,,,,,,,,,,,,,,,,,,,
653340,,,,,,,,,,,,,,,,,,,,,
653401,,,,,,,,,,,,,,,,,,,,,
653498,25.9,25.9,0,25.9,0,25.9,0,25.9,0,25.9,0,25.9,0,25.9,0,25.9,0,,,17.5,0.48
653515,,,,,,,,,,,,,,,,,,,,,
653532,154,154,0,154,0,154,0,154,0,154,0,154,0,154,0,154,0,157,-0.0197,,
653533,,,,,,,,,,,,,,,,,,,,,
653535,7.5,7.5,0,7.5,0,7.5,0,7.5,0,7.5,0,7.5,0,7.5,0,7.5,0,7.5,0,5.6,0.339
653541,18.5,18.5,0,18.5,0,18.5,0,18.5,0,18.5,0,18.5,0,18.5,0,17.5,0.0571,17.5,0.0571,17.5,0.0571
653587,5,5,0,5,0,5,0,5,0,5,0,5,0,5,0,5,0,5,0,5,0
653592,7.5,7.5,0,7.5,0,7.5,0,7.5,0,7.5,0,7.5,0,7.5,0,7.5,0,7.5,0,7.5,0
653593,28.5,28.5,0,28.5,0,28.5,0,28.5,0,28.5,0,28.5,0,28.5,0,28.5,0,19.9,0.432,16.3,0.748
653595,49.9,49.9,0,49.9,0,49.9,0,49.9,0,49.9,0,49.9,0,49.9,0,49.9,0,39.9,0.251,32.5,0.535
653599,,,,,,,,,,,,,,,,,,,,,
653610,,,,,,,,,,,,,,,,,,,,,
653614,315,315,0,315,0,315,0,315,0,419,-0.248,419,-0.248,419,-0.248,419,-0.248,349,-0.0974,,
653651,178,178,0,178,0,178,0,178,0,178,0,224,-0.205,224,-0.205,224,-0.205,160,0.113,132,0.343
653685,23.5,23.5,0,23.5,0,23.5,0,23.5,0,23.5,0,23.5,0,,,20.5,0.146,20.5,0.146,19.9,0.181
653686,18,18,0,18,0,18,0,18,0,18,0,18,0,25.9,-0.305,25.9,-0.305,,,,
653742,42.5,42.5,0,42.5,0,42.5,0,42.5,0,38,0.118,38,0.118,38,0.118,,,35,0.214,,
653743,42.6,42.6,0,42.6,0,42.6,0,42.6,0,42.6,0,38,0.121,38,0.121,,,35.9,0.187,35.9,0.187
653750,,,,,,,,,,,,,,,,,,,,,
653751,,,,,,,,,,,,,,,,,,,,,
653752,23,23,0,23,0,23,0,23,0,23,0,23,0,23,0,23,0,19.5,0.179,19.5,0.179
653765,93.5,93.5,0,93.5,0,93.5,0,93.5,0,61,0.533,61,0.533,61,0.533,53.5,0.748,50,0.87,46.9,0.994
653766,123,123,0,123,0,123,0,123,0,,,118,0.0468,118,0.0468,110,0.118,110,0.118,77.5,0.587
653767,37.5,37.5,0,37.5,0,37.5,0,37.5,0,,,,,37.5,0,37.5,0,33.5,0.119,33.5,0.119
653782,,,,,,,,,,,,,,,,,,,,,
653828,,,,,,,,,,,,,,,,,,,,,
653840,,,,,,,,,,,,,,,,,,,,,
653841,18.9,18.9,0,18.9,0,18.9,0,18.9,0,,,,,,,,,12.5,0.512,,
653867,3,3,0,3,0,3,0,3,0,3,0,3,0,3,0,3,0,3,0,,
653893,16.9,16.9,0,16.9,0,16.9,0,16.9,0,14.5,0.166,12.9,0.31,14.5,0.166,14.5,0.166,,,,
653933,,,,,,,,,,,,,,,,,,,,,
653934,20.5,20.5,0,20.5,0,20.5,0,20.5,0,20.5,0,17,0.206,20.5,0,19.9,0.0302,17.5,0.171,17,0.206
653964,137,137,0,137,0,137,0,137,0,137,0,137,0,137,0,137,0,,,,
653967,58.5,58.5,0,58.5,0,58.5,0,58.5,0,58.5,0,58.5,0,58.5,0,58.5,0,,,28,1.09
653972,,,,,,,,,,,,,,,,,,,,,
653973,36,36,0,36,0,36,0,36,0,36,0,36,0,,,29,0.241,,,23.5,0.532
653974,36,36,0,36,0,36,0,36,0,36,0,36,0,36,0,,,23.5,0.532,,
653975,32.5,32.5,0,32.5,0,32.5,0,32.5,0,32.5,0,32.5,0,,,,,,,,
653976,32.5,32.5,0,32.5,0,32.5,0,32.5,0,32.5,0,32.5,0,32.5,0,28,0.161,23.5,0.383,23.5,0.383
653977,32.5,32.5,0,32.5,0,32.5,0,32.5,0,32.5,0,,,32.5,0,28,0.161,23.5,0.383,23.5,0.383
653978,32.5,32.5,0,32.5,0,32.5,0,32.5,0,32.5,0,32.5,0,32.5,0,28,0.161,23.5,0.383,23.5,0.383
653979,36,36,0,36,0,36,0,36,0,36,0,36,0,36,0,,,,,,
653980,40.5,40.5,0,40.5,0,40.5,0,40.5,0,40.5,0,40.5,0,40.5,0,,,,,28,0.446
654042,6,6,0,6,0,6,0,6,0,6,0,6,0,6,0,5,0.2,5,0.2,5,0.2
654047,6,6,0,6,0,6,0,6,0,6,0,6,0,6,0,5,0.2,5,0.2,5,0.2
654049,,,,,,,,,,,,,,,,,,,,,
654120,135,135,0,135,0,135,0,135,0,135,0,135,0,135,0,,,,,,
654121,72,72,0,72,0,72,0,72,0,72,0,72,0,72,0,,,,,,
654124,,,,,,,,,,,,,,,,,,,,,
654125,24.5,24.5,0,24.5,0,24.5,0,24.5,0,24.5,0,24.5,0,24.5,0,24.5,0,24,0.0208,18.7,0.31
654126,24.5,24.5,0,,,,,,,24.5,0,24.5,0,24.5,0,24.5,0,24,0.0208,18.7,0.31
654144,,,,,,,,,,,,,,,,,,,,,
654145,,,,,,,,,,,,,,,,,,,,,
654150,26,26,0,26,0,26,0,26,0,26.5,-0.0189,26.5,-0.0189,26.5,-0.0189,26.5,-0.0189,22.5,0.156,22.5,0.156
654151,30.5,30.5,0,30.5,0,30.5,0,30.5,0,30.5,0,30.5,0,30.5,0,30.5,0,26.5,0.151,26.5,0.151
654161,7.5,7.5,0,7.5,0,7.5,0,7.5,0,7.5,0,8,-0.0625,8.8,-0.148,8.8,-0.148,8,-0.0625,7,0.0714
654163,7.5,7.5,0,7.5,0,7.5,0,7.5,0,7.5,0,8,-0.0625,8.8,-0.148,8.8,-0.148,8,-0.0625,7,0.0714
654167,5,5,0,5,0,5,0,5,0,5,0,5,0,5,0,5,0,5,0,4,0.25
654168,5,5,0,5,0,5,0,5,0,5,0,5,0,5,0,5,0,5,0,4,0.25
654169,7.9,7.9,0,7.9,0,7.9,0,7.9,0,7.9,0,7.9,0,7.9,0,7.9,0,7.9,0,5,0.58
654170,5,5,0,5,0,5,0,5,0,5,0,5,0,5,0,5,0,5,0,4,0.25
654171,31,31,0,31,0,31,0,31,0,31,0,31,0,31,0,31,0,31,0,24.5,0.265
654172,10.5,10.5,0,10.5,0,10.5,0,10.5,0,10.5,0,10.5,0,10.5,0,10.5,0,9.4,0.117,,
654173,10,10,0,10,0,10,0,10,0,10,0,10,0,10.5,-0.0476,10.5,-0.0476,9.4,0.0638,8,0.25
654174,10.9,10.9,0,10.9,0,10.9,0,10.9,0,10.9,0,10.9,0,10.9,0,10.9,0,10.9,0,8,0.363
654175,10.9,10.9,0,10.9,0,10.9,0,10.9,0,10.9,0,10.9,0,10.9,0,10.9,0,10.9,0,8,0.363
654176,10.9,10.9,0,10.9,0,10.9,0,10.9,0,10.9,0,10.9,0,10.9,0,10.9,0,10.9,0,8,0.363
654177,,,,,,,,,,,,,,,,,,,,,
654178,10,10,0,10,0,10,0,10,0,10,0,,,,,10,0,,,6.5,0.538
654179,,,,,,,,,,,,,,,,,,,,,
654180,10,10,0,10,0,10,0,10,0,10,0,10,0,10,0,10,0,6.5,0.538,6.5,0.538
654181,6.9,6.9,0,6.9,0,6.9,0,6.9,0,6.9,0,6.9,0,6.9,0,6.9,0,6.9,0,,
654186,17,17,0,17,0,17,0,17,0,17,0,17,0,,,,,,,,
654187,21.5,21.5,0,21.5,0,21.5,0,21.5,0,21.5,0,21.5,0,,,,,,,,
654196,50,50,0,50,0,50,0,50,0,50,0,50,0,50,0,50,0,40.5,0.235,38,0.316
654220,23.5,23.5,0,23.5,0,23.5,0,23.5,0,23.5,0,23.5,0,,,,,,,,
654221,,,,,,,,,,,,,,,,,,,,,
654224,29,29,0,29,0,29,0,29,0,29,0,29,0,,,,,,,,
654231,46.5,46.5,0,46.5,0,46.5,0,46.5,0,46.5,0,46.5,0,46.5,0,46.5,0,,,,
654232,47.7,47.7,0,47.7,0,47.7,0,47.7,0,47.7,0,47.7,0,47.7,0,47.7,0,36,0.325,,
654235,11.9,11.9,0,11.9,0,11.9,0,11.9,0,11.9,0,11.9,0,11.9,0,11.9,0,,,,
654236,11.9,11.9,0,11.9,0,11.9,0,11.9,0,11.9,0,11.9,0,11.9,0,11.9,0,,,,
654253,15.5,15.5,0,15.5,0,15.5,0,15.5,0,15.5,0,15.5,0,15.5,0,15.5,0,15,0.0333,13,0.192
654268,,,,,,,,,,,,,,,,,,,,,
654269,16.2,16.2,0,16.2,0,16.2,0,16.2,0,16.2,0,16.2,0,16.2,0,16.2,0,12.9,0.256,10.9,0.486
654270,38,38,0,38,0,38,0,38,0,38,0,37.9,0.00264,37.9,0.00264,28,0.357,27.4,0.387,27.4,0.387
654278,31.8,31.8,0,31.8,0,23.5,0.353,23.5,0.353,,,,,,,34.4,-0.0756,,,,
654330,98,98,0,98,0,98,0,98,0,98,0,98,0,109,-0.101,109,-0.101,96,0.0208,80,0.225
654331,98,98,0,98,0,98,0,98,0,98,0,98,0,109,-0.101,109,-0.101,96,0.0208,80,0.225
654332,130,130,0,130,0,130,0,130,0,130,0,130,0,140,-0.0714,146,-0.11,124,0.0484,109,0.193
654334,76,76,0,76,0,76,0,76,0,76,0,76,0,,,80,-0.05,71,0.0704,65,0.169
654354,61.5,61.5,0,61.5,0,61.5,0,61.5,0,61.5,0,61.5,0,61.5,0,61.5,0,57.5,0.0696,38,0.618
654377,,,,,,,,,,,,,,,,,,,,,
654386,,,,,,,,,,,,,,,,,,,,,
654390,16,16,0,16,0,16,0,16,0,16,0,16,0,16,0,16,0,13,0.231,13,0.231
654391,61.5,61.5,0,61.5,0,61.5,0,61.5,0,61.5,0,61.5,0,61.5,0,66.1,-0.0696,66.1,-0.0696,52.4,0.174
654399,43.1,43.1,0,43.1,0,43.1,0,43.1,0,43.1,0,43.1,0,34,0.268,,,,,,
654407,59.4,59.4,0,59.4,0,59.4,0,59.4,0,59.4,0,59.4,0,59.4,0,64.5,-0.0791,64.5,-0.0791,51,0.165
654527,11.9,11.9,0,11.9,0,11.9,0,11.9,0,11.5,0.0348,,,,,,,,,,
654528,79,79,0,79,0,79,0,79,0,,,,,,,,,,,,
654530,56,56,0,56,0,41.9,0.337,41.9,0.337,56,0,69.9,-0.199,69.9,-0.199,52,0.0769,36,0.556,40.1,0.397
654536,24.9,24.9,0,24.9,0,24.9,0,24.9,0,24.9,0,,,,,,,,,,
654545,65.8,65.8,0,65.8,0,65.8,0,65.8,0,65.8,0,65.8,0,65.8,0,70,-0.06,70,-0.06,54.9,0.199
654549,40.5,40.5,0,40.5,0,40.5,0,40.5,0,40.5,0,40.5,0,40.5,0,43.6,-0.0711,43.6,-0.0711,34,0.191
654576,,,,,,,,,,,,,,,,,,,,,
654591,,,,,,,,,,,,,,,,,,,,,
654613,27.9,27.9,0,27.9,0,27.9,0,31.9,-0.125,31.9,-0.125,34.9,-0.201,41,-0.32,39.9,-0.301,29,-0.0379,24.5,0.139
654619,43.1,43.1,0,43.1,0,43.1,0,43.1,0,43.1,0,43.1,0,43.1,0,43.1,0,35.6,0.211,35.5,0.214
654627,35.2,35.2,0,35.2,0,35.2,0,35.2,0,35.2,0,35.2,0,35.2,0,35.2,0,,,29.8,0.181
654630,28.2,28.2,0,28.2,0,28.2,0,28.2,0,28.2,0,28.2,0,28.2,0,28.2,0,21.8,0.294,20.8,0.356
654631,33,33,0,33,0,33,0,33,0,33,0,33,0,33,0,33,0,28.1,0.174,,
654636,33,33,0,33,0,33,0,33,0,33,0,33,0,33,0,33,0,28.1,0.174,25,0.32
654637,27.9,27.9,0,27.9,0,27.9,0,31.9,-0.125,31.9,-0.125,34.9,-0.201,39.9,-0.301,39.9,-0.301,29,-0.0379,24.5,0.139
654641,,,,,,,,,,,,,,,,,,,,,
654648,156,156,0,156,0,156,0,156,0,156,0,,,,,,,,,,
654672,,,,,,,,,,,,,,,,,,,,,
654676,,,,,,,,,,,,,,,,,,,,,
654701,20.2,29.5,-0.315,29.5,-0.315,29.5,-0.315,29.5,-0.315,29.5,-0.315,19,0.0632,29.5,-0.315,30.5,-0.338,29.9,-0.324,23,-0.122
654708,11,15,-0.267,15,-0.267,15,-0.267,15,-0.267,15,-0.267,15,-0.267,15,-0.267,15,-0.267,13,-0.154,8.9,0.236
654742,,,,,,,,,,,,,,,,,,,,,
654783,13.2,13.2,0,13.2,0,13.2,0,13.2,0,13.2,0,13.2,0,13.2,0,,,,,,
654817,36.9,36.9,0,36.9,0,36.9,0,36.9,0,36.9,0,36.9,0,46.9,-0.213,46.9,-0.213,34,0.0853,29,0.272
654831,4,4,0,4,0,4,0,4,0,4,0,4,0,4,0,,,,,,
654838,4,4,0,4,0,4,0,4,0,4,0,4,0,4,0,,,,,2.5,0.6
654851,57,57,0,57,0,57,0,57,0,57,0,61.4,-0.0717,61.4,-0.0717,81.9,-0.304,65.7,-0.132,65.7,-0.132
654913,106,106,0,106,0,106,0,106,0,106,0,106,0,106,0,106,0,,,,
654914,96,96,0,96,0,96,0,96,0,96,0,96,0,96,0,96,0,76,0.263,,
654921,,,,,,,,,,,,,,,,,,,,,
654922,71,71,0,71,0,71,0,71,0,71,0,71,0,71,0,71,0,62,0.145,62,0.145
654923,71,71,0,71,0,71,0,71,0,71,0,71,0,,,71,0,62.6,0.134,,
654924,75.7,95,-0.203,95,-0.203,95,-0.203,95,-0.203,95,-0.203,95,-0.203,95,-0.203,,,75.1,0.00799,,
654925,95,95,0,95,0,95,0,95,0,95,0,95,0,95,0,,,75.1,0.265,,
654937,,,,,,,,,,,,,,,,,,,,,
654945,47.5,47.5,0,47.5,0,47.5,0,47.5,0,47.5,0,47.5,0,47.5,0,51,-0.0686,51,-0.0686,39.9,0.19
654946,59.1,59.1,0,59.1,0,59.1,0,59.1,0,59.1,0,59.1,0,59.1,0,63.6,-0.0708,63.6,-0.0708,49.8,0.187
654947,24.9,24.9,0,24.9,0,24.9,0,27.9,-0.108,27.9,-0.108,27.9,-0.108,33,-0.245,33,-0.245,24,0.0375,21.5,0.158
654948,46.8,46.8,0,46.8,0,46.8,0,46.8,0,46.8,0,49.9,-0.0621,49.9,-0.0621,56,-0.164,45,0.04,37,0.265
654951,46.8,46.8,0,46.8,0,46.8,0,46.8,0,46.8,0,49.9,-0.0621,49.9,-0.0621,56,-0.164,45,0.04,37,0.265
654957,19.9,19.9,0,19.9,0,18.9,0.0529,16.5,0.206,,,,,,,,,,,,
654961,19.9,19.9,0,19.9,0,19.9,0,19.9,0,19.9,0,19.9,0,19.9,0,19.9,0,14.9,0.336,,
654963,16.1,19.9,-0.191,19.9,-0.191,19.9,-0.191,19.9,-0.191,19.9,-0.191,19.9,-0.191,19.9,-0.191,19.9,-0.191,14.9,0.0805,,
654964,30,30,0,30,0,30,0,30,0,30,0,30,0,30,0,30,0,24.3,0.235,22.5,0.333
654966,30,30,0,30,0,30,0,30,0,30,0,30,0,30,0,30,0,24.3,0.235,23.9,0.255
654967,30,30,0,30,0,30,0,30,0,30,0,30,0,30,0,30,0,24.3,0.235,22,0.364
654968,30,30,0,30,0,30,0,30,0,30,0,30,0,30,0,30,0,24.3,0.235,23.9,0.255
654969,30,30,0,30,0,30,0,30,0,30,0,30,0,30,0,30,0,24.3,0.235,23.9,0.255
654970,29.6,29.6,0,29.6,0,28.7,0.0314,24.5,0.208,29.6,0,29.6,0,29.6,0,34.1,-0.132,23.4,0.265,20.4,0.451
654972,,,,,,,,,,,,,,,,,,,,,
654974,,,,,,,,,,,,,,,,,,,,,
655019,,,,,,,,,,,,,,,,,,,,,
655052,,,,,,,,,,,,,,,,,,,,,
655058,,,,,,,,,,,,,,,,,,,,,
655088,17.6,20.7,-0.15,20.7,-0.15,20.7,-0.15,20.7,-0.15,20.7,-0.15,20.7,-0.15,20.7,-0.15,20.7,-0.15,18.3,-0.0383,18.3,-0.0383
655093,42.9,42.9,0,42.9,0,42.9,0,42.9,0,42.9,0,42.9,0,42.9,0,46,-0.0674,46,-0.0674,36.5,0.175
655133,31.9,37,-0.138,37,-0.138,37,-0.138,37,-0.138,37,-0.138,37,-0.138,40,-0.203,39.9,-0.201,36,-0.114,33,-0.0333
655144,32.7,32.7,0,32.7,0,32.7,0,32.7,0,32.7,0,32.7,0,32.7,0,39,-0.162,32.7,0,32.7,0
655161,55,55,0,55,0,55,0,55,0,55,0,55,0,,,55,0,47,0.17,46.5,0.183
655162,11.4,11.4,0,11.4,0,11.4,0,11.4,0,11.4,0,11.4,0,,,11.4,0,9.5,0.2,9.5,0.2
655173,72,72,0,72,0,72,0,72,0,72,0,72,0,72,0,72,0,60,0.2,54.5,0.321
655181,,,,,,,,,,,,,,,,,,,,,
655189,39.9,39.9,0,39.9,0,39.9,0,39.9,0,39.9,0,29.9,0.334,39.9,0,39.9,0,29.3,0.362,25.9,0.541
655198,25,25,0,25,0,25,0,25,0,25,0,25,0,25,0,21,0.19,21,0.19,21,0.19
655226,,,,,,,,,,,,,,,,,,,,,
655227,,,,,,,,,,,,,,,,,,,,,
655229,,,,,,,,,,,,,,,,,,,,,
655239,,,,,,,,,,,,,,,,,,,,,
655240,91,91,0,91,0,91,0,91,0,91,0,91,0,91,0,85.2,0.0681,85.2,0.0681,85.2,0.0681
655253,47,47,0,47,0,47,0,47,0,47,0,46.9,0.00213,46.9,0.00213,50.9,-0.0766,30,0.567,27.4,0.715
655255,,,,,,,,,,,,,,,,,,,,,
655268,,,,,,,,,,,,,,,,,,,,,
655306,,,,,,,,,,,,,,,,,,,,,
655307,,,,,,,,,,,,,,,,,,,,,
655308,,,,,,,,,,,,,,,,,,,,,
655315,,,,,,,,,,,,,,,,,,,,,
655323,15.5,15.5,0,15.5,0,15.5,0,15.5,0,15.5,0,15.5,0,15.5,0,12.5,0.24,13.5,0.148,13,0.192
655328,36,36,0,36,0,36,0,36,0,36,0,36,0,36,0,36,0,27.5,0.309,27.5,0.309
655329,36,36,0,36,0,36,0,36,0,36,0,36,0,36,0,36,0,27.5,0.309,27.5,0.309
655330,33.5,33.5,0,33.5,0,33.5,0,33.5,0,33.5,0,33.5,0,33.5,0,33.5,0,31,0.0806,31,0.0806
655337,13,13,0,13,0,13,0,13,0,13,0,13,0,13,0,13,0,13,0,9.9,0.313
655364,16,16,0,16,0,16,0,16,0,15.5,0.0323,15.5,0.0323,15.5,0.0323,15.5,0.0323,13,0.231,13,0.231
655386,,,,,,,,,,,,,,,,,,,,,
655387,,,,,,,,,,,,,,,,,,,,,
655399,,,,,,,,,,,,,,,,,,,,,
655417,15,15,0,15,0,15,0,15,0,15,0,,,,,,,,,,
655419,180,180,0,180,0,180,0,180,0,180,0,,,,,169,0.0645,150,0.2,150,0.2
655426,65,65,0,65,0,65,0,65,0,65,0,65,0,59.9,0.0851,59.9,0.0851,55.9,0.163,55.9,0.163
655427,,,,,,,,,,,,,,,,,,,,,
655434,,,,,,,,,,,,,,,,,,,,,
655435,12,12,0,12,0,12,0,12,0,12,0,12,0,12,0,12,0,9.9,0.212,12,0
655436,3,3,0,3,0,3,0,3,0,3,0,3,0,,,3,0,3,0,3,0
655475,92.5,92.5,0,92.5,0,92.5,0,92.5,0,92.5,0,92.5,0,92.5,0,90,0.0278,75,0.233,,
655476,96,96,0,96,0,96,0,96,0,,,96,0,96,0,96,0,87.5,0.0971,87.5,0.0971
655477,45,45,0,45,0,45,0,45,0,45,0,45,0,45,0,42.5,0.0588,37.5,0.2,,
655487,40.5,40.5,0,40.5,0,40.5,0,40.5,0,40.5,0,40.5,0,40.5,0,40.5,0,39.5,0.0253,,
655488,40.5,40.5,0,40.5,0,40.5,0,40.5,0,40.5,0,40.5,0,40.5,0,40.5,0,39.5,0.0253,,
655489,40.5,40.5,0,40.5,0,40.5,0,40.5,0,40.5,0,40.5,0,40.5,0,40.5,0,39.5,0.0253,,
655490,40.5,40.5,0,40.5,0,40.5,0,40.5,0,40.5,0,40.5,0,40.5,0,40.5,0,39.5,0.0253,,
655491,40.5,40.5,0,40.5,0,40.5,0,40.5,0,40.5,0,40.5,0,40.5,0,40.5,0,39.5,0.0253,31,0.306
655492,40.5,40.5,0,40.5,0,40.5,0,40.5,0,40.5,0,40.5,0,40.5,0,40.5,0,39.5,0.0253,,
655493,43.5,43.5,0,43.5,0,43.5,0,43.5,0,43.5,0,43.5,0,43.5,0,,,22.5,0.933,17.5,1.49
655495,,,,,,,,,,,,,,,,,,,,,
655502,114,114,0,114,0,,,,,114,0,,,114,0,,,,,65,0.754
655505,34.5,34.5,0,34.5,0,34.5,0,34.5,0,34.5,0,34.5,0,34.5,0,,,22.5,0.533,17.5,0.971
655508,,,,,,,,,,,,,,,,,,,,,
655509,68.5,68.5,0,68.5,0,68.5,0,68.5,0,68.5,0,68.5,0,68.5,0,68.5,0,45.5,0.505,34.5,0.986
655511,98,98,0,98,0,98,0,98,0,98,0,98,0,98,0,,,,,51.5,0.903
655512,46.5,46.5,0,46.5,0,46.5,0,46.5,0,46.5,0,46.5,0,46.5,0,46.5,0,32.5,0.431,25,0.86
655518,46.5,46.5,0,46.5,0,46.5,0,46.5,0,46.5,0,46.5,0,46.5,0,46.5,0,32.5,0.431,25,0.86
655519,98,98,0,98,0,98,0,98,0,,,,,,,,,65.5,0.496,51.5,0.903
655523,,,,,,,,,,,,,,,,,,,,,
655533,74.5,74.5,0,74.5,0,74.5,0,74.5,0,74.5,0,74.5,0,74.5,0,74.5,0,48.5,0.536,38.5,0.935
655536,36,36,0,36,0,36,0,36,0,30,0.2,30,0.2,,,27.5,0.309,15.5,1.32,14,1.57
655537,55,55,0,55,0,55,0,55,0,55,0,55,0,55,0,55,0,33,0.667,32,0.719
655538,33.5,33.5,0,33.5,0,33.5,0,33.5,0,33.5,0,33.5,0,33.5,0,33.5,0,25,0.34,24,0.396
655539,13.5,13.5,0,13.5,0,13.5,0,13.5,0,13.5,0,13.5,0,13.5,0,13.5,0,10,0.35,,
655540,38.5,38.5,0,38.5,0,38.5,0,38.5,0,38.5,0,38.5,0,38.5,0,38.5,0,32.5,0.185,31,0.242
655594,,,,,,,,,,,,,,,,,,,,,
655595,25,25,0,25,0,22.5,0.111,22.5,0.111,22.5,0.111,22.5,0.111,22.5,0.111,21,0.19,21,0.19,21,0.19
655596,18.5,18.5,0,18.5,0,18.5,0,18.5,0,18.5,0,17.5,0.0571,17.5,0.0571,17.5,0.0571,16.9,0.0947,16.9,0.0947
655597,18.5,18.5,0,18.5,0,18.5,0,18.5,0,18.5,0,17.5,0.0571,17.5,0.0571,17.5,0.0571,16.5,0.121,16.5,0.121
655598,18.5,18.5,0,18.5,0,18.5,0,18.5,0,18.5,0,17.5,0.0571,17.5,0.0571,17.5,0.0571,16.5,0.121,16.5,0.121
655599,18.5,18.5,0,18.5,0,18.5,0,18.5,0,18.5,0,18.5,0,18.5,0,,,16.9,0.0947,16.9,0.0947
655600,12.5,12.5,0,12.5,0,12.5,0,12.5,0,12.5,0,12.5,0,12.5,0,12.5,0,9,0.389,9,0.389
655601,9.5,9.5,0,,,,,9.5,0,9.5,0,8.9,0.0674,8.9,0.0674,8.9,0.0674,8,0.188,8,0.188
655602,11,11,0,,,11,0,11,0,11,0,11,0,11,0,11,0,10,0.1,10,0.1
655603,12.5,12.5,0,12.5,0,12.5,0,12.5,0,12.5,0,12.5,0,12.5,0,12.5,0,11,0.136,11,0.136
655646,79.9,79.9,0,79.9,0,79.9,0,79.9,0,79.9,0,79.9,0,79.9,0,79.9,0,79.9,0,77,0.0377
655661,48.5,48.5,0,48.5,0,48.5,0,48.5,0,48.5,0,48.5,0,48.5,0,48.5,0,33.5,0.448,25.5,0.902
655663,28.5,28.5,0,28.5,0,28.5,0,28.5,0,,,28.5,0,28.5,0,28.5,0,20.5,0.39,,
655689,6.9,6.9,0,6.9,0,6.9,0,6.9,0,6.9,0,6.9,0,6.9,0,6.9,0,6.5,0.0615,6,0.15
655721,24,24,0,24,0,24,0,22,0.0909,22,0.0909,22,0.0909,22,0.0909,24,0,19.5,0.231,19,0.263
655722,21.5,21.5,0,21.5,0,21.5,0,21.5,0,21.5,0,21.5,0,21.5,0,21.5,0,17.5,0.229,17.5,0.229
655723,21.5,21.5,0,21.5,0,21.5,0,21.5,0,21.5,0,21.5,0,21.5,0,21.5,0,17.5,0.229,17.5,0.229
655724,,,,,,,,,,,,,,,,,,,,,
655738,91,91,0,91,0,91,0,91,0,91,0,91,0,91,0,104,-0.121,83.5,0.0898,72.5,0.255
655739,,,,,,,,,,,,,,,,,,,,,
655740,,,,,,,,,,,,,,,,,,,,,
655742,7.5,7.5,0,7.5,0,7.5,0,7.5,0,7.5,0,7.5,0,7.5,0,7.5,0,6,0.25,4.5,0.667
655755,,,,,,,,,,,,,,,,,,,,,
655759,,,,,,,,,,,,,,,,,,,,,
655764,,,,,,,,,,,,,,,,,,,,,
655800,,,,,,,,,,,,,,,,,,,,,
655801,,,,,,,,,,,,,,,,,,,,,
655807,,,,,,,,,,,,,,,,,,,,,
655809,,,,,,,,,,,,,,,,,,,,,
655816,25,25,0,25,0,25,0,22.5,0.111,22.5,0.111,22.5,0.111,22.5,0.111,,,,,,
655819,7.5,7.5,0,7.5,0,6.4,0.172,6.4,0.172,7.5,0,7.5,0,7.5,0,7.5,0,6.5,0.154,5.6,0.339
655864,42.6,42.6,0,42.6,0,42.6,0,42.6,0,42.6,0,38,0.121,38,0.121,,,35.9,0.187,35.9,0.187
655876,,,,,,,,,,,,,,,,,,,,,
655879,15,15,0,15,0,15,0,15,0,15,0,15,0,15,0,15,0,,,,
655881,18.9,18.9,0,18.9,0,18.9,0,18.9,0,18.9,0,18.9,0,18.9,0,18.9,0,,,,
655882,18.9,18.9,0,18.9,0,18.9,0,18.9,0,18.9,0,18.9,0,18.9,0,18.9,0,18.9,0,,
655883,18.9,18.9,0,18.9,0,18.9,0,18.9,0,18.9,0,18.9,0,18.9,0,18.9,0,18.9,0,15,0.26
655884,18.9,18.9,0,18.9,0,18.9,0,18.9,0,18.9,0,18.9,0,18.9,0,18.9,0,18.9,0,,
655885,18.9,18.9,0,18.9,0,18.9,0,18.9,0,18.9,0,18.9,0,18.9,0,18.9,0,18.9,0,,
655886,18.9,18.9,0,18.9,0,18.9,0,18.9,0,18.9,0,18.9,0,18.9,0,18.9,0,18.9,0,15,0.26
655887,18.9,18.9,0,18.9,0,18.9,0,18.9,0,18.9,0,18.9,0,18.9,0,,,,,,
655888,40.5,40.5,0,40.5,0,40.5,0,40.5,0,40.5,0,40.5,0,40.5,0,40.5,0,39.5,0.0253,,
655891,6,6,0,6,0,6,0,6,0,6,0,6,0,6,0,,,,,5,0.2
655893,24,24,0,24,0,24,0,24,0,24,0,24,0,24,0,24,0,18.9,0.27,18.9,0.27
655895,,,,,,,,,,,,,,,,,,,,,
655897,10.5,10.5,0,10.5,0,10.5,0,10.5,0,10.5,0,10.5,0,11,-0.0455,,,9,0.167,9,0.167
655902,165,165,0,190,-0.132,190,-0.132,190,-0.132,190,-0.132,190,-0.132,190,-0.132,160,0.0319,138,0.2,138,0.2
655929,21.9,21.9,0,21.9,0,21.9,0,21.9,0,21.9,0,21.9,0,21.9,0,21.9,0,,,,
655930,,,,,,,,,,,,,,,,,,,,,
655931,49,49,0,49,0,49,0,49,0,49,0,49,0,49,0,49,0,46,0.0652,35.5,0.38
655933,49,49,0,,,,,,,49,0,49,0,49,0,49,0,44,0.114,33.5,0.463
655935,41.5,41.5,0,41.5,0,41.5,0,41.5,0,41.5,0,41.5,0,41.5,0,41.5,0,37.5,0.107,25,0.66
655939,43.9,43.9,0,43.9,0,43.9,0,43.9,0,43.9,0,43.9,0,43.9,0,,,,,,
655948,19.5,19.5,0,19.5,0,19.5,0,16.5,0.182,16.5,0.182,16.5,0.182,16.5,0.182,16.5,0.182,16.5,0.182,16.5,0.182
655952,33.9,33.9,0,33.9,0,33.9,0,33.9,0,33.9,0,33.9,0,33.9,0,33.9,0,23.9,0.418,22,0.541
655962,235,235,0,235,0,235,0,235,0,235,0,235,0,235,0,235,0,150,0.567,150,0.567
655963,235,235,0,235,0,235,0,235,0,235,0,235,0,235,0,235,0,155,0.517,155,0.517
655972,,,,,,,,,,,,,,,,,,,,,
655973,,,,,,,,,,,,,,,,,,,,,
655976,20.5,20.5,0,20.5,0,20.5,0,17.5,0.171,17.5,0.171,17.5,0.171,17.5,0.171,17.5,0.171,17.5,0.171,17.5,0.171
655977,21.5,21.5,0,21.5,0,21.5,0,19.5,0.103,19.5,0.103,19.5,0.103,19.5,0.103,19.5,0.103,19.5,0.103,19.5,0.103
655979,21,21,0,21,0,21,0,21,0,21,0,21,0,21,0,21,0,19.5,0.0769,,
655981,10.5,10.5,0,10.5,0,10.5,0,10.5,0,10.5,0,10.5,0,10.5,0,10.5,0,10.5,0,,
655982,9.2,9.2,0,9.2,0,9.2,0,9.2,0,9.2,0,9.2,0,9.2,0,9.2,0,9.2,0,9.2,0
655984,23,23,0,23,0,23,0,23,0,23,0,23,0,,,,,22.5,0.0222,22.5,0.0222
655985,21,21,0,21,0,21,0,21,0,21,0,21,0,21,0,21,0,20,0.05,20,0.05
655986,52.3,52.3,0,52.3,0,52.3,0,52.3,0,52.3,0,45,0.162,45,0.162,,,35.9,0.457,,
656002,,,,,,,,,,,,,,,,,,,,,
656011,,,,,,,,,,,,,,,,,,,,,
656015,86.1,86.1,0,86.1,0,86.1,0,86.1,0,86.1,0,86.1,0,,,92.5,-0.0692,92.5,-0.0692,73.4,0.173
656016,2.5,2.5,0,2.5,0,2.5,0,2.5,0,2.5,0,2.5,0,2.5,0,2.5,0,2.5,0,2,0.25
656017,16,16,0,16,0,16,0,16,0,16,0,16,0,16,0,16,0,14.8,0.0811,12.5,0.28
656025,,,,,,,,,,,,,,,,,,,,,
656032,110,110,0,110,0,,,,,,,110,0,,,,,,,,
656033,24.4,24.4,0,24.4,0,24.4,0,24.4,0,24.4,0,24.4,0,24.4,0,24.4,0,18.7,0.305,18.7,0.305
656034,69.2,69.2,0,69.2,0,69.2,0,69.2,0,,,69.2,0,,,69.2,0,44.8,0.545,44.8,0.545
656039,,,,,,,,,,,,,,,,,,,,,
656042,,,,,,,,,,,,,,,,,,,,,
656046,,,,,,,,,,,,,,,,,,,,,
656062,,,,,,,,,,,,,,,,,,,,,
656065,40,40,0,40,0,40,0,40,0,40,0,39.9,0.00251,39.9,0.00251,39.9,0.00251,29.3,0.365,29.3,0.365
656069,22.4,22.4,0,22.4,0,22.4,0,22.4,0,22.4,0,22.4,0,22.4,0,22.4,0,18.7,0.198,18.7,0.198
656070,57,57,0,57,0,57,0,57,0,,,57,0,57,0,57,0,43.4,0.313,,
656071,69.2,69.2,0,69.2,0,69.2,0,69.2,0,69.2,0,69.2,0,69.2,0,,,,,46.6,0.485
656072,,,,,,,,,,,,,,,,,,,,,
656073,10,10,0,10,0,10,0,10,0,10,0,10,0,10,0,10,0,6.5,0.538,6.5,0.538
656088,37,37,0,37,0,37,0,37,0,37,0,41.9,-0.117,41.9,-0.117,41.9,-0.117,27.5,0.345,24.5,0.51
656106,22.5,22.5,0,22.5,0,26,-0.135,26,-0.135,36,-0.375,36,-0.375,36,-0.375,36,-0.375,30.5,-0.262,21.5,0.0465
656114,,,,,,,,,,,,,,,,,,,,,
656144,32,32,0,32,0,32,0,32,0,32,0,32,0,32,0,32,0,28,0.143,26,0.231
656150,,,,,,,,,,,,,,,,,,,,,
656153,32.7,32.7,0,32.7,0,32.7,0,32.7,0,32.7,0,32.7,0,32.7,0,39,-0.162,32.7,0,32.7,0
656154,5.6,5.6,0,5.6,0,5.6,0,5.6,0,5.6,0,5.6,0,5.6,0,5.6,0,5.6,0,4.6,0.217
656155,,,,,,,,,,,,,,,,,,,,,
656156,,,,,,,,,,,,,,,,,,,,,
656169,28.9,28.9,0,28.9,0,28.9,0,35.4,-0.184,35.4,-0.184,27.5,0.0509,35.4,-0.184,39.8,-0.274,37.5,-0.229,29.9,-0.0334
656173,,,,,,,,,,,,,,,,,,,,,
656179,,,,,,,,,,,,,,,,,,,,,
656190,86,86,0,86,0,86,0,86,0,86,0,86,0,86,0,86,0,76,0.132,65,0.323
656217,47,47,0,47,0,47,0,47,0,47,0,46.9,0.00213,46.9,0.00213,78,-0.397,36.1,0.302,29.5,0.593
656225,,,,,,,,,,,,,,,,,,,,,
656255,52.2,47.7,0.0943,47.7,0.0943,47.7,0.0943,47.7,0.0943,47.7,0.0943,47.7,0.0943,47.7,0.0943,42.7,0.222,40.3,0.295,37.6,0.387
656256,37.7,34.8,0.0833,34.8,0.0833,34.8,0.0833,34.8,0.0833,34.8,0.0833,34.8,0.0833,34.8,0.0833,32,0.178,30.2,0.248,28.2,0.336
656257,52.2,47.7,0.0943,47.7,0.0943,47.7,0.0943,47.7,0.0943,47.7,0.0943,47.7,0.0943,47.7,0.0943,42.7,0.222,40.3,0.295,37.6,0.387
656259,37.7,34.8,0.0833,34.8,0.0833,34.8,0.0833,34.8,0.0833,34.8,0.0833,34.8,0.0833,34.8,0.0833,32,0.178,30.2,0.248,28.2,0.336
656271,58,53.1,0.0923,53.1,0.0923,53.1,0.0923,53.1,0.0923,53.1,0.0923,53.1,0.0923,53.1,0.0923,45.9,0.264,43.3,0.34,37.6,0.541
656272,41.5,38.5,0.0779,38.5,0.0779,38.5,0.0779,38.5,0.0779,38.5,0.0779,38.5,0.0779,38.5,0.0779,34.4,0.206,32.4,0.281,28.2,0.471
656273,52.2,47.7,0.0943,47.7,0.0943,47.7,0.0943,47.7,0.0943,47.7,0.0943,47.7,0.0943,47.7,0.0943,42.7,0.222,40.3,0.295,37.6,0.387
656274,37.7,34.8,0.0833,34.8,0.0833,34.8,0.0833,34.8,0.0833,34.8,0.0833,34.8,0.0833,34.8,0.0833,32,0.178,30.2,0.248,28.2,0.336
656275,61.9,57.8,0.0709,57.8,0.0709,57.8,0.0709,57.8,0.0709,57.8,0.0709,57.8,0.0709,57.8,0.0709,52.7,0.175,49.7,0.245,46.5,0.333
656294,,,,,,,,,,,,,,,,,,,,,
656299,34.6,34.6,0,34.6,0,34.6,0,34.6,0,34.6,0,34.6,0,34.6,0,38.3,-0.0966,38.3,-0.0966,29,0.193
656309,25.2,25.2,0,25.2,0,21.5,0.172,21.5,0.172,25.2,0,25.2,0,20,0.26,26,-0.0308,24,0.05,21.5,0.172
656314,14.9,14.9,0,14.9,0,15,-0.00667,15,-0.00667,15,-0.00667,14.9,0,14.9,0,14.9,0,14.9,0,12,0.242
656357,23,23,0,23,0,23,0,22.5,0.0222,22.5,0.0222,22.5,0.0222,22.5,0.0222,22.5,0.0222,20,0.15,18.8,0.223
656371,45,45,0,45,0,45,0,45,0,45,0,51,-0.118,51,-0.118,53,-0.151,43,0.0465,36,0.25
656373,45,45,0,45,0,45,0,45,0,45,0,51,-0.118,51,-0.118,53,-0.151,43,0.0465,36,0.25
656375,45,45,0,45,0,45,0,45,0,45,0,51,-0.118,51,-0.118,53,-0.151,43,0.0465,36,0.25
656379,,,,,,,,,,,,,,,,,,,,,
656389,,,,,,,,,,,,,,,,,,,,,
656392,,,,,,,,,,,,,,,,,,,,,
656393,30,30,0,30,0,30,0,30,0,30,0,30,0,30,0,,,25,0.2,25,0.2
656394,38,38,0,38,0,38,0,38,0,38,0,38,0,38,0,38,0,33.8,0.124,33.8,0.124
656410,50,62,-0.194,62,-0.194,50,0,50,0,50,0,62,-0.194,62,-0.194,60,-0.167,49,0.0204,40.7,0.229
656417,16,21,-0.238,21,-0.238,15.9,0.00629,15.9,0.00629,21,-0.238,21,-0.238,14,0.143,21,-0.238,16,0,18,-0.111
656419,,,,,,,,,,,,,,,,,,,,,
656429,7,7,0,7,0,7,0,7,0,7,0,7,0,7,0,7,0,5.5,0.273,5.5,0.273
656430,7,7,0,7,0,7,0,7,0,7,0,7,0,7,0,7,0,5.5,0.273,5.5,0.273
656433,6.5,6.5,0,6.5,0,6.5,0,6.5,0,6.5,0,6.5,0,6.5,0,5,0.3,5,0.3,4.7,0.383
656434,42,42,0,42,0,33,0.273,33,0.273,36,0.167,36,0.167,32,0.312,,,,,,
656437,93,93,0,93,0,93,0,93,0,93,0,93,0,93,0,93,0,80,0.163,70,0.329
656444,4.8,4.8,0,4.8,0,4.8,0,4.8,0,4.8,0,4.6,0.0435,4.6,0.0435,4.6,0.0435,4,0.2,3.7,0.297
656445,4.8,4.8,0,4.8,0,4.8,0,4.8,0,4.8,0,4.6,0.0435,4.6,0.0435,4.6,0.0435,4,0.2,3.7,0.297
656446,4.8,4.8,0,4.8,0,4.8,0,4.8,0,4.8,0,4.6,0.0435,4.6,0.0435,4.6,0.0435,,,,
656476,,,,,,,,,,,,,,,,,,,,,
656494,4.8,4.8,0,4.8,0,4.8,0,4.8,0,4.8,0,4.6,0.0435,4.6,0.0435,4.6,0.0435,,,,
656497,68.5,68.5,0,68.5,0,68.5,0,68.5,0,,,68.5,0,68.5,0,,,,,,
656498,68.5,68.5,0,68.5,0,68.5,0,68.5,0,,,,,,,,,56,0.223,,
656510,26,26,0,26,0,26,0,26,0,26,0,26,0,26,0,,,22.9,0.135,22.9,0.135
656513,106,119,-0.11,119,-0.11,119,-0.11,119,-0.11,119,-0.11,119,-0.11,119,-0.11,119,-0.11,101,0.0485,99,0.0697
656525,,,,,,,,,,,,,,,,,,,,,
656532,17,17,0,17,0,17,0,17,0,17,0,17,0,16.6,0.0241,15.7,0.0828,15.2,0.118,14.7,0.156
656533,28.4,28.4,0,28.4,0,28.4,0,28.4,0,28.4,0,28.4,0,27.6,0.029,25.9,0.0965,24.8,0.145,23.8,0.193
656534,6.5,6.5,0,6.5,0,6.5,0,6.5,0,6.5,0,6.5,0,6.5,0,6.5,0,6.5,0,5.3,0.226
656535,16.3,16.3,0,16.3,0,16.3,0,16.3,0,16.3,0,16.3,0,15.9,0.0252,15,0.0867,14.5,0.124,14,0.164
656536,28.4,28.4,0,28.4,0,28.4,0,28.4,0,28.4,0,28.4,0,27.6,0.029,25.9,0.0965,24.8,0.145,23.8,0.193
656563,,,,,,,,,,,,,,,,,,,,,
656564,,,,,,,,,,,,,,,,,,,,,
656567,2.2,2.2,0,2.2,0,2.2,0,2.2,0,2.2,0,2.2,0,2.2,0,2.2,0,1.8,0.222,2.5,-0.12
656568,,,,,,,,,,,,,,,,,,,,,
656574,,,,,,,,,,,,,,,,,,,,,
656590,28,28,0,28,0,28,0,28,0,28,0,28,0,28,0,28,0,25.3,0.107,25.3,0.107
656591,28,28,0,28,0,28,0,28,0,28,0,28,0,28,0,28,0,25.3,0.107,25.3,0.107
656593,,,,,,,,,,,,,,,,,,,,,
656613,28,28,0,28,0,28,0,28,0,28,0,28,0,28,0,28,0,25.3,0.107,25.3,0.107
656659,,,,,,,,,,,,,,,,,,,,,
656660,,,,,,,,,,,,,,,,,,,,,
656661,,,,,,,,,,,,,,,,,,,,,
656666,,,,,,,,,,,,,,,,,,,,,
656669,12.5,12.5,0,12.5,0,12.5,0,12.5,0,12.5,0,12.5,0,12.5,0,12.5,0,11,0.136,11,0.136
656674,14.5,14.5,0,14.5,0,14.5,0,14.5,0,14.5,0,14.5,0,14.5,0,,,12.2,0.189,12.2,0.189
656675,,,,,,,,,,,,,,,,,,,,,
656678,,,,,,,,,,,,,,,,,,,,,
656727,31.4,31.4,0,31.4,0,31.4,0,31.4,0,31.4,0,31.4,0,31.4,0,31.4,0,28,0.121,,
656729,31.4,31.4,0,31.4,0,31.4,0,31.4,0,31.4,0,31.4,0,31.4,0,31.4,0,28,0.121,28,0.121
656730,31.4,31.4,0,31.4,0,31.4,0,31.4,0,31.4,0,31.4,0,31.4,0,31.4,0,28,0.121,28,0.121
656757,9.1,9.1,0,9.1,0,9.1,0,9.1,0,,,9.1,0,9.1,0,9,0.0111,9,0.0111,8.6,0.0581
656758,15.4,15.4,0,15.4,0,15.4,0,15.4,0,15.4,0,15.4,0,15.4,0,15.3,0.00654,15.3,0.00654,14.4,0.0694
656759,9.1,9.1,0,9.1,0,9.1,0,9.1,0,9.1,0,9.1,0,9.1,0,9,0.0111,9,0.0111,8.6,0.0581
656760,15.4,15.4,0,,,15.4,0,15.4,0,15.4,0,15.4,0,15.4,0,15.3,0.00654,15.3,0.00654,14.4,0.0694
656761,,,,,,,,,,,,,,,,,,,,,
656762,50.7,50.7,0,50.7,0,50.7,0,50.7,0,,,45,0.127,50.7,0,41.8,0.213,41.8,0.213,40,0.268
656781,26,26,0,26,0,26,0,26,0,26,0,26,0,26,0,26,0,26,0,26,0
656782,,,,,,,,,,,,,,,,,,,,,
656783,58,58,0,58,0,58,0,58,0,58,0,,,,,,,58,0,58,0
656784,20.5,20.5,0,20.5,0,20.5,0,20.5,0,20.5,0,20.5,0,20.5,0,20.5,0,20.5,0,20.5,0
656785,69.5,69.5,0,69.5,0,69.5,0,69.5,0,69.5,0,69.5,0,69.5,0,69.5,0,69.5,0,69.5,0
656786,56,56,0,56,0,56,0,56,0,56,0,56,0,56,0,56,0,56,0,56,0
656787,,,,,,,,,,,,,,,,,,,,,
656788,45,45,0,45,0,45,0,45,0,45,0,45,0,45,0,45,0,45,0,45,0
656834,,,,,,,,,,,,,,,,,,,,,
656860,23,23,0,23,0,23,0,23,0,23,0,23,0,21,0.0952,,,20.5,0.122,20.5,0.122
656875,14,14,0,14,0,14,0,14,0,14,0,14,0,14,0,14,0,12,0.167,10,0.4
656885,,,,,,,,,,,,,,,,,,,,,
656889,28.5,28.5,0,28.5,0,28.5,0,28.5,0,28.5,0,28.5,0,28.5,0,23,0.239,,,,
656890,28.5,28.5,0,28.5,0,28.5,0,28.5,0,28.5,0,28.5,0,28.5,0,23,0.239,,,,
656891,28.5,28.5,0,28.5,0,28.5,0,28.5,0,28.5,0,28.5,0,28.5,0,23,0.239,,,,
656892,19.5,19.5,0,19.5,0,19.5,0,19.5,0,19.5,0,19.5,0,19.5,0,17,0.147,16.5,0.182,16.5,0.182
656893,20.5,20.5,0,20.5,0,20.5,0,20.5,0,20.5,0,20.5,0,20.5,0,18,0.139,18,0.139,18,0.139
656894,21.9,21.9,0,21.9,0,21.9,0,21.9,0,21.9,0,21.9,0,21.9,0,20.5,0.0683,15,0.46,15,0.46
656895,,,,,,,,,,,,,,,,,,,,,
656896,,,,,,,,,,,,,,,,,,,,,
656897,,,,,,,,,,,,,,,,,,,,,
656898,,,,,,,,,,,,,,,,,,,,,
656899,24,24,0,24,0,24,0,24,0,24,0,24,0,24,0,24,0,24,0,24,0
656901,,,,,,,,,,,,,,,,,,,,,
656902,,,,,,,,,,,,,,,,,,,,,
656903,,,,,,,,,,,,,,,,,,,,,
656904,,,,,,,,,,,,,,,,,,,,,
656905,,,,,,,,,,,,,,,,,,,,,
656906,18.5,18.5,0,18.5,0,18.5,0,18.5,0,18.5,0,18.5,0,18.5,0,18.5,0,18.5,0,18.5,0
656907,,,,,,,,,,,,,,,,,,,,,
656908,32.5,32.5,0,32.5,0,32.5,0,32.5,0,32.5,0,32.5,0,32.5,0,22.5,0.444,,,,
656910,,,,,,,,,,,,,,,,,,,,,
656911,35,35,0,35,0,35,0,35,0,35,0,35,0,35,0,28,0.25,,,,
656913,,,,,,,,,,,,,,,,,,,,,
656914,24.5,24.5,0,24.5,0,24.5,0,24.5,0,24.5,0,24.5,0,24.5,0,24.5,0,21.4,0.145,17.5,0.4
656916,35,35,0,35,0,35,0,35,0,35,0,35,0,31,0.129,28.5,0.228,20,0.75,20,0.75
656921,41,41,0,41,0,41,0,41,0,41,0,32.9,0.246,41,0,41,0,34.9,0.175,34.9,0.175
656923,33.5,33.5,0,39.8,-0.158,39.8,-0.158,39.8,-0.158,39.8,-0.158,39.8,-0.158,39.8,-0.158,39.8,-0.158,33.9,-0.0118,33.9,-0.0118
656930,,,,,,,,,,,,,,,,,,,,,
656939,,,,,,,,,,,,,,,,,,,,,
656942,68.5,68.5,0,68.5,0,68.5,0,68.5,0,68.5,0,68.5,0,68.5,0,73,-0.0616,75.5,-0.0927,50,0.37
656943,66,66,0,66,0,66,0,66,0,66,0,66,0,66,0,73,-0.0959,75.5,-0.126,50,0.32
656966,12.5,12.5,0,,,12.5,0,12.5,0,12.5,0,12.5,0,12.5,0,10,0.25,10,0.25,10,0.25
656967,17.5,17.5,0,17.5,0,17.5,0,17.5,0,17.5,0,17.5,0,17.5,0,17.5,0,17.5,0,17.5,0
656969,19.5,19.5,0,19.5,0,19.5,0,19.5,0,19.5,0,19.5,0,19.5,0,,,19.5,0,19.5,0
656984,91.8,91.8,0,91.8,0,91.8,0,91.8,0,91.8,0,91.8,0,91.8,0,91.8,0,69,0.33,69,0.33
656991,22.9,22.9,0,22.9,0,22.9,0,22.9,0,22.9,0,22.9,0,22.9,0,22.9,0,19.9,0.151,19.9,0.151
657005,,,,,,,,,,,,,,,,,,,,,
657006,10.3,10.3,0,10.3,0,10.3,0,10.3,0,10.3,0,10.3,0,10.3,0,8,0.288,8,0.288,8,0.288
657024,,,,,,,,,,,,,,,,,,,,,
657032,9.9,9.9,0,9.9,0,9.9,0,9.9,0,9.9,0,9.9,0,9.9,0,10.9,-0.0917,10.9,-0.0917,7.6,0.303
657033,,,,,,,,,,,,,,,,,,,,,
657042,61.2,61.2,0,61.2,0,61.2,0,61.2,0,61.2,0,61.2,0,61.2,0,87.5,-0.301,71.5,-0.144,50.5,0.212
657043,61.2,61.2,0,61.2,0,61.2,0,61.2,0,61.2,0,61.2,0,61.2,0,87.5,-0.301,71.5,-0.144,50.5,0.212
657044,61.2,61.2,0,61.2,0,61.2,0,61.2,0,61.2,0,61.2,0,61.2,0,87.5,-0.301,71.5,-0.144,50.5,0.212
657045,61.2,61.2,0,61.2,0,61.2,0,61.2,0,61.2,0,61.2,0,61.2,0,87.5,-0.301,71.5,-0.144,50.5,0.212
657046,61.2,61.2,0,61.2,0,61.2,0,61.2,0,61.2,0,61.2,0,61.2,0,87.5,-0.301,71.5,-0.144,50.5,0.212
657047,,,,,,,,,,,,,,,,,,,,,
657091,20.5,20.5,0,20.5,0,20.5,0,20.5,0,20.5,0,20.5,0,20.5,0,16.9,0.213,,,14.5,0.414
657092,20.5,20.5,0,20.5,0,20.5,0,20.5,0,20.5,0,20.5,0,20.5,0,,,14.5,0.414,14.5,0.414
657099,38,38,0,38,0,38,0,38,0,36.5,0.0411,36.5,0.0411,36.5,0.0411,34,0.118,31,0.226,31,0.226
657105,22.5,22.5,0,22.5,0,22.5,0,22.5,0,22.5,0,,,,,,,,,,
657106,12,12,0,12,0,12,0,12,0,12,0,,,,,,,,,,
657107,22.5,22.5,0,22.5,0,22.5,0,22.5,0,22.5,0,,,,,,,,,,
657131,,,,,,,,,,,,,,,,,,,,,
657132,62,62,0,62,0,62,0,,,,,62,0,,,62,0,,,55.5,0.117
657134,25,25,0,25,0,25,0,25,0,25,0,25,0,25,0,25,0,18.5,0.351,16,0.562
657136,25,25,0,25,0,25,0,25,0,25,0,25,0,25,0,25,0,17.5,0.429,16,0.562
657139,26,26,0,26,0,26,0,26,0,26,0,26,0,26,0,26,0,22.5,0.156,20,0.3
657153,49,49,0,49,0,49,0,49,0,49,0,49,0,49,0,,,49,0,49,0
657154,20,20,0,20,0,20,0,20,0,20,0,20,0,20,0,20,0,20,0,20,0
657155,,,,,,,,,,,,,,,,,,,,,
657156,,,,,,,,,,,,,,,,,,,,,
657165,,,,,,,,,,,,,,,,,,,,,
657188,14,14,0,14,0,14,0,14,0,14,0,14,0,14,0,14,0,12.7,0.102,10.5,0.333
657202,,,,,,,,,,,,,,,,,,,,,
657209,21.9,21.9,0,21.9,0,21.9,0,19.5,0.123,19.5,0.123,19.5,0.123,19.5,0.123,19.5,0.123,19.5,0.123,19.5,0.123
657210,21.9,21.9,0,21.9,0,21.9,0,19.5,0.123,19.5,0.123,19.5,0.123,19.5,0.123,19.5,0.123,19.5,0.123,19.5,0.123
657211,21.9,21.9,0,21.9,0,21.9,0,19.5,0.123,19.5,0.123,19.5,0.123,19.5,0.123,19.5,0.123,19.5,0.123,19.5,0.123
657212,21.9,21.9,0,21.9,0,21.9,0,19,0.153,19,0.153,19,0.153,19,0.153,19,0.153,19,0.153,19,0.153
657213,21.9,21.9,0,21.9,0,21.9,0,19.5,0.123,19.5,0.123,19.5,0.123,19.5,0.123,19.5,0.123,19.5,0.123,19.5,0.123
657214,28.5,28.5,0,28.5,0,28.5,0,25,0.14,25,0.14,25,0.14,25,0.14,25,0.14,25,0.14,25,0.14
657215,24.5,24.5,0,,,24.5,0,21,0.167,21,0.167,21,0.167,21,0.167,21,0.167,21,0.167,21,0.167
657217,25,25,0,25,0,25,0,25,0,25,0,25,0,25,0,25,0,25,0,25,0
657218,23.5,23.5,0,23.5,0,23.5,0,23.5,0,23.5,0,23.5,0,23.5,0,21,0.119,21,0.119,21,0.119
657219,23.5,23.5,0,23.5,0,23.5,0,23.5,0,23.5,0,23.5,0,23.5,0,21,0.119,21,0.119,21,0.119
657220,23.5,23.5,0,23.5,0,23.5,0,23.5,0,23.5,0,23.5,0,23.5,0,21,0.119,21,0.119,21,0.119
657221,23.5,23.5,0,23.5,0,23.5,0,23.5,0,23.5,0,23.5,0,23.5,0,21,0.119,21,0.119,21,0.119
657222,26,26,0,23.5,0.106,23.5,0.106,23.5,0.106,23.5,0.106,23.5,0.106,23.5,0.106,21,0.238,21,0.238,21,0.238
657223,26,26,0,23.5,0.106,23.5,0.106,23.5,0.106,23.5,0.106,23.5,0.106,23.5,0.106,21,0.238,21,0.238,21,0.238
657224,72.5,72.5,0,72.5,0,72.5,0,72.5,0,72.5,0,72.5,0,72.5,0,51,0.422,47.5,0.526,47.5,0.526
657225,72.5,72.5,0,72.5,0,72.5,0,72.5,0,72.5,0,72.5,0,72.5,0,51,0.422,47.5,0.526,47.5,0.526
657226,72.5,72.5,0,72.5,0,72.5,0,72.5,0,72.5,0,72.5,0,72.5,0,,,47.5,0.526,47.5,0.526
657227,72.5,72.5,0,72.5,0,72.5,0,72.5,0,72.5,0,72.5,0,72.5,0,51,0.422,47.5,0.526,,
657228,72.5,72.5,0,72.5,0,72.5,0,72.5,0,72.5,0,72.5,0,72.5,0,,,,,47.5,0.526
657229,72.5,72.5,0,72.5,0,72.5,0,72.5,0,72.5,0,72.5,0,72.5,0,51,0.422,,,47.5,0.526
657230,,,,,,,,,,,,,,,,,,,,,
657234,19.9,19.9,0,19.9,0,19.9,0,19.9,0,19.9,0,19.9,0,19.9,0,20,-0.005,,,19,0.0474
657235,19.9,19.9,0,19.9,0,19.9,0,19.9,0,19.9,0,19.9,0,19.9,0,20,-0.005,,,19,0.0474
657237,,,,,,,,,,,,,,,,,,,,,
657245,32,32,0,32,0,32,0,32,0,32,0,32,0,32,0,32,0,28,0.143,23,0.391
657247,42.5,42.5,0,42.5,0,42.5,0,42.5,0,42.5,0,42.5,0,42.5,0,42.5,0,38,0.118,30.5,0.393
657248,,,,,,,,,,,,,,,,,,,,,
657271,,,,,,,,,,,,,,,,,,,,,
657273,,,,,,,,,,,,,,,,,,,,,
657275,34.5,34.5,0,34.5,0,34.5,0,34.5,0,34.5,0,34.5,0,34.5,0,,,27.5,0.255,,
657276,17.1,17.1,0,17.1,0,17.1,0,17.1,0,17.1,0,17.1,0,17.1,0,17.1,0,14.5,0.179,16.5,0.0364
657285,,,,,,,,,,,,,,,,,,,,,
657306,235,235,0,235,0,235,0,235,0,235,0,235,0,235,0,235,0,,,146,0.614
657339,,,,,,,,,,,,,,,,,,,,,
657361,15,15,0,15,0,15,0,15,0,15,0,12.9,0.163,15,0,15,0,13.5,0.111,13.5,0.111
657364,87.9,87.9,0,87.9,0,87.9,0,87.9,0,87.9,0,87.9,0,83.9,0.0477,87.9,0,85.5,0.0281,64.5,0.363
657365,10,10,0,10,0,10,0,10,0,10,0,10,0,10,0,10,0,7.5,0.333,8.5,0.176
657366,10,10,0,10,0,10,0,10,0,,,,,10,0,10,0,7.5,0.333,8.5,0.176
657375,39.8,39.8,0,39.8,0,39.8,0,39.8,0,39.8,0,39.8,0,39.8,0,39.8,0,34.3,0.16,34.3,0.16
657380,,,,,,,,,,,,,,,,,,,,,
657386,26,26,0,26,0,26,0,26,0,26,0,26,0,26,0,26,0,26,0,23.5,0.106
657387,,,,,,,,,,,,,,,,,,,,,
657388,11,11,0,11,0,11,0,11,0,11,0,11,0,11,0,11,0,,,,
657390,5,5,0,5,0,5,0,5,0,,,,,,,,,,,,
657391,7.5,7.5,0,7.5,0,7.5,0,7.5,0,7.5,0,7.5,0,7.5,0,7,0.0714,6.2,0.21,6.2,0.21
657401,,,,,,,,,,,,,,,,,,,,,
657403,32.5,32.5,0,32.5,0,32.5,0,32.5,0,32.5,0,32.5,0,32.5,0,32.5,0,24.5,0.327,24.5,0.327
657441,,,,,,,,,,,,,,,,,,,,,
657445,23.5,23.5,0,23.5,0,23.5,0,23.5,0,23.5,0,23.5,0,,,,,20.5,0.146,,
657446,62.5,62.5,0,62.5,0,62.5,0,62.5,0,,,62.5,0,62.5,0,60,0.0417,60,0.0417,48.5,0.289
657447,62.5,62.5,0,62.5,0,62.5,0,62.5,0,62.5,0,62.5,0,62.5,0,60,0.0417,60,0.0417,48.5,0.289
657449,56,56,0,56,0,56,0,56,0,41,0.366,41,0.366,41,0.366,27.9,1.01,27.9,1.01,,
657450,47.5,47.5,0,47.5,0,47.5,0,47.5,0,37.5,0.267,37.5,0.267,37.5,0.267,35,0.357,25,0.9,20,1.38
657451,78.5,78.5,0,78.5,0,78.5,0,78.5,0,61,0.287,61,0.287,61,0.287,53.5,0.467,50,0.57,43.5,0.805
657457,87.5,87.5,0,87.5,0,87.5,0,87.5,0,,,87.5,0,87.5,0,73.2,0.195,76,0.151,74.9,0.168
657462,,,,,,,,,,,,,,,,,,,,,
657465,12.5,12.5,0,12.5,0,12,0.0417,12,0.0417,12,0.0417,12,0.0417,12,0.0417,10.5,0.19,10.5,0.19,10.5,0.19
657466,13,13,0,13,0,12,0.0833,12,0.0833,12,0.0833,12,0.0833,12,0.0833,11,0.182,11,0.182,11,0.182
657475,30,30,0,30,0,33.9,-0.115,33.9,-0.115,34.9,-0.14,34.9,-0.14,34.9,-0.14,39.9,-0.248,33.5,-0.104,27.9,0.0753
657476,7.8,7.8,0,7.8,0,7.8,0,7.8,0,7.8,0,7.8,0,7.8,0,7.8,0,7,0.114,6,0.3
657477,34.9,34.9,0,34.9,0,34.9,0,34.9,0,34.9,0,34.9,0,34.9,0,39.9,-0.125,33.5,0.0418,27.9,0.251
657478,9,9,0,9,0,9,0,9,0,9,0,9,0,9,0,9,0,9,0,9,0
657479,83,83,0,83,0,83,0,83,0,83,0,83,0,83,0,94.5,-0.122,62,0.339,53.5,0.551
657480,94.5,94.5,0,94.5,0,94.5,0,94.5,0,94.5,0,94.5,0,94.5,0,94.5,0,62,0.524,53.5,0.766
657481,94.5,94.5,0,94.5,0,94.5,0,94.5,0,94.5,0,94.5,0,94.5,0,94.5,0,62,0.524,53.5,0.766
657482,,,,,,,,,,,,,,,,,,,,,
657489,10,10,0,10,0,10,0,10,0,10,0,10,0,10,0,10,0,9.5,0.0526,8,0.25
657490,13.5,13.5,0,13.5,0,13.5,0,13.5,0,13.5,0,13.5,0,13.5,0,13.5,0,7.5,0.8,8.5,0.588
657501,1.5,,,,,,,,,1.5,0,1.5,0,1.5,0,1.5,0,1.2,0.25,1.5,0
657502,1.5,1.5,0,1.5,0,1.5,0,1.5,0,1.5,0,1.5,0,1.5,0,1.5,0,,,1.5,0
657504,109,109,0,109,0,109,0,109,0,109,0,109,0,109,0,,,69.3,0.573,69.3,0.573
657525,81,81,0,81,0,81,0,81,0,68,0.191,68,0.191,68,0.191,68,0.191,68,0.191,68,0.191
657540,41,41,0,41,0,41,0,41,0,41,0,41,0,41,0,41,0,35.5,0.155,35.5,0.155
657546,,,,,,,,,,,,,,,,,,,,,
657547,123,123,0,123,0,123,0,123,0,123,0,123,0,,,114,0.0837,104,0.188,,
657554,37.5,37.5,0,37.5,0,37.5,0,37.5,0,37.5,0,33.5,0.119,33.5,0.119,33.5,0.119,33.5,0.119,,
657571,49.9,49.9,0,49.9,0,49.9,0,49.9,0,49.9,0,49.9,0,49.9,0,49.5,0.00808,37.5,0.331,37.5,0.331
657572,58,58,0,58,0,58,0,58,0,58,0,58,0,58,0,56.5,0.0265,42.5,0.365,42.5,0.365
657573,84,84,0,84,0,84,0,84,0,84,0,84,0,84,0,81.5,0.0307,53.5,0.57,53.5,0.57
657576,6.2,6.2,0,,,,,6.2,0,6.2,0,6.2,0,6.2,0,6.2,0,4.9,0.265,,
657577,5.7,5.7,0,5.7,0,5.7,0,5.7,0,5.7,0,5.7,0,,,5.5,0.0364,,,4.2,0.357
657578,13.5,13.5,0,13.5,0,13.5,0,13.5,0,13.5,0,13.5,0,13.5,0,13.5,0,7.5,0.8,8.5,0.588
657603,,,,,,,,,,,,,,,,,,,,,
657607,25,25,0,25,0,25,0,25,0,25,0,25,0,25,0,25,0,25,0,22.5,0.111
657608,12.9,12.9,0,12.9,0,12.9,0,12.9,0,12.9,0,12.9,0,12.9,0,12.9,0,7.2,0.792,7.2,0.792
657610,14,14,0,14,0,14,0,14,0,14,0,14,0,14,0,14,0,9.3,0.505,9.3,0.505
657611,,,,,,,,,,,,,,,,,,,,,
657612,,,,,,,,,,,,,,,,,,,,,
657616,31,31,0,31,0,31,0,31,0,31,0,25,0.24,25,0.24,25,0.24,23.5,0.319,23.5,0.319
657617,31,31,0,31,0,31,0,31,0,31,0,24.5,0.265,24.5,0.265,24.5,0.265,24.5,0.265,,
657621,109,109,0,109,0,109,0,109,0,109,0,109,0,109,0,109,0,74.5,0.463,71,0.535
657622,56.5,56.5,0,56.5,0,56.5,0,56.5,0,56.5,0,56.5,0,56.5,0,56.5,0,39.5,0.43,37.5,0.507
657632,,,,,,,,,,,,,,,,,,,,,
657640,18.5,18.5,0,22.5,-0.178,18.9,-0.0212,18.9,-0.0212,22.5,-0.178,22.5,-0.178,22.5,-0.178,18,0.0278,16,0.156,16,0.156
657642,18.5,18.5,0,22.5,-0.178,22.5,-0.178,22.5,-0.178,22.5,-0.178,22.5,-0.178,22.5,-0.178,14.9,0.242,16,0.156,15.9,0.164
657644,329,329,0,329,0,329,0,329,0,329,0,310,0.0613,305,0.0787,,,,,,
657645,,,,,,,,,,,,,,,,,,,,,
657652,52.5,52.5,0,52.5,0,52.5,0,52.5,0,52.5,0,52.5,0,52.5,0,52.5,0,33,0.591,32,0.641
657653,19.5,19.5,0,19.5,0,19.5,0,19.5,0,17,0.147,,,17,0.147,17,0.147,13,0.5,13.9,0.403
657654,13.5,13.5,0,13.5,0,13.5,0,13.5,0,13.5,0,13.5,0,13.5,0,13.5,0,10,0.35,9.9,0.364
657655,43.9,43.9,0,43.9,0,43.9,0,43.9,0,43.9,0,43.9,0,43.9,0,,,,,,
657656,,,,,,,,,,,,,,,,,,,,,
657657,22.5,22.5,0,22.5,0,22.5,0,22.5,0,22.5,0,,,,,22.5,0,22.5,0,21.3,0.0563
657659,23.4,23.4,0,23.4,0,18.9,0.238,18.9,0.238,,,,,,,,,,,,
657660,,,,,,,,,,,,,,,,,,,,,
657662,18,18,0,18,0,18,0,18,0,18,0,18,0,18,0,18,0,16.5,0.0909,14,0.286
657663,184,184,0,184,0,184,0,199,-0.0754,199,-0.0754,199,-0.0754,215,-0.144,,,,,112,0.636
657664,22.5,22.5,0,22.5,0,22.5,0,18.5,0.216,18.5,0.216,18.5,0.216,18.5,0.216,18.5,0.216,18.5,0.216,,
657666,5,5,0,5,0,5,0,5,0,5,0,5,0,5,0,,,5,0,4.5,0.111
657667,,,,,,,,,,,,,,,,,,,,,
657669,35.5,35.5,0,35.5,0,35.5,0,35.5,0,35.5,0,35.5,0,35.5,0,32.5,0.0923,32.5,0.0923,32.5,0.0923
657670,23.5,23.5,0,23.5,0,23.5,0,23.5,0,23.5,0,23.5,0,19.9,0.181,23.5,0,22,0.0682,16.5,0.424
657677,21.9,21.9,0,21.9,0,21.9,0,19,0.153,19,0.153,19,0.153,19,0.153,19,0.153,19,0.153,19,0.153
657684,24.5,24.5,0,24.5,0,24.5,0,21,0.167,21,0.167,21,0.167,21,0.167,21,0.167,21,0.167,21,0.167
657687,28,28,0,25.5,0.098,25.5,0.098,25.5,0.098,25.5,0.098,25.5,0.098,25.5,0.098,23,0.217,23,0.217,23,0.217
657688,28,28,0,25.5,0.098,25.5,0.098,25.5,0.098,25.5,0.098,25.5,0.098,25.5,0.098,23,0.217,23,0.217,23,0.217
657690,7,7,0,,,,,,,,,,,,,,,,,,
657705,10,10,0,10,0,10,0,10,0,10,0,10,0,10,0,10,0,7.5,0.333,8.5,0.176
657725,,,,,,,,,,,,,,,,,,,,,
657758,27.5,27.5,0,27.5,0,27.5,0,27.5,0,27.5,0,27.5,0,25,0.1,27.5,0,19.5,0.41,16,0.719
657759,25,25,0,25,0,25,0,25,0,25,0,23.5,0.0638,25,0,27.5,-0.0909,17.5,0.429,16,0.562
657760,20,20,0,20,0,20,0,20,0,20,0,20,0,23,-0.13,22.5,-0.111,16,0.25,,
657780,13,13,0,13,0,13,0,13,0,,,13,0,13,0,13,0,8.5,0.529,,
657781,26,26,0,26,0,26,0,26,0,26,0,26,0,,,,,,,,
657785,46,46,0,46,0,46,0,46,0,46,0,46,0,46,0,46,0,41,0.122,41,0.122
657788,8,8,0,8,0,8,0,8,0,8,0,8,0,,,8,0,8,0,7.5,0.0667
657789,,,,,,,,,,,,,,,,,,,,,
657790,8,8,0,8,0,8,0,8,0,8,0,8,0,,,8,0,8,0,7.5,0.0667
657791,,,,,,,,,,,,,,,,,,,,,
657792,8,8,0,8,0,8,0,8,0,8,0,8,0,,,8,0,,,7.5,0.0667
657793,23,23,0,23,0,23,0,23,0,23,0,23,0,23,0,23,0,23,0,21.5,0.0698
657794,23,23,0,23,0,23,0,23,0,23,0,23,0,23,0,23,0,23,0,21.5,0.0698
657795,,,,,,,,,,,,,,,,,,,,,
657796,23,23,0,23,0,23,0,23,0,23,0,23,0,23,0,23,0,23,0,21.5,0.0698
657797,23,23,0,23,0,23,0,23,0,23,0,23,0,23,0,23,0,23,0,21.5,0.0698
657799,,,,,,,,,,,,,,,,,,,,,
657807,,,,,,,,,,,,,,,,,,,,,
657809,10.5,10.5,0,10.5,0,10.5,0,10.5,0,10.5,0,9,0.167,10.5,0,8.9,0.18,9.4,0.117,10.5,0
657811,779,779,0,779,0,779,0,779,0,779,0,779,0,779,0,779,0,779,0,539,0.445
657817,114,114,0,114,0,114,0,114,0,114,0,114,0,114,0,114,0,76.5,0.49,65.5,0.74
657822,,,,,,,,,,,,,,,,,,,,,
657823,60,60,0,60,0,60,0,60,0,52.5,0.143,52.5,0.143,52.5,0.143,48.5,0.237,45,0.333,,
657835,339,339,0,339,0,339,0,339,0,339,0,319,0.0627,319,0.0627,319,0.0627,319,0.0627,310,0.0935
657837,,,,,,,,,,,,,,,,,,,,,
657842,18.4,18.4,0,18.4,0,18.4,0,18.4,0,18.4,0,18.4,0,18.4,0,18.4,0,17.5,0.0514,17.5,0.0514
657843,19,19,0,19,0,19,0,19,0,19,0,19,0,19,0,19,0,18.5,0.027,18.5,0.027
657844,,,,,,,,,,,,,,,,,,,,,
657845,23.9,23.9,0,23.9,0,23.9,0,23.9,0,23.9,0,23.9,0,23.9,0,23.9,0,,,,
657916,39,39,0,39,0,39,0,39,0,39,0,34.5,0.13,39,0,37.8,0.0317,35.5,0.0986,28,0.393
657920,52.1,52.1,0,52.1,0,52.1,0,52.1,0,52.1,0,52.1,0,52.1,0,52.1,0,47.5,0.0968,36.5,0.427
657944,23,23,0,23,0,23,0,23,0,23,0,23,0,,,23,0,23,0,21.5,0.0698
657945,23,23,0,23,0,23,0,23,0,23,0,23,0,23,0,23,0,23,0,21.5,0.0698
657951,6.7,6.7,0,6.7,0,6.7,0,6.7,0,,,6.5,0.0308,6.5,0.0308,6.5,0.0308,5.5,0.218,,
657959,46,46,0,46,0,46,0,43,0.0698,43,0.0698,43,0.0698,49,-0.0612,49,-0.0612,42,0.0952,42,0.0952
657960,46,46,0,46,0,46,0,43,0.0698,43,0.0698,43,0.0698,49,-0.0612,49,-0.0612,40,0.15,40,0.15
657961,,,,,,,,,,,,,,,,,,,,,
657965,,,,,,,,,,,,,,,,,,,,,
657966,,,,,,,,,,,,,,,,,,,,,
657968,,,,,,,,,,,,,,,,,,,,,
657975,12.8,12.8,0,12.8,0,12.8,0,12.8,0,12.8,0,12.8,0,12.8,0,12.8,0,7.5,0.707,7.5,0.707
657976,,,,,,,,,,,,,,,,,,,,,
657999,,,,,,,,,,,,,,,,,,,,,
658005,15.5,15.5,0,15.5,0,15.5,0,15.5,0,15.5,0,15.5,0,13.9,0.115,15.1,0.0265,14,0.107,14,0.107
658006,15.5,15.5,0,15.5,0,15.5,0,15.5,0,15.5,0,15.5,0,13.9,0.115,15.1,0.0265,14,0.107,14,0.107
658007,,,,,,,,,,,,,,,,,,,,,
658012,22,22,0,22,0,22,0,22,0,22,0,17.9,0.229,22,0,18,0.222,13.5,0.63,16,0.375
658018,28.5,28.5,0,28.5,0,28.5,0,28.5,0,26,0.0962,26,0.0962,26,0.0962,32,-0.109,26.5,0.0755,,
658028,31,31,0,31,0,31,0,31,0,31,0,31,0,31,0,31,0,31,0,31,0
658029,30,30,0,30,0,30,0,30,0,30,0,30,0,30,0,30,0,30,0,30,0
658030,30,30,0,30,0,30,0,30,0,30,0,30,0,30,0,30,0,30,0,30,0
658047,,,,,,,,,,,,,,,,,,,,,
658048,25.5,25.5,0,25.5,0,25.5,0,,,25.5,0,,,25.5,0,,,,,14.5,0.759
658050,11,11,0,11,0,11,0,11,0,11,0,11,0,11,0,,,,,7.5,0.467
658086,24.5,24.5,0,24.5,0,24.5,0,24.5,0,24.5,0,24.5,0,22.7,0.0793,,,20.5,0.195,20.5,0.195
658087,23,23,0,23,0,23,0,23,0,23,0,23,0,,,,,20.5,0.122,20.5,0.122
658088,,,,,,,,,,,,,,,,,,,,,
658098,,,,,,,,,,,,,,,,,,,,,
658107,50,50,0,50,0,50,0,50,0,50,0,50,0,50,0,49.5,0.0101,,,33.5,0.493
658126,15,15,0,15,0,15,0,15,0,15,0,15,0,15,0,,,13.5,0.111,15,0
658135,42.6,42.6,0,42.6,0,42.6,0,42.6,0,42.6,0,38,0.121,38,0.121,,,35.9,0.187,35.9,0.187
658136,42.6,42.6,0,42.6,0,42.6,0,42.6,0,,,38,0.121,38,0.121,38,0.121,35.9,0.187,35.9,0.187
658143,85,85,0,85,0,85,0,85,0,85,0,85,0,85,0,,,,,,
658148,,,,,,,,,,,,,,,,,,,,,
658165,35,35,0,35,0,35,0,35,0,35,0,35,0,34.5,0.0145,28.5,0.228,28.5,0.228,27.5,0.273
658166,,,,,,,,,,,,,,,,,,,,,
658170,276,276,0,276,0,276,0,276,0,276,0,276,0,276,0,,,,,,
658180,,,,,,,,,,,,,,,,,,,,,
658182,39.3,39.3,0,39.3,0,39.3,0,39.3,0,39.3,0,34.9,0.126,34.9,0.126,34.9,0.126,34,0.156,,
658184,35,35,0,35,0,35,0,35,0,35,0,35,0,35,0,35,0,35,0,31.9,0.0972
658185,99,99,0,99,0,99,0,99,0,99,0,85,0.165,99,0,99,0,74,0.338,65.9,0.502
658188,39.3,39.3,0,39.3,0,39.3,0,39.3,0,39.3,0,34.9,0.126,34.9,0.126,,,34,0.156,33.9,0.159
658189,35,35,0,35,0,35,0,35,0,35,0,35,0,35,0,35,0,35,0,31.9,0.0972
658190,35,35,0,,,,,35,0,35,0,35,0,35,0,35,0,35,0,31.9,0.0972
658191,26,26,0,26,0,26,0,26,0,26.5,-0.0189,26.5,-0.0189,26.5,-0.0189,26.5,-0.0189,22.5,0.156,22.5,0.156
658206,10,10,0,10,0,10,0,10,0,10,0,10,0,10,0,10,0,10,0,8.9,0.124
658208,10,10,0,10,0,10,0,10,0,10,0,10,0,10,0,10,0,,,,
658209,16,16,0,16,0,16,0,16,0,16,0,16,0,16,0,16,0,15,0.0667,14,0.143
658210,17,17,0,17,0,17,0,17,0,17,0,17,0,17,0,17,0,17,0,15,0.133
658211,36,36,0,36,0,36,0,36,0,36,0,36,0,36,0,34.5,0.0435,28.5,0.263,28,0.286
658213,53.5,53.5,0,53.5,0,53.5,0,53.5,0,53.5,0,53.5,0,53.5,0,53.5,0,32,0.672,29,0.845
658214,36,36,0,,,,,,,,,,,,,,,,,33,0.0909
658222,15.5,15.5,0,15.5,0,15.5,0,15.5,0,15.5,0,15.5,0,15.5,0,14.9,0.0403,14,0.107,,
658223,27,27,0,27,0,27,0,27,0,27,0,27,0,27,0,27,0,21,0.286,,
658224,27,27,0,27,0,27,0,27,0,27,0,27,0,27,0,27,0,21,0.286,17,0.588
658228,415,415,0,415,0,415,0,415,0,415,0,415,0,415,0,415,0,279,0.487,279,0.487
658233,37.9,37.9,0,37.9,0,37.9,0,37.9,0,37.9,0,,,,,37.9,0,31.9,0.188,27.9,0.358
658240,54.9,54.9,0,54.9,0,54.9,0,54.9,0,54.9,0,54.9,0,65.9,-0.167,65.9,-0.167,65.9,-0.167,65.9,-0.167
658255,21.9,21.9,0,21.9,0,21.9,0,21.9,0,,,21.9,0,21.9,0,21.9,0,17.7,0.237,18.9,0.159
658268,75,75,0,75,0,75,0,75,0,75,0,75,0,75,0,75,0,45.5,0.648,39.5,0.899
658270,75,75,0,75,0,75,0,75,0,75,0,75,0,75,0,75,0,45.5,0.648,39.5,0.899
658279,49,49,0,49,0,49,0,49,0,49,0,49,0,49,0,67,-0.269,50.5,-0.0297,36,0.361
658280,49,49,0,49,0,49,0,49,0,49,0,49,0,49,0,70.6,-0.306,57,-0.14,38,0.289
658288,30,30,0,30,0,30,0,30,0,,,25.9,0.158,30,0,28.5,0.0526,28.5,0.0526,28,0.0714
658289,18.9,18.9,0,18.9,0,18.9,0,18.9,0,15,0.26,15,0.26,15,0.26,,,,,,
658293,17,17,0,17,0,17,0,17,0,16.5,0.0303,,,,,16.5,0.0303,15.5,0.0968,15.5,0.0968
658295,25,25,0,25,0,25,0,25,0,25,0,25,0,25,0,,,,,14.5,0.724
658302,,,,,,,,,,,,,,,,,,,,,
658305,,,,,,,,,,,,,,,,,,,,,
658309,,,,,,,,,,,,,,,,,,,,,
658316,29.5,29.5,0,34.5,-0.145,34.5,-0.145,34.5,-0.145,,,30.8,-0.0422,30.8,-0.0422,,,31,-0.0484,31,-0.0484
658317,24.5,24.5,0,24.5,0,24.5,0,24.5,0,24.5,0,24.5,0,,,24.5,0,17.5,0.4,20.5,0.195
658319,,,,,,,,,,,,,,,,,,,,,
658320,,,,,,,,,,,,,,,,,,,,,
658337,,,,,,,,,,,,,,,,,,,,,
658338,,,,,,,,,,,,,,,,,,,,,
658407,19.5,19.5,0,19.5,0,19.5,0,19.5,0,19.5,0,19.5,0,19.5,0,19.5,0,16.9,0.154,15,0.3
658408,19.5,19.5,0,19.5,0,19.5,0,19.5,0,19.5,0,19.5,0,19.5,0,19.5,0,16.9,0.154,15,0.3
658410,16.5,16.5,0,,,,,,,,,,,,,,,15.5,0.0645,14.8,0.115
658411,16.5,16.5,0,16.5,0,16.5,0,16.5,0,16.5,0,16.5,0,,,16.5,0,15.5,0.0645,14.8,0.115
658412,16.5,16.5,0,16.5,0,16.5,0,16.5,0,16.5,0,16.5,0,16.5,0,,,15.5,0.0645,14.8,0.115
658413,16.5,16.5,0,,,,,,,16.5,0,16.5,0,16.5,0,16.5,0,15.5,0.0645,14.8,0.115
658414,16.5,16.5,0,16.5,0,16.5,0,16.5,0,16.5,0,16.5,0,16.5,0,16.5,0,15.5,0.0645,14.8,0.115
658419,15,15,0,15,0,12.9,0.163,12.9,0.163,15,0,15,0,15,0,15,0,12,0.25,12,0.25
658425,17.5,17.5,0,17.5,0,17.5,0,17.5,0,17.5,0,17.5,0,17.5,0,17.5,0,10.5,0.667,10.5,0.667
658426,12.5,12.5,0,12.5,0,12.5,0,12.5,0,12.5,0,12.5,0,12.5,0,12.5,0,10.5,0.19,10.5,0.19
658427,22.5,22.5,0,22.5,0,22.5,0,22.5,0,22.5,0,22.5,0,22.5,0,22.5,0,23.5,-0.0426,23.5,-0.0426
658430,16,16,0,16,0,16,0,16,0,16,0,16,0,16,0,16,0,16,0,14.5,0.103
658432,6.7,6.7,0,6.7,0,6.7,0,6.7,0,6.5,0.0308,6.5,0.0308,6.5,0.0308,6.5,0.0308,4.9,0.367,5.7,0.175
658433,6.7,6.7,0,6.7,0,6.7,0,6.7,0,6.5,0.0308,6.5,0.0308,6.5,0.0308,6.5,0.0308,5.7,0.175,,
658437,,,,,,,,,,,,,,,,,,,,,
658438,,,,,,,,,,,,,,,,,,,,,
658440,12.5,12.5,0,12.5,0,12.5,0,12.5,0,12.5,0,10,0.25,10,0.25,10,0.25,10,0.25,10,0.25
658441,12.5,12.5,0,12.5,0,12.5,0,12.5,0,12.5,0,10,0.25,10,0.25,10,0.25,10,0.25,10,0.25
658442,12.5,12.5,0,12.5,0,12.5,0,12.5,0,12.5,0,10,0.25,10,0.25,10,0.25,10,0.25,10,0.25
658443,12.5,12.5,0,12.5,0,12.5,0,12.5,0,12.5,0,10,0.25,10,0.25,10,0.25,10,0.25,10,0.25
658444,12.5,12.5,0,12.5,0,12.5,0,12.5,0,12.5,0,10,0.25,10,0.25,10,0.25,10,0.25,10,0.25
658447,,,,,,,,,,,,,,,,,,,,,
658458,,,,,,,,,,,,,,,,,,,,,
658459,27.5,27.5,0,27.5,0,27.5,0,27.5,0,27.5,0,27.5,0,27.5,0,,,,,,
658461,,,,,,,,,,,,,,,,,,,,,
658462,,,,,,,,,,,,,,,,,,,,,
658463,6.2,6.2,0,6.2,0,6.2,0,6.2,0,,,6.2,0,6.2,0,6.2,0,5.5,0.127,5.5,0.127
658464,15.5,15.5,0,15.5,0,15.5,0,15.5,0,15.5,0,18.5,-0.162,18.5,-0.162,19.8,-0.217,12.5,0.24,12.5,0.24
658465,19.5,19.5,0,19.5,0,19.5,0,19.5,0,19.5,0,22.5,-0.133,22.5,-0.133,24.5,-0.204,14.9,0.309,14.9,0.309
658466,11.1,11.1,0,11.1,0,11.1,0,11.1,0,11.1,0,11.1,0,11.1,0,11.1,0,9,0.233,8.4,0.321
658468,,,,,,,,,,,,,,,,,,,,,
658470,9.5,9.5,0,9.5,0,9.5,0,9.5,0,9.5,0,9.5,0,9.5,0,9.5,0,9.5,0,9.5,0
658471,12.5,12.5,0,12.5,0,12.5,0,12.5,0,12.5,0,12.5,0,12.5,0,12.5,0,12.5,0,10,0.25
658472,9.5,9.5,0,9.5,0,9.5,0,9.5,0,9.5,0,9.5,0,9.5,0,9.5,0,9.5,0,9.5,0
658476,10.5,10.5,0,10.5,0,10.5,0,10.5,0,10.5,0,10.5,0,10.5,0,10.5,0,10,0.05,10,0.05
658477,52.5,52.5,0,52.5,0,52.5,0,52.5,0,52.5,0,52.5,0,52.5,0,52.5,0,37.5,0.4,37.5,0.4
658485,,,,,,,,,,,,,,,,,,,,,
658494,22.5,22.5,0,22.5,0,22.5,0,22.5,0,22.5,0,,,,,,,,,,
658506,8.5,8.5,0,,,8.5,0,8.5,0,8.5,0,8.5,0,8.5,0,8.5,0,8,0.0625,7.9,0.0759
658518,12.5,12.5,0,12.5,0,12.5,0,12.5,0,12.5,0,11.9,0.0504,11.9,0.0504,10,0.25,,,9,0.389
658519,6.4,6.4,0,6.4,0,6.4,0,6.4,0,6.4,0,6,0.0667,6,0.0667,,,6,0.0667,6,0.0667
658525,7,7,0,7,0,7,0,6.9,0.0145,6.9,0.0145,6.9,0.0145,6.9,0.0145,,,6.2,0.129,6.2,0.129
658526,15.5,15.5,0,15.5,0,15.5,0,14.9,0.0403,14.9,0.0403,14.9,0.0403,14.9,0.0403,,,12.5,0.24,12.5,0.24
658527,,,,,,,,,,,,,,,,,,,,,
658528,13.5,13.5,0,13.5,0,15,-0.1,15,-0.1,15,-0.1,15,-0.1,15,-0.1,15,-0.1,14,-0.0357,14,-0.0357
658529,13.5,13.5,0,13.5,0,15,-0.1,15,-0.1,15,-0.1,15,-0.1,15,-0.1,15,-0.1,14,-0.0357,14,-0.0357
658530,15.5,15.5,0,18.5,-0.162,18.5,-0.162,18.5,-0.162,18.5,-0.162,18,-0.139,15.9,-0.0252,18,-0.139,12.9,0.202,15.5,0
658537,18.5,18.5,0,18.5,0,18.5,0,18.5,0,18.5,0,16.5,0.121,18.5,0,18.5,0,18,0.0278,18,0.0278
658539,,,,,,,,,,,,,,,,,,,,,
658550,,,,,,,,,,,,,,,,,,,,,
658551,33.8,33.8,0,33.8,0,33.8,0,33.8,0,33.8,0,33.8,0,33.8,0,33.8,0,,,30,0.127
658552,25,25,0,25,0,25,0,25,0,25,0,22.5,0.111,22.5,0.111,22.5,0.111,18.5,0.351,18.5,0.351
658553,26,26,0,26,0,26,0,26,0,,,26,0,26,0,26,0,24.5,0.0612,23.5,0.106
658560,445,445,0,445,0,445,0,445,0,445,0,445,0,445,0,445,0,225,0.978,225,0.978
658589,24,24,0,24,0,24,0,24,0,24,0,24,0,24,0,,,18.9,0.27,18.9,0.27
658591,,,,,,,,,,,,,,,,,,,,,
658593,,,,,,,,,,,,,,,,,,,,,
658594,,,,,,,,,,,,,,,,,,,,,
658636,,,,,,,,,,,,,,,,,,,,,
658645,174,174,0,174,0,174,0,174,0,174,0,174,0,174,0,174,0,174,0,140,0.247
658654,8.5,8.5,0,8.5,0,8.5,0,17.7,-0.52,17.7,-0.52,17.7,-0.52,17.7,-0.52,17.7,-0.52,,,,
658655,28.5,,,,,,,,,64.1,-0.555,64.1,-0.555,64.1,-0.555,64.1,-0.555,51,-0.441,34,-0.162
658657,,,,,,,,,,,,,,,,,,,,,
658660,,,,,,,,,,,,,,,,,,,,,
658667,120,120,0,120,0,120,0,120,0,120,0,,,,,,,,,,
658673,31.2,31.2,0,31.2,0,31.2,0,31.2,0,31.2,0,31.2,0,31.2,0,31.2,0,24.9,0.253,17.5,0.783
658674,,,,,,,,,,,,,,,,,,,,,
658675,22,22,0,22,0,22,0,22,0,22,0,22,0,22,0,26.1,-0.157,17,0.294,17.5,0.257
658676,21.5,21.5,0,21.5,0,21.5,0,21.5,0,21.5,0,21.5,0,21.5,0,24.6,-0.126,16,0.344,16,0.344
658687,17.5,17.5,0,17.5,0,17.5,0,17.5,0,17.5,0,16.8,0.0417,16.8,0.0417,16.8,0.0417,12.5,0.4,14.5,0.207
658703,32.5,32.5,0,32.5,0,32.5,0,32.5,0,32.5,0,32.5,0,32.5,0,31.5,0.0317,29.5,0.102,29.5,0.102
658707,9,9,0,9,0,9,0,9,0,9,0,6.9,0.304,9,0,9,0,9,0,9,0
658708,,,,,,,,,,,,,,,,,,,,,
658709,9,9,0,9,0,9,0,9,0,9,0,6.9,0.304,9,0,9,0,9,0,9,0
658715,,,,,,,,,,,,,,,,,,,,,
658716,,,,,,,,,,,,,,,,,,,,,
658731,19.4,19.4,0,19.4,0,19.4,0,19.4,0,19.4,0,18.5,0.0486,,,18.5,0.0486,16.5,0.176,14,0.386
658734,,,,,,,,,,,,,,,,,,,,,
658735,11.3,11.3,0,11.3,0,11.3,0,11.3,0,11.3,0,11.3,0,,,,,10.4,0.0865,8.9,0.27
658736,,,,,,,,,,,,,,,,,,,,,
658737,,,,,,,,,,,,,,,,,,,,,
658739,38,38,0,38,0,38,0,38,0,38,0,38,0,38,0,,,,,,
658741,18.6,18.6,0,18.6,0,18.6,0,18.6,0,18.6,0,18.6,0,18.6,0,18.6,0,,,12,0.55
658745,28,28,0,25.5,0.098,25.5,0.098,25.5,0.098,25.5,0.098,25.5,0.098,25.5,0.098,23,0.217,23,0.217,23,0.217
658746,21.9,21.9,0,21.9,0,21.9,0,19,0.153,19,0.153,19,0.153,19,0.153,19,0.153,19,0.153,19,0.153
658747,36,36,0,36,0,36,0,33,0.0909,33,0.0909,33,0.0909,33,0.0909,33,0.0909,33,0.0909,33,0.0909
658748,24.5,24.5,0,24.5,0,24.5,0,21,0.167,21,0.167,21,0.167,21,0.167,21,0.167,21,0.167,21,0.167
658749,21.9,21.9,0,21.9,0,21.9,0,19.5,0.123,19.5,0.123,19.5,0.123,19.5,0.123,19.5,0.123,19.5,0.123,19.5,0.123
658777,,,,,,,,,,,,,,,,,,,,,
658780,14.5,14.5,0,14.5,0,14.5,0,13,0.115,13,0.115,13,0.115,,,13,0.115,11,0.318,,
658781,28.5,28.5,0,28.5,0,28.5,0,28.5,0,28.5,0,25.9,0.1,28.5,0,33.5,-0.149,27.5,0.0364,27.5,0.0364
658826,,,,,,,,,,,,,,,,,,,,,
658827,,,,,,,,,,,,,,,,,,,,,
658835,,,,,,,,,,,,,,,,,,,,,
658848,71.5,71.5,0,71.5,0,71.5,0,71.5,0,71.5,0,71.5,0,71.5,0,71.5,0,57,0.254,,
658861,149,149,0,149,0,149,0,149,0,135,0.104,135,0.104,135,0.104,135,0.104,135,0.104,135,0.104
658862,31,31,0,31,0,31,0,31,0,31,0,31,0,31,0,31,0,20.5,0.512,,
658863,31,31,0,31,0,31,0,31,0,31,0,31,0,31,0,31,0,20.5,0.512,20.5,0.512
658864,30,30,0,30,0,30,0,30,0,30,0,30,0,30,0,30,0,20.5,0.463,20.5,0.463
658865,31,31,0,31,0,31,0,31,0,31,0,31,0,31,0,31,0,20.5,0.512,20.5,0.512
658870,,,,,,,,,,,,,,,,,,,,,
658872,14.5,14.5,0,14.5,0,13.9,0.0432,13.9,0.0432,13.9,0.0432,13.9,0.0432,13.9,0.0432,13.9,0.0432,12.9,0.124,12.9,0.124
658873,15,15,0,15,0,14.5,0.0345,14.5,0.0345,14.5,0.0345,14.5,0.0345,14.5,0.0345,14.5,0.0345,12.9,0.163,12.9,0.163
658874,16,16,0,16,0,15.5,0.0323,15.5,0.0323,15.5,0.0323,15.5,0.0323,15.5,0.0323,15.5,0.0323,14.9,0.0738,14.9,0.0738
658875,18,18,0,18,0,17.5,0.0286,17.5,0.0286,17.5,0.0286,17.5,0.0286,17.5,0.0286,,,16.9,0.0651,16.9,0.0651
658876,20,20,0,20,0,20,0,20,0,20,0,20,0,20,0,20,0,15.5,0.29,15.5,0.29
658877,,,,,,,,,,,,,,,,,,,,,
658879,,,,,,,,,,,,,,,,,,,,,
658901,,,,,,,,,,,,,,,,,,,,,
658928,15,15,0,15,0,15,0,15,0,15,0,15,0,15,0,15,0,10.5,0.429,10.5,0.429
658935,11.3,11.3,0,11.3,0,11.3,0,11.3,0,11.3,0,11.3,0,,,,,10.4,0.0865,8.9,0.27
658943,,,,,,,,,,,,,,,,,,,,,
658945,,,,,,,,,,,,,,,,,,,,,
658950,,,,,,,,,,,,,,,,,,,,,
658951,,,,,,,,,,,,,,,,,,,,,
658979,4.3,4.3,0,4.3,0,4.3,0,4.3,0,4.3,0,4,0.075,4,0.075,4,0.075,3.8,0.132,3.8,0.132
658980,4.3,4.3,0,4.3,0,4.3,0,4.3,0,4.3,0,4,0.075,4,0.075,4,0.075,3.8,0.132,3.8,0.132
658981,27.5,27.5,0,27.5,0,27.5,0,27.5,0,27.5,0,25,0.1,25,0.1,25,0.1,22.5,0.222,22.5,0.222
658982,27.5,27.5,0,27.5,0,27.5,0,27.5,0,27.5,0,25,0.1,25,0.1,25,0.1,22.5,0.222,22.5,0.222
658983,4,4,0,4,0,4,0,4,0,4,0,3.7,0.0811,,,3.7,0.0811,3.5,0.143,3.5,0.143
658984,13.5,13.5,0,13.5,0,13.5,0,13.5,0,13.5,0,12.5,0.08,12.5,0.08,12.5,0.08,11,0.227,11,0.227
658985,13.5,13.5,0,13.5,0,13.5,0,13.5,0,13.5,0,12.5,0.08,12.5,0.08,12.5,0.08,11,0.227,11,0.227
658986,5,5,0,5,0,5,0,5,0,5,0,5,0,5,0,5,0,4.8,0.0417,4.8,0.0417
658987,27.5,27.5,0,27.5,0,27.5,0,27.5,0,27.5,0,26,0.0577,26,0.0577,26,0.0577,23.5,0.17,23.5,0.17
658988,4,4,0,4,0,4,0,4,0,4,0,4,0,4,0,4,0,3.8,0.0526,3.8,0.0526
658989,28.5,28.5,0,28.5,0,28.5,0,28.5,0,28.5,0,27.5,0.0364,27.5,0.0364,27.5,0.0364,26,0.0962,26,0.0962
658992,,,,,,,,,,,,,,,,,,,,,
658997,,,,,,,,,,,,,,,,,,,,,
659006,14.5,14.5,0,14.5,0,14.5,0,14.5,0,14.5,0,11.9,0.218,14.7,-0.0136,14.7,-0.0136,13,0.115,11.7,0.239
659007,6,6,0,6,0,6,0,6,0,6,0,4.8,0.25,4.8,0.25,6,0,5,0.2,4.2,0.429
659014,,,,,,,,,,,,,,,,,,,,,
659017,,,,,,,,,,,,,,,,,,,,,
659018,,,,,,,,,,,,,,,,,,,,,
659028,,,,,,,,,,,,,,,,,,,,,
659036,,,,,,,,,,,,,,,,,,,,,
659042,,,,,,,,,,,,,,,,,,,,,
659048,7.5,7.5,0,,,,,,,,,,,,,,,,,,
659051,,,,,,,,,,,,,,,,,,,,,
659052,,,,,,,,,,,,,,,,,,,,,
659062,51,51,0,51,0,51,0,51,0,51,0,51,0,51,0,51,0,50,0.02,42.5,0.2
659066,,,,,,,,,,,,,,,,,,,,,
659067,24,24,0,24,0,24,0,24,0,24,0,24,0,,,24,0,22.5,0.0667,22.5,0.0667
659077,70,70,0,70,0,70,0,70,0,70,0,70,0,70,0,55.5,0.261,55.5,0.261,,
659952,15,15,0,15,0,15,0,15,0,15,0,15,0,,,15,0,,,15,0
659955,32,32,0,32,0,32,0,32,0,28,0.143,28,0.143,28,0.143,28,0.143,26.5,0.208,25,0.28
659956,32,32,0,32,0,32,0,32,0,28,0.143,28,0.143,28,0.143,28,0.143,26.5,0.208,25,0.28
659957,,,,,,,,,,,,,,,,,,,,,
659963,36.5,36.5,0,36.5,0,36.5,0,36.5,0,36.5,0,36.5,0,36.5,0,36.5,0,36.5,0,33,0.106
659964,31,31,0,31,0,31,0,31,0,31,0,31,0,31,0,31,0,31,0,28.5,0.0877
659965,28.5,28.5,0,28.5,0,28.5,0,28.5,0,28.5,0,28.5,0,28.5,0,28.5,0,28.5,0,25.5,0.118
659966,24.5,24.5,0,24.5,0,24.5,0,,,,,,,,,24.5,0,24.5,0,22.5,0.0889
659968,29,29,0,29,0,29,0,29,0,29,0,29,0,29,0,29,0,29,0,26.5,0.0943
659971,287,287,0,287,0,269,0.0669,269,0.0669,289,-0.00692,240,0.196,279,0.0287,279,0.0287,249,0.153,249,0.153
659974,19.7,19.7,0,19.7,0,19.7,0,19.7,0,19.7,0,19.7,0,19.7,0,,,14.5,0.359,12,0.642
659975,22.5,22.5,0,22.5,0,22.5,0,22.5,0,22.5,0,22.5,0,22.5,0,,,,,12,0.875
659976,22.5,22.5,0,22.5,0,22.5,0,22.5,0,22.5,0,22.5,0,22.5,0,22.5,0,14.5,0.552,12,0.875
659977,25.5,25.5,0,25.5,0,25.5,0,25.5,0,25.5,0,25.5,0,25.5,0,,,,,,
659978,74.5,74.5,0,74.5,0,74.5,0,74.5,0,74.5,0,74.5,0,74.5,0,74.5,0,48.5,0.536,38.5,0.935
659979,,,,,,,,,,,,,,,,,,,,,
659980,,,,,,,,,,,,,,,,,,,,,
659982,,,,,,,,,,,,,,,,,,,,,
659985,,,,,,,,,,,,,,,,,,,,,
659989,28.5,28.5,0,28.5,0,28.5,0,28.5,0,28.5,0,28.5,0,28.5,0,28.5,0,22.9,0.245,22.9,0.245
659990,30,30,0,30,0,30,0,30,0,30,0,30,0,30,0,30,0,22.9,0.31,22.9,0.31
659991,30,30,0,30,0,30,0,30,0,30,0,30,0,30,0,30,0,22.9,0.31,22.9,0.31
659998,,,,,,,,,,,,,,,,,,,,,
659999,,,,,,,,,,,,,,,,,,,,,
660002,38.5,38.5,0,38.5,0,38.5,0,38.5,0,38.5,0,38.5,0,38.5,0,38.5,0,32.5,0.185,32.5,0.185
660012,8,8,0,8,0,8,0,8,0,8,0,8,0,8,0,8,0,,,,
660018,69,69,0,69,0,69,0,69,0,69,0,69,0,69,0,69,0,69,0,58,0.19
660022,87.5,87.5,0,87.5,0,87.5,0,62,0.411,62,0.411,62,0.411,62,0.411,62,0.411,62,0.411,55,0.591
660023,25,25,0,25,0,25,0,25,0,25,0,25,0,25,0,,,,,,
660030,48,48,0,48,0,48,0,48,0,48,0,48,0,48,0,,,,,,
660031,62,62,0,62,0,62,0,62,0,62,0,62,0,62,0,62,0,,,,
660032,48,48,0,48,0,48,0,48,0,48,0,48,0,48,0,48,0,48,0,48,0
660038,9.9,9.9,0,9.9,0,9.9,0,9.9,0,9.9,0,9.9,0,9.9,0,11,-0.1,10.6,-0.066,7.7,0.286
660039,9.8,9.8,0,9.8,0,9.8,0,9.8,0,9.8,0,9.8,0,9.8,0,11,-0.109,10.6,-0.0755,7.7,0.273
660040,9.8,9.8,0,9.8,0,9.8,0,9.8,0,9.8,0,9.8,0,9.8,0,11,-0.109,10.6,-0.0755,7.7,0.273
660047,39.5,39.5,0,39.5,0,39.5,0,39.5,0,39.5,0,39.5,0,39.5,0,36.5,0.0822,,,,
660048,39.5,39.5,0,39.5,0,39.5,0,39.5,0,39.5,0,39.5,0,39.5,0,36.5,0.0822,,,,
660049,22,22,0,22,0,22,0,22,0,22,0,22,0,22,0,,,,,,
660050,22,22,0,22,0,22,0,22,0,22,0,22,0,22,0,20.5,0.0732,,,,
660060,23,23,0,23,0,23,0,23,0,23,0,23,0,23,0,,,,,,
660061,22.5,22.5,0,22.5,0,22.5,0,22.5,0,22.5,0,19.9,0.131,22.5,0,21.5,0.0465,21.5,0.0465,21.5,0.0465
660064,49.9,49.9,0,49.9,0,49.9,0,49.9,0,24.9,1,49.9,0,49.9,0,40,0.248,40,0.248,34.9,0.43
660065,38.9,38.9,0,38.9,0,38.9,0,,,38.9,0,38.9,0,38.9,0,,,,,31.9,0.219
660066,22.9,22.9,0,22.9,0,22.9,0,22.9,0,22.9,0,22.9,0,22.9,0,,,,,19.5,0.174
660067,23.9,23.9,0,23.9,0,23.9,0,23.9,0,23.9,0,23.9,0,23.9,0,,,,,19.5,0.226
660068,37,37,0,37,0,37,0,37,0,37,0,37,0,37,0,39,-0.0513,39,-0.0513,30.9,0.197
660069,61.9,61.9,0,61.9,0,61.9,0,61.9,0,61.9,0,61.9,0,61.9,0,46,0.346,,,45.9,0.349
660070,61.9,61.9,0,61.9,0,61.9,0,61.9,0,61.9,0,61.9,0,61.9,0,46,0.346,46,0.346,45.9,0.349
660071,46.9,46.9,0,46.9,0,46.9,0,46.9,0,46.9,0,46.9,0,46.9,0,42,0.117,,,33.1,0.417
660081,92,92,0,92,0,92,0,92,0,92,0,92,0,92,0,,,56,0.643,56,0.643
660082,92,92,0,92,0,92,0,92,0,92,0,92,0,92,0,92,0,79.5,0.157,56,0.643
660084,,,,,,,,,,,,,,,,,,,,,
660086,23,23,0,23,0,23,0,23,0,23,0,23,0,23,0,23,0,23,0,23,0
660088,,,,,,,,,,,,,,,,,,,,,
660089,22.5,22.5,0,22.5,0,22.5,0,22.5,0,,,22.5,0,22.5,0,20,0.125,20,0.125,16.2,0.389
660094,81,81,0,81,0,81,0,81,0,81,0,81,0,70.5,0.149,,,61.5,0.317,57,0.421
660096,116,116,0,116,0,116,0,116,0,116,0,116,0,,,,,57,1.04,51,1.27
660100,,,,,,,,,,,,,,,,,,,,,
660113,61.3,61.3,0,61.3,0,61.3,0,61.3,0,61.3,0,61.3,0,61.3,0,61.3,0,52.5,0.168,52.5,0.168
660118,,,,,,,,,,,,,,,,,,,,,
660122,,,,,,,,,,,,,,,,,,,,,
660123,,,,,,,,,,,,,,,,,,,,,
660124,,,,,,,,,,,,,,,,,,,,,
660180,13,13,0,13,0,13,0,13,0,13,0,13,0,13,0,13,0,12.6,0.0317,8,0.625
660200,84.5,84.5,0,84.5,0,84.5,0,84.5,0,84.5,0,,,,,,,,,,
660203,10.9,10.9,0,10.9,0,10.9,0,10.9,0,10.9,0,10.9,0,10.9,0,10.9,0,10.9,0,7.6,0.434
660212,26,26,0,26,0,26,0,26,0,26,0,26,0,26,0,26,0,23.5,0.106,23.5,0.106
660548,58.9,58.9,0,58.9,0,58.9,0,58.9,0,58.9,0,57.5,0.0243,57.5,0.0243,57.5,0.0243,33,0.785,32.5,0.812
660711,,,,,,,,,,,,,,,,,,,,,
661151,68.8,68.8,0,68.8,0,63.1,0.0903,63.1,0.0903,,,89.3,-0.23,89.3,-0.23,89.2,-0.229,80,-0.14,65,0.0585
661297,16,16,0,16,0,13.9,0.151,13.9,0.151,16,0,16,0,16,0,15.4,0.039,14.5,0.103,14.5,0.103
661422,26.5,26.5,0,26.5,0,26.5,0,26.5,0,26.5,0,29.9,-0.114,29.9,-0.114,34.9,-0.241,21,0.262,21,0.262
661438,9.9,9.9,0,9.9,0,9.9,0,9.9,0,9.9,0,9.9,0,9.9,0,8.9,0.112,6.9,0.435,6.9,0.435
661453,,,,,,,,,,,,,,,,,,,,,
661478,46.9,46.9,0,,,,,,,,,,,,,49,-0.0429,,,32.9,0.426
661519,15,15,0,15,0,15,0,15,0,15,0,15,0,15,0,15,0,10,0.5,10,0.5
661653,40,40,0,40,0,40,0,40,0,40,0,40,0,40,0,40,0,40,0,40,0
661654,26,26,0,26,0,26,0,,,,,,,,,,,,,,
661655,,,,,,,,,,,,,,,,,,,,,
661771,,,,,,,,,,,,,,,,,,,,,
661845,26,26,0,26,0,26,0,26,0,26,0,26,0,26,0,26,0,28,-0.0714,28,-0.0714
661852,20,20,0,20,0,20,0,20,0,20,0,20,0,20,0,20,0,20,0,20,0
661891,,,,,,,,,,,,,,,,,,,,,
661892,,,,,,,,,,,,,,,,,,,,,
661895,79,79,0,79,0,79,0,79,0,79,0,79,0,74.9,0.0547,74.9,0.0547,,,64.9,0.217
661896,,,,,,,,,,,,,,,,,,,,,
661897,,,,,,,,,,,,,,,,,,,,,
661898,,,,,,,,,,,,,,,,,,,,,
661904,,,,,,,,,,,,,,,,,,,,,
661907,,,,,,,,,,,,,,,,,,,,,
661960,13,13,0,13,0,13,0,13,0,13,0,13,0,13,0,10,0.3,,,,
662140,11.3,11.3,0,11.3,0,11.3,0,11.3,0,11.3,0,11.3,0,11.3,0,11.3,0,10.4,0.0865,8.9,0.27
662141,11.3,11.3,0,11.3,0,11.3,0,11.3,0,11.3,0,11.3,0,11.3,0,11.3,0,10.4,0.0865,8.7,0.299
662142,11.3,11.3,0,11.3,0,11.3,0,11.3,0,11.3,0,11.3,0,,,11.3,0,,,,
662145,,,,,,,,,,,,,,,,,,,,,
664527,79,79,0,79,0,79,0,79,0,79,0,,,,,,,,,,
664825,,,,,,,,,,,,,,,,,,,,,
665026,17.5,17.5,0,17.5,0,17.5,0,17.5,0,17.5,0,17.5,0,17.5,0,17.5,0,13.9,0.259,,
665027,13.9,13.9,0,13.9,0,13.9,0,13.9,0,13.9,0,13.9,0,13.9,0,13.9,0,11,0.264,,
665029,13.9,13.9,0,13.9,0,13.9,0,13.9,0,13.9,0,13.9,0,13.9,0,13.9,0,11,0.264,,
665030,,,,,,,,,,,,,,,,,,,,,
665057,,,,,,,,,,,,,,,,,,,,,
665066,29.5,29.5,0,29.5,0,29.5,0,29.5,0,29.5,0,29.5,0,29.5,0,29.5,0,22,0.341,20,0.475
665067,29.5,29.5,0,29.5,0,29.5,0,29.5,0,29.5,0,29.5,0,29.5,0,29.5,0,23,0.283,21,0.405
665068,50,50,0,50,0,50,0,50,0,50,0,50,0,50,0,52.5,-0.0476,38.9,0.285,38.9,0.285
665246,68,68,0,68,0,68,0,68,0,68,0,,,,,68,0,68,0,68,0
665541,30.9,30.9,0,30.9,0,30.9,0,30.9,0,30.9,0,30.9,0,30.9,0,30.9,0,22.5,0.373,22.5,0.373
665853,25,35.4,-0.294,35.4,-0.294,28,-0.107,28,-0.107,28,-0.107,35.4,-0.294,35.4,-0.294,32.5,-0.231,,,,
665876,,,,,,,,,,,,,,,,,,,,,
665878,,,,,,,,,,,,,,,,,,,,,
666102,72,72,0,72,0,72,0,72,0,75.6,-0.0476,,,,,,,,,,
666103,75,75,0,75,0,75,0,75,0,75,0,,,,,,,,,,
666109,42.9,42.9,0,42.9,0,42.9,0,42.9,0,42.9,0,42.9,0,42.9,0,46,-0.0674,46,-0.0674,36.5,0.175
666112,65,65,0,65,0,48.7,0.335,48.7,0.335,65,0,64.9,0.00154,64.9,0.00154,64.9,0.00154,41.9,0.551,41.9,0.551
666127,27.9,27.9,0,27.9,0,27.9,0,31.9,-0.125,31.9,-0.125,31.9,-0.125,39.9,-0.301,39.9,-0.301,29,-0.0379,24.5,0.139
666129,27.9,27.9,0,27.9,0,27.9,0,31.9,-0.125,31.9,-0.125,34.9,-0.201,41,-0.32,39.9,-0.301,29,-0.0379,24.5,0.139
666133,53,53,0,53,0,53,0,53,0,53,0,53,0,53,0,53,0,44,0.205,40,0.325
666135,25,25,0,25,0,25,0,25,0,25,0,25,0,25,0,25,0,20,0.25,20,0.25
666136,63,63,0,63,0,63,0,63,0,63,0,63,0,63,0,63,0,53,0.189,,
666137,63,63,0,63,0,63,0,63,0,63,0,63,0,63,0,63,0,53,0.189,49,0.286
666140,53,53,0,53,0,53,0,53,0,53,0,53,0,53,0,53,0,44,0.205,40,0.325
666141,53,53,0,53,0,53,0,53,0,53,0,53,0,53,0,53,0,44,0.205,40,0.325
666146,,,,,,,,,,,,,,,,,,,,,
666154,20,20,0,20,0,20,0,20,0,20,0,20,0,,,20,0,10.5,0.905,10.5,0.905
666157,66.2,66.2,0,66.2,0,66.2,0,66.2,0,66.2,0,66.2,0,66.2,0,66.2,0,49.5,0.337,49.5,0.337
666161,13.7,13.7,0,13.7,0,13.7,0,13.7,0,13.7,0,13.7,0,13.7,0,,,11.8,0.161,11,0.245
666162,25.2,25.2,0,25.2,0,25.2,0,25.2,0,25.2,0,25.2,0,25.2,0,25.2,0,21.8,0.156,,
666163,42.3,42.3,0,42.3,0,42.3,0,42.3,0,42.3,0,42.3,0,42.3,0,42.3,0,36.6,0.156,34.8,0.216
666196,,,,,,,,,,,,,,,,,,,,,
666201,59,59,0,59,0,59,0,59,0,59,0,,,,,59,0,,,52,0.135
666247,,,,,,,,,,,,,,,,,,,,,
666249,,,,,,,,,,,,,,,,,,,,,
666256,,,,,,,,,,,,,,,,,,,,,
666290,37,37,0,37,0,37,0,37,0,37,0,46,-0.196,46,-0.196,56,-0.339,35.3,0.0482,35.3,0.0482
666299,85,85,0,,,,,,,85,0,85,0,85,0,,,,,66,0.288
666300,63,63,0,63,0,63,0,63,0,63,0,63,0,63,0,63,0,52,0.212,52,0.212
666302,73,73,0,73,0,73,0,73,0,73,0,73,0,,,73,0,69.6,0.0489,66,0.106
666306,21.8,21.8,0,21.8,0,21.8,0,21.8,0,21.8,0,21.8,0,21.8,0,20.2,0.0792,15.7,0.389,15,0.453
666309,18.3,18.3,0,18.3,0,18.3,0,18.3,0,18.3,0,18.3,0,18.3,0,18.3,0,16.4,0.116,16.4,0.116
666310,22.4,22.4,0,22.4,0,22.4,0,22.4,0,22.4,0,22.4,0,22.4,0,22.4,0,19.1,0.173,19.1,0.173
666311,26.5,26.5,0,26.5,0,26.5,0,26.5,0,26.5,0,26.5,0,26.5,0,26.5,0,22.4,0.183,22.4,0.183
666321,42.9,42.9,0,42.9,0,42.9,0,42.9,0,42.9,0,42.9,0,42.9,0,46,-0.0674,46,-0.0674,36.5,0.175
666326,43.3,43.3,0,43.3,0,43.3,0,43.3,0,43.3,0,43.3,0,43.3,0,46.5,-0.0688,46.5,-0.0688,36.5,0.186
666327,43.3,43.3,0,43.3,0,43.3,0,43.3,0,43.3,0,43.3,0,43.3,0,46.5,-0.0688,46.5,-0.0688,36.5,0.186
666330,61,61,0,61,0,61,0,61,0,61,0,61,0,61,0,61,0,53,0.151,51,0.196
666333,191,191,0,191,0,191,0,191,0,191,0,191,0,191,0,191,0,175,0.0914,170,0.124
666334,175,175,0,175,0,175,0,175,0,175,0,175,0,175,0,175,0,175,0,170,0.0294
666361,,,,,,,,,,,,,,,,,,,,,
666386,37,37,0,37,0,37,0,37,0,37,0,41.9,-0.117,41.9,-0.117,41.9,-0.117,27.5,0.345,24.5,0.51
666390,39,39,0,39,0,39,0,48.9,-0.202,48.9,-0.202,48.9,-0.202,48.9,-0.202,55.5,-0.297,49.9,-0.218,37.9,0.029
666401,,,,,,,,,,,,,,,,,,,,,
666403,,,,,,,,,,,,,,,,,,,,,
666404,,,,,,,,,,,,,,,,,,,,,
666407,,,,,,,,,,,,,,,,,,,,,
666408,17,17,0,17,0,17,0,17,0,17,0,17,0,,,,,,,10.4,0.635
666410,17.5,17.5,0,17.5,0,17.5,0,17.5,0,17.5,0,,,,,,,,,,
666412,,,,,,,,,,,,,,,,,,,,,
666413,,,,,,,,,,,,,,,,,,,,,
666415,,,,,,,,,,,,,,,,,,,,,
666421,,,,,,,,,,,,,,,,,,,,,
666436,28.9,28.9,0,28.9,0,28.9,0,37.2,-0.223,37.2,-0.223,27.5,0.0509,30,-0.0367,41,-0.295,37.5,-0.229,29.9,-0.0334
666437,28.9,28.9,0,28.9,0,28.9,0,41.4,-0.302,41.4,-0.302,41.4,-0.302,41.4,-0.302,41.4,-0.302,37.5,-0.229,29.9,-0.0334
666449,32,32,0,32,0,32,0,32,0,32,0,43.9,-0.271,,,,,26,0.231,37.8,-0.153
666451,38.9,38.9,0,38.9,0,38.9,0,38.9,0,38.9,0,38.9,0,38.9,0,41.9,-0.0716,41.9,-0.0716,32.5,0.197
666468,23.6,23.6,0,23.6,0,23.6,0,34.1,-0.308,34.1,-0.308,34.1,-0.308,34.1,-0.308,34,-0.306,32.3,-0.269,26.9,-0.123
666481,25,25,0,25,0,25,0,25,0,25,0,22,0.136,22,0.136,22,0.136,22,0.136,21,0.19
666482,82.8,82.8,0,82.8,0,82.8,0,82.8,0,82.8,0,82.8,0,,,,,82.8,0,74.6,0.11
666488,5.8,5.8,0,5.8,0,5.8,0,5.8,0,5.8,0,5.8,0,5.8,0,5.8,0,5.8,0,5.7,0.0175
666489,12.8,12.8,0,12.8,0,12.8,0,12.8,0,12.8,0,12.8,0,12.8,0,12.8,0,12.8,0,11.7,0.094
666490,,,,,,,,,,,,,,,,,,,,,
666491,28,28,0,28,0,28,0,28,0,28,0,28,0,28,0,27.3,0.0256,27.3,0.0256,23.7,0.181
666492,7.9,7.9,0,7.9,0,7.9,0,7.9,0,7.9,0,7.9,0,7.9,0,7.9,0,7.9,0,7.5,0.0533
666505,37,37,0,37,0,37,0,37,0,37,0,41.9,-0.117,41.9,-0.117,41.9,-0.117,27.5,0.345,24.5,0.51
666513,75,75,0,75,0,75,0,75,0,75,0,75,0,75,0,,,65,0.154,62,0.21
666516,,,,,,,,,,,,,,,,,,,,,
666528,35.5,35.5,0,35.5,0,35.5,0,35.5,0,35.5,0,35.5,0,,,35.5,0,30.5,0.164,30.5,0.164
666529,35.5,35.5,0,,,,,,,35.5,0,35.5,0,,,35.5,0,,,,
666530,35.5,35.5,0,35.5,0,35.5,0,35.5,0,35.5,0,35.5,0,35.5,0,35.5,0,30.5,0.164,,
666531,35.5,35.5,0,35.5,0,,,35.5,0,35.5,0,35.5,0,35.5,0,,,30.5,0.164,30.5,0.164
666534,35.5,35.5,0,35.5,0,35.5,0,35.5,0,35.5,0,35.5,0,35.5,0,35.5,0,30.5,0.164,30.5,0.164
666535,,,,,,,,,,,,,,,,,,,,,
666536,35.5,35.5,0,35.5,0,35.5,0,35.5,0,35.5,0,35.5,0,35.5,0,35.5,0,30.5,0.164,30.5,0.164
666537,35.5,35.5,0,35.5,0,35.5,0,35.5,0,35.5,0,35.5,0,35.5,0,35.5,0,30.5,0.164,30.5,0.164
666540,35.5,35.5,0,35.5,0,35.5,0,35.5,0,35.5,0,35.5,0,35.5,0,35.5,0,30.5,0.164,30.5,0.164
666542,35.5,35.5,0,35.5,0,35.5,0,35.5,0,35.5,0,35.5,0,35.5,0,35.5,0,30.5,0.164,30.5,0.164
666543,35.5,35.5,0,35.5,0,35.5,0,35.5,0,35.5,0,35.5,0,35.5,0,,,30.5,0.164,30.5,0.164
666549,35.5,35.5,0,35.5,0,35.5,0,35.5,0,35.5,0,35.5,0,35.5,0,35.5,0,30.5,0.164,30.5,0.164
666550,,,,,,,,,,,,,,,,,,,,,
666553,,,,,,,,,,,,,,,,,,,,,
666559,44.9,44.9,0,44.9,0,44.9,0,44.9,0,44.9,0,44.9,0,44.9,0,79.9,-0.438,36.1,0.244,29.5,0.522
666565,19,19,0,19,0,19,0,19,0,19,0,14.5,0.31,14.5,0.31,14.5,0.31,14.5,0.31,13.5,0.407
666586,,,,,,,,,,,,,,,,,,,,,
666587,,,,,,,,,,,,,,,,,,,,,
666596,46.9,46.9,0,46.9,0,46.9,0,46.9,0,46.9,0,46.9,0,,,46.9,0,40,0.172,40,0.172
666597,46.9,46.9,0,46.9,0,46.9,0,46.9,0,46.9,0,46.9,0,46.9,0,46.9,0,40,0.172,40,0.172
666598,46.9,46.9,0,46.9,0,46.9,0,46.9,0,46.9,0,46.9,0,46.9,0,46.9,0,40,0.172,40,0.172
666600,46.9,46.9,0,46.9,0,46.9,0,46.9,0,46.9,0,,,,,,,,,,
666602,46.9,46.9,0,46.9,0,46.9,0,46.9,0,46.9,0,46.9,0,46.9,0,46.9,0,40,0.172,40,0.172
666603,46.9,46.9,0,46.9,0,46.9,0,46.9,0,46.9,0,46.9,0,46.9,0,46.9,0,40,0.172,40,0.172
666604,46.9,46.9,0,46.9,0,46.9,0,46.9,0,46.9,0,46.9,0,46.9,0,46.9,0,40,0.172,40,0.172
666605,46.9,46.9,0,46.9,0,46.9,0,46.9,0,46.9,0,46.9,0,46.9,0,46.9,0,40,0.172,40,0.172
666606,46.9,46.9,0,46.9,0,46.9,0,46.9,0,46.9,0,46.9,0,46.9,0,46.9,0,40,0.172,40,0.172
666607,46.9,46.9,0,46.9,0,46.9,0,46.9,0,46.9,0,46.9,0,46.9,0,46.9,0,40,0.172,40,0.172
666608,46.9,46.9,0,46.9,0,46.9,0,46.9,0,,,46.9,0,46.9,0,46.9,0,40,0.172,40,0.172
666610,46.9,46.9,0,46.9,0,46.9,0,46.9,0,46.9,0,46.9,0,46.9,0,46.9,0,40,0.172,40,0.172
666611,46.9,46.9,0,46.9,0,46.9,0,46.9,0,46.9,0,46.9,0,46.9,0,46.9,0,40,0.172,40,0.172
666612,46.9,46.9,0,46.9,0,46.9,0,46.9,0,46.9,0,46.9,0,46.9,0,46.9,0,40,0.172,40,0.172
666614,46.9,46.9,0,46.9,0,46.9,0,46.9,0,46.9,0,46.9,0,46.9,0,46.9,0,40,0.172,40,0.172
666617,,,,,,,,,,,,,,,,,,,,,
666633,59.4,59.4,0,59.4,0,59.4,0,59.4,0,59.4,0,59.4,0,59.4,0,64.5,-0.0791,64.5,-0.0791,51,0.165
666635,102,102,0,102,0,102,0,102,0,,,,,,,,,,,,
666644,,,,,,,,,,,,,,,,,,,,,
666654,127,127,0,127,0,127,0,127,0,127,0,127,0,140,-0.0929,140,-0.0929,115,0.104,108,0.176
666666,113,113,0,113,0,113,0,113,0,113,0,113,0,113,0,113,0,95,0.189,87,0.299
666667,136,136,0,136,0,136,0,136,0,136,0,136,0,136,0,136,0,111,0.225,103,0.32
666668,46.2,46.2,0,,,,,,,,,46.2,0,46.2,0,48.7,-0.0513,,,37.6,0.229
666671,,,,,,,,,,,,,,,,,,,,,
666689,25,25,0,25,0,25,0,25,0,25,0,24,0.0417,24,0.0417,24,0.0417,24,0.0417,23,0.087
666690,42.3,42.3,0,42.3,0,42.3,0,42.3,0,42.3,0,42.3,0,42.3,0,42.3,0,,,34.8,0.216
666692,87.5,87.5,0,87.5,0,87.5,0,87.5,0,87.5,0,87.5,0,87.5,0,98.3,-0.11,98.3,-0.11,76.5,0.144
666694,,,,,,,,,,,,,,,,,,,,,
666695,,,,,,,,,,,,,,,,,,,,,
666696,,,,,,,,,,,,,,,,,,,,,
666697,268,268,0,268,0,268,0,268,0,268,0,268,0,268,0,283,-0.0526,283,-0.0526,224,0.196
666743,,,,,,,,,,,,,,,,,,,,,
666761,,,,,,,,,,,,,,,,,,,,,
666770,102,102,0,102,0,102,0,102,0,,,,,,,,,,,,
666772,87.5,87.5,0,87.5,0,87.5,0,87.5,0,87.5,0,87.5,0,87.5,0,98.3,-0.11,98.3,-0.11,76.5,0.144
666773,87.5,87.5,0,87.5,0,87.5,0,87.5,0,87.5,0,87.5,0,87.5,0,98.3,-0.11,98.3,-0.11,76.5,0.144
666774,,,,,,,,,,,,,,,,,,,,,
666775,,,,,,,,,,,,,,,,,,,,,
666787,49.2,49.2,0,49.2,0,49.2,0,49.2,0,49.2,0,49.2,0,49.2,0,53,-0.0717,51.9,-0.052,42.5,0.158
666799,,,,,,,,,,,,,,,,,,,,,
666800,25,25,0,25,0,25,0,25,0,25,0,25,0,25,0,30,-0.167,20,0.25,20,0.25
666812,62.5,62.5,0,62.5,0,62.5,0,62.5,0,62.5,0,,,,,,,49.1,0.273,36.4,0.717
666813,90.7,90.7,0,90.7,0,90.7,0,90.7,0,90.7,0,90.7,0,,,126,-0.281,97.8,-0.0726,71.4,0.27
666818,21,,,,,21,0,21,0,21,0,20.9,0.00478,20.9,0.00478,20.9,0.00478,20.2,0.0396,20.2,0.0396
666825,64.9,64.9,0,64.9,0,64.9,0,64.9,0,64.9,0,64.9,0,64.9,0,64.9,0,58.7,0.106,58.7,0.106
666828,,,,,,,,,,,,,,,,,,,,,
666836,295,295,0,295,0,295,0,295,0,295,0,295,0,302,-0.0255,302,-0.0255,302,-0.0255,238,0.24
666839,,,,,,,,,,,,,,,,,,,,,
666840,39,39,0,39,0,39,0,39,0,39,0,39,0,,,,,,,,
666841,39,39,0,39,0,39,0,39,0,39,0,39,0,39,0,39,0,33.7,0.157,32,0.219
666842,39,39,0,39,0,39,0,39,0,39,0,39,0,39,0,39,0,,,,
666852,8,8,0,8,0,8,0,8,0,8,0,9,-0.111,9,-0.111,10.8,-0.259,9,-0.111,7.9,0.0127
666866,8,8,0,8,0,8,0,8,0,8,0,9,-0.111,9,-0.111,10.8,-0.259,9,-0.111,7.5,0.0667
666867,8,8,0,8,0,8,0,8,0,8,0,9,-0.111,9,-0.111,10.5,-0.238,9,-0.111,7.8,0.0256
666868,,,,,,,,,,,,,,,,,,,,,
666879,80,80,0,80,0,80,0,80,0,80,0,120,-0.333,149,-0.462,149,-0.462,91,-0.121,91,-0.121
666903,163,163,0,163,0,163,0,163,0,163,0,163,0,163,0,163,0,100,0.633,100,0.633
666909,,,,,,,,,,,,,,,,,,,,,
666910,,,,,,,,,,,,,,,,,,,,,
666911,,,,,,,,,,,,,,,,,,,,,
666919,,,,,,,,,,,,,,,,,,,,,
666925,,,,,,,,,,,,,,,,,,,,,
666948,59.4,59.4,0,59.4,0,59.4,0,59.4,0,59.4,0,59.4,0,58.6,0.0137,83.7,-0.29,68.1,-0.128,50.5,0.176
666953,27.9,27.9,0,27.9,0,27.9,0,31.9,-0.125,31.9,-0.125,31.9,-0.125,39.9,-0.301,39.9,-0.301,29,-0.0379,24.5,0.139
666961,,,,,,,,,,,,,,,,,,,,,
666967,,,,,,,,,,,,,,,,,,,,,
666969,87.5,87.5,0,87.5,0,87.5,0,87.5,0,87.5,0,87.5,0,87.5,0,98.3,-0.11,98.3,-0.11,76.5,0.144
667002,,,,,,,,,,,,,,,,,,,,,
667101,14.4,19.3,-0.254,19.3,-0.254,19.3,-0.254,19.3,-0.254,19.3,-0.254,19.3,-0.254,19.3,-0.254,21.9,-0.342,21.5,-0.33,16.4,-0.122
667110,39.9,39.9,0,39.9,0,39.9,0,39.9,0,39.9,0,36.5,0.0932,36,0.108,43,-0.0721,34.9,0.143,,
667111,43,43,0,43,0,35,0.229,35,0.229,35.1,0.225,36.5,0.178,36,0.194,43,0,34.9,0.232,,
667112,77,77,0,77,0,77,0,77,0,77,0,79,-0.0253,79,-0.0253,79,-0.0253,64,0.203,59,0.305
667113,,,,,,,,,,,,,,,,,,,,,
667117,23.9,23.9,0,23.9,0,23.9,0,23.9,0,23.9,0,23.9,0,31,-0.229,31,-0.229,26,-0.0808,21,0.138
667129,12,12,0,12,0,12,0,12,0,12,0,12,0,12,0,12,0,10,0.2,8.9,0.348
667131,35.5,35.5,0,35.5,0,35.5,0,35.5,0,35.5,0,35.5,0,35.5,0,38.1,-0.0682,38.1,-0.0682,29.9,0.187
667140,,,,,,,,,,,,,,,,,,,,,
667142,,,,,,,,,,,,,,,,,,,,,
667143,,,,,,,,,,,,,,,,,,,,,
667144,,,,,,,,,,,,,,,,,,,,,
667145,,,,,,,,,,,,,,,,,,,,,
667147,,,,,,,,,,,,,,,,,,,,,
667148,,,,,,,,,,,,,,,,,,,,,
667161,16.5,16.5,0,16.5,0,16.5,0,16.5,0,16.5,0,16.5,0,16.5,0,16.5,0,14.5,0.138,13,0.269
667165,128,128,0,128,0,128,0,128,0,128,0,128,0,,,128,0,116,0.103,108,0.185
667166,128,128,0,128,0,128,0,128,0,128,0,128,0,128,0,128,0,116,0.103,108,0.185
667167,128,128,0,128,0,128,0,128,0,128,0,128,0,,,128,0,116,0.103,108,0.185
667168,128,128,0,128,0,128,0,128,0,128,0,128,0,128,0,128,0,116,0.103,108,0.185
667172,128,128,0,128,0,128,0,128,0,128,0,128,0,128,0,128,0,116,0.103,108,0.185
667174,128,128,0,128,0,128,0,128,0,128,0,128,0,128,0,128,0,116,0.103,108,0.185
667196,,,,,,,,,,,,,,,,,,,,,
667197,79.9,79.9,0,79.9,0,79.9,0,79.9,0,79.9,0,79.9,0,79.9,0,86.1,-0.072,86.1,-0.072,67,0.193
667198,41.3,41.3,0,41.3,0,41.3,0,41.3,0,41.3,0,41.3,0,41.3,0,44.4,-0.0698,44.4,-0.0698,34.9,0.183
667210,,,,,,,,,,,,,,,,,,,,,
667213,,,,,,,,,,,,,,,,,,,,,
667215,19.7,19.7,0,19.7,0,19.7,0,19.7,0,19.7,0,19.8,-0.00505,23.3,-0.155,28.9,-0.318,23.5,-0.162,22,-0.105
667216,9,12,-0.25,12,-0.25,12,-0.25,12,-0.25,12,-0.25,12,-0.25,12,-0.25,14.4,-0.375,9.7,-0.0722,,
667217,59.4,59.4,0,59.4,0,59.4,0,59.4,0,59.4,0,59.4,0,59.4,0,64.5,-0.0791,64.5,-0.0791,51,0.165
667219,,,,,,,,,,,,,,,,,,,,,
667220,,,,,,,,,,,,,,,,,,,,,
667224,38.2,38.2,0,38.2,0,38.2,0,38.2,0,38.2,0,38.2,0,38.2,0,38.2,0,33,0.158,31,0.232
667226,25.2,25.2,0,25.2,0,25.2,0,25.2,0,25.2,0,25.2,0,25.2,0,25.2,0,21.8,0.156,,
667232,10,10,0,10,0,10,0,10,0,,,,,10,0,,,10,0,16.5,-0.394
667245,,,,,,,,,,,,,,,,,,,,,
667247,11.3,11.3,0,11.3,0,11.3,0,11.3,0,11.3,0,,,11.3,0,11.3,0,,,8.5,0.329
667248,11.3,11.3,0,11.3,0,11.3,0,11.3,0,11.3,0,,,11.3,0,11.3,0,,,8.5,0.329
667249,11.3,11.3,0,11.3,0,11.3,0,11.3,0,11.3,0,,,11.3,0,11.3,0,,,8.5,0.329
667250,,,,,,,,,,,,,,,,,,,,,
667251,,,,,,,,,,,,,,,,,,,,,
667253,,,,,,,,,,,,,,,,,,,,,
667261,76.3,76.3,0,76.3,0,76.3,0,76.3,0,76.3,0,76.3,0,76.3,0,76.3,0,48,0.59,45.5,0.677
667263,,,,,,,,,,,,,,,,,,,,,
667264,76.3,76.3,0,76.3,0,76.3,0,76.3,0,76.3,0,76.3,0,76.3,0,76.3,0,,,45.5,0.677
667266,76.3,76.3,0,76.3,0,76.3,0,76.3,0,76.3,0,76.3,0,76.3,0,76.3,0,48,0.59,45.5,0.677
667267,76.3,76.3,0,76.3,0,76.3,0,76.3,0,76.3,0,76.3,0,76.3,0,76.3,0,48,0.59,45.5,0.677
667269,76.3,76.3,0,76.3,0,76.3,0,76.3,0,76.3,0,76.3,0,76.3,0,76.3,0,48,0.59,45.5,0.677
667270,76.3,76.3,0,76.3,0,76.3,0,76.3,0,76.3,0,76.3,0,76.3,0,76.3,0,48,0.59,45.5,0.677
667271,76.3,76.3,0,76.3,0,76.3,0,76.3,0,,,,,,,76.3,0,,,,
667272,76.3,76.3,0,76.3,0,76.3,0,76.3,0,76.3,0,76.3,0,76.3,0,76.3,0,48,0.59,45.5,0.677
667273,76.2,76.2,0,76.2,0,76.2,0,76.2,0,76.2,0,76.2,0,76.2,-0.000656,76.2,-0.000656,48,0.588,45.5,0.675
667274,76.3,76.3,0,76.3,0,76.3,0,76.3,0,76.3,0,76.3,0,76.3,0,76.3,0,48,0.59,45.5,0.677
667277,,,,,,,,,,,,,,,,,,,,,
667296,,,,,,,,,,,,,,,,,,,,,
667303,,,,,,,,,,,,,,,,,,,,,
667304,16,16,0,16,0,16,0,16,0,16,0,16,0,16,0,16,0,14.2,0.127,11.9,0.345
667325,51.5,51.5,0,51.5,0,51.5,0,51.5,0,51.5,0,51.5,0,51.5,0,68.9,-0.253,53.4,-0.0356,39.5,0.304
667332,136,136,0,136,0,136,0,136,0,136,0,136,0,136,0,136,0,111,0.225,103,0.32
667338,11,11,0,11,0,11,0,11,0,11,0,11,0,11,0,11,0,4,1.75,4,1.75
667340,23,23,0,23,0,23,0,23,0,23,0,22.9,0.00437,29.9,-0.231,45.9,-0.499,37.9,-0.393,37.9,-0.393
667341,,,,,,,,,,,,,,,,,,,,,
667345,,,,,,,,,,,,,,,,,,,,,
667346,94,94,0,94,0,94,0,94,0,94,0,94,0,94,0,94,0,80,0.175,73,0.288
667349,,,,,,,,,,,,,,,,,,,,,
667371,22.5,22.5,0,22.5,0,22.5,0,22.5,0,22.5,0,22.5,0,22.5,0,,,22,0.0227,,
667372,16,16,0,16,0,16,0,16,0,16,0,16,0,,,,,16,0,,
667373,,,,,,,,,,,,,,,,,,,,,
667374,,,,,,,,,,,,,,,,,,,,,
667378,,,,,,,,,,,,,,,,,,,,,
667381,,,,,,,,,,,,,,,,,,,,,
667382,15.5,15.5,0,15.5,0,15.5,0,15.5,0,15.5,0,15.5,0,15.5,0,16.8,-0.0774,16.8,-0.0774,13,0.192
667384,45.5,45.5,0,45.5,0,45.5,0,45.5,0,45.5,0,45.5,0,45.5,0,45.5,0,39,0.167,,
667385,45.5,45.5,0,45.5,0,45.5,0,45.5,0,45.5,0,45.5,0,45.5,0,45.5,0,39,0.167,37.5,0.213
667386,45.5,45.5,0,45.5,0,45.5,0,45.5,0,45.5,0,45.5,0,45.5,0,45.5,0,39,0.167,,
667387,45.5,45.5,0,45.5,0,45.5,0,45.5,0,45.5,0,45.5,0,45.5,0,45.5,0,39,0.167,37.5,0.213
667394,86,86,0,86,0,86,0,86,0,86,0,86,0,86,0,86,0,86,0,86,0
667396,,,,,,,,,,,,,,,,,,,,,
667398,25.1,25.1,0,25.1,0,25.1,0,25.1,0,25.1,0,25.1,0,25.1,0,25.1,0,21.7,0.157,20,0.255
667400,,,,,,,,,,,,,,,,,,,,,
667430,,,,,,,,,,,,,,,,,,,,,
667455,,,,,,,,,,,,,,,,,,,,,
667460,17.1,17.1,0,17.1,0,17.1,0,17.1,0,17.1,0,17.1,0,17.1,0,17.1,0,14.8,0.155,,
667465,,,,,,,,,,,,,,,,,,,,,
667469,,,,,,,,,,,,,,,,,,,,,
667479,28.7,28.7,0,28.7,0,28.7,0,28.7,0,28.7,0,28.7,0,28.7,0,26.3,0.0913,21.8,0.317,21.8,0.317
667482,29.5,29.5,0,29.5,0,29.5,0,29.5,0,29.5,0,24,0.229,24,0.229,24,0.229,,,23,0.283
667488,22,22,0,22,0,22,0,22,0,22,0,22,0,22,0,22,0,,,22,0
667492,15,15,0,15,0,15,0,15,0,15,0,15,0,15,0,15,0,13.5,0.111,13.5,0.111
667493,14.5,14.5,0,14.5,0,14.5,0,14.5,0,14.5,0,14.5,0,14.5,0,14.5,0,13.9,0.0432,13.5,0.0741
667494,14.5,14.5,0,14.5,0,14.5,0,14.5,0,14.5,0,14.5,0,14.5,0,14.5,0,13.8,0.0507,12,0.208
667495,10.5,10.5,0,10.5,0,10.5,0,10.5,0,10.5,0,10.5,0,10.5,0,10.5,0,8.5,0.235,8.5,0.235
667512,,,,,,,,,,,,,,,,,,,,,
667513,,,,,,,,,,,,,,,,,,,,,
667529,43.3,43.3,0,43.3,0,43.3,0,43.3,0,43.3,0,43.3,0,43.3,0,46.5,-0.0688,46.5,-0.0688,36.5,0.186
667531,153,153,0,153,0,153,0,153,0,153,0,153,0,153,0,169,-0.0923,130,0.182,125,0.223
667541,,,,,,,,,,,,,,,,,,,,,
667544,,,,,,,,,,,,,,,,,,,,,
667547,,,,,,,,,,,,,,,,,,,,,
667548,,,,,,,,,,,,,,,,,,,,,
667549,,,,,,,,,,,,,,,,,,,,,
667550,,,,,,,,,,,,,,,,,,,,,
667551,,,,,,,,,,,,,,,,,,,,,
667552,,,,,,,,,,,,,,,,,,,,,
667553,,,,,,,,,,,,,,,,,,,,,
667554,,,,,,,,,,,,,,,,,,,,,
667555,,,,,,,,,,,,,,,,,,,,,
667556,,,,,,,,,,,,,,,,,,,,,
667566,154,154,0,154,0,154,0,154,0,154,0,154,0,154,0,154,0,109,0.412,92,0.673
667567,19.9,19.9,0,19.9,0,19.9,0,19.9,0,19.9,0,19.9,0,19.9,0,19,0.0474,14.5,0.372,17,0.171
667568,19,19,0,19,0,19,0,19,0,19,0,,,19,0,19,0,16.5,0.152,16.5,0.152
667570,23.5,23.5,0,23.5,0,23.5,0,23.5,0,,,23.5,0,23.5,0,22.5,0.0444,23.5,0,23.5,0
667571,22.5,22.5,0,22.5,0,22.5,0,22.5,0,22.5,0,19.9,0.131,22.5,0,21.5,0.0465,21.5,0.0465,21.5,0.0465
667572,23.5,,,,,23.5,0,23.5,0,23.5,0,23.5,0,23.5,0,22.5,0.0444,23.5,0,23.5,0
667573,22.5,22.5,0,22.5,0,22.5,0,22.5,0,22.5,0,19.9,0.131,22.5,0,21.5,0.0465,21,0.0714,21,0.0714
667574,18.5,18.5,0,18.5,0,18.5,0,18.5,0,,,17.5,0.0571,18.5,0,17.8,0.0393,,,,
667575,21.5,21.5,0,22.9,-0.0611,22.9,-0.0611,22.9,-0.0611,22.9,-0.0611,22.9,-0.0611,22.9,-0.0611,18.5,0.162,24.5,-0.122,23.7,-0.0928
667578,,,,,,,,,,,,,,,,,,,,,
667583,31,31,0,31,0,31,0,31,0,31,0,31,0,31,0,31,0,,,16.5,0.879
667584,31,31,0,31,0,31,0,31,0,31,0,31,0,31,0,31,0,,,,
667586,73,73,0,73,0,73,0,73,0,73,0,73,0,73,0,73,0,64,0.141,61,0.197
667587,31,31,0,31,0,31,0,31,0,31,0,31,0,31,0,31,0,28,0.107,27,0.148
667592,6,,,,,6,0,6,0,6,0,6,0,6,0,6,0,6,0,6,0
667602,66,66,0,66,0,66,0,66,0,66,0,66,0,66,0,66,0,58,0.138,58,0.138
667603,18.9,18.9,0,18.9,0,18.9,0,18.9,0,18.9,0,18.9,0,18.9,0,18.9,0,18.9,0,,
667616,310,310,0,310,0,310,0,310,0,310,0,310,0,310,0,310,0,239,0.297,205,0.512
667617,19.9,19.9,0,19.9,0,19.9,0,16.5,0.206,,,,,,,,,,,,
667620,12,12,0,12,0,12,0,12,0,12,0,10.9,0.101,13.5,-0.111,13.5,-0.111,13,-0.0769,11.4,0.0526
667621,,,,,,,,,,,,,,,,,,,,,
667639,,,,,,,,,,,,,,,,,,,,,
667648,,,,,,,,,,,,,,,,,,,,,
667651,46.2,46.2,0,46.2,0,46.2,0,46.2,0,46.2,0,46.2,0,46.2,0,46.2,0,26.5,0.743,26.5,0.743
667652,,,,,,,,,,,,,,,,,,,,,
667662,50.3,46.8,0.0748,46.8,0.0748,46.8,0.0748,46.8,0.0748,46.8,0.0748,46.8,0.0748,46.8,0.0748,43.5,0.156,41.6,0.209,40.8,0.233
667663,130,130,0,130,0,130,0,130,0,130,0,130,0,130,0,130,0,114,0.14,102,0.275
667665,61,61,0,61,0,61,0,61,0,61,0,61,0,61,0,61,0,53,0.151,51,0.196
667672,35,35,0,35,0,35,0,35,0,35,0,35,0,35,0,37.5,-0.0667,33,0.0606,24,0.458
667673,,,,,,,,,,,,,,,,,,,,,
667674,75.9,75.9,0,75.9,0,75.9,0,75.9,0,75.9,0,75.9,0,75.9,0,75.9,0,61.9,0.226,69.9,0.0858
667675,,,,,,,,,,,,,,,,,,,,,
667684,18,18,0,18,0,18,0,18,0,18,0,18,0,,,18,0,16.9,0.0651,16,0.125
667692,149,149,0,149,0,149,0,149,0,149,0,149,0,149,0,149,0,149,0,117,0.275
667693,,,,,,,,,,,,,,,,,,,,,
667704,,,,,,,,,,,,,,,,,,,,,
667720,90,90,0,90,0,90,0,90,0,90,0,209,-0.569,261,-0.655,261,-0.655,165,-0.455,165,-0.455
667722,87.3,87.3,0,87.3,0,87.3,0,87.3,0,87.3,0,87.3,0,87.3,0,87.3,0,48,0.819,51,0.712
667723,,,,,,,,,,,,,,,,,,,,,
667724,14,14,0,14,0,14,0,14,0,14,0,14,0,14,0,14,0,12.5,0.12,11.5,0.217
667725,266,266,0,266,0,266,0,266,0,266,0,266,0,266,0,266,0,233,0.142,215,0.237
667740,76.8,76.8,0,76.8,0,76.8,0,76.8,0,76.8,0,76.8,0,76.8,0,76.8,0,69.6,0.103,66,0.164
667741,76.8,76.8,0,76.8,0,76.8,0,76.8,0,76.8,0,76.8,0,76.8,0,76.8,0,69.6,0.103,66,0.164
667742,,,,,,,,,,,,,,,,,,,,,
667744,,,,,,,,,,,,,,,,,,,,,
667745,43,43,0,43,0,43,0,43,0,43,0,43,0,43,0,43,0,36,0.194,33,0.303
667747,43,43,0,43,0,43,0,43,0,43,0,43,0,43,0,43,0,36,0.194,33,0.303
667748,66,66,0,66,0,66,0,66,0,66,0,66,0,66,0,66,0,55,0.2,52,0.269
667749,66,66,0,66,0,66,0,66,0,66,0,66,0,66,0,66,0,55,0.2,50,0.32
667750,66,66,0,66,0,66,0,66,0,66,0,66,0,66,0,66,0,55,0.2,52,0.269
667751,61,61,0,61,0,61,0,61,0,61,0,61,0,61,0,61,0,51,0.196,46.5,0.312
667752,85,85,0,85,0,85,0,85,0,85,0,,,85,0,85,0,71,0.197,66,0.288
667753,90,90,0,90,0,90,0,90,0,90,0,90,0,90,0,90,0,75,0.2,69,0.304
667754,,,,,,,,,,,,,,,,,,,,,
667755,85,85,0,85,0,85,0,85,0,85,0,,,85,0,85,0,71,0.197,66,0.288
667756,61,61,0,61,0,61,0,61,0,61,0,61,0,61,0,,,51,0.196,46.5,0.312
667757,85,85,0,85,0,85,0,85,0,85,0,85,0,85,0,85,0,71,0.197,66,0.288
667758,53.9,53.9,0,53.9,0,53.9,0,53.9,0,53.9,0,,,53.9,0,53.9,0,29,0.859,,
667759,,,,,,,,,,,,,,,,,,,,,
667760,25.2,25.2,0,25.2,0,21.5,0.172,21.5,0.172,25.2,0,25.2,0,20,0.26,25.2,0,20,0.26,21.5,0.172
667761,59,59,0,59,0,59,0,59,0,59,0,,,,,,,55.2,0.0688,,
667774,15,15,0,15,0,15,0,15,0,15,0,15,0,15,0,15,0,13.2,0.136,12.5,0.2
667775,25.2,25.2,0,25.2,0,21.5,0.172,21.5,0.172,25.2,0,25.2,0,20,0.26,25.2,0,24,0.05,21.5,0.172
667776,59,59,0,59,0,59,0,59,0,59,0,59,0,,,,,,,52,0.135
667780,29,29,0,29,0,29,0,29,0,29,0,29,0,29,0,24,0.208,29,0,27.5,0.0545
667782,,,,,,,,,,,,,,,,,,,,,
667783,,,,,,,,,,,,,,,,,,,,,
667784,,,,,,,,,,,,,,,,,,,,,
667788,13.5,13.5,0,13.5,0,13.5,0,13.5,0,13.5,0,13.5,0,13.5,0,13.5,0,11.9,0.134,11.5,0.174
667789,,,,,,,,,,,,,,,,,,,,,
667790,,,,,,,,,,,,,,,,,,,,,
667791,,,,,,,,,,,,,,,,,,,,,
667792,,,,,,,,,,,,,,,,,,,,,
667793,,,,,,,,,,,,,,,,,,,,,
667794,120,120,0,120,0,120,0,120,0,120,0,120,0,120,0,120,0,116,0.0398,,
667795,27.5,27.5,0,27.5,0,27.5,0,27.5,0,27.5,0,27.5,0,27.5,0,29.6,-0.0709,29.6,-0.0709,23,0.196
667796,42.8,42.8,0,42.8,0,42.8,0,42.8,0,42.8,0,42.8,0,42.8,0,45.9,-0.0675,45.9,-0.0675,36,0.189
667797,,,,,,,,,,,,,,,,,,,,,
667798,,,,,,,,,,,,,,,,,,,,,
667802,186,186,0,186,0,186,0,186,0,186,0,186,0,186,0,186,0,186,0,146,0.275
667803,186,186,0,186,0,186,0,186,0,186,0,186,0,,,186,0,186,0,146,0.275
667804,186,186,0,186,0,186,0,186,0,186,0,186,0,186,0,186,0,186,0,146,0.275
667805,,,,,,,,,,,,,,,,,,,,,
667806,159,159,0,159,0,159,0,159,0,159,0,159,0,159,0,181,-0.12,181,-0.12,140,0.137
667807,159,159,0,159,0,159,0,159,0,159,0,159,0,159,0,180,-0.115,180,-0.115,140,0.137
667808,159,159,0,159,0,159,0,159,0,159,0,159,0,159,0,180,-0.115,180,-0.115,140,0.137
667809,135,135,0,135,0,153,-0.12,153,-0.12,153,-0.12,153,-0.12,153,-0.12,172,-0.214,172,-0.214,134,0.00597
667810,135,135,0,135,0,135,0,135,0,153,-0.12,153,-0.12,153,-0.12,171,-0.212,172,-0.214,134,0.00597
667811,71.5,71.5,0,71.5,0,87.5,-0.183,87.5,-0.183,87.5,-0.183,87.5,-0.183,87.5,-0.183,100,-0.285,100,-0.285,79,-0.0949
667814,,,,,,,,,,,,,,,,,,,,,
667817,135,135,0,135,0,153,-0.12,153,-0.12,153,-0.12,153,-0.12,153,-0.12,172,-0.214,172,-0.214,134,0.00597
667825,,,,,,,,,,,,,,,,,,,,,
667829,52.5,52.5,0,52.5,0,61.8,-0.15,61.8,-0.15,61.8,-0.15,61.8,-0.15,52.5,0,57,-0.0789,52.9,-0.00756,37.6,0.396
667839,76.4,76.4,0,76.4,0,76.4,0,76.4,0,76.4,0,76.4,0,76.4,0,81.9,-0.0672,81.9,-0.0672,64.9,0.177
667846,24.5,24.5,0,24.5,0,24.5,0,,,24.5,0,24.5,0,24.5,0,24.5,0,24.5,0,24,0.0208
667847,23.5,23.5,0,23.5,0,23.5,0,23.5,0,23.5,0,23,0.0217,23,0.0217,23,0.0217,23,0.0217,22,0.0682
667848,23.5,23.5,0,23.5,0,23.5,0,23.5,0,23.5,0,22.5,0.0444,22.5,0.0444,22.5,0.0444,22.5,0.0444,20.5,0.146
667874,56,56,0,56,0,56,0,56,0,56,0,,,56,0,56,0,45.6,0.228,45.6,0.228
667879,72.9,72.9,0,72.9,0,72.9,0,72.9,0,72.9,0,72.9,0,72.9,0,72.9,0,54.7,0.333,69.9,0.0429
667880,72.9,72.9,0,72.9,0,72.9,0,72.9,0,72.9,0,72.9,0,72.9,0,72.9,0,54.7,0.333,69.9,0.0429
667881,72.9,72.9,0,72.9,0,72.9,0,72.9,0,72.9,0,72.9,0,72.9,0,72.9,0,54.7,0.333,69.9,0.0429
667882,72.9,72.9,0,72.9,0,72.9,0,72.9,0,72.9,0,72.9,0,72.9,0,72.9,0,54.7,0.333,69.9,0.0429
667883,15.6,15.6,0,15.6,0,15.6,0,15.6,0,15.6,0,15.6,0,15.6,0,15.6,0,15.6,0,15.6,0
667885,59.9,59.9,0,59.9,0,59.9,0,59.9,0,59.9,0,59.9,0,59.9,0,60,-0.00167,50.9,0.177,49.9,0.2
667892,159,159,0,159,0,159,0,159,0,159,0,,,159,0,180,-0.115,180,-0.115,140,0.137
667893,159,159,0,159,0,159,0,159,0,159,0,159,0,159,0,180,-0.115,180,-0.115,140,0.137
667894,135,135,0,135,0,135,0,135,0,153,-0.12,153,-0.12,153,-0.12,172,-0.214,172,-0.214,134,0.00597
667895,,,,,,,,,,,,,,,,,,,,,
667896,,,,,,,,,,,,,,,,,,,,,
667897,,,,,,,,,,,,,,,,,,,,,
667899,,,,,,,,,,,,,,,,,,,,,
667900,60.5,60.5,0,60.5,0,60.5,0,60.5,0,60.5,0,60.5,0,,,65.8,-0.0805,65.8,-0.0805,49.5,0.222
667901,,,,,,,,,,,,,,,,,,,,,
667904,60,60,0,60,0,60,0,60,0,60,0,60,0,60,0,60,0,55,0.0909,40,0.5
667905,,,,,,,,,,,,,,,,,,,,,
667907,35.7,35.7,0,35.7,0,35.7,0,35.7,0,35.7,0,44,-0.189,44,-0.189,43.9,-0.187,42.5,-0.16,37.5,-0.048
667911,25.1,25.1,0,25.1,0,25.1,0,25.1,0,25.1,0,25.1,0,25.1,0,25.1,0,21.7,0.157,,
667913,,,,,,,,,,,,,,,,,,,,,
667914,,,,,,,,,,,,,,,,,,,,,
667915,38.2,38.2,0,38.2,0,38.2,0,38.2,0,38.2,0,38.2,0,38.2,0,38.2,0,33,0.158,31,0.232
667916,78,78,0,78,0,78,0,78,0,78,0,78,0,78,0,83.9,-0.0703,83.9,-0.0703,65.9,0.184
667917,72,72,0,72,0,72,0,72,0,72,0,72,0,72,0,75.4,-0.0451,75.4,-0.0451,59,0.22
667944,188,188,0,188,0,188,0,188,0,188,0,188,0,201,-0.0648,201,-0.0648,201,-0.0648,166,0.133
667951,,,,,,,,,,,,,,,,,,,,,
667952,,,,,,,,,,,,,,,,,,,,,
667953,,,,,,,,,,,,,,,,,,,,,
667954,405,405,0,405,0,405,0,405,0,405,0,405,0,327,0.239,327,0.239,327,0.239,320,0.266
667969,51.7,51.7,0,51.7,0,51.7,0,51.7,0,51.7,0,51.7,0,51.7,0,50,0.034,30,0.723,36.9,0.401
667970,44,51.7,-0.149,51.7,-0.149,51.7,-0.149,51.7,-0.149,51.7,-0.149,51.7,-0.149,51.7,-0.149,50,-0.12,30,0.467,,
667971,44.1,44.1,0,44.1,0,39.5,0.116,39.5,0.116,44.1,0,53.1,-0.169,53.1,-0.169,57.4,-0.232,42.6,0.0352,40.3,0.0943
667986,308,308,0,308,0,308,0,308,0,308,0,308,0,308,0,308,0,308,0,246,0.253
667987,308,308,0,308,0,308,0,308,0,308,0,308,0,308,0,308,0,308,0,246,0.253
667988,,,,,,,,,,,,,,,,,,,,,
667994,11.9,11.9,0,11.9,0,11.9,0,11.9,0,11.9,0,11.9,0,11.9,0,11.9,0,11,0.0818,,
667995,11.9,11.9,0,11.9,0,11.9,0,11.9,0,11.9,0,11.9,0,11.9,0,11.9,0,11,0.0818,8.8,0.352
667996,,,,,,,,,,,,,,,,,,,,,
667997,11.9,11.9,0,11.9,0,11.9,0,11.9,0,11.9,0,11.9,0,11.9,0,,,,,,
667998,11.9,11.9,0,11.9,0,11.9,0,11.9,0,11.9,0,11.9,0,11.9,0,11.9,0,11,0.0818,,
667999,11.9,11.9,0,11.9,0,11.9,0,11.9,0,11.9,0,11.9,0,11.9,0,11.9,0,11,0.0818,8.8,0.352
668000,,,,,,,,,,,,,,,,,,,,,
668001,,,,,,,,,,,,,,,,,,,,,
668003,11.9,11.9,0,11.9,0,11.9,0,11.9,0,11.9,0,11.9,0,11.9,0,11.9,0,11,0.0818,8.8,0.352
668004,11.9,11.9,0,,,,,11.9,0,11.9,0,11.9,0,11.9,0,11.9,0,11,0.0818,8.8,0.352
668005,11.9,11.9,0,11.9,0,11.9,0,11.9,0,11.9,0,11.9,0,11.9,0,11.9,0,11,0.0818,,
668006,,,,,,,,,,,,,,,,,,,,,
668007,11.9,11.9,0,11.9,0,11.9,0,11.9,0,11.9,0,11.9,0,11.9,0,,,,,,
668008,,,,,,,,,,,,,,,,,,,,,
668009,11.9,11.9,0,11.9,0,11.9,0,11.9,0,11.9,0,11.9,0,11.9,0,11.9,0,11,0.0818,8.8,0.352
668010,11.9,11.9,0,11.9,0,11.9,0,11.9,0,11.9,0,11.9,0,11.9,0,11.9,0,11,0.0818,8.8,0.352
668011,11.9,11.9,0,11.9,0,11.9,0,11.9,0,11.9,0,11.9,0,11.9,0,11.9,0,11,0.0818,,
668012,11.9,11.9,0,11.9,0,11.9,0,11.9,0,11.9,0,11.9,0,11.9,0,11.9,0,11,0.0818,8.8,0.352
668013,11.9,11.9,0,11.9,0,11.9,0,11.9,0,11.9,0,11.9,0,11.9,0,11.9,0,11,0.0818,8.8,0.352
668014,11.9,11.9,0,11.9,0,11.9,0,11.9,0,11.9,0,11.9,0,11.9,0,11.9,0,11,0.0818,8.8,0.352
668015,11.9,11.9,0,11.9,0,11.9,0,11.9,0,11.9,0,11.9,0,11.9,0,11.9,0,11,0.0818,8.8,0.352
668016,,,,,,,,,,,,,,,,,,,,,
668018,11.9,11.9,0,11.9,0,11.9,0,11.9,0,11.9,0,11.9,0,11.9,0,11.9,0,11,0.0818,8.8,0.352
668019,,,,,,,,,,,,,,,,,,,,,
668020,11.9,11.9,0,11.9,0,11.9,0,11.9,0,11.9,0,11.9,0,11.9,0,11.9,0,11,0.0818,8.8,0.352
668021,11.9,11.9,0,11.9,0,11.9,0,11.9,0,11.9,0,11.9,0,11.9,0,11.9,0,11,0.0818,8.8,0.352
668022,11.9,11.9,0,11.9,0,11.9,0,11.9,0,11.9,0,11.9,0,11.9,0,11.9,0,11,0.0818,8.8,0.352
668023,11.9,11.9,0,11.9,0,11.9,0,11.9,0,11.9,0,11.9,0,11.9,0,11.9,0,11,0.0818,8.8,0.352
668024,11.9,11.9,0,11.9,0,11.9,0,11.9,0,11.9,0,11.9,0,11.9,0,11.9,0,11,0.0818,8.8,0.352
668025,,,,,,,,,,,,,,,,,,,,,
668027,11.9,11.9,0,11.9,0,11.9,0,11.9,0,11.9,0,11.9,0,11.9,0,11.9,0,11,0.0818,,
668028,11.9,11.9,0,11.9,0,11.9,0,11.9,0,11.9,0,11.9,0,11.9,0,11.9,0,11,0.0818,,
668029,11.9,11.9,0,11.9,0,11.9,0,11.9,0,11.9,0,11.9,0,11.9,0,11.9,0,11,0.0818,8.8,0.352
668031,11.9,11.9,0,11.9,0,11.9,0,11.9,0,11.9,0,11.9,0,11.9,0,11.9,0,11,0.0818,8.8,0.352
668032,11.9,11.9,0,11.9,0,11.9,0,11.9,0,11.9,0,11.9,0,11.9,0,11.9,0,11,0.0818,8.8,0.352
668033,11.9,11.9,0,11.9,0,11.9,0,11.9,0,11.9,0,11.9,0,11.9,0,11.9,0,11,0.0818,8.8,0.352
668034,11.9,11.9,0,11.9,0,11.9,0,11.9,0,11.9,0,11.9,0,11.9,0,11.9,0,11,0.0818,8.8,0.352
668035,11.9,11.9,0,11.9,0,11.9,0,11.9,0,11.9,0,11.9,0,11.9,0,11.9,0,11,0.0818,,
668036,11.9,11.9,0,11.9,0,11.9,0,11.9,0,11.9,0,11.9,0,11.9,0,,,11,0.0818,8.8,0.352
668037,11.9,11.9,0,11.9,0,11.9,0,11.9,0,11.9,0,11.9,0,11.9,0,11.9,0,11,0.0818,,
668038,11.9,11.9,0,11.9,0,11.9,0,11.9,0,11.9,0,11.9,0,11.9,0,11.9,0,11,0.0818,8.8,0.352
668039,11.9,11.9,0,11.9,0,11.9,0,11.9,0,11.9,0,11.9,0,11.9,0,11.9,0,11,0.0818,8.8,0.352
668040,,,,,,,,,,,,,,,,,,,,,
668041,11.9,11.9,0,11.9,0,11.9,0,11.9,0,11.9,0,11.9,0,11.9,0,11.9,0,11,0.0818,,
668042,11.9,11.9,0,11.9,0,11.9,0,11.9,0,11.9,0,11.9,0,11.9,0,11.9,0,11,0.0818,8.8,0.352
668043,11.9,11.9,0,11.9,0,11.9,0,11.9,0,11.9,0,11.9,0,11.9,0,11.9,0,11,0.0818,8.8,0.352
668044,,,,,,,,,,,,,,,,,,,,,
668045,11.9,11.9,0,11.9,0,11.9,0,11.9,0,11.9,0,11.9,0,11.9,0,11.9,0,11,0.0818,8.8,0.352
668046,11.9,11.9,0,11.9,0,11.9,0,11.9,0,11.9,0,11.9,0,11.9,0,11.9,0,11,0.0818,8.8,0.352
668047,11.9,11.9,0,11.9,0,11.9,0,11.9,0,11.9,0,11.9,0,11.9,0,11.9,0,11,0.0818,8.8,0.352
668048,,,,,,,,,,,,,,,,,,,,,
668049,11.9,11.9,0,11.9,0,11.9,0,11.9,0,11.9,0,11.9,0,11.9,0,,,11,0.0818,8.8,0.352
668050,11.9,11.9,0,11.9,0,11.9,0,11.9,0,11.9,0,11.9,0,11.9,0,11.9,0,11,0.0818,8.8,0.352
668051,11.9,11.9,0,11.9,0,11.9,0,11.9,0,11.9,0,,,11.9,0,11.9,0,11,0.0818,8.8,0.352
668052,11.9,11.9,0,11.9,0,11.9,0,11.9,0,11.9,0,11.9,0,11.9,0,11.9,0,11,0.0818,8.8,0.352
668053,11.9,11.9,0,11.9,0,11.9,0,11.9,0,11.9,0,11.9,0,11.9,0,11.9,0,11,0.0818,8.8,0.352
668055,11.9,11.9,0,11.9,0,11.9,0,11.9,0,11.9,0,11.9,0,11.9,0,11.9,0,11,0.0818,8.8,0.352
668056,31.9,31.9,0,31.9,0,31.9,0,31.9,0,31.9,0,31.9,0,31.9,0,31.9,0,28.8,0.108,25,0.276
668057,31.9,31.9,0,31.9,0,31.9,0,31.9,0,31.9,0,31.9,0,31.9,0,31.9,0,28.8,0.108,25,0.276
668058,31.9,31.9,0,31.9,0,31.9,0,31.9,0,31.9,0,31.9,0,31.9,0,31.9,0,28.8,0.108,25,0.276
668059,31.9,31.9,0,31.9,0,31.9,0,31.9,0,31.9,0,31.9,0,31.9,0,31.9,0,28.8,0.108,,
668060,,,,,,,,,,,,,,,,,,,,,
668065,71.3,71.3,0,71.3,0,71.3,0,71.3,0,71.3,0,71.3,0,,,77.5,-0.08,77.5,-0.08,60.8,0.173
668066,15.5,15.5,0,15.5,0,15.5,0,15.5,0,15.5,0,15.5,0,15.5,0,15.5,0,12,0.292,11,0.409
668072,274,274,0,274,0,274,0,274,0,,,,,,,,,,,,
668073,135,135,0,135,0,135,0,135,0,153,-0.12,153,-0.12,153,-0.12,172,-0.214,172,-0.214,134,0.00597
668076,,,,,,,,,,,,,,,,,,,,,
668077,,,,,,,,,,,,,,,,,,,,,
668079,,,,,,,,,,,,,,,,,,,,,
668081,46.6,46.6,0,46.6,0,46.6,0,46.6,0,46.6,0,46.6,0,46.6,0,45,0.0356,33,0.412,33,0.412
668082,46.6,46.6,0,46.6,0,46.6,0,46.6,0,46.6,0,46.6,0,46.6,0,45,0.0356,33,0.412,33,0.412
668089,,,,,,,,,,,,,,,,,,,,,
668091,60.8,60.8,0,60.8,0,60.8,0,60.8,0,60.8,0,60.8,0,60.8,0,65.1,-0.0661,65.1,-0.0661,51,0.192
668092,62,62,0,62,0,62,0,62,0,62,0,62,0,62,0,66.5,-0.0677,66.5,-0.0677,52.6,0.179
668094,37.7,34.8,0.0833,34.8,0.0833,34.8,0.0833,34.8,0.0833,34.8,0.0833,34.8,0.0824,34.8,0.0824,33.7,0.119,32.3,0.167,,
668096,50.3,43.8,0.148,43.8,0.148,43.8,0.148,43.8,0.148,43.8,0.148,43.8,0.148,43.8,0.148,43.5,0.156,41.6,0.209,40.8,0.233
668099,,,,,,,,,,,,,,,,,,,,,
668100,38.3,38.3,0,38.3,0,38.3,0,38.3,0,38.3,0,38.3,0,38.3,0,38.3,0,37.5,0.0213,31.3,0.224
668101,38.3,38.3,0,38.3,0,38.3,0,38.3,0,38.3,0,38.3,0,38.3,0,38.3,0,37.5,0.0213,31.3,0.224
668102,,,,,,,,,,,,,,,,,,,,,
668105,,,,,,,,,,,,,,,,,,,,,
668111,,,,,,,,,,,,,,,,,,,,,
668114,,,,,,,,,,,,,,,,,,,,,
668115,,,,,,,,,,,,,,,,,,,,,
668116,,,,,,,,,,,,,,,,,,,,,
668117,,,,,,,,,,,,,,,,,,,,,
668120,50.7,59.5,-0.148,59.5,-0.148,59.5,-0.148,74.5,-0.319,74.5,-0.319,74.5,-0.319,74.5,-0.319,84.5,-0.4,76,-0.333,57.8,-0.123
668124,,,,,,,,,,,,,,,,,,,,,
668125,22.9,22.9,0,22.9,0,22.9,0,22.9,0,22.9,0,22.9,0,22.9,0,25,-0.084,17.9,0.279,22,0.0409
668130,33,33,0,33,0,33,0,33,0,33,0,,,33,0,33,0,31,0.0645,29,0.138
668131,,,,,,,,,,,,,,,,,,,,,
668132,,,,,,,,,,,,,,,,,,,,,
668137,67,67,0,67,0,67,0,67,0,67,0,67,0,67,0,67,0,75,-0.107,55,0.218
668138,67,67,0,67,0,67,0,67,0,67,0,67,0,67,0,67,0,,,55,0.218
668139,83,83,0,83,0,83,0,83,0,83,0,83,0,83,0,83,0,90,-0.0778,67,0.239
668140,,,,,,,,,,,,,,,,,,,,,
668143,83,83,0,83,0,83,0,83,0,,,,,,,83,0,90,-0.0778,67,0.239
668144,37,37,0,37,0,37,0,37,0,37,0,37,0,,,,,,,,
668145,37,37,0,37,0,37,0,37,0,37,0,37,0,,,,,40,-0.075,,
668146,37,37,0,37,0,37,0,37,0,37,0,37,0,,,,,40,-0.075,,
668150,67,67,0,67,0,67,0,67,0,67,0,67,0,67,0,67,0,75,-0.107,,
668152,37,37,0,37,0,37,0,37,0,37,0,37,0,,,,,40,-0.075,,
668153,70,70,0,70,0,70,0,70,0,,,,,,,,,,,,
668154,70,70,0,70,0,70,0,70,0,70,0,70,0,70,0,,,,,55,0.273
668155,70,70,0,70,0,70,0,70,0,70,0,70,0,70,0,,,,,55,0.273
668164,38.4,38.4,0,38.4,0,38.4,0,38.4,0,38.4,0,38.4,0,38.4,0,38.4,0,34.8,0.103,33,0.164
668166,28.9,28.9,0,28.9,0,28.9,0,38.6,-0.251,38.6,-0.251,38.6,-0.251,38.6,-0.251,40.5,-0.286,37.5,-0.229,29.9,-0.0334
668170,18,18,0,18,0,18,0,18,0,18,0,,,18,0,,,18,0,12.5,0.44
668171,18,18,0,18,0,18,0,18,0,18,0,,,18,0,,,18,0,,
668172,15.5,15.5,0,15.5,0,15.5,0,15.5,0,15.5,0,15.5,0,15.5,0,15.5,0,15.5,0,11.5,0.348
668173,68.9,68.9,0,68.9,0,68.9,0,68.9,0,68.9,0,68.9,0,,,,,48.7,0.415,,
668174,51.2,51.2,0,51.2,0,51.2,0,51.2,0,51.2,0,51.2,0,,,44.7,0.145,38.7,0.323,34,0.506
668175,,,,,,,,,,,,,,,,,,,,,
668179,76.5,76.5,0,76.5,0,76.5,0,76.5,0,76.5,0,76.5,0,76.5,0,76.5,0,70,0.0929,56.3,0.359
668180,,,,,,,,,,,,,,,,,,,,,
668181,18.5,18.5,0,18.5,0,18.5,0,18.5,0,18.5,0,18.5,0,18.5,0,18.5,0,17.5,0.0571,13.8,0.341
668182,18.5,18.5,0,18.5,0,18.5,0,18.5,0,18.5,0,18.5,0,18.5,0,18.5,0,17.5,0.0571,13.8,0.341
668183,18.5,18.5,0,18.5,0,18.5,0,18.5,0,18.5,0,,,18.5,0,18.5,0,17.5,0.0571,13.8,0.341
668184,18.5,18.5,0,18.5,0,18.5,0,18.5,0,18.5,0,18.5,0,18.5,0,18.5,0,17.5,0.0571,13.8,0.341
668185,13.4,13.4,0,13.4,0,13.4,0,13.4,0,13.4,0,13.4,0,13.4,0,13.4,0,12,0.117,9.4,0.426
668186,13.4,13.4,0,13.4,0,13.4,0,13.4,0,13.4,0,13.4,0,13.4,0,13.4,0,12,0.117,9.4,0.426
668187,13.4,13.4,0,13.4,0,13.4,0,13.4,0,13.4,0,13.4,0,13.4,0,13.4,0,12,0.117,9.4,0.426
668188,8.9,8.9,0,8.9,0,8.9,0,8.9,0,8.9,0,8.9,0,8.9,0,8.9,0,7.5,0.187,6.3,0.413
668189,99.9,99.9,0,99.9,0,99.9,0,99.9,0,99.9,0,99.9,0,99.9,0,99.9,0,92.9,0.0753,89.9,0.111
668193,,,,,,,,,,,,,,,,,,,,,
668197,,,,,,,,,,,,,,,,,,,,,
668198,,,,,,,,,,,,,,,,,,,,,
668205,83,83,0,83,0,83,0,83,0,83,0,83,0,,,,,,,,
668206,67,67,0,67,0,67,0,67,0,67,0,67,0,67,0,67,0,,,,
668207,67,67,0,67,0,67,0,67,0,67,0,67,0,,,,,,,,
668209,171,171,0,171,0,171,0,171,0,171,0,171,0,171,0,171,0,,,,
668210,,,,,,,,,,,,,,,,,,,,,
668211,,,,,,,,,,,,,,,,,,,,,
668213,83,83,0,83,0,83,0,83,0,83,0,83,0,83,0,83,0,90,-0.0778,67,0.239
668214,,,,,,,,,,,,,,,,,,,,,
668215,,,,,,,,,,,,,,,,,,,,,
668221,,,,,,,,,,,,,,,,,,,,,
668225,,,,,,,,,,,,,,,,,,,,,
668236,74,74,0,74,0,74,0,74,0,74,0,74,0,,,,,,,,
668237,30,30,0,30,0,30,0,30,0,30,0,30,0,,,,,,,,
668240,20,20,0,20,0,20,0,20,0,20,0,20,0,20,0,20,0,18,0.111,18,0.111
668241,12,12,0,12,0,12,0,12,0,12,0,12,0,12,0,12,0,11.5,0.0435,9.5,0.263
668242,30,30,0,30,0,30,0,30,0,30,0,30,0,30,0,30,0,24.3,0.235,22.5,0.333
668243,23.5,23.5,0,23.5,0,23.5,0,23.5,0,23.5,0,22.9,0.0262,22.9,0.0262,25,-0.06,22,0.0682,22,0.0682
668244,,,,,,,,,,,,,,,,,,,,,
668250,,,,,,,,,,,,,,,,,,,,,
668251,138,138,0,138,0,138,0,138,0,138,0,138,0,138,0,138,0,138,0,138,0
668252,,,,,,,,,,,,,,,,,,,,,
668253,140,140,0,140,0,140,0,140,0,140,0,140,0,140,0,140,0,133,0.0526,123,0.138
668254,140,140,0,140,0,140,0,140,0,140,0,140,0,140,0,140,0,133,0.0526,123,0.138
668255,140,140,0,140,0,140,0,140,0,140,0,140,0,140,0,140,0,133,0.0526,123,0.138
668256,140,140,0,140,0,140,0,140,0,140,0,140,0,,,140,0,133,0.0526,123,0.138
668257,140,140,0,140,0,140,0,140,0,140,0,140,0,140,0,140,0,133,0.0526,123,0.138
668264,,,,,,,,,,,,,,,,,,,,,
668265,,,,,,,,,,,,,,,,,,,,,
668266,59.3,59.3,0,59.3,0,59.3,0,59.3,0,59.3,0,59.3,0,59.3,0,63.8,-0.0705,63.8,-0.0705,50,0.186
668267,61,61,0,61,0,61,0,61,0,61,0,61,0,,,66.5,-0.0827,66.5,-0.0827,,
668268,61,61,0,61,0,61,0,61,0,61,0,61,0,61,0,66.5,-0.0827,66.5,-0.0827,52,0.173
668270,61,61,0,61,0,61,0,61,0,61,0,61,0,61,0,66.5,-0.0827,66.5,-0.0827,52,0.173
668271,61,61,0,61,0,61,0,61,0,61,0,61,0,61,0,66.5,-0.0827,66.5,-0.0827,52,0.173
668272,61,61,0,61,0,61,0,61,0,61,0,61,0,61,0,66.5,-0.0827,66.5,-0.0827,52,0.173
668273,61,61,0,61,0,61,0,61,0,61,0,61,0,61,0,66.5,-0.0827,66.5,-0.0827,52,0.173
668274,60,60,0,60,0,61,-0.0164,61,-0.0164,61,-0.0164,61,-0.0164,61,-0.0164,66.5,-0.0977,66.5,-0.0977,52,0.154
668275,,,,,,,,,,,,,,,,,,,,,
668276,61,61,0,61,0,61,0,61,0,61,0,61,0,,,66.5,-0.0827,66.5,-0.0827,52,0.173
668277,,,,,,,,,,,,,,,,,,,,,
668278,22.9,22.9,0,22.9,0,22.9,0,22.9,0,22.9,0,22.9,0,22.9,0,25,-0.084,21.9,0.0457,21.9,0.0457
668279,22.9,22.9,0,22.9,0,22.9,0,22.9,0,22.9,0,22.9,0,22.9,0,25,-0.084,22,0.0409,22,0.0409
668280,,,,,,,,,,,,,,,,,,,,,
668281,33,33,0,33,0,33,0,33,0,33,0,33,0,33,0,33,0,30,0.1,26.5,0.245
668282,,,,,,,,,,,,,,,,,,,,,
668283,26.3,26.3,0,26.3,0,26.3,0,26.3,0,26.3,0,26.3,0,26.3,0,,,26.3,0,25.8,0.0194
668289,,,,,,,,,,,,,,,,,,,,,
668290,,,,,,,,,,,,,,,,,,,,,
668293,,,,,,,,,,,,,,,,,,,,,
668294,,,,,,,,,,,,,,,,,,,,,
668298,,,,,,,,,,,,,,,,,,,,,
668300,31.9,31.9,0,31.9,0,31.9,0,31.9,0,31.9,0,49.7,-0.358,49.7,-0.358,49.7,-0.358,43.8,-0.272,35,-0.0886
668355,,,,,,,,,,,,,,,,,,,,,
668356,,,,,,,,,,,,,,,,,,,,,
668357,,,,,,,,,,,,,,,,,,,,,
668358,,,,,,,,,,,,,,,,,,,,,
668359,,,,,,,,,,,,,,,,,,,,,
668360,112,112,0,112,0,112,0,112,0,112,0,112,0,112,0,112,0,97.2,0.149,95.3,0.172
668362,,,,,,,,,,,,,,,,,,,,,
668363,,,,,,,,,,,,,,,,,,,,,
668364,,,,,,,,,,,,,,,,,,,,,
668365,,,,,,,,,,,,,,,,,,,,,
668366,,,,,,,,,,,,,,,,,,,,,
668368,,,,,,,,,,,,,,,,,,,,,
668370,,,,,,,,,,,,,,,,,,,,,
668371,,,,,,,,,,,,,,,,,,,,,
668372,,,,,,,,,,,,,,,,,,,,,
668378,,,,,,,,,,,,,,,,,,,,,
668380,,,,,,,,,,,,,,,,,,,,,
668381,,,,,,,,,,,,,,,,,,,,,
668384,,,,,,,,,,,,,,,,,,,,,
668391,,,,,,,,,,,,,,,,,,,,,
668394,,,,,,,,,,,,,,,,,,,,,
668396,50,50,0,50,0,50,0,50,0,50,0,50,0,50,0,,,44,0.136,44,0.136
668403,25.5,25.5,0,25.5,0,25.5,0,25.5,0,25.5,0,28.3,-0.0989,28.3,-0.0989,28.3,-0.0989,28,-0.0893,27,-0.0556
668404,159,159,0,159,0,159,0,159,0,159,0,159,0,159,0,159,0,129,0.233,104,0.529
668410,249,249,0,249,0,249,0,249,0,249,0,249,0,249,0,,,199,0.251,,
668418,,,,,,,,,,,,,,,,,,,,,
668419,,,,,,,,,,,,,,,,,,,,,
668420,,,,,,,,,,,,,,,,,,,,,
668421,,,,,,,,,,,,,,,,,,,,,
668426,,,,,,,,,,,,,,,,,,,,,
668436,,,,,,,,,,,,,,,,,,,,,
668447,,,,,,,,,,,,,,,,,,,,,
668448,,,,,,,,,,,,,,,,,,,,,
668449,,,,,,,,,,,,,,,,,,,,,
668454,,,,,,,,,,,,,,,,,,,,,
668458,,,,,,,,,,,,,,,,,,,,,
668460,,,,,,,,,,,,,,,,,,,,,
668461,,,,,,,,,,,,,,,,,,,,,
668486,34.6,34.6,0,34.6,0,34.6,0,34.6,0,34.6,0,34.6,0,34.6,0,29,0.193,22,0.573,22,0.573
668487,,,,,,,,,,,,,,,,,,,,,
668488,35.5,,,,,,,,,35.5,0,35.5,0,35.5,0,35.5,0,31,0.145,,
668501,23.2,23.2,0,23.2,0,23.2,0,31.4,-0.261,31.4,-0.261,31.4,-0.261,31.4,-0.261,35,-0.337,33.3,-0.303,30.8,-0.247
668503,27,27,0,27,0,27,0,27,0,27,0,27,0,27,0,32.4,-0.167,25,0.08,25,0.08
668504,27,27,0,27,0,27,0,27,0,27,0,27,0,27,0,32.4,-0.167,25.5,0.0588,25.5,0.0588
668505,93.9,93.9,0,93.9,0,93.9,0,93.9,0,93.9,0,93.9,0,93.9,0,93.9,0,66.4,0.414,58.8,0.597
668508,39.5,39.5,0,39.5,0,39.5,0,39.5,0,39.5,0,39.5,0,39.5,0,42.5,-0.0706,42.5,-0.0706,33.3,0.186
668509,72.5,72.5,0,72.5,0,72.5,0,72.5,0,72.5,0,72.5,0,72.5,0,77.9,-0.0693,77.9,-0.0693,61,0.189
668512,,,,,,,,,,,,,,,,,,,,,
668513,,,,,,,,,,,,,,,,,,,,,
668514,,,,,,,,,,,,,,,,,,,,,
668516,56,56,0,56,0,56,0,56,0,56,0,56,0,56,0,56,0,47.9,0.169,33,0.697
668517,,,,,,,,,,,,,,,,,,,,,
668522,,,,,,,,,,,,,,,,,,,,,
668524,140,140,0,140,0,140,0,140,0,140,0,140,0,140,0,140,0,133,0.0526,123,0.138
668527,,,,,,,,,,,,,,,,,,,,,
668533,77.5,77.5,0,77.5,0,77.5,0,77.5,0,77.5,0,77.5,0,77.5,0,77.5,0,77.5,0,61,0.27
668534,,,,,,,,,,,,,,,,,,,,,
668535,45.5,45.5,0,45.5,0,45.5,0,45.5,0,45.5,0,45.5,0,,,45.5,0,39,0.167,37,0.23
668536,45.5,45.5,0,45.5,0,45.5,0,45.5,0,45.5,0,45.5,0,45.5,0,45.5,0,39,0.167,37,0.23
668537,45.5,45.5,0,45.5,0,45.5,0,45.5,0,45.5,0,45.5,0,45.5,0,45.5,0,39,0.167,37,0.23
668538,45.5,45.5,0,45.5,0,45.5,0,45.5,0,45.5,0,45.5,0,45.5,0,45.5,0,39,0.167,37,0.23
668539,45.5,45.5,0,45.5,0,45.5,0,45.5,0,45.5,0,45.5,0,45.5,0,45.5,0,39,0.167,37,0.23
668540,45.5,45.5,0,45.5,0,45.5,0,45.5,0,45.5,0,45.5,0,45.5,0,45.5,0,39,0.167,37,0.23
668541,,,,,,,,,,,,,,,,,,,,,
668543,,,,,,,,,,,,,,,,,,,,,
668546,23.2,23.2,0,23.2,0,23.2,0,34.8,-0.333,34.8,-0.333,34.8,-0.333,34.8,-0.333,35,-0.337,33.3,-0.303,30.8,-0.247
668551,4.2,4.2,0,4.2,0,4.2,0,4.2,0,4.2,0,4.2,0,4.2,0,4.2,0,3.6,0.167,3,0.4
668555,11,15.6,-0.295,15.6,-0.295,16,-0.312,16,-0.312,16,-0.312,12,-0.0833,15.6,-0.295,14,-0.214,13.2,-0.167,10.9,0.00917
668556,22,31.2,-0.295,31.2,-0.295,32.5,-0.323,32.5,-0.323,32.5,-0.323,25,-0.12,31,-0.29,28.5,-0.228,25.2,-0.127,21,0.0476
668557,48,60,-0.2,60,-0.2,45,0.0667,45,0.0667,60,-0.2,60,-0.2,46,0.0435,60,-0.2,45.6,0.0526,38.4,0.25
668558,,,,,,,,,,,,,,,,,,,,,
668559,9.9,9.9,0,9.9,0,9.9,0,9.9,0,9.9,0,9.9,0,,,9.9,0,7.6,0.303,6,0.65
668561,,,,,,,,,,,,,,,,,,,,,
668563,,,,,,,,,,,,,,,,,,,,,
668566,68,68,0,68,0,68,0,68,0,109,-0.376,109,-0.376,109,-0.376,109,-0.376,88,-0.227,51.6,0.318
668574,,,,,,,,,,,,,,,,,,,,,
668575,132,132,0,132,0,132,0,132,0,132,0,132,0,132,0,157,-0.158,,,94,0.404
668576,17.2,17.2,0,17.2,0,17.2,0,17.2,0,17.2,0,17.2,0,17.2,0,17.2,0,,,10.5,0.638
668577,138,138,0,138,0,138,0,138,0,138,0,,,,,138,0,121,0.14,110,0.255
668583,50.9,50.9,0,50.9,0,,,,,,,78.4,-0.351,78.4,-0.351,78.4,-0.351,69.9,-0.272,,
668588,,,,,,,,,,,,,,,,,,,,,
668589,,,,,,,,,,,,,,,,,,,,,
668600,,,,,,,,,,,,,,,,,,,,,
668603,,,,,,,,,,,,,,,,,,,,,
668605,,,,,,,,,,,,,,,,,,,,,
668606,,,,,,,,,,,,,,,,,,,,,
668607,,,,,,,,,,,,,,,,,,,,,
668608,,,,,,,,,,,,,,,,,,,,,
668609,,,,,,,,,,,,,,,,,,,,,
668610,,,,,,,,,,,,,,,,,,,,,
668611,,,,,,,,,,,,,,,,,,,,,
668612,,,,,,,,,,,,,,,,,,,,,
668613,,,,,,,,,,,,,,,,,,,,,
668614,,,,,,,,,,,,,,,,,,,,,
668615,,,,,,,,,,,,,,,,,,,,,
668616,,,,,,,,,,,,,,,,,,,,,
668617,,,,,,,,,,,,,,,,,,,,,
668618,96,96,0,96,0,96,0,96,0,96,0,127,-0.246,127,-0.246,127,-0.246,84.5,0.136,84.5,0.136
668619,,,,,,,,,,,,,,,,,,,,,
668622,8,8,0,8,0,8,0,8,0,8,0,7.7,0.039,,,,,,,,
668624,,,,,,,,,,,,,,,,,,,,,
668628,,,,,,,,,,,,,,,,,,,,,
668629,,,,,,,,,,,,,,,,,,,,,
668630,36.9,36.9,0,36.9,0,36.9,0,36.9,0,36.9,0,36.9,0,46.9,-0.213,46.9,-0.213,34,0.0853,29,0.272
668631,,,,,,,,,,,,,,,,,,,,,
668632,38.9,38.9,0,38.9,0,38.9,0,44.9,-0.134,44.9,-0.134,44.9,-0.134,51.9,-0.25,51.9,-0.25,38,0.0237,35.5,0.0958
668633,44.9,44.9,0,44.9,0,44.9,0,49.9,-0.1,49.9,-0.1,49.9,-0.1,54.5,-0.176,54.5,-0.176,42,0.069,39.5,0.137
668634,29.7,29.7,0,29.7,0,29.7,0,29.7,0,29.7,0,29.7,0,29.7,0,29.7,0,25,0.188,25,0.188
668635,18,18,0,18,0,18,0,18,0,18,0,18,0,18,0,18,0,18,0,18,0
668636,21.3,21.3,0,21.3,0,21.3,0,21.3,0,21.3,0,21.3,0,21.3,0,18.5,0.151,16.5,0.291,16.5,0.291
668637,21.3,21.3,0,21.3,0,21.3,0,21.3,0,21.3,0,21.3,0,21.3,0,18.5,0.151,16.5,0.291,16.5,0.291
668638,21,21,0,21,0,21,0,21,0,21,0,21,0,21,0,21,0,16.5,0.273,16.5,0.273
668639,21.3,21.3,0,21.3,0,21.3,0,21.3,0,21.3,0,21.3,0,21.3,0,18.5,0.151,16.5,0.291,16.5,0.291
668644,49.7,49.7,0,49.7,0,49.7,0,49.7,0,49.7,0,66.3,-0.25,66.3,-0.25,66.3,-0.25,62.5,-0.205,47.5,0.0463
668645,60,60,0,60,0,60,0,60,0,60,0,86,-0.302,63,-0.0476,55,0.0909,39,0.538,42,0.429
668649,,,,,,,,,,,,,,,,,,,,,
668654,,,,,,,,,,,,,,,,,,,,,
668656,,,,,,,,,,,,,,,,,,,,,
668658,,,,,,,,,,,,,,,,,,,,,
668670,17.2,17.2,0,17.2,0,17.2,0,17.2,0,17.2,0,17.2,0,17.2,0,17.2,0,14.5,0.186,14.5,0.186
668677,45.5,45.5,0,45.5,0,45.5,0,45.5,0,45.5,0,45.5,0,45.5,0,45.5,0,39,0.167,37,0.23
668678,45.5,45.5,0,45.5,0,45.5,0,45.5,0,45.5,0,45.5,0,45.5,0,45.5,0,39,0.167,37,0.23
668679,45.5,45.5,0,45.5,0,45.5,0,45.5,0,45.5,0,45.5,0,45.5,0,45.5,0,39,0.167,37,0.23
668680,45.5,45.5,0,45.5,0,45.5,0,45.5,0,45.5,0,45.5,0,45.5,0,45.5,0,39,0.167,37,0.23
668681,45.5,45.5,0,45.5,0,45.5,0,45.5,0,45.5,0,45.5,0,45.5,0,45.5,0,39,0.167,37,0.23
668682,45.5,45.5,0,45.5,0,45.5,0,45.5,0,45.5,0,45.5,0,,,,,39,0.167,37,0.23
668683,45.5,45.5,0,45.5,0,45.5,0,45.5,0,45.5,0,45.5,0,45.5,0,45.5,0,39,0.167,37,0.23
668684,45.5,45.5,0,45.5,0,45.5,0,45.5,0,45.5,0,45.5,0,45.5,0,45.5,0,39,0.167,37,0.23
668686,45.5,45.5,0,45.5,0,45.5,0,45.5,0,45.5,0,45.5,0,45.5,0,45.5,0,39,0.167,37,0.23
668687,,,,,,,,,,,,,,,,,,,,,
668688,,,,,,,,,,,,,,,,,,,,,
668689,,,,,,,,,,,,,,,,,,,,,
668690,,,,,,,,,,,,,,,,,,,,,
668691,,,,,,,,,,,,,,,,,,,,,
668693,12.2,17.8,-0.315,,,17.8,-0.315,17.8,-0.315,17.8,-0.315,10.8,0.13,17.8,-0.315,18.5,-0.341,17.9,-0.318,13.9,-0.122
668694,48,48,0,48,0,48,0,48,0,48,0,48,0,48,0,48,0,48,0,48,0
668696,,,,,,,,,,,,,,,,,,,,,
668697,,,,,,,,,,,,,,,,,,,,,
668698,,,,,,,,,,,,,,,,,,,,,
668699,,,,,,,,,,,,,,,,,,,,,
668700,40.6,40.6,0,40.6,0,40.6,0,40.6,0,40.6,0,40.6,0,40.6,0,40.6,0,40.6,0,40.6,0
668710,,,,,,,,,,,,,,,,,,,,,
668711,30,30,0,30,0,30,0,30,0,30,0,30,0,30,0,,,30,0,,
668712,,,,,,,,,,,,,,,,,,,,,
668713,,,,,,,,,,,,,,,,,,,,,
668714,,,,,,,,,,,,,,,,,,,,,
668715,38.9,38.9,0,38.9,0,38.9,0,38.9,0,38.9,0,38.9,0,38.9,0,41.9,-0.0716,41.9,-0.0716,32.5,0.197
668716,55.5,55.5,0,55.5,0,55.5,0,55.5,0,55.5,0,55.5,0,55.5,0,59.9,-0.0735,59.9,-0.0735,47,0.181
668717,,,,,,,,,,,,,,,,,,,,,
668718,,,,,,,,,,,,,,,,,,,,,
668719,,,,,,,,,,,,,,,,,,,,,
668720,60.5,60.5,0,60.5,0,60.5,0,60.5,0,60.5,0,60.5,0,60.5,0,65.8,-0.0805,65.8,-0.0805,51.6,0.172
668721,,,,,,,,,,,,,,,,,,,,,
668722,47,47,0,47,0,47,0,47,0,,,47,0,47,0,50.5,-0.0693,50.5,-0.0693,39.5,0.19
668723,47,47,0,47,0,47,0,47,0,47,0,47,0,47,0,50.5,-0.0693,50.5,-0.0693,39.5,0.19
668724,43.8,43.8,0,43.8,0,43.8,0,43.8,0,43.8,0,43.8,0,43.8,0,47.4,-0.0759,47.4,-0.0759,36.9,0.187
668725,85.1,85.1,0,85.1,0,85.1,0,85.1,0,85.1,0,85.1,0,85.1,0,92.6,-0.081,92.6,-0.081,72,0.182
668726,85.1,85.1,0,85.1,0,85.1,0,85.1,0,85.1,0,85.1,0,85.1,0,92.6,-0.081,92.6,-0.081,72,0.182
668728,18.5,18.5,0,18.5,0,18.5,0,18.5,0,18.5,0,18.5,0,18.5,0,18.5,0,18.5,0,17.5,0.0571
668729,19,19,0,19,0,19,0,19,0,19,0,14.5,0.31,14.5,0.31,14.5,0.31,14.5,0.31,13.5,0.407
668730,19,19,0,19,0,19,0,,,19,0,14.5,0.31,14.5,0.31,14.5,0.31,14.5,0.31,13.5,0.407
668737,81,81,0,81,0,81,0,81,0,81,0,81,0,81,0,81,0,70.5,0.149,67,0.209
668738,38,38,0,38,0,38,0,38,0,38,0,38,0,38,0,38.2,-0.00524,33,0.152,31,0.226
668739,12,12,0,12,0,12,0,12,0,12,0,12,0,,,,,,,,
668741,35.7,35.7,0,35.7,0,35.7,0,35.7,0,35.7,0,35.7,0,35.7,0,35.7,0,33.8,0.0562,27.5,0.298
668742,31.9,31.9,0,31.9,0,31.9,0,31.9,0,31.9,0,31.9,0,31.9,0,31.9,0,31.3,0.0192,25,0.276
668743,48.5,48.5,0,48.5,0,48.5,0,48.5,0,48.5,0,48.5,0,48.5,0,48.5,0,45,0.0778,35.6,0.362
668744,26.8,26.8,0,26.8,0,26.8,0,26.8,0,26.8,0,26.8,0,26.8,0,26.8,0,25,0.072,20,0.34
668745,,,,,,,,,,,,,,,,,,,,,
668746,89.3,89.3,0,89.3,0,89.3,0,89.3,0,89.3,0,89.3,0,89.3,0,89.3,0,87.5,0.0206,75,0.191
668747,47.4,44,0.0773,44,0.0773,44,0.0773,44,0.0773,44,0.0773,,,,,,,,,,
668748,47.4,44,0.0773,44,0.0773,44,0.0773,44,0.0773,44,0.0773,44,0.0773,,,41.6,0.139,,,,
668752,,,,,,,,,,,,,,,,,,,,,
668753,,,,,,,,,,,,,,,,,,,,,
668754,,,,,,,,,,,,,,,,,,,,,
668764,59,59,0,59,0,59,0,59,0,59,0,59,0,59,0,59,0,50,0.18,46,0.283
668765,,,,,,,,,,,,,,,,,,,,,
668766,81,81,0,81,0,81,0,81,0,81,0,81,0,81,0,81,0,70.5,0.149,67,0.209
668771,158,158,0,158,0,158,0,158,0,,,,,158,0,169,-0.068,169,-0.068,126,0.253
668772,66.5,66.5,0,66.5,0,66.5,0,66.5,0,66.5,0,66.5,0,66.5,0,74.2,-0.104,70.6,-0.0581,,
668773,66.5,66.5,0,66.5,0,66.5,0,66.5,0,66.5,0,66.5,0,66.5,0,74.2,-0.104,70.6,-0.0581,,
668774,66.5,66.5,0,66.5,0,66.5,0,66.5,0,66.5,0,66.5,0,66.5,0,74.2,-0.104,70.6,-0.0581,52,0.279
668783,25,25,0,25,0,25,0,25,0,25,0,,,,,,,,,,
668784,,,,,,,,,,,,,,,,,,,,,
668786,,,,,,,,,,,,,,,,,,,,,
668788,,,,,,,,,,,,,,,,,,,,,
668789,,,,,,,,,,,,,,,,,,,,,
668800,,,,,,,,,,,,,,,,,,,,,
668801,31.1,31.1,0,31.1,0,31.1,0,31.1,0,,,,,,,,,,,,
668802,,,,,,,,,,,,,,,,,,,,,
668804,47,47,0,47,0,47,0,47,0,47,0,46.9,0.00213,46.9,0.00213,78,-0.397,36.1,0.302,29.5,0.593
668805,47,47,0,47,0,47,0,47,0,47,0,46.9,0.00213,46.9,0.00213,78,-0.397,36.1,0.302,29.5,0.593
668807,46.9,46.9,0,46.9,0,46.9,0,46.9,0,46.9,0,23.5,0.996,46.9,0,50.9,-0.0786,30,0.563,26.1,0.797
668808,46.9,46.9,0,46.9,0,46.9,0,46.9,0,46.9,0,23.5,0.996,46.9,0,50.9,-0.0786,36.1,0.299,27.4,0.712
668813,,,,,,,,,,,,,,,,,,,,,
668815,,,,,,,,,,,,,,,,,,,,,
668816,,,,,,,,,,,,,,,,,,,,,
668818,,,,,,,,,,,,,,,,,,,,,
668819,,,,,,,,,,,,,,,,,,,,,
668820,26.8,26.8,0,26.8,0,26.8,0,26.8,0,26.8,0,31.8,-0.157,22,0.218,31.8,-0.157,30,-0.107,22.9,0.17
668821,26.8,26.8,0,26.8,0,26.8,0,26.8,0,26.8,0,31.9,-0.16,31.9,-0.16,31.8,-0.157,30,-0.107,22.9,0.17
668822,11.9,11.9,0,11.9,0,,,,,,,,,,,,,11,0.0818,,
668823,,,,,,,,,,,,,,,,,,,,,
668824,,,,,,,,,,,,,,,,,,,,,
668825,230,230,0,230,0,230,0,230,0,,,230,0,230,0,185,0.243,128,0.803,150,0.533
668826,,,,,,,,,,,,,,,,,,,,,
668827,91.6,91.6,0,91.6,0,91.6,0,91.6,0,,,,,91.6,0,98.4,-0.0691,98.4,-0.0691,73.1,0.253
668828,58.3,58.3,0,58.3,0,58.3,0,58.3,0,,,,,58.3,0,62.5,-0.0672,62.5,-0.0672,,
668829,170,170,0,170,0,170,0,170,0,170,0,170,0,170,0,170,0,110,0.539,,
668830,148,148,0,148,0,148,0,148,0,148,0,148,0,148,0,135,0.0934,115,0.284,100,0.475
668832,150,150,0,150,0,150,0,150,0,150,0,150,0,150,0,150,0,97.4,0.539,150,0
668833,72.5,72.5,0,72.5,0,72.5,0,72.5,0,72.5,0,72.5,0,72.5,0,72.5,0,,,60,0.208
668834,98,98,0,98,0,98,0,98,0,98,0,98,0,98,0,98,0,82.5,0.188,75,0.307
668839,,,,,,,,,,,,,,,,,,,,,
668840,71.5,71.5,0,71.5,0,71.5,0,,,,,,,,,,,,,,
668841,,,,,,,,,,,,,,,,,,,,,
668842,15.7,15.7,0,15.7,0,15.7,0,15.7,0,15.7,0,15.7,0,,,,,15,0.0467,15,0.0467
668843,16.8,16.8,0,16.8,0,16.8,0,16.8,0,16.8,0,16.8,0,,,,,,,15,0.12
668844,,,,,,,,,,,,,,,,,,,,,
668846,13.8,13.8,0,13.8,0,13.8,0,13.8,0,13.8,0,17.6,-0.216,24,-0.425,19.5,-0.292,16,-0.137,14,-0.0143
668847,,,,,,,,,,,,,,,,,,,,,
668848,,,,,,,,,,,,,,,,,,,,,
668851,,,,,,,,,,,,,,,,,,,,,
668855,115,115,0,115,0,115,0,115,0,115,0,115,0,115,0,115,0,98,0.173,98,0.173
668856,115,115,0,115,0,115,0,115,0,115,0,115,0,115,0,115,0,99,0.162,99,0.162
668883,,,,,,,,,,,,,,,,,,,,,
668884,,,,,,,,,,,,,,,,,,,,,
668886,36.2,36.2,0,36.2,0,36.2,0,36.2,0,36.2,0,36.2,0,36.2,0,36.2,0,30.9,0.172,22,0.645
668887,,,,,,,,,,,,,,,,,,,,,
668888,308,308,0,308,0,308,0,308,0,308,0,308,0,308,0,308,0,308,0,240,0.284
668889,,,,,,,,,,,,,,,,,,,,,
668890,,,,,,,,,,,,,,,,,,,,,
668892,,,,,,,,,,,,,,,,,,,,,
668897,140,140,0,140,0,140,0,140,0,140,0,140,0,140,0,140,0,121,0.157,112,0.25
668898,245,245,0,245,0,245,0,245,0,245,0,245,0,245,0,245,0,212,0.153,195,0.256
668900,138,138,0,138,0,138,0,138,0,138,0,138,0,138,0,138,0,121,0.14,108,0.278
668903,,,,,,,,,,,,,,,,,,,,,
668912,39,39,0,39,0,39,0,39,0,39,0,39,0,39,0,39,0,,,23,0.696
668913,,,,,,,,,,,,,,,,,,,,,
668914,,,,,,,,,,,,,,,,,,,,,
668915,,,,,,,,,,,,,,,,,,,,,
668919,93.8,93.8,0,93.8,0,93.8,0,93.8,0,93.8,0,93.8,0,93.8,0,93.8,0,63.6,0.475,74.8,0.254
668920,,,,,,,,,,,,,,,,,,,,,
668922,15,15,0,15,0,15,0,15,0,15,0,15,0,15,0,15,0,15,0,15,0
668923,,,,,,,,,,,,,,,,,,,,,
668924,17.5,17.5,0,17.5,0,17.5,0,17.5,0,17.5,0,17.5,0,17.5,0,17.5,0,17.5,0,17.5,0
668925,12.9,12.9,0,12.9,0,12.9,0,12.9,0,12.9,0,12.9,0,12.9,0,14.5,-0.11,14.1,-0.0851,10,0.29
668926,12.5,12.5,0,12.5,0,12.5,0,12.5,0,12.5,0,12.5,0,12.5,0,12.5,0,11.9,0.0504,11.9,0.0504
668927,16.5,16.5,0,16.5,0,16.5,0,16.5,0,16.5,0,16.5,0,16.5,0,16.5,0,16.5,0,16.5,0
668928,19.5,19.5,0,19.5,0,19.5,0,19.5,0,19.5,0,19.5,0,19.5,0,19.5,0,19.5,0,19.5,0
668929,245,245,0,245,0,168,0.452,168,0.452,245,0,245,0,207,0.182,260,-0.0588,,,184,0.33
668931,21,21,0,21,0,21,0,21,0,21,0,21,0,21,0,21,0,21,0,21,0
668932,250,250,0,250,0,168,0.483,168,0.483,250,0,250,0,207,0.207,260,-0.0407,189,0.325,184,0.358
668933,230,230,0,230,0,168,0.364,168,0.364,230,0,230,0,207,0.111,260,-0.117,189,0.219,184,0.249
668934,33,33,0,33,0,33,0,33,0,33,0,43.9,-0.248,43.9,-0.248,53.9,-0.388,,,,
668935,,,,,,,,,,,,,,,,,,,,,
668936,87.5,87.5,0,87.5,0,87.5,0,87.5,0,,,87.5,0,87.5,0,98.3,-0.11,98.3,-0.11,,
668937,87.5,87.5,0,87.5,0,87.5,0,87.5,0,87.5,0,87.5,0,87.5,0,98.3,-0.11,98.3,-0.11,76,0.151
668938,59.4,59.4,0,59.4,0,59.4,0,59.4,0,59.4,0,59.4,0,59.4,0,64.5,-0.0791,64.5,-0.0791,51,0.165
668939,87.5,87.5,0,87.5,0,87.5,0,87.5,0,87.5,0,87.5,0,87.5,0,98.3,-0.11,98.3,-0.11,76,0.151
668940,,,,,,,,,,,,,,,,,,,,,
668941,,,,,,,,,,,,,,,,,,,,,
668942,28.5,28.5,0,28.5,0,28.5,0,28.5,0,28.5,0,28.5,0,,,,,29.5,-0.0339,29.5,-0.0339
668943,,,,,,,,,,,,,,,,,,,,,
668944,,,,,,,,,,,,,,,,,,,,,
668959,,,,,,,,,,,,,,,,,,,,,
668963,,,,,,,,,,,,,,,,,,,,,
668964,,,,,,,,,,,,,,,,,,,,,
668965,,,,,,,,,,,,,,,,,,,,,
668966,,,,,,,,,,,,,,,,,,,,,
668967,,,,,,,,,,,,,,,,,,,,,
668968,,,,,,,,,,,,,,,,,,,,,
668969,,,,,,,,,,,,,,,,,,,,,
668970,,,,,,,,,,,,,,,,,,,,,
668971,,,,,,,,,,,,,,,,,,,,,
668972,,,,,,,,,,,,,,,,,,,,,
668974,,,,,,,,,,,,,,,,,,,,,
668979,,,,,,,,,,,,,,,,,,,,,
668987,25.5,25.5,0,25.5,0,25.5,0,25.5,0,25.5,0,25.5,0,20,0.275,25.5,0,23.8,0.0714,20,0.275
668988,,,,,,,,,,,,,,,,,,,,,
668990,30,30,0,30,0,30,0,30,0,30,0,43.3,-0.307,43.3,-0.307,43,-0.302,37.5,-0.2,28.1,0.0676
668991,,,,,,,,,,,,,,,,,,,,,
668992,,,,,,,,,,,,,,,,,,,,,
668995,,,,,,,,,,,,,,,,,,,,,
668996,28,28,0,28,0,28,0,28,0,28,0,28,0,28,0,28,0,18.1,0.547,,
668997,31.8,31.8,0,31.8,0,27,0.178,27,0.178,40.8,-0.221,40.8,-0.221,40.8,-0.221,40.8,-0.221,36.3,-0.124,28.1,0.132
668998,29.3,29.3,0,29.3,0,22.5,0.302,22.5,0.302,29.3,0,29.3,0,29.3,0,,,27.5,0.0655,20.6,0.422
668999,8.9,8.9,0,8.9,0,8.9,0,8.9,0,8.9,0,12.7,-0.299,12.7,-0.299,12.8,-0.305,10.9,-0.183,7.7,0.156
669005,62,62,0,62,0,62,0,62,0,62,0,62,0,62,0,62,0,51.5,0.204,47,0.319
669007,,,,,,,,,,,,,,,,,,,,,
669008,45,45,0,45,0,45,0,45,0,,,45,0,,,,,,,,
669009,,,,,,,,,,,,,,,,,,,,,
669010,,,,,,,,,,,,,,,,,,,,,
669011,,,,,,,,,,,,,,,,,,,,,
669012,,,,,,,,,,,,,,,,,,,,,
669013,,,,,,,,,,,,,,,,,,,,,
669014,,,,,,,,,,,,,,,,,,,,,
669015,,,,,,,,,,,,,,,,,,,,,
669028,,,,,,,,,,,,,,,,,,,,,
669029,,,,,,,,,,,,,,,,,,,,,
669030,,,,,,,,,,,,,,,,,,,,,
669031,,,,,,,,,,,,,,,,,,,,,
669032,,,,,,,,,,,,,,,,,,,,,
669033,,,,,,,,,,,,,,,,,,,,,
669034,81.5,81.5,0,81.5,0,81.5,0,81.5,0,81.5,0,81.5,0,81.5,0,81.5,0,72.5,0.124,59.5,0.37
669035,36,36,0,36,0,36,0,36,0,36,0,36,0,36,0,36,0,30,0.2,25.5,0.412
669036,81.5,81.5,0,81.5,0,81.5,0,81.5,0,81.5,0,81.5,0,81.5,0,81.5,0,72.5,0.124,59.5,0.37
669038,36,36,0,36,0,36,0,36,0,36,0,36,0,36,0,36,0,30,0.2,25.5,0.412
669040,81.5,81.5,0,81.5,0,81.5,0,81.5,0,81.5,0,81.5,0,81.5,0,81.5,0,72.5,0.124,59.5,0.37
669041,36,36,0,36,0,36,0,36,0,36,0,36,0,36,0,36,0,30,0.2,25.5,0.412
669042,38.7,38.7,0,38.7,0,38.7,0,38.7,0,38.7,0,38.7,0,,,35.8,0.081,,,,
669043,17.1,17.1,0,17.1,0,17.1,0,17.1,0,17.1,0,17.1,0,,,17.1,0,14.8,0.155,,
669044,25.1,25.1,0,25.1,0,25.1,0,25.1,0,25.1,0,25.1,0,25.1,0,25.1,0,21.7,0.157,,
669045,,,,,,,,,,,,,,,,,,,,,
669046,,,,,,,,,,,,,,,,,,,,,
669047,38.7,38.7,0,38.7,0,,,,,,,38.7,0,,,35.8,0.081,31,0.248,,
669048,,,,,,,,,,,,,,,,,,,,,
669049,,,,,,,,,,,,,,,,,,,,,
669054,,,,,,,,,,,,,,,,,,,,,
669056,,,,,,,,,,,,,,,,,,,,,
669058,,,,,,,,,,,,,,,,,,,,,
669065,209,250,-0.164,250,-0.164,219,-0.0457,219,-0.0457,250,-0.164,250,-0.164,250,-0.164,254,-0.179,229,-0.0873,,
669067,70,70,0,70,0,70,0,70,0,70,0,70,0,,,70,0,58,0.207,55,0.273
669068,63.8,63.8,0,63.8,0,63.8,0,63.8,0,63.8,0,63.8,0,63.8,0,63.8,0,62.5,0.0208,45,0.418
669069,48.5,48.5,0,48.5,0,48.5,0,48.5,0,,,48.5,0,48.5,0,48.5,0,,,37.5,0.293
669070,48.5,48.5,0,48.5,0,48.5,0,48.5,0,48.5,0,48.5,0,48.5,0,48.5,0,47.5,0.0211,37.5,0.293
669071,26.8,26.8,0,26.8,0,26.8,0,26.8,0,26.8,0,31.9,-0.16,31.9,-0.16,31.8,-0.157,30,-0.107,22.9,0.17
669079,,,,,,,,,,,,,,,,,,,,,
669089,87.5,87.5,0,87.5,0,87.5,0,87.5,0,,,87.5,0,87.5,0,98.3,-0.11,98.3,-0.11,76,0.151
669092,46,46,0,46,0,46,0,46,0,46,0,63.9,-0.28,63.9,-0.28,68.9,-0.332,56.3,-0.183,56.3,-0.183
669093,157,157,0,157,0,,,157,0,157,0,157,0,,,,,186,-0.158,,
669094,,,,,,,,,,,,,,,,,,,,,
669095,,,,,,,,,,,,,,,,,,,,,
669096,,,,,,,,,,,,,,,,,,,,,
669097,43.8,43.8,0,43.8,0,43.8,0,43.8,0,43.8,0,43.8,0,43.8,0,47.3,-0.074,47.3,-0.074,36.9,0.187
669098,87.5,87.5,0,87.5,0,,,87.5,0,87.5,0,87.5,0,,,98.3,-0.11,,,76,0.151
669099,56.8,56.8,0,56.8,0,56.8,0,56.8,0,56.8,0,56.8,0,56.8,0,61.1,-0.0704,61.1,-0.0704,47.9,0.186
669100,56.8,56.8,0,56.8,0,57.8,-0.0173,57.8,-0.0173,57.8,-0.0173,57.8,-0.0173,57.8,-0.0173,,,61.1,-0.0704,47.9,0.186
669101,47,47,0,47,0,47,0,47,0,47,0,47,0,47,0,50.5,-0.0693,,,39.5,0.19
669102,42.5,42.5,0,42.5,0,42.5,0,42.5,0,42.5,0,42.5,0,42.5,0,45.4,-0.0639,45.4,-0.0639,36.5,0.164
669103,333,333,0,333,0,333,0,333,0,333,0,333,0,333,0,333,0,191,0.745,191,0.745
669104,333,333,0,333,0,333,0,333,0,333,0,333,0,333,0,333,0,191,0.745,191,0.745
669105,104,104,0,104,0,104,0,104,0,104,0,104,0,104,0,104,0,62,0.674,62,0.674
669106,,,,,,,,,,,,,,,,,,,,,
669107,,,,,,,,,,,,,,,,,,,,,
669108,104,104,0,104,0,104,0,104,0,104,0,104,0,104,0,104,0,62,0.674,62,0.674
669109,333,333,0,333,0,333,0,333,0,333,0,333,0,333,0,333,0,191,0.745,191,0.745
669110,193,193,0,193,0,193,0,193,0,193,0,193,0,193,0,193,0,113,0.706,113,0.706
669111,193,193,0,193,0,193,0,193,0,193,0,193,0,193,0,193,0,113,0.706,113,0.706
669112,80,80,0,80,0,80,0,80,0,80,0,90,-0.111,204,-0.609,204,-0.609,130,-0.385,130,-0.385
669113,193,193,0,193,0,193,0,193,0,193,0,193,0,193,0,193,0,113,0.706,113,0.706
669114,,,,,,,,,,,,,,,,,,,,,
669115,,,,,,,,,,,,,,,,,,,,,
669116,,,,,,,,,,,,,,,,,,,,,
669117,59,59,0,59,0,59,0,59,0,59,0,59,0,59,0,59,0,59,0,59,0
669118,179,179,0,179,0,179,0,179,0,179,0,179,0,179,0,179,0,118,0.517,118,0.517
669119,172,172,0,172,0,172,0,172,0,172,0,172,0,172,0,172,0,172,0,172,0
669120,299,299,0,299,0,299,0,299,0,299,0,299,0,299,0,299,0,299,0,299,0
669121,150,150,0,150,0,150,0,150,0,150,0,150,0,178,-0.157,178,-0.157,178,-0.157,178,-0.157
669122,298,298,0,298,0,298,0,298,0,298,0,298,0,298,0,298,0,298,0,298,0
669123,,,,,,,,,,,,,,,,,,,,,
669126,87.5,87.5,0,87.5,0,87.5,0,87.5,0,87.5,0,87.5,0,87.5,0,98.3,-0.11,98.3,-0.11,,
669127,302,351,-0.14,351,-0.14,351,-0.14,351,-0.14,,,,,,,,,,,,
669128,166,193,-0.14,193,-0.14,193,-0.14,193,-0.14,193,-0.14,193,-0.14,,,,,,,150,0.109
669129,,,,,,,,,,,,,,,,,,,,,
669130,,,,,,,,,,,,,,,,,,,,,
669131,78,78,0,78,0,78,0,78,0,78,0,78,0,78,0,78,0,,,78,0
669132,16,16,0,16,0,16,0,16,0,16,0,16,0,18,-0.111,18,-0.111,16,0,,
669133,39.9,39.9,0,39.9,0,39.9,0,39.9,0,39.9,0,39.9,0,45,-0.113,40.5,-0.0148,40,-0.0025,34,0.174
669134,93.9,93.9,0,93.9,0,93.9,0,93.9,0,93.9,0,93.9,0,99,-0.0515,99,-0.0515,86,0.0919,,
669135,16,16,0,16,0,16,0,16,0,16,0,16,0,18,-0.111,18,-0.111,16,0,14,0.143
669136,,,,,,,,,,,,,,,,,,,,,
669137,,,,,,,,,,,,,,,,,,,,,
669138,60,60,0,60,0,60,0,60,0,60,0,60,0,71,-0.155,51.3,0.17,,,,
669139,,,,,,,,,,,,,,,,,,,,,
669140,11,11,0,11,0,11,0,11,0,11,0,11,0,11,0,11,0,9.6,0.146,10,0.1
669141,,,,,,,,,,,,,,,,,,,,,
669142,46.8,46.8,0,46.8,0,46.8,0,46.8,0,46.8,0,46.8,0,46.8,0,50.3,-0.0696,50.3,-0.0696,39,0.2
669143,,,,,,,,,,,,,,,,,,,,,
669144,33.9,33.9,0,33.9,0,33.9,0,33.9,0,33.9,0,33.9,0,33.9,0,36.9,-0.0813,36.9,-0.0813,29,0.169
669145,20.3,20.3,0,20.3,0,20.3,0,20.3,0,20.3,0,20.3,0,20.3,0,20.3,0,20.3,0,16,0.269
669146,20.3,20.3,0,20.3,0,20.3,0,20.3,0,20.3,0,20.3,0,20.3,0,20.3,0,20.3,0,16,0.269
669147,16,16,0,16,0,16,0,16,0,16,0,16,0,18,-0.111,18,-0.111,16,0,,
669148,39.9,39.9,0,39.9,0,39.9,0,39.9,0,39.9,0,39.9,0,45,-0.113,45,-0.113,,,,
669149,27.9,27.9,0,27.9,0,27.9,0,31.9,-0.125,31.9,-0.125,33.9,-0.177,39.5,-0.294,39.5,-0.294,27,0.0333,,
669150,18.5,18.5,0,18.5,0,18.5,0,18.5,0,18.5,0,15,0.233,18.5,0,21,-0.119,13.8,0.341,13,0.423
669151,18.5,18.5,0,18.5,0,18.5,0,18.5,0,18.5,0,15,0.233,18.5,0,21,-0.119,13.8,0.341,13,0.423
669152,18.5,18.5,0,18.5,0,18.5,0,18.5,0,18.5,0,15,0.233,18.5,0,,,13.8,0.341,13,0.423
669153,97.9,97.9,0,97.9,0,97.9,0,97.9,0,97.9,0,97.9,0,97.9,0,,,71,0.379,,
669154,164,164,0,164,0,164,0,164,0,164,0,164,0,164,0,164,0,,,,
669155,97.9,97.9,0,97.9,0,97.9,0,97.9,0,97.9,0,97.9,0,97.9,0,,,71,0.379,,
669156,25.9,25.9,0,25.9,0,25.9,0,25.9,0,25.9,0,27,-0.0407,27,-0.0407,31.9,-0.188,26,-0.00385,,
669159,39,39,0,39,0,39,0,48.9,-0.202,48.9,-0.202,48.9,-0.202,48.9,-0.202,,,,,,
669160,167,190,-0.121,190,-0.121,169,-0.0118,169,-0.0118,169,-0.0118,169,-0.0118,190,-0.121,200,-0.165,168,-0.00595,,
669161,51,51,0,51,0,51,0,51,0,51,0,51,0,,,,,,,,
669162,51,51,0,51,0,51,0,51,0,51,0,51,0,51,0,51,0,36,0.417,,
669163,51,51,0,51,0,51,0,51,0,51,0,51,0,51,0,51,0,36,0.417,,
669164,56.2,56.2,0,56.2,0,56.2,0,56.2,0,56.2,0,56.2,0,56.2,0,57,-0.014,,,,
669165,103,103,0,103,0,103,0,,,,,,,,,103,0,,,,
669166,,,,,,,,,,,,,,,,,,,,,
669178,,,,,,,,,,,,,,,,,,,,,
669209,,,,,,,,,,,,,,,,,,,,,
669212,72,72,0,72,0,72,0,72,0,72,0,72,0,72,0,,,,,,
669215,55,55,0,55,0,55,0,55,0,55,0,55,0,55,0,,,,,,
669236,42.5,42.5,0,42.5,0,42.5,0,42.5,0,42.5,0,42.5,0,42.5,0,45.4,-0.0639,45.4,-0.0639,,
669237,24.6,24.6,0,24.6,0,24.6,0,24.6,0,24.6,0,24.6,0,24.6,0,24.6,0,24.6,0,,
669238,,,,,,,,,,,,,,,,,,,,,
669239,140,140,0,140,0,140,0,140,0,140,0,140,0,140,0,140,0,,,,
669275,,,,,,,,,,,,,,,,,,,,,
669276,,,,,,,,,,,,,,,,,,,,,
669277,,,,,,,,,,,,,,,,,,,,,
669278,,,,,,,,,,,,,,,,,,,,,
669290,,,,,,,,,,,,,,,,,,,,,
669294,31,31,0,31,0,31,0,31,0,31,0,31,0,31,0,31,0,25,0.24,,
669295,96.9,96.9,0,96.9,0,94.9,0.0211,94.9,0.0211,96.9,0,96.9,0,96.9,0,96.9,0,84,0.154,,
669296,96.9,96.9,0,96.9,0,96.9,0,96.9,0,96.9,0,96.9,0,96.9,0,96.9,0,84,0.154,,
669297,96.9,96.9,0,96.9,0,94.9,0.0211,94.9,0.0211,96.9,0,96.9,0,96.9,0,96.9,0,84,0.154,,
669298,,,,,,,,,,,,,,,,,,,,,
669299,25.1,25.1,0,25.1,0,25.1,0,25.1,0,25.1,0,25.1,0,25.1,0,25.1,0,,,,
669300,38.2,38.2,0,38.2,0,38.2,0,38.2,0,38.2,0,38.2,0,38.2,0,38.2,0,33,0.158,,
669303,12,12,0,12,0,12,0,12,0,12,0,12,0,12,0,12,0,7,0.714,,
669304,,,,,,,,,,,,,,,,,,,,,
669305,,,,,,,,,,,,,,,,,,,,,
669306,,,,,,,,,,,,,,,,,,,,,
669307,,,,,,,,,,,,,,,,,,,,,
669308,,,,,,,,,,,,,,,,,,,,,
669309,,,,,,,,,,,,,,,,,,,,,
669310,,,,,,,,,,,,,,,,,,,,,
669311,,,,,,,,,,,,,,,,,,,,,
669312,35,35,0,35,0,35,0,35,0,35,0,,,,,,,27.5,0.273,,
669313,35,35,0,35,0,,,35,0,35,0,35,0,,,,,27.5,0.273,,
669314,,,,,,,,,,,,,,,,,,,,,
669315,,,,,,,,,,,,,,,,,,,,,
669316,,,,,,,,,,,,,,,,,,,,,
669317,,,,,,,,,,,,,,,,,,,,,
669318,,,,,,,,,,,,,,,,,,,,,
669319,,,,,,,,,,,,,,,,,,,,,
669320,,,,,,,,,,,,,,,,,,,,,
669321,,,,,,,,,,,,,,,,,,,,,
669322,34.4,34.4,0,34.4,0,34.4,0,34.4,0,34.4,0,34.4,0,34.4,0,34.4,0,,,,
669324,405,405,0,405,0,405,0,405,0,405,0,405,0,354,0.144,354,0.144,,,,
669325,430,430,0,430,0,430,0,430,0,430,0,430,0,375,0.147,375,0.147,,,,
669326,,,,,,,,,,,,,,,,,,,,,
669327,,,,,,,,,,,,,,,,,,,,,
669328,,,,,,,,,,,,,,,,,,,,,
669331,,,,,,,,,,,,,,,,,,,,,
669332,,,,,,,,,,,,,,,,,,,,,
669338,13.5,13.5,0,13.5,0,13.5,0,13.5,0,13.5,0,13.5,0,13.5,0,13.5,0,,,,
669341,13.5,13.5,0,13.5,0,13.5,0,13.5,0,13.5,0,13.5,0,13.5,0,13.5,0,,,,
669342,16,16,0,16,0,16,0,16,0,16,0,16,0,16,0,,,,,,
669343,13,13,0,13,0,13,0,13,0,13,0,13,0,13,0,13,0,,,,
669344,21,21,0,21,0,21,0,21,0,21,0,21,0,,,21,0,,,,
669345,13.5,13.5,0,13.5,0,13.5,0,13.5,0,13.5,0,13.5,0,13.5,0,13.5,0,,,,
669346,11,11,0,11,0,11,0,11,0,11,0,11,0,11,0,11,0,,,,
669347,30,30,0,30,0,30,0,30,0,30,0,30,0,30,0,30,0,,,,
669348,74.4,74.4,0,74.4,0,74.4,0,74.4,0,74.4,0,,,,,74.4,0,,,,
669353,,,,,,,,,,,,,,,,,,,,,
669354,80.8,80.8,0,80.8,0,80.8,0,80.8,0,80.8,0,80.8,0,80.8,0,87,-0.0713,,,,
669355,77.5,77.5,0,77.5,0,77.5,0,77.5,0,77.5,0,77.5,0,77.5,0,77.5,0,,,,
669356,,,,,,,,,,,,,,,,,,,,,
669357,47.5,47.5,0,47.5,0,47.5,0,47.5,0,47.5,0,47.5,0,47.5,0,51,-0.0686,,,,
669358,,,,,,,,,,,,,,,,,,,,,
669359,65.8,65.8,0,65.8,0,65.8,0,65.8,0,65.8,0,65.8,0,65.8,0,70,-0.06,,,,
669360,97.4,97.4,0,97.4,0,97.4,0,97.4,0,97.4,0,97.4,0,97.4,0,100,-0.0279,,,,
669361,35,35,0,35,0,35,0,35,0,35,0,35,0,35,0,37.6,-0.0691,,,,
669362,41.9,47,-0.109,47,-0.109,47,-0.109,47,-0.109,47,-0.109,62,-0.324,62,-0.324,62,-0.324,,,,
669363,39.9,45,-0.113,45,-0.113,45,-0.113,45,-0.113,45,-0.113,50,-0.202,50,-0.202,,,,,,
669364,130,130,0,130,0,130,0,130,0,130,0,130,0,145,-0.103,145,-0.103,,,,
669365,130,130,0,130,0,130,0,130,0,130,0,130,0,145,-0.103,145,-0.103,,,,
669366,65,65,0,65,0,65,0,65,0,65,0,65,0,58,0.121,65,0,,,,
669367,23.3,23.3,0,23.3,0,23.3,0,23.3,0,,,,,,,,,,,,
669368,23.3,23.3,0,23.3,0,23.3,0,23.3,0,,,,,,,,,,,,
669369,24.6,24.6,0,24.6,0,24.6,0,24.6,0,24.6,0,24.6,0,24.6,0,28.6,-0.14,,,,
669370,119,119,0,119,0,119,0,119,0,119,0,110,0.0818,,,150,-0.207,,,,
669371,119,119,0,119,0,119,0,119,0,119,0,110,0.0818,,,150,-0.207,,,,
669372,119,119,0,119,0,119,0,119,0,119,0,110,0.0818,119,0,150,-0.207,,,,
669373,150,150,0,150,0,150,0,,,,,110,0.364,119,0.261,150,0,,,,
669374,,,,,,,,,,,,,,,,,,,,,
669375,46,46,0,46,0,46,0,46,0,46,0,53,-0.132,53,-0.132,,,,,,
669376,,,,,,,,,,,,,,,,,,,,,
669377,21,21,0,21,0,21,0,21,0,21,0,21,0,21,0,,,,,,
669378,16,21,-0.238,21,-0.238,15.9,0.00629,15.9,0.00629,21,-0.238,21,-0.238,21,-0.238,21,-0.238,,,,
669379,264,264,0,264,0,264,0,264,0,264,0,264,0,264,0,264,0,,,,
669380,,,,,,,,,,,,,,,,,,,,,
669382,179,179,0,179,0,179,0,179,0,179,0,179,0,179,0,,,,,,
669383,,,,,,,,,,,,,,,,,,,,,
669384,97,97,0,97,0,97,0,97,0,97,0,97,0,97,0,97,0,,,,
669385,100,100,0,,,,,,,,,100,0,100,0,,,,,,
669387,28.5,28.5,0,28.5,0,28.5,0,28.5,0,28.5,0,28.5,0,31.5,-0.0952,31.4,-0.0924,,,,
669388,25,25,0,25,0,25,0,25,0,25,0,25,0,28,-0.107,28,-0.107,,,,
669389,25.5,25.5,0,25.5,0,25.5,0,25.5,0,25.5,0,25.5,0,28.5,-0.105,31.5,-0.19,,,,
669390,28.5,28.5,0,28.5,0,28.5,0,28.5,0,28.5,0,28.5,0,31.5,-0.0952,31.5,-0.0952,,,,
669391,25,25,0,25,0,25,0,25,0,25,0,25,0,28,-0.107,28,-0.107,,,,
669392,23,23,0,23,0,23,0,23,0,23,0,23,0,24,-0.0417,,,,,,
669393,19,19,0,19,0,19,0,19,0,19,0,19,0,20,-0.05,20,-0.05,,,,
669394,38.9,38.9,0,38.9,0,38.9,0,38.9,0,38.9,0,38.9,0,38.9,0,,,,,,
669395,38.9,38.9,0,38.9,0,38.9,0,38.9,0,38.9,0,38.9,0,38.9,0,41.9,-0.0716,,,,
669396,43.3,43.3,0,43.3,0,43.3,0,43.3,0,,,,,43.3,0,,,,,,
669397,97.8,97.8,0,97.8,0,97.8,0,97.8,0,97.8,0,97.8,0,97.8,0,,,,,,
669398,,,,,,,,,,,,,,,,,,,,,
669399,104,104,0,104,0,104,0,104,0,104,0,104,0,,,99.9,0.036,,,,
669400,104,104,0,104,0,104,0,104,0,104,0,104,0,104,0,99.9,0.036,,,,
669500,340,340,0,340,0,340,0,340,0,340,0,340,0,340,0,,,,,,
669504,,,,,,,,,,,,,,,,,,,,,
669505,,,,,,,,,,,,,,,,,,,,,
669506,390,390,0,390,0,390,0,390,0,390,0,390,0,390,0,390,0,,,,
669508,,,,,,,,,,,,,,,,,,,,,
669509,39.1,46,-0.15,46,-0.15,46,-0.15,46,-0.15,46,-0.15,53,-0.262,38,0.0289,,,,,,
669510,17.5,17.5,0,17.5,0,17.5,0,17.5,0,17.5,0,21.5,-0.186,21.5,-0.186,,,,,,
669511,281,281,0,281,0,281,0,281,0,281,0,281,0,281,0,300,-0.0633,,,,
669512,281,281,0,281,0,281,0,281,0,281,0,281,0,281,0,,,,,,
669513,281,281,0,281,0,281,0,281,0,281,0,281,0,281,0,,,,,,
669514,,,,,,,,,,,,,,,,,,,,,
669517,,,,,,,,,,,,,,,,,,,,,
669526,,,,,,,,,,,,,,,,,,,,,
669528,,,,,,,,,,,,,,,,,,,,,
669531,,,,,,,,,,,,,,,,,,,,,
669532,,,,,,,,,,,,,,,,,,,,,
669533,,,,,,,,,,,,,,,,,,,,,
669537,,,,,,,,,,,,,,,,,,,,,
669550,,,,,,,,,,,,,,,,,,,,,
669552,,,,,,,,,,,,,,,,,,,,,
669554,,,,,,,,,,,,,,,,,,,,,
669566,,,,,,,,,,,,,,,,,,,,,
669568,,,,,,,,,,,,,,,,,,,,,
669574,,,,,,,,,,,,,,,,,,,,,
669576,,,,,,,,,,,,,,,,,,,,,
669577,102,102,0,102,0,102,0,102,0,,,,,,,,,,,,
669578,,,,,,,,,,,,,,,,,,,,,
669581,31,31,0,31,0,31,0,31,0,31,0,31,0,31,0,,,,,,
669597,10.5,19.9,-0.472,19.9,-0.472,19.9,-0.472,19.9,-0.472,19.9,-0.472,9,0.167,19.9,-0.472,,,,,,
669599,27.9,27.9,0,27.9,0,27.9,0,31.9,-0.125,31.9,-0.125,31.9,-0.125,39.9,-0.301,,,,,,
669600,27.9,27.9,0,27.9,0,27.9,0,31.9,-0.125,31.9,-0.125,31.9,-0.125,39.9,-0.301,,,,,,
669601,38.9,38.9,0,38.9,0,38.9,0,44.9,-0.134,44.9,-0.134,44.9,-0.134,51.9,-0.25,,,,,,
669602,33.9,33.9,0,33.9,0,33.9,0,41.9,-0.191,41.9,-0.191,41.9,-0.191,45.9,-0.261,,,,,,
669603,10.5,10.5,0,10.5,0,10.5,0,10.5,0,10.5,0,10.5,0,16,-0.344,,,,,,
669625,24,24,0,24,0,24,0,24,0,24,0,24,0,24,0,,,,,,
669626,24,24,0,24,0,24,0,24,0,24,0,24,0,,,,,,,,
669627,26,26,0,26,0,26,0,26,0,26,0,26,0,26,0,,,,,,
669628,24,24,0,24,0,24,0,24,0,24,0,24,0,24,0,,,,,,
669630,42.9,42.9,0,42.9,0,42.9,0,42.9,0,42.9,0,42.9,0,42.9,0,,,,,,
669631,25,25,0,25,0,25,0,25,0,25,0,25,0,27,-0.0741,,,,,,
669632,281,281,0,281,0,281,0,281,0,281,0,281,0,270,0.0411,,,,,,
669633,7.5,7.5,0,7.5,0,7.5,0,7.5,0,7.5,0,7.5,0,,,,,,,,
669649,22.5,22.5,0,22.5,0,22.5,0,22.5,0,,,22.5,0,,,,,,,,
669650,22.5,22.5,0,22.5,0,22.5,0,22.5,0,22.5,0,22.5,0,,,,,,,,
669651,45,45,0,45,0,45,0,45,0,,,45,0,,,,,,,,
669652,45,45,0,45,0,45,0,45,0,45,0,45,0,,,,,,,,
669654,35,35,0,35,0,35,0,35,0,,,35,0,,,,,,,,
669655,,,,,,,,,,,,,,,,,,,,,
669657,,,,,,,,,,,,,,,,,,,,,
669658,32.5,32.5,0,32.5,0,32.5,0,32.5,0,,,,,,,,,,,,
669659,,,,,,,,,,,,,,,,,,,,,
669660,32.5,32.5,0,32.5,0,32.5,0,32.5,0,,,32.5,0,,,,,,,,
669670,,,,,,,,,,,,,,,,,,,,,
669671,155,155,0,155,0,,,216,-0.281,216,-0.281,216,-0.281,216,-0.281,,,,,,
669672,,,,,,,,,,,,,,,,,,,,,
669674,,,,,,,,,,,,,,,,,,,,,
669676,,,,,,,,,,,,,,,,,,,,,
669681,,,,,,,,,,,,,,,,,,,,,
669686,,,,,,,,,,,,,,,,,,,,,
669692,,,,,,,,,,,,,,,,,,,,,
669697,,,,,,,,,,,,,,,,,,,,,
669700,,,,,,,,,,,,,,,,,,,,,
669704,,,,,,,,,,,,,,,,,,,,,
669708,,,,,,,,,,,,,,,,,,,,,
669709,,,,,,,,,,,,,,,,,,,,,
669710,,,,,,,,,,,,,,,,,,,,,
669711,14.9,14.9,0,14.9,0,14.9,0,14.9,0,14.9,0,14.9,0,14.9,0,,,,,,
669712,,,,,,,,,,,,,,,,,,,,,
669713,12,12,0,12,0,12,0,12,0,12,0,12,0,12,0,,,,,,
669714,24,24,0,24,0,24,0,24,0,24,0,24,0,24,0,,,,,,
669715,18,18,0,18,0,18,0,18,0,18,0,18,0,18,0,,,,,,
669716,24,24,0,24,0,24,0,24,0,24,0,24,0,24,0,,,,,,
669717,14,14,0,14,0,14,0,14,0,14,0,14,0,14,0,,,,,,
669718,18.5,18.5,0,18.5,0,18.5,0,18.5,0,21,-0.119,,,,,,,,,,
669719,,,,,,,,,,,,,,,,,,,,,
669720,116,116,0,116,0,116,0,116,0,116,0,116,0,116,0,,,,,,
669721,18,22,-0.182,22,-0.182,22,-0.182,22,-0.182,22,-0.182,19,-0.0526,19,-0.0526,,,,,,
669722,21,21,0,21,0,21,0,21,0,21,0,21,0,21,0,,,,,,
669723,23,23,0,23,0,23,0,23,0,23,0,23,0,23,0,,,,,,
669724,16,16,0,16,0,16,0,16,0,,,16,0,18,-0.111,,,,,,
669725,49.9,55.9,-0.107,55.9,-0.107,55.9,-0.107,55.9,-0.107,55.9,-0.107,55.9,-0.107,,,,,,,,
669726,55.9,55.9,0,55.9,0,55.9,0,55.9,0,55.9,0,55.9,0,,,,,,,,
669739,23.5,23.5,0,23.5,0,23.5,0,23.5,0,23.5,0,,,,,,,,,,
669740,23.5,23.5,0,23.5,0,23.5,0,23.5,0,23.5,0,23.5,0,,,,,,,,
669742,31.5,31.5,0,31.5,0,31.5,0,31.5,0,,,,,,,,,,,,
669747,47.5,47.5,0,47.5,0,47.5,0,47.5,0,47.5,0,47.5,0,,,,,,,,
669748,28.5,28.5,0,28.5,0,28.5,0,28.5,0,28.5,0,,,,,,,,,,
669749,,,,,,,,,,,,,,,,,,,,,
669750,,,,,,,,,,,,,,,,,,,,,
669751,72,72,0,72,0,72,0,72,0,72,0,,,,,,,,,,
669752,74,74,0,74,0,74,0,74,0,74,0,,,,,,,,,,
669754,28.5,28.5,0,28.5,0,28.5,0,28.5,0,28.5,0,,,,,,,,,,
669759,26.5,26.5,0,26.5,0,26.5,0,26.5,0,26.5,0,,,,,,,,,,
669760,16.5,16.5,0,16.5,0,16.5,0,16.5,0,16.5,0,,,,,,,,,,
669817,73,73,0,73,0,73,0,73,0,,,,,,,,,,,,
669818,103,103,0,103,0,103,0,103,0,,,,,,,,,,,,
669819,103,103,0,103,0,103,0,103,0,,,,,,,,,,,,
669829,110,110,0,110,0,,,,,,,,,,,,,,,,
669901,49.9,49.9,0,49.9,0,38,0.313,38,0.313,45.9,0.0871,45.9,0.0871,45.9,0.0871,45.9,0.0871,39.9,0.251,39.9,0.251
669902,49.9,49.9,0,49.9,0,45.9,0.0871,,,,,,,45.9,0.0871,45.9,0.0871,39.9,0.251,39.9,0.251
669903,49.9,49.9,0,49.9,0,45.9,0.0871,,,45.9,0.0871,45.9,0.0871,45.9,0.0871,,,39.9,0.251,,
669904,35,35,0,35,0,35,0,35,0,35,0,35,0,35,0,35,0,,,29,0.207
669905,,,,,,,,,,,,,,,,,,,,,
669906,28.5,28.5,0,28.5,0,28.5,0,28.5,0,28.5,0,28.5,0,28.5,0,28.5,0,21.9,0.301,21.9,0.301
669907,,,,,,,,,,,,,,,,,,,,,
669908,28.5,28.5,0,28.5,0,28.5,0,28.5,0,28.5,0,28.5,0,28.5,0,28.5,0,21.9,0.301,21.9,0.301
669909,27.5,27.5,0,27.5,0,27.5,0,27.5,0,27.5,0,27.5,0,27.5,0,27.5,0,21.9,0.256,,
669912,28.5,28.5,0,28.5,0,28.5,0,28.5,0,28.5,0,28.5,0,28.5,0,28.5,0,23.9,0.192,23.9,0.192
669913,27.5,27.5,0,27.5,0,27.5,0,27.5,0,27.5,0,27.5,0,27.5,0,,,,,21.9,0.256
669917,24.9,24.9,0,24.9,0,19.9,0.251,19.9,0.251,,,,,,,,,,,,
669924,8.9,8.9,0,8.9,0,8.9,0,8.9,0,8.9,0,12.7,-0.299,12.7,-0.299,12.8,-0.305,10.9,-0.183,7.7,0.156
669925,8.9,8.9,0,8.9,0,8.9,0,8.9,0,8.9,0,12.7,-0.299,12.7,-0.299,12.8,-0.305,10.9,-0.183,7.7,0.156
669991,39,39,0,39,0,39,0,39,0,39,0,39,0,39,0,39,0,34,0.147,33,0.182
669992,,,,,,,,,,,,,,,,,,,,,
670002,19,19,0,19,0,19,0,19,0,19,0,19,0,19,0,19,0,17.5,0.0857,14.5,0.31
670003,26.5,26.5,0,26.5,0,26.5,0,26.5,0,26.5,0,26.5,0,26.5,0,26.5,0,22.9,0.157,14.5,0.828
670004,26.5,26.5,0,26.5,0,26.5,0,26.5,0,26.5,0,26.5,0,26.5,0,26.5,0,22.9,0.157,14.5,0.828
670005,,,,,,,,,,,,,,,,,,,,,
670006,25.5,25.5,0,25.5,0,25.5,0,25.5,0,25.5,0,25.5,0,25.5,0,25.5,0,22.9,0.114,14.5,0.759
670007,19,19,0,19,0,19,0,19,0,19,0,19,0,19,0,19,0,17.5,0.0857,14.5,0.31
670013,27,27,0,27,0,27,0,27,0,27,0,27,0,27,0,27,0,21.5,0.256,23.5,0.149
670026,,,,,,,,,,,,,,,,,,,,,
670042,,,,,,,,,,,,,,,,,,,,,
670045,10,10,0,10,0,10,0,10,0,10,0,10,0,10,0,10,0,8,0.25,8,0.25
670046,,,,,,,,,,,,,,,,,,,,,
670047,,,,,,,,,,,,,,,,,,,,,
670048,95.4,95.4,0,95.4,0,95.4,0,95.4,0,95.4,0,95.4,0,95.4,0,95.4,0,72.5,0.316,72.5,0.316
670050,,,,,,,,,,,,,,,,,,,,,
670054,36.5,36.5,0,36.5,0,36.5,0,36.5,0,36.5,0,29.9,0.221,32.5,0.123,32.5,0.123,32.5,0.123,30,0.217
670056,37.5,37.5,0,37.5,0,37.5,0,37.5,0,37.5,0,26.9,0.394,30,0.25,30,0.25,30,0.25,27.5,0.364
670057,43.5,43.5,0,43.5,0,43.5,0,43.5,0,,,,,40,0.0875,40,0.0875,37.5,0.16,35,0.243
670058,,,,,,,,,,,,,,,,,,,,,
670059,81,81,0,81,0,81,0,81,0,81,0,69.9,0.159,77.5,0.0452,77.5,0.0452,54.9,0.475,61,0.328
670061,42.5,42.5,0,42.5,0,42.5,0,42.5,0,42.5,0,42.5,0,,,,,40,0.0625,36.2,0.174
670062,99,99,0,99,0,99,0,99,0,99,0,99,0,109,-0.0901,115,-0.139,,,75,0.32
670063,21.3,21.3,0,21.3,0,21.3,0,21.3,0,21.3,0,21.3,0,23.8,-0.105,25,-0.148,20,0.065,17.6,0.21
670068,50.5,50.5,0,50.5,0,50.5,0,50.5,0,50.5,0,50.5,0,50.5,0,45.3,0.115,45.3,0.115,36,0.403
670072,81.8,81.8,0,81.8,0,81.8,0,81.8,0,81.8,0,81.8,0,81.8,0,74.7,0.095,64,0.278,75.8,0.0792
670073,88,88,0,88,0,88,0,88,0,88,0,88,0,72,0.222,72,0.222,72,0.222,,
670074,,,,,,,,,,,,,,,,,,,,,
670087,86,86,0,86,0,86,0,86,0,86,0,86,0,86,0,86,0,61,0.41,61,0.41
670097,125,125,0,125,0,125,0,125,0,125,0,,,125,0,125,0,125,0,120,0.0417
670100,,,,,,,,,,,,,,,,,,,,,
670131,23.2,23.2,0,23.2,0,23.2,0,23.2,0,23.2,0,23.2,0,23.2,0,22,0.0545,22,0.0545,,
670133,122,122,0,122,0,122,0,122,0,122,0,122,0,122,0,118,0.0329,103,0.188,103,0.188
670169,,,,,,,,,,,,,,,,,,,,,
670188,13.5,13.5,0,13.5,0,13.5,0,13.5,0,13.5,0,13.5,0,15,-0.1,15,-0.1,14.5,-0.069,,
670192,18.5,18.5,0,18.5,0,18.5,0,18.5,0,18.5,0,18.5,0,18.5,0,18.5,0,12,0.542,,
670198,16.9,16.9,0,16.9,0,16.9,0,16.9,0,16.9,0,16.9,0,16.9,0,16.9,0,16.9,0,,
670203,17.3,17.3,0,17.3,0,17.3,0,17.3,0,17.3,0,17.3,0,17.3,0,15.6,0.109,15.3,0.131,13.1,0.321
670204,20,20,0,20,0,20,0,20,0,20,0,20,0,20,0,20,0,20,0,20,0
670213,152,152,0,152,0,152,0,152,0,152,0,152,0,152,0,152,0,152,0,152,0
670220,21.3,21.3,0,21.3,0,21.3,0,21.3,0,21.3,0,21.3,0,21.3,0,21.3,0,18.5,0.151,18.5,0.151
670221,17.5,17.5,0,17.5,0,17.5,0,17.5,0,17.5,0,17.5,0,17.5,0,17.5,0,15,0.167,15,0.167
670222,15,15,0,15,0,15,0,15,0,15,0,15,0,15,0,15,0,12.5,0.2,12.5,0.2
670227,3.9,3.9,0,3.9,0,3.9,0,3.9,0,3.8,0.0263,3.8,0.0263,,,,,,,,
670232,,,,,,,,,,,,,,,,,,,,,
670233,69,69,0,69,0,69,0,69,0,63,0.0952,63,0.0952,63,0.0952,62.5,0.104,62.5,0.104,62.5,0.104
670245,7.5,7.5,0,7.5,0,7.5,0,7.5,0,7.5,0,7.5,0,7.5,0,7.5,0,7,0.0714,6,0.25
670270,55.5,55.5,0,55.5,0,55.5,0,55.5,0,55.5,0,55.5,0,55.5,0,49.3,0.126,49.3,0.126,,
670276,9.5,9.5,0,9.5,0,9.5,0,9.5,0,9.5,0,9.5,0,10.8,-0.12,10.8,-0.12,10.8,-0.12,10.8,-0.12
670291,32.8,32.8,0,32.8,0,32.8,0,32.8,0,32.8,0,32.8,0,32.8,0,32.8,0,27.5,0.193,24.5,0.339
670303,8.1,8.1,0,8.1,0,8.1,0,8.1,0,8.1,0,8.1,0,8.1,0,6.8,0.191,6.8,0.191,6.8,0.191
670307,23.8,23.8,0,23.8,0,23.8,0,23.8,0,23.8,0,23.8,0,23.8,0,23.8,0,,,21,0.133
670308,23.8,23.8,0,23.8,0,23.8,0,23.8,0,23.8,0,23.8,0,23.8,0,23.8,0,,,,
670309,23.8,23.8,0,23.8,0,23.8,0,23.8,0,23.8,0,23.8,0,23.8,0,23.8,0,21,0.133,,
670310,18.8,18.8,0,18.8,0,18.8,0,18.8,0,18.8,0,18.8,0,18.8,0,,,17.5,0.0743,,
670311,18.8,18.8,0,18.8,0,18.8,0,18.8,0,,,18.8,0,18.8,0,18.8,0,17.5,0.0743,,
670312,18.8,18.8,0,18.8,0,18.8,0,18.8,0,18.8,0,18.8,0,18.8,0,18.8,0,,,,
670313,23.8,23.8,0,23.8,0,23.8,0,23.8,0,,,,,23.8,0,,,21.5,0.107,21,0.133
670314,23.8,23.8,0,23.8,0,23.8,0,23.8,0,23.8,0,23.8,0,,,23.8,0,21.5,0.107,21,0.133
670315,23.8,23.8,0,23.8,0,23.8,0,23.8,0,,,23.8,0,,,23.8,0,21.5,0.107,,
670316,20,20,0,20,0,20,0,20,0,20,0,20,0,20,0,20,0,17.5,0.143,17,0.176
670317,22.5,22.5,0,22.5,0,22.5,0,22.5,0,22.5,0,22.5,0,22.5,0,22.5,0,,,,
670318,21.9,21.9,0,21.9,0,21.9,0,21.9,0,21.9,0,21.9,0,21.9,0,,,20,0.095,,
670348,18.8,18.8,0,18.8,0,18.8,0,18.8,0,18.8,0,18.8,0,18.8,0,18.8,0,18.8,0,18.8,0
670355,25,25,0,25,0,25,0,25,0,25,0,25,0,25,0,,,,,25,0
670385,,,,,,,,,,,,,,,,,,,,,
670387,23.2,23.2,0,23.2,0,23.2,0,23.2,0,23.2,0,23.2,0,23.2,0,23.2,0,20,0.16,18.8,0.234
670397,78,78,0,78,0,78,0,78,0,78,0,78,0,,,,,,,,
670402,187,187,0,187,0,187,0,187,0,,,168,0.111,168,0.111,,,,,,
670404,26,26,0,26,0,26,0,26,0,26,0,26,0,26,0,,,,,,
670407,78,78,0,78,0,78,0,78,0,78,0,78,0,,,,,,,,
670416,,,,,,,,,,,,,,,,,,,,,
670419,,,,,,,,,,,,,,,,,,,,,
670420,37.5,37.5,0,37.5,0,37.5,0,37.5,0,,,,,,,37.5,0,,,36,0.0417
670421,25,25,0,25,0,25,0,25,0,,,,,,,25,0,23,0.087,22,0.136
670468,19.5,19.5,0,19.5,0,19.5,0,19.5,0,19.5,0,19.5,0,19.5,0,19.5,0,16,0.219,16,0.219
670469,36,36,0,36,0,36,0,36,0,36,0,36,0,36,0,36,0,28,0.286,28,0.286
670473,,,,,,,,,,,,,,,,,,,,,
670474,,,,,,,,,,,,,,,,,,,,,
670475,68,68,0,68,0,68,0,55,0.236,55,0.236,55,0.236,65,0.0462,65,0.0462,,,55.2,0.232
670476,,,,,,,,,,,,,,,,,,,,,
670477,,,,,,,,,,,,,,,,,,,,,
670478,,,,,,,,,,,,,,,,,,,,,
670483,172,172,0,172,0,172,0,172,0,172,0,172,0,172,0,153,0.126,132,0.305,127,0.353
670484,164,164,0,164,0,164,0,164,0,164,0,,,,,122,0.336,,,98,0.669
670488,71.5,71.5,0,71.5,0,71.5,0,71.5,0,71.5,0,71.5,0,71.5,0,,,,,,
670515,,,,,,,,,,,,,,,,,,,,,
670516,,,,,,,,,,,,,,,,,,,,,
670522,131,131,0,131,0,131,0,131,0,131,0,131,0,131,0,,,109,0.203,87,0.503
670537,18,18,0,,,,,,,,,,,15.7,0.146,15.7,0.146,15.7,0.146,15.7,0.146
670538,18,18,0,,,,,15.7,0.146,15.7,0.146,,,15.7,0.146,,,15.7,0.146,15.7,0.146
670539,18,18,0,,,,,15.7,0.146,,,,,,,,,15.7,0.146,15.7,0.146
670540,18,18,0,,,,,15.7,0.146,,,,,15.7,0.146,15.7,0.146,15.7,0.146,15.7,0.146
670541,18,18,0,18,0,18,0,15.7,0.146,15.7,0.146,,,15.7,0.146,15.7,0.146,,,15.7,0.146
670544,16.2,16.2,0,16.2,0,16.2,0,16.2,0,16.2,0,16.2,0,16.2,0,15,0.08,13.3,0.218,12.1,0.339
670545,15.4,15.4,0,15.4,0,15.4,0,15.4,0,15.4,0,15.4,0,15.4,0,14.3,0.0769,12.6,0.222,,
670552,,,,,,,,,,,,,,,,,,,,,
670560,,,,,,,,,,,,,,,,,,,,,
670561,,,,,,,,,,,,,,,,,,,,,
670562,,,,,,,,,,,,,,,,,,,,,
670567,67.5,67.5,0,67.5,0,67.5,0,67.5,0,67.5,0,67.5,0,63,0.0714,49.5,0.364,55.9,0.208,51.4,0.313
670568,66,66,0,66,0,66,0,66,0,66,0,66,0,,,48,0.375,54.5,0.211,50,0.32
670569,66,66,0,66,0,66,0,66,0,66,0,66,0,61.7,0.0697,55.8,0.183,54.5,0.211,50,0.32
670570,66,66,0,66,0,66,0,66,0,66,0,66,0,61.7,0.0697,55.8,0.183,54.5,0.211,50,0.32
670580,16,16,0,16,0,16,0,16,0,16,0,16,0,16,0,16,0,13.5,0.185,,
670581,10.9,10.9,0,10.9,0,10.9,0,10.9,0,10.9,0,10.9,0,10.9,0,10.9,0,9.7,0.124,9.7,0.124
670592,58,58,0,58,0,58,0,,,,,,,,,,,,,,
670593,41.3,41.3,0,41.3,0,41.3,0,41.3,0,41.3,0,26.9,0.535,37.5,0.101,37.5,0.101,37.5,0.101,37.5,0.101
670594,33.8,33.8,0,33.8,0,33.8,0,33.8,0,33.8,0,16.3,1.07,32.5,0.04,32.5,0.04,32.5,0.04,32.5,0.04
670595,16.8,16.8,0,16.8,0,16.8,0,16.8,0,16.8,0,16.8,0,16.8,0,15.2,0.105,15.2,0.105,13.4,0.254
670596,,,,,,,,,,,,,,,,,,,,,
670597,71,71,0,71,0,71,0,71,0,71,0,71,0,66.7,0.0645,60.8,0.168,58.3,0.218,53.7,0.322
670598,71,71,0,71,0,71,0,71,0,71,0,71,0,66.7,0.0645,60.8,0.168,58.3,0.218,53.7,0.322
670599,71.7,71.7,0,71.7,0,71.7,0,71.7,0,71.7,0,71.7,0,,,61.5,0.166,58.9,0.217,55,0.304
670604,43,43,0,43,0,43,0,,,43,0,43,0,,,43,0,34,0.265,25,0.72
670611,15,15,0,15,0,15,0,15,0,15,0,15,0,15,0,15,0,,,12.5,0.2
670613,6,6,0,6,0,6,0,6,0,5.5,0.0909,5.5,0.0909,5.5,0.0909,5.5,0.0909,5.5,0.0909,5,0.2
670641,42.6,42.6,0,42.6,0,42.6,0,42.6,0,42.6,0,37.5,0.136,37.5,0.136,37.5,0.136,31.5,0.352,35.9,0.187
670642,42.6,42.6,0,42.6,0,42.6,0,42.6,0,42.6,0,38,0.121,38,0.121,,,,,,
670643,,,,,,,,,,,,,,,,,,,,,
670653,145,145,0,145,0,145,0,145,0,145,0,145,0,145,0,132,0.1,109,0.33,109,0.33
670654,,,,,,,,,,,,,,,,,,,,,
670657,,,,,,,,,,,,,,,,,,,,,
670665,13.5,13.5,0,13.5,0,13.5,0,13.5,0,13.5,0,,,13.5,0,13.5,0,12.5,0.08,10.5,0.286
670666,13.5,13.5,0,13.5,0,13.5,0,13.5,0,13.5,0,,,,,13.5,0,12.5,0.08,10.5,0.286
670669,20.8,20.8,0,20.8,0,20.8,0,20.8,0,20.8,0,20.8,0,20.8,0,20.8,0,18.8,0.106,18.8,0.106
670670,20.8,20.8,0,20.8,0,20.8,0,20.8,0,20.8,0,20.8,0,20.8,0,20.8,0,18.8,0.106,18.8,0.106
670672,20.8,20.8,0,20.8,0,20.8,0,20.8,0,20.8,0,20.8,0,20.8,0,20.8,0,18.8,0.106,,
670674,20.8,20.8,0,20.8,0,20.8,0,20.8,0,,,20.8,0,20.8,0,20.8,0,18.8,0.106,18.8,0.106
670675,20.8,20.8,0,20.8,0,20.8,0,20.8,0,,,20.8,0,20.8,0,,,18.8,0.106,,
670716,51.2,51.2,0,51.2,0,51.2,0,51.2,0,51.2,0,51.2,0,51.2,0,53.7,-0.0466,40.2,0.274,,
670721,37.5,37.5,0,37.5,0,37.5,0,37.5,0,37.5,0,37.5,0,37.5,0,37.5,0,25.9,0.448,,
670756,,,,,,,,,,,,,,,,,,,,,
670758,,,,,,,,,,,,,,,,,,,,,
670769,25.5,25.5,0,25.5,0,25.5,0,25.5,0,25.5,0,25.5,0,25.5,0,,,,,,
670771,31.5,31.5,0,31.5,0,31.5,0,31.5,0,31.5,0,31.5,0,31.5,0,26.5,0.189,26.5,0.189,26.5,0.189
670772,31.5,31.5,0,31.5,0,31.5,0,31.5,0,31.5,0,31.5,0,31.5,0,26.5,0.189,26.5,0.189,,
670778,,,,,,,,,,,,,,,,,,,,,
670790,,,,,,,,,,,,,,,,,,,,,
670791,,,,,,,,,,,,,,,,,,,,,
670792,,,,,,,,,,,,,,,,,,,,,
670793,,,,,,,,,,,,,,,,,,,,,
670794,,,,,,,,,,,,,,,,,,,,,
670795,,,,,,,,,,,,,,,,,,,,,
670797,,,,,,,,,,,,,,,,,,,,,
670810,44.8,44.8,0,44.8,0,44.8,0,,,44.8,0,44.8,0,44.8,0,44.8,0,40.5,0.106,40.5,0.106
670811,44.8,44.8,0,44.8,0,44.8,0,44.8,0,44.8,0,44.8,0,44.8,0,44.8,0,40.5,0.106,,
670812,44.8,44.8,0,44.8,0,44.8,0,44.8,0,44.8,0,44.8,0,44.8,0,44.8,0,40.5,0.106,40.5,0.106
670813,44.8,44.8,0,44.8,0,44.8,0,44.8,0,44.8,0,44.8,0,44.8,0,44.8,0,40.5,0.106,40.5,0.106
670814,44.8,44.8,0,44.8,0,44.8,0,,,44.8,0,44.8,0,44.8,0,44.8,0,40.5,0.106,40.5,0.106
670815,,,,,,,,,,,,,,,,,,,,,
670816,,,,,,,,,,,,,,,,,,,,,
670817,,,,,,,,,,,,,,,,,,,,,
670828,23.8,23.8,0,23.8,0,23.8,0,23.8,0,23.8,0,23.8,0,23.8,0,23.8,0,21,0.133,21,0.133
670830,17.5,17.5,0,17.5,0,17.5,0,17.5,0,17.5,0,17.5,0,17.5,0,17.5,0,15,0.167,15,0.167
670832,33.7,33.7,0,33.7,0,33.7,0,33.7,0,33.7,0,33.7,0,33.7,0,30.6,0.101,30,0.123,29.3,0.15
670833,9.4,9.4,0,9.4,0,9.4,0,9.4,0,9.4,0,9.4,0,9.4,0,8.6,0.093,8,0.175,8,0.175
670834,8,,,,,6.9,0.159,6.9,0.159,9.4,-0.149,7.8,0.0256,9.4,-0.149,8.6,-0.0698,8,0,8,0
670886,54,54,0,54,0,54,0,54,0,,,54,0,54,0,49.5,0.0909,42.7,0.265,50,0.08
670889,5.4,5.4,0,5.4,0,5.4,0,5.4,0,5.4,0,5.4,0,5.4,0,5,0.08,4.5,0.2,4.5,0.2
670892,190,190,0,190,0,,,190,0,190,0,190,0,,,,,,,,
670893,,,,,,,,,,,,,,,,,,,,,
670899,47,47,0,47,0,47,0,47,0,47,0,47,0,47,0,47,0,47,0,44,0.0682
670901,,,,,,,,,,,,,,,,,,,,,
670909,43.6,43.6,0,43.6,0,43.6,0,43.6,0,43.6,0,43.6,0,43.6,0,37.9,0.15,37.9,0.15,35.4,0.232
670910,,,,,,,,,,,,,,,,,,,,,
670911,,,,,,,,,,,,,,,,,,,,,
670912,,,,,,,,,,,,,,,,,,,,,
670915,9,9,0,9,0,9,0,9,0,9,0,8,0.125,9,0,9,0,8.7,0.0345,8,0.125
670916,,,,,,,,,,,,,,,,,,,,,
670935,725,725,0,725,0,725,0,725,0,725,0,725,0,725,0,725,0,489,0.483,489,0.483
670939,37,37,0,37,0,37,0,37,0,37,0,37,0,37,0,37,0,29.5,0.254,29.5,0.254
670953,81,81,0,81,0,81,0,81,0,,,71,0.141,81,0,63.3,0.28,63.3,0.28,61.5,0.317
670956,24.5,24.5,0,24.5,0,24.5,0,24.5,0,24.5,0,24.5,0,24.5,0,24.5,0,21.1,0.161,21.1,0.161
670960,11.5,11.5,0,11.5,0,11.5,0,11.5,0,11.5,0,11.5,0,,,,,10.7,0.0748,10.7,0.0748
670968,50,50,0,50,0,50,0,50,0,50,0,50,0,,,57.5,-0.13,42.5,0.176,38.8,0.289
670982,81,81,0,81,0,81,0,56.3,0.439,56.3,0.439,56.3,0.439,81,0,81,0,85,-0.0471,,
670985,31.5,31.5,0,31.5,0,31.5,0,31.5,0,31.5,0,31.5,0,31.5,0,29.6,0.0642,26.3,0.198,25.9,0.216
670986,,,,,,,,,,,,,,,,,,,,,
670987,,,,,,,,,,,,,,,,,,,,,
670993,1.5,1.5,0,1.5,0,1.5,0,1.5,0,1.5,0,1.5,0,1.5,0,,,,,,
671003,,,,,,,,,,,,,,,,,,,,,
671004,,,,,,,,,,,,,,,,,,,,,
671008,,,,,,,,,,,,,,,,,,,,,
671010,,,,,,,,,,,,,,,,,,,,,
671011,37.9,37.9,0,34.7,0.0922,34.7,0.0922,37.6,0.00798,41.5,-0.0867,41.5,-0.0867,51.2,-0.26,47.9,-0.209,40.3,-0.0596,38.9,-0.0257
671038,72.5,72.5,0,72.5,0,72.5,0,72.5,0,72.5,0,72.5,0,72.5,0,65.9,0.1,54.7,0.325,54.7,0.325
671039,36,36,0,36,0,36,0,36,0,36,0,36,0,36,0,34.2,0.0526,28.5,0.263,28.5,0.263
671040,99,99,0,99,0,99,0,99,0,99,0,99,0,,,115,-0.139,87.5,0.131,75,0.32
671054,28.2,28.2,0,28.2,0,28.2,0,30.5,-0.0754,30.5,-0.0754,29,-0.0276,29,-0.0276,33.9,-0.168,27.3,0.033,25.3,0.115
671076,23,23,0,23,0,23,0,23,0,23,0,23,0,23,0,21.8,0.055,18.8,0.223,18.8,0.223
671077,31.3,31.3,0,31.3,0,31.3,0,31.3,0,31.3,0,31.3,0,31.3,0,29.8,0.0503,26.3,0.19,26.3,0.19
671079,,,,,,,,,,,,,,,,,,,,,
671080,17.5,17.5,0,17.5,0,17.5,0,17.5,0,17.5,0,17.5,0,17.5,0,15.4,0.136,14.8,0.182,14.8,0.182
671081,17.5,17.5,0,17.5,0,17.5,0,17.5,0,17.5,0,17.5,0,17.5,0,15.4,0.136,14.8,0.182,14.8,0.182
671082,17.5,17.5,0,17.5,0,17.5,0,17.5,0,17.5,0,17.5,0,17.5,0,15.4,0.136,14.8,0.182,14.8,0.182
671084,10.6,10.6,0,10.6,0,10.6,0,10.6,0,10.6,0,10.6,0,10.6,0,9.4,0.128,,,,
671087,46.2,46.2,0,46.2,0,46.2,0,46.2,0,46.2,0,46.2,0,46.2,0,38.5,0.2,42.8,0.0794,40.3,0.146
671088,2.5,2.5,0,2.5,0,2.5,0,2.5,0,2.5,0,2.5,0,2.5,0,2,0.25,2,0.25,2,0.25
671089,2.5,2.5,0,2.5,0,2.5,0,2.5,0,2.5,0,2.5,0,2.5,0,2,0.25,2,0.25,2,0.25
671093,43.8,43.8,0,43.8,0,43.8,0,43.8,0,43.8,0,43.8,0,43.8,0,43.8,0,35,0.251,43.8,0
671094,,,,,,,,,,,,,,,,,,,,,
671100,,,,,,,,,,,,,,,,,,,,,
671101,271,271,0,271,0,271,0,271,0,271,0,271,0,271,0,271,0,248,0.0941,248,0.0941
671108,10.7,10.7,0,10.7,0,10.7,0,10.7,0,10.7,0,10.7,0,10.7,0,10.7,0,9.2,0.163,9.2,0.163
671112,38.5,38.5,0,38.5,0,38.5,0,38.5,0,38.5,0,38.5,0,38.5,0,38.5,0,,,,
671117,22.5,22.5,0,22.5,0,20,0.125,20,0.125,20,0.125,20,0.125,20,0.125,20,0.125,20,0.125,20,0.125
671118,20,20,0,20,0,17.5,0.143,17.5,0.143,17.5,0.143,,,,,,,,,17.5,0.143
671119,20,20,0,20,0,17.5,0.143,17.5,0.143,17.5,0.143,17.5,0.143,17.5,0.143,17.5,0.143,17.5,0.143,17.5,0.143
671120,,,,,,,,,,,,,,,,,,,,,
671123,89.4,89.4,0,89.4,0,89.4,0,89.4,0,89.4,0,89.4,0,89.4,0,89.4,0,89,0.00449,85.5,0.0456
671133,52,52,0,52,0,52,0,52,0,52,0,54,-0.037,52.5,-0.00952,47.6,0.0924,40.5,0.284,44.5,0.169
671135,25,25,0,25,0,25,0,25,0,25,0,25,0,25,0,,,,,,
671145,3.5,3.5,0,3.5,0,3.5,0,3.5,0,3.5,0,3.5,0,3.5,0,3,0.167,3,0.167,3,0.167
671146,3.5,3.5,0,3.5,0,3.5,0,3.5,0,3.5,0,3.5,0,3.5,0,3,0.167,3,0.167,3,0.167
671163,19.5,19.5,0,19.5,0,19.5,0,19.5,0,,,19.5,0,19.5,0,19.5,0,19.5,0,,
671179,,,,,,,,,,,,,,,,,,,,,
671196,4.5,4.5,0,4.5,0,4.5,0,4.5,0,4.5,0,4.5,0,4.5,0,4,0.125,4,0.125,4,0.125
671208,19.4,19.4,0,19.4,0,19.4,0,19.4,0,19.4,0,19.4,0,19.4,0,17.5,0.109,15.6,0.244,15.6,0.244
671215,,,,,,,,,,,,,,,,,,,,,
671216,,,,,,,,,,,,,,,,,,,,,
671217,,,,,,,,,,,,,,,,,,,,,
671273,,,,,,,,,,,,,,,,,,,,,
671274,29.7,29.7,0,29.7,0,29.7,0,29.7,0,29.7,0,26,0.142,26,0.142,26,0.142,26,0.142,25,0.188
671281,,,,,,,,,,,,,,,,,,,,,
671282,,,,,,,,,,,,,,,,,,,,,
671309,,,,,,,,,,,,,,,,,,,,,
671315,,,,,,,,,,,,,,,,,,,,,
671333,,,,,,,,,,,,,,,,,,,,,
671336,18.5,18.5,0,,,,,,,,,,,16,0.156,16,0.156,16,0.156,,
671340,9.3,9.3,0,9.3,0,7.9,0.177,,,9.3,0,9.3,0,9.3,0,7.4,0.257,6.4,0.453,6.4,0.453
671341,8.5,8.5,0,8.5,0,7.5,0.133,7.5,0.133,8.5,0,9.3,-0.086,9.3,-0.086,7.4,0.149,6.4,0.328,6.4,0.328
671342,8.5,8.5,0,8.5,0,7.5,0.133,7.5,0.133,8.5,0,9.3,-0.086,9.3,-0.086,7.4,0.149,6.4,0.328,6.4,0.328
671357,,,,,,,,,,,,,,,,,,,,,
671358,,,,,,,,,,,,,,,,,,,,,
671360,,,,,,,,,,,,,,,,,,,,,
671363,36,36,0,,,36,0,36,0,36,0,36,0,36,0,32.9,0.0942,32.4,0.111,30.4,0.184
671364,17.7,17.7,0,17.7,0,17.7,0,17.7,0,17.7,0,16.5,0.0727,16.5,0.0727,,,14.9,0.188,14.9,0.188
671365,17.7,17.7,0,17.7,0,17.7,0,17.7,0,17.7,0,16.5,0.0727,16.5,0.0727,16.5,0.0727,14.9,0.188,14.9,0.188
671366,17.7,17.7,0,17.7,0,17.7,0,17.7,0,17.7,0,16.5,0.0727,16.5,0.0727,16.5,0.0727,14.9,0.188,14.9,0.188
671367,17.7,17.7,0,17.7,0,17.7,0,17.7,0,17.7,0,16.5,0.0727,16.5,0.0727,16.5,0.0727,14.9,0.188,14.9,0.188
671368,17.7,17.7,0,17.7,0,17.7,0,17.7,0,17.7,0,,,16.5,0.0727,16.5,0.0727,,,14.9,0.188
671369,15.5,15.5,0,15.5,0,15.5,0,15.5,0,15.5,0,14.5,0.069,14.5,0.069,14.5,0.069,9.9,0.566,9.9,0.566
671370,15.5,15.5,0,15.5,0,15.5,0,15.5,0,15.5,0,,,14.5,0.069,14.5,0.069,9.9,0.566,9.9,0.566
671371,15.5,15.5,0,15.5,0,15.5,0,15.5,0,15.5,0,14.5,0.069,14.5,0.069,14.5,0.069,9.9,0.566,9.9,0.566
671372,15.5,15.5,0,15.5,0,15.5,0,15.5,0,,,14.5,0.069,14.5,0.069,14.5,0.069,9.9,0.566,9.9,0.566
671402,9.4,,,9.4,0,7.5,0.253,7.5,0.253,9.4,0,9.4,0,8,0.175,8.6,0.093,8,0.175,8,0.175
671404,,,,,,,,,,,,,,,,,,,,,
671407,131,131,0,131,0,131,0,131,0,131,0,131,0,131,0,114,0.144,106,0.236,95.7,0.367
671408,132,132,0,132,0,132,0,132,0,132,0,132,0,132,0,,,106,0.249,95.7,0.379
671434,33.8,33.8,0,33.8,0,33.8,0,33.8,0,,,,,,,,,,,,
671440,15.5,15.5,0,15.5,0,15.5,0,15.5,0,15.5,0,14.5,0.069,14.5,0.069,14.5,0.069,9.5,0.632,9.5,0.632
671442,1.3,1.3,0,1.3,0,1.3,0,,,1.3,0,1.3,0,1.3,0,1,0.3,1,0.3,1.6,-0.188
671443,1.3,1.3,0,1.3,0,1.3,0,1.3,0,,,1.3,0,,,1,0.3,1,0.3,1.6,-0.188
671444,,,,,,,,,,,,,,,,,,,,,
671445,17.7,17.7,0,17.7,0,17.7,0,17.7,0,17.7,0,16.5,0.0727,16.5,0.0727,16.5,0.0727,14.5,0.221,14.5,0.221
671446,11.8,11.8,0,11.8,0,11.8,0,11.8,0,,,,,10.6,0.113,10.6,0.113,9,0.311,9,0.311
671447,11.8,11.8,0,11.8,0,11.8,0,11.8,0,11.8,0,10.5,0.124,10.5,0.124,10.5,0.124,9,0.311,9,0.311
671450,68,68,0,68,0,68,0,68,0,68,0,68,0,68,0,64.6,0.0526,61.7,0.102,52.9,0.285
671451,61,61,0,61,0,61,0,61,0,61,0,61,0,61,0,58,0.0517,55.3,0.103,51.5,0.184
671452,38.4,38.4,0,38.4,0,38.4,0,,,38.4,0,38.4,0,38.4,0,36.4,0.0549,35.2,0.0909,33,0.164
671472,94,94,0,94,0,94,0,94,0,91,0.033,91,0.033,100,-0.06,100,-0.06,83.8,0.122,67,0.403
671473,44,44,0,44,0,44,0,44,0,45,-0.0222,45,-0.0222,45,-0.0222,54,-0.185,40,0.1,33,0.333
671492,,,,,,,,,,,,,,,,,,,,,
671518,18.5,18.5,0,,,18.5,0,,,,,18.5,0,18.5,0,20.4,-0.0931,19,-0.0263,,
671519,,,,,,,,,,,,,,,,,,,,,
671520,,,,,,,,,,,,,,,,,,,,,
671532,16.5,16.5,0,16.5,0,16.5,0,16.5,0,16.5,0,16.5,0,16.5,0,16.5,0,16.5,0,14.5,0.138
671533,12.9,12.9,0,12.9,0,12.9,0,12.9,0,,,12.5,0.032,,,,,,,8.8,0.466
671537,31,31,0,31,0,31,0,31,0,31,0,31,0,31,0,26,0.192,,,,
671538,28.8,28.8,0,28.8,0,28.8,0,28.8,0,28.8,0,28.8,0,28.8,0,,,,,,
671540,28.8,28.8,0,28.8,0,28.8,0,28.8,0,28.8,0,28.8,0,28.8,0,,,,,,
671548,,,,,,,,,,,,,,,,,,,,,
671549,16.9,16.9,0,16.9,0,16.9,0,16.9,0,16.9,0,16.9,0,16.9,0,16.9,0,16.9,0,,
671570,43.5,43.5,0,,,43.5,0,43.5,0,43.5,0,43.5,0,43.5,0,43.5,0,38,0.145,38,0.145
671581,,,,,,,,,,,,,,,,,,,,,
671583,,,,,,,,,,,,,,,,,,,,,
671610,,,,,,,,,,,,,,,,,,,,,
671622,17.4,17.4,0,17.4,0,17.4,0,17.4,0,17.4,0,16.7,0.0419,16.7,0.0419,16.7,0.0419,15.5,0.123,15.5,0.123
671623,9.7,9.7,0,9.7,0,9.7,0,9.7,0,9.7,0,9.3,0.043,9.3,0.043,9.3,0.043,8.5,0.141,8.5,0.141
671635,37.5,37.5,0,37.5,0,37.5,0,37.5,0,37.5,0,37.5,0,37.5,0,37.5,0,33,0.136,30,0.25
671657,,,,,,,,,,,,,,,,,,,,,
671668,,,,,,,,,,,,,,,,,,,,,
671675,10.5,10.5,0,10.5,0,10.2,0.0294,10.2,0.0294,10.2,0.0294,10.2,0.0294,10.2,0.0294,10.2,0.0294,,,8.8,0.193
671676,14.4,14.4,0,14.4,0,14,0.0286,14,0.0286,14,0.0286,14,0.0286,14,0.0286,14,0.0286,12.5,0.152,12.3,0.171
671680,,,,,,,,,,,,,,,,,,,,,
671681,,,,,,,,,,,,,,,,,,,,,
671683,,,,,,,,,,,,,,,,,,,,,
671691,48.9,48.9,0,48.9,0,48.9,0,48.9,0,48.9,0,48.9,0,48.9,0,44,0.111,43.8,0.116,35.8,0.366
671697,88,88,0,88,0,88,0,88,0,88,0,88,0,88,0,78,0.128,78,0.128,78,0.128
671699,34.5,34.5,0,34.5,0,34.5,0,34.5,0,,,34.5,0,34.5,0,34,0.0147,,,,
671704,76.4,76.4,0,,,,,76.4,0,76.4,0,76.4,0,,,66,0.158,64.8,0.179,,
671714,,,,,,,,,,,,,,,,,,,,,
671718,,,,,,,,,,,,,,,,,,,,,
671724,,,,,,,,,,,,,,,,,,,,,
671725,33,33,0,33,0,33,0,33,0,33,0,33,0,31.2,0.0577,28.8,0.146,28.3,0.166,26.5,0.245
671726,,,,,,,,,,,,,,,,,,,,,
671727,,,,,,,,,,,,,,,,,,,,,
671728,,,,,,,,,,,,,,,,,,,,,
671734,22.8,22.8,0,22.8,0,22.8,0,22.8,0,22.8,0,22.8,0,22.8,0,22.7,0.00441,22.7,0.00441,16.2,0.407
671769,50.1,50.1,0,50.1,0,50.1,0,50.1,0,50.1,0,43.8,0.144,43.8,0.144,43.8,0.144,43.8,0.144,41.5,0.207
671771,,,,,,,,,,,,,,,,,,,,,
671787,16.9,16.9,0,16.9,0,16.9,0,16.9,0,16.9,0,16.9,0,16.9,0,16.9,0,16.9,0,16.9,0
671788,16.9,16.9,0,16.9,0,16.9,0,16.9,0,16.9,0,16.9,0,16.9,0,16.9,0,16.9,0,16.9,0
671789,25.5,25.5,0,25.5,0,25.5,0,25.5,0,25.5,0,25.5,0,,,,,25.5,0,25.5,0
671790,,,,,,,,,,,,,,,,,,,,,
671791,,,,,,,,,,,,,,,,,,,,,
671792,,,,,,,,,,,,,,,,,,,,,
671793,,,,,,,,,,,,,,,,,,,,,
671794,,,,,,,,,,,,,,,,,,,,,
671797,,,,,,,,,,,,,,,,,,,,,
671798,,,,,,,,,,,,,,,,,,,,,
671799,,,,,,,,,,,,,,,,,,,,,
671800,,,,,,,,,,,,,,,,,,,,,
671801,,,,,,,,,,,,,,,,,,,,,
671808,,,,,,,,,,,,,,,,,,,,,
671810,,,,,,,,,,,,,,,,,,,,,
671812,,,,,,,,,,,,,,,,,,,,,
671818,56,56,0,56,0,56,0,56,0,56,0,56,0,56,0,56,0,,,47.5,0.179
671821,56,56,0,56,0,56,0,56,0,56,0,56,0,56,0,56,0,53.8,0.0409,47.5,0.179
671822,56,56,0,56,0,56,0,56,0,56,0,56,0,56,0,56,0,53.8,0.0409,47.5,0.179
671827,18.8,18.8,0,18.8,0,18.8,0,18.8,0,18.8,0,18.8,0,18.8,0,18,0.0444,16.9,0.112,16.9,0.112
671828,106,106,0,106,0,106,0,106,0,98.8,0.0759,98.8,0.0759,124,-0.139,114,-0.0634,90,0.181,73.5,0.446
671857,,,,,,,,,,,,,,,,,,,,,
671865,2.5,2.5,0,2.5,0,2.5,0,2.5,0,2.5,0,2.5,0,2.5,0,2.3,0.087,,,1.9,0.316
671879,,,,,,,,,,,,,,,,,,,,,
671896,38.8,38.8,0,,,,,38.8,0,38.8,0,,,41.9,-0.074,41,-0.0537,,,33.5,0.158
671897,34.4,33.8,0.0178,,,33.8,0.0178,33.8,0.0178,41.3,-0.167,,,45,-0.236,,,,,36,-0.0444
671898,21,19.5,0.0769,,,19.5,0.0769,19.5,0.0769,19.5,0.0769,,,,,,,,,22.7,-0.0749
671900,55,55,0,55,0,55,0,55,0,55,0,55,0,55,0,55,0,55,0,55,0
671902,,,,,,,,,,,,,,,,,,,,,
671905,25,25,0,25,0,25,0,25,0,,,,,,,25,0,23,0.087,22,0.136
671917,,,,,,,,,,,,,,,,,,,,,
671920,,,,,,,,,,,,,,,,,,,,,
671923,,,,,,,,,,,,,,,,,,,,,
671930,11.4,11.4,0,11.4,0,11.4,0,11.4,0,11.4,0,11.4,0,11.4,0,10.8,0.0556,10.7,0.0654,9.8,0.163
671935,,,,,,,,,,,,,,,,,,,,,
671936,,,,,,,,,,,,,,,,,,,,,
671937,,,,,,,,,,,,,,,,,,,,,
671938,,,,,,,,,,,,,,,,,,,,,
671939,26.3,26.3,0,26.3,0,26.3,0,26.3,0,26.3,0,26.3,0,26.3,0,26.3,0,23.5,0.119,23.5,0.119
671940,23.8,23.8,0,23.8,0,23.8,0,23.8,0,23.8,0,23.8,0,23.8,0,23.8,0,21,0.133,21,0.133
671941,,,,,,,,,,,,,,,,,,,,,
671947,24,24,0,24,0,24,0,24,0,24,0,24,0,24,0,22.2,0.0811,21.8,0.101,18,0.333
671952,,,,,,,,,,,,,,,,,,,,,
671953,161,161,0,161,0,161,0,161,0,161,0,161,0,161,0,142,0.137,124,0.297,124,0.297
671954,177,177,0,177,0,177,0,177,0,177,0,177,0,177,0,156,0.132,137,0.295,137,0.295
671956,20.6,20.6,0,20.6,0,20.6,0,20.6,0,20.6,0,20.6,0,20.6,0,20.6,0,18.8,0.0957,18.8,0.0957
671976,10.5,10.5,0,10.5,0,12.5,-0.16,12.5,-0.16,12.5,-0.16,12.5,-0.16,10.5,0,12.5,-0.16,10,0.05,9,0.167
671979,40.8,40.8,0,40.8,0,40.8,0,40.8,0,40.8,0,40.8,0,40.8,0,37.7,0.0822,35.5,0.149,29.1,0.402
671980,,,,,,,,,,,,,,,,,,,,,
671981,,,,,,,,,,,,,,,,,,,,,
671985,40,40,0,40,0,40,0,40,0,40,0,40,0,42.5,-0.0588,46.3,-0.136,37.5,0.0667,33.5,0.194
671992,25,25,0,25,0,25,0,25,0,25,0,25,0,25,0,,,,,25,0
671993,25,25,0,25,0,25,0,25,0,25,0,25,0,25,0,,,,,25,0
671994,,,,,,,,,,,,,,,,,,,,,
672000,25,25,0,25,0,25,0,25,0,25,0,25,0,25,0,,,,,25,0
672009,18.8,18.8,0,18.8,0,18.8,0,18.8,0,18.8,0,18.8,0,18.8,0,18.8,0,18.8,0,18.8,0
672011,18.8,18.8,0,18.8,0,18.8,0,18.8,0,18.8,0,18.8,0,18.8,0,18.8,0,18.8,0,18.8,0
672013,12.6,12.6,0,12.6,0,12.6,0,12.6,0,12.6,0,12.6,0,12.6,0,11.9,0.0588,9.8,0.286,8.8,0.432
672015,10.2,,,,,,,10.2,0,10.2,0,8.2,0.244,10.2,0,8.5,0.2,9,0.133,9,0.133
672019,,,,,,,,,,,,,,,,,,,,,
672064,19.9,19.9,0,19.9,0,19.9,0,19.4,0.0258,19.4,0.0258,19.4,0.0258,19.4,0.0258,19.4,0.0258,18.8,0.0585,18,0.106
672090,35,35,0,35,0,35,0,35,0,35,0,35,0,,,35,0,31.9,0.0972,,
672094,,,,,,,,,,,,,,,,,,,,,
672102,,,,,,,,,,,,,,,,,,,,,
672103,,,,,,,,,,,,,,,,,,,,,
672104,,,,,,,,,,,,,,,,,,,,,
672111,22.9,22.9,0,22.9,0,22.9,0,22.9,0,22.9,0,22.9,0,22.9,0,22,0.0409,20.3,0.128,20.3,0.128
672115,23,23,0,23,0,23,0,,,23,0,23,0,,,23,0,23,0,,
672118,,,,,,,,,,,,,,,,,,,,,
672127,115,115,0,115,0,115,0,115,0,115,0,121,-0.0512,130,-0.114,130,-0.114,103,0.115,89.6,0.281
672140,,,,,,,,,,,,,,,,,,,,,
672155,,,,,,,,,,,,,,,,,,,,,
672156,28.4,28.4,0,,,28.4,0,28.4,0,28.4,0,28.4,0,28.4,0,27,0.0519,25,0.136,23.9,0.188
672160,,,,,,,,,,,,,,,,,,,,,
672162,,,,,,,,,,,,,,,,,,,,,
672185,15,15,0,15,0,15,0,15,0,15,0,15,0,15,0,15,0,14,0.0714,14,0.0714
672190,93.8,93.8,0,93.8,0,93.8,0,93.8,0,93.8,0,93.8,0,93.8,0,,,87.5,0.072,82.5,0.137
672191,88,88,0,88,0,88,0,88,0,86,0.0233,86,0.0233,96,-0.0833,95,-0.0737,80,0.1,63.5,0.386
672202,20.8,20.8,0,20.8,0,20.8,0,20.8,0,20.8,0,,,17.6,0.182,20.2,0.0297,17,0.224,17,0.224
672211,,,,,,,,,,,,,,,,,,,,,
672212,,,,,,,,,,,,,,,,,,,,,
672213,162,162,0,162,0,162,0,162,0,162,0,,,162,0,151,0.0748,160,0.0118,120,0.348
672220,13.8,13.8,0,,,13.8,0,13.8,0,13.8,0,13.8,0,13.8,0,,,,,,
672221,13.7,13.7,0,13.7,0,13.7,0,13.7,0,13.7,0,13.7,0,13.7,0,,,13.5,0.0148,,
672227,,,,,,,,,,,,,,,,,,,,,
672229,,,,,,,,,,,,,,,,,,,,,
672235,4.5,4.5,0,4.5,0,4.5,0,4,0.125,4,0.125,4,0.125,4,0.125,3.5,0.286,3.5,0.286,3.5,0.286
672236,4.5,4.5,0,4.5,0,4.5,0,4,0.125,4,0.125,4,0.125,4,0.125,3.5,0.286,3.5,0.286,3.5,0.286
672251,,,,,,,,,,,,,,,,,,,,,
672252,,,,,,,,,,,,,,,,,,,,,
672272,99.5,99.5,0,99.5,0,99.5,0,99.5,0,99.5,0,99.5,0,75.5,0.318,75.5,0.318,75.5,0.318,64.2,0.55
672273,98.8,98.8,0,98.8,0,98.8,0,98.8,0,98.8,0,98.8,0,98.8,0,90.2,0.0953,77,0.283,91.5,0.0798
672274,86,86,0,,,86,0,86,0,86,0,86,0,86,0,78.6,0.0941,67.3,0.278,79.8,0.0777
672275,81.8,81.8,0,81.8,0,81.8,0,81.8,0,81.8,0,81.8,0,81.8,0,74.7,0.095,64,0.278,75.8,0.0792
672276,,,,,,,,,,,,,,,,,,,,,
672283,56,56,0,56,0,56,0,56,0,56,0,56,0,56,0,56,0,45,0.244,45,0.244
672289,12,12,0,12,0,12,0,12,0,12,0,12,0,12,0,12,0,12,0,10.8,0.111
672290,117,117,0,117,0,117,0,117,0,117,0,117,0,117,0,117,0.00343,95.8,0.221,83,0.41
672291,,,,,,,,,,,,,,,,,,,,,
672292,22.5,22.5,0,22.5,0,22.5,0,22.5,0,22.5,0,,,,,20,0.125,18.8,0.197,,
672293,,,,,,,,,,,,,,,,,,,,,
672294,27.5,27.5,0,27.5,0,27.5,0,27.5,0,27.5,0,,,27.5,0,,,18.8,0.463,,
672295,,,,,,,,,,,,,,,,,,,,,
672296,,,,,,,,,,,,,,,,,,,,,
672298,18.2,18.2,0,18.2,0,18.2,0,18.2,0,18.2,0,18.2,0,18.2,0,18.2,0,15,0.213,15,0.213
672300,15.6,15.6,0,,,,,,,15.6,0,15.6,0,15.6,0,15.6,0,15.5,0.00645,14.2,0.0986
672301,15,15,0,15,0,15,0,15,0,15,0,15,0,15,0,15,0,14,0.0714,12.9,0.163
672303,,,,,,,,,,,,,,,,,,,,,
672304,7.9,7.9,0,7.9,0,7,0.129,7,0.129,7.9,0,9,-0.122,,,,,9,-0.122,9,-0.122
672307,4,4,0,4,0,4,0,4,0,4,0,,,4,0,3.5,0.143,3.5,0.143,3.5,0.143
672313,18.8,18.8,0,18.8,0,18.8,0,,,,,18.8,0,18.8,0,18.8,0,18.8,0,18.8,0
672314,,,,,,,,,,,,,,,,,,,,,
672315,,,,,,,,,,,,,,,,,,,,,
672316,,,,,,,,,,,,,,,,,,,,,
672318,,,,,,,,,,,,,,,,,,,,,
672319,,,,,,,,,,,,,,,,,,,,,
672320,15,15,0,15,0,15,0,15,0,,,,,,,,,12.5,0.2,,
672321,,,,,,,,,,,,,,,,,,,,,
672322,,,,,,,,,,,,,,,,,,,,,
672340,,,,,,,,,,,,,,,,,,,,,
672341,13.5,13.5,0,13.5,0,13.5,0,13.5,0,13.5,0,13.5,0,13.5,0,13,0.0385,,,,
672342,,,,,,,,,,,,,,,,,,,,,
672343,,,,,,,,,,,,,,,,,,,,,
672344,27,27,0,27,0,27,0,27,0,27,0,27,0,27,0,26,0.0385,26,0.0385,,
672345,,,,,,,,,,,,,,,,,,,,,
672346,47,47,0,47,0,47,0,47,0,47,0,47,0,,,43,0.093,43,0.093,,
672363,67.5,67.5,0,67.5,0,67.5,0,67.5,0,67.5,0,67.5,0,67.5,0,64,0.0547,64,0.0547,59.5,0.134
672364,,,,,,,,,,,,,,,,,,,,,
672373,,,,,,,,,,,,,,,,,,,,,
672380,,,,,,,,,,,,,,,,,,,,,
672381,21.3,21.3,0,21.3,0,21.3,0,21.3,0,21.3,0,21.3,0,,,25,-0.148,,,16,0.331
672382,,,,,,,,,,,,,,,,,,,,,
672383,25.6,25.6,0,25.6,0,25.6,0,25.6,0,25.6,0,25.6,0,25.6,0,25.6,0,25.6,0,24,0.0667
672398,,,,,,,,,,,,,,,,,,,,,
672412,,,,,,,,,,,,,,,,,,,,,
672415,,,,,,,,,,,,,,,,,,,,,
672416,,,,,,,,,,,,,,,,,,,,,
672419,3.8,3.8,0,3.8,0,3.8,0,3.8,0,3.8,0,3.8,0,3.8,0,3.8,0,3.8,0,3.8,0
672422,,,,,,,,,,,,,,,,,,,,,
672426,6.9,6.9,0,6.9,0,6.9,0,6.9,0,,,6.9,0,6.9,0,6.9,0,6.2,0.113,6.2,0.113
672427,6.9,6.9,0,6.9,0,6.9,0,6.9,0,,,6.9,0,6.9,0,6.9,0,6.2,0.113,6.2,0.113
672428,6.9,6.9,0,6.9,0,6.9,0,6.9,0,,,6.9,0,6.9,0,6.9,0,6.2,0.113,6.2,0.113
672429,20.6,20.6,0,20.6,0,20.6,0,20.6,0,,,20.6,0,20.6,0,17.5,0.177,16.9,0.219,15.5,0.329
672434,16.5,16.5,0,16.5,0,16.5,0,16.5,0,16.5,0,16.5,0,16.5,0,13.4,0.231,11.9,0.387,10.7,0.542
672435,16.5,16.5,0,16.5,0,16.5,0,16.5,0,16.5,0,16.5,0,16.5,0,13.4,0.231,11.9,0.387,10.7,0.542
672439,,,,,,,,,,,,,,,,,,,,,
672440,,,,,,,,,,,,,,,,,,,,,
672442,67.9,67.9,0,67.9,0,67.9,0,67.9,0,67.9,0,67.9,0,67.9,0,63.9,0.0626,61.4,0.106,57,0.191
672445,64.7,64.7,0,,,64.7,0,64.7,0,64.7,0,64.7,0,,,54.5,0.187,,,48.8,0.326
672451,14.5,14.5,0,14.5,0,14.5,0,14,0.0357,14,0.0357,14,0.0357,14,0.0357,14,0.0357,13,0.115,11.9,0.218
672452,13,13,0,13,0,13,0,12.5,0.04,12.5,0.04,12.5,0.04,12.5,0.04,12.5,0.04,13,0,11.9,0.0924
672453,23.4,23.4,0,23.4,0,23.4,0,22.5,0.04,22.5,0.04,22.5,0.04,22.5,0.04,23.8,-0.0168,20,0.17,16.9,0.385
672454,22,22,0,22,0,22,0,21.3,0.0329,21.3,0.0329,21.3,0.0329,21.3,0.0329,21.3,0.0329,18.5,0.189,16.9,0.302
672456,,,,,,,,,,,,,,,,,,,,,
672457,,,,,,,,,,,,,,,,,,,,,
672458,53.8,53.8,0,53.8,0,53.8,0,53.8,0,48.5,0.109,48.5,0.109,48.5,0.109,48.5,0.109,42.5,0.266,42.5,0.266
672459,47.5,47.5,0,47.5,0,47.5,0,47.5,0,41.3,0.15,41.3,0.15,41.3,0.15,41.3,0.15,35.6,0.334,35.6,0.334
672460,47.5,47.5,0,47.5,0,47.5,0,47.5,0,41.3,0.15,41.3,0.15,41.3,0.15,41.3,0.15,35.6,0.334,35.6,0.334
672461,,,,,,,,,,,,,,,,,,,,,
672462,25,25,0,25,0,25,0,25,0,,,21.3,0.174,,,,,18.8,0.33,18.8,0.33
672464,22.5,22.5,0,22.5,0,22.5,0,22.5,0,20,0.125,20,0.125,20,0.125,20,0.125,,,16.3,0.38
672465,23.8,23.8,0,23.8,0,23.8,0,23.8,0,21.3,0.117,21.3,0.117,21.3,0.117,21.3,0.117,17.5,0.36,17.5,0.36
672466,28.8,28.8,0,28.8,0,28.8,0,28.8,0,26.3,0.0951,26.3,0.0951,,,,,21,0.371,,
672467,22.5,22.5,0,22.5,0,22.5,0,22.5,0,20,0.125,20,0.125,20,0.125,20,0.125,15,0.5,15,0.5
672468,21.3,21.3,0,21.3,0,21.3,0,21.3,0,18.8,0.133,18.8,0.133,18.8,0.133,18.8,0.133,13.8,0.543,13.8,0.543
672469,21.3,21.3,0,21.3,0,21.3,0,21.3,0,18.8,0.133,18.8,0.133,18.8,0.133,18.8,0.133,13.8,0.543,13.8,0.543
672470,21.3,21.3,0,21.3,0,21.3,0,21.3,0,18.8,0.133,18.8,0.133,,,18.8,0.133,13.8,0.543,13.8,0.543
672471,21.3,21.3,0,21.3,0,21.3,0,21.3,0,18.8,0.133,18.8,0.133,18.8,0.133,18.8,0.133,13.8,0.543,13.8,0.543
672472,22.5,22.5,0,22.5,0,22.5,0,22.5,0,22.5,0,22.5,0,22.5,0,22.5,0,19.5,0.154,19.5,0.154
672473,48.8,48.8,0,48.8,0,48.8,0,48.8,0,42.5,0.148,42.5,0.148,42.5,0.148,42.5,0.148,35.5,0.375,35.5,0.375
672474,48.8,48.8,0,48.8,0,48.8,0,48.8,0,42.5,0.148,42.5,0.148,42.5,0.148,42.5,0.148,35.5,0.375,35.5,0.375
672475,48.8,48.8,0,48.8,0,48.8,0,48.8,0,42.5,0.148,42.5,0.148,42.5,0.148,42.5,0.148,35.5,0.375,,
672476,22.5,22.5,0,22.5,0,22.5,0,22.5,0,,,20,0.125,,,20,0.125,13.8,0.63,13.8,0.63
672479,43.8,43.8,0,43.8,0,43.8,0,43.8,0,,,,,,,,,,,,
672480,57.5,57.5,0,57.5,0,57.5,0,57.5,0,52.5,0.0952,52.5,0.0952,,,52.5,0.0952,48,0.198,,
672481,56.3,56.3,0,56.3,0,,,,,,,,,,,,,,,,
672482,55,55,0,55,0,55,0,55,0,48.8,0.127,,,,,,,,,,
672483,55,55,0,55,0,55,0,55,0,48.8,0.127,48.8,0.127,48.8,0.127,48.8,0.127,40.6,0.355,40.6,0.355
672484,37.5,37.5,0,37.5,0,37.5,0,37.5,0,35,0.0714,,,35,0.0714,35,0.0714,31,0.21,31,0.21
672504,,,,,,,,,,,,,,,,,,,,,
672505,,,,,,,,,,,,,,,,,,,,,
672511,37.9,36,0.0528,,,36,0.0528,36,0.0528,43.8,-0.135,,,47.5,-0.202,,,,,38,-0.00263
672520,27,27,0,27,0,27,0,27,0,31.9,-0.154,31.9,-0.154,31.9,-0.154,30,-0.1,28.5,-0.0526,28.5,-0.0526
672521,28,28,0,28,0,28,0,28,0,32.9,-0.149,32.9,-0.149,32.9,-0.149,30,-0.0667,29.5,-0.0508,29.5,-0.0508
672522,27,27,0,27,0,27,0,27,0,31.9,-0.154,31.9,-0.154,31.9,-0.154,30,-0.1,28.5,-0.0526,28.5,-0.0526
672523,28,28,0,28,0,28,0,28,0,32.9,-0.149,32.9,-0.149,32.9,-0.149,30,-0.0667,29.5,-0.0508,29.5,-0.0508
672524,26.6,26.6,0,26.6,0,26.6,0,26.6,0,32.9,-0.191,32.9,-0.191,32.9,-0.191,30,-0.113,29.5,-0.0983,29.5,-0.0983
672525,30.5,30.5,0,30.5,0,30.5,0,30.5,0,30.5,0,30.5,0,30.5,0,30,0.0167,27.2,0.121,27.2,0.121
672541,19,19,0,19,0,18.5,0.027,18.5,0.027,,,,,,,,,,,,
672546,,,,,,,,,,,,,,,,,,,,,
672547,,,,,,,,,,,,,,,,,,,,,
672550,,,,,,,,,,,,,,,,,,,,,
672551,19,19,0,19,0,19,0,19,0,,,19,0,19,0,19,0,19,0,19,0
672552,26.9,26.9,0,26.9,0,26.9,0,26.9,0,26.9,0,26.9,0,26.9,0,24.9,0.0803,24.6,0.0935,24.3,0.107
672553,97.5,97.5,0,97.5,0,97.5,0,97.5,0,97.5,0,110,-0.114,88,0.108,88,0.108,88,0.108,88,0.108
672554,61.9,61.9,0,61.9,0,61.9,0,61.9,0,61.9,0,57,0.086,54,0.146,46.2,0.34,54,0.146,54,0.146
672560,31.9,31.9,0,31.9,0,31.9,0,31.9,0,31.9,0,,,31.9,0,30.6,0.0425,29.5,0.0814,29.5,0.0814
672561,,,,,,,,,,,,,,,,,,,,,
672562,50.4,50.4,0,50.4,0,50.4,0,50.4,0,50.4,0,50.4,0,50.4,0,39.9,0.263,45.8,0.1,45,0.12
672563,57.9,57.9,0,57.9,0,57.9,0,57.9,0,57.9,0,57.9,0,57.9,0,53.9,0.0742,53.3,0.0863,52.7,0.0987
672564,47.7,47.7,0,47.7,0,47.7,0,47.7,0,47.7,0,47.7,0,47.7,0,43.8,0.089,43,0.109,42.5,0.122
672565,13.8,13.8,0,13.8,0,13.8,0,13.8,0,12.5,0.104,12.5,0.104,12.5,0.104,12.5,0.104,12.5,0.104,12.5,0.104
672566,13.8,13.8,0,13.8,0,13.8,0,13.8,0,12.5,0.104,12.5,0.104,12.5,0.104,12.5,0.104,12.5,0.104,12.5,0.104
672567,13.8,13.8,0,13.8,0,13.8,0,13.8,0,12.5,0.104,12.5,0.104,12.5,0.104,12.5,0.104,,,,
672568,13.8,13.8,0,13.8,0,13.8,0,13.8,0,12.5,0.104,12.5,0.104,12.5,0.104,12.5,0.104,12.5,0.104,12.5,0.104
672569,13.8,13.8,0,13.8,0,13.8,0,13.8,0,12.5,0.104,12.5,0.104,12.5,0.104,12.5,0.104,12.5,0.104,12.5,0.104
672570,,,,,,,,,,,,,,,,,,,,,
672571,13.8,13.8,0,13.8,0,13.8,0,13.8,0,12.5,0.104,12.5,0.104,12.5,0.104,12.5,0.104,12.5,0.104,12.5,0.104
672579,19.8,19.8,0,19.8,0,19.8,0,19.8,0,19.8,0,19.8,0,19.8,0,19,0.0421,19,0.0421,17.3,0.145
672595,,,,,,,,,,,,,,,,,,,,,
672604,,,,,,,,,,,,,,,,,,,,,
672610,,,,,,,,,,,,,,,,,,,,,
672635,56.3,56.3,0,56.3,0,48,0.173,48,0.173,56.3,0,56.3,0,56.3,0,56.3,0,56.3,0,56.3,0
672660,2.5,2.5,0,2.5,0,2.5,0,2.5,0,2.5,0,2.5,0,2.5,0,2,0.25,2,0.25,2,0.25
672679,,,,,,,,,,,,,,,,,,,,,
672680,94.7,94.7,0,94.7,0,94.7,0,94.7,0,94.7,0,94.7,0,94.7,0,79.2,0.196,76.7,0.235,67.9,0.395
672682,16.1,16.1,0,16.1,0,16.1,0,16.1,0,,,16.1,0,16.1,0,15.3,0.0523,14.8,0.0878,13.9,0.158
672686,,,,,,,,,,,,,,,,,,,,,
672697,,,,,,,,,,,,,,,,,,,,,
672699,25.5,25.5,0,25.5,0,25.5,0,25.5,0,25.5,0,25.5,0,25.5,0,24,0.0625,19,0.342,19,0.342
672700,25.5,25.5,0,,,,,,,,,25.5,0,25.5,0,24,0.0625,19,0.342,19,0.342
672701,25.5,25.5,0,25.5,0,25.5,0,25.5,0,25.5,0,25.5,0,25.5,0,24,0.0625,19,0.342,19,0.342
672702,25.5,25.5,0,25.5,0,25.5,0,25.5,0,25.5,0,25.5,0,25.5,0,24,0.0625,19,0.342,19,0.342
672703,25.5,25.5,0,25.5,0,25.5,0,25.5,0,25.5,0,25.5,0,25.5,0,24,0.0625,19,0.342,19,0.342
672704,25.9,25.9,0,25.9,0,25.9,0,25.9,0,25.9,0,25.9,0,25.9,0,25.3,0.0237,19,0.363,19,0.363
672705,25.9,25.9,0,25.9,0,25.9,0,25.9,0,,,25.9,0,25.9,0,25.3,0.0237,,,19,0.363
672706,25.9,25.9,0,25.9,0,25.9,0,25.9,0,25.9,0,25.9,0,25.9,0,25.3,0.0237,19,0.363,19,0.363
672711,28.2,28.2,0,28.2,0,28.2,0,28.2,0,28.2,0,28.2,0,28.2,0,,,28.2,0,28.2,0
672712,,,,,,,,,,,,,,,,,,,,,
672729,297,297,0,297,0,297,0,297,0,297,0,,,285,0.0435,,,,,,
672731,,,,,,,,,,,,,,,,,,,,,
672732,281,281,0,281,0,281,0,,,,,281,0,281,0,,,281,0,275,0.0218
672733,,,,,,,,,,,,,,,,,,,,,
672734,,,,,,,,,,,,,,,,,,,,,
672735,,,,,,,,,,,,,,,,,,,,,
672736,,,,,,,,,,,,,,,,,,,,,
672753,18.8,18.8,0,18.8,0,18.8,0,18.8,0,18.8,0,18.8,0,18.8,0,18.8,0,18.8,0,18.8,0
672754,18.8,18.8,0,18.8,0,18.8,0,18.8,0,18.8,0,18.8,0,18.8,0,18.8,0,18.8,0,18.8,0
672755,18.8,18.8,0,18.8,0,18.8,0,18.8,0,18.8,0,18.8,0,18.8,0,18.8,0,18.8,0,18.8,0
672756,,,,,,,,,,,,,,,,,,,,,
672757,,,,,,,,,,,,,,,,,,,,,
672760,97.2,97.2,0,97.2,0,97.2,0,97.2,0,91,0.0681,91,0.0681,100,-0.028,,,,,,
672762,,,,,,,,,,,,,,,,,,,,,
672763,88,88,0,88,0,88,0,88,0,86,0.0233,86,0.0233,96,-0.0833,95,-0.0737,78.8,0.117,62.5,0.408
672789,43,43,0,43,0,43,0,43,0,43,0,43,0,43,0,40.6,0.0591,35.9,0.198,35.9,0.198
672790,,,,,,,,,,,,,,,,,,,,,
672791,31.2,31.2,0,31.2,0,31.2,0,31.2,0,31.2,0,31.2,0,31.2,0,31.2,0,28.6,0.0909,28.6,0.0909
672801,,,,,,,,,,,,,,,,,,,,,
672813,58.5,58.5,0,58.5,0,58.5,0,58.5,0,58.5,0,58.5,0,56.8,0.0299,,,56.8,0.0299,,
672826,,,,,,,,,,,,,,,,,,,,,
672827,,,,,,,,,,,,,,,,,,,,,
672828,24.5,24.5,0,24.5,0,24.5,0,24.5,0,24.5,0,,,,,,,,,,
672857,,,,,,,,,,,,,,,,,,,,,
672858,,,,,,,,,,,,,,,,,,,,,
672861,,,,,,,,,,,,,,,,,,,,,
672879,,,,,,,,,,,,,,,,,,,,,
672881,,,,,,,,,,,,,,,,,,,,,
672882,,,,,,,,,,,,,,,,,,,,,
672903,26.8,26.8,0,26.8,0,26.8,0,26.8,0,26.8,0,26.8,0,26.8,0,26.7,0.00375,20.3,0.32,17.8,0.506
672905,,,,,,,,,,,,,,,,,,,,,
672906,,,,,,,,,,,,,,,,,,,,,
672909,28.3,28.3,0,28.3,0,28.3,0,28.3,0,28.3,0,,,,,,,,,,
672917,26.3,26.3,0,26.3,0,26.3,0,26.3,0,22.5,0.169,22.5,0.169,,,22.5,0.169,19.5,0.349,19.5,0.349
672940,28.8,28.8,0,28.8,0,28.8,0,28.8,0,28.8,0,28.8,0,28.8,0,26.8,0.0746,,,23,0.252
672941,30.5,30.5,0,30.5,0,30.5,0,,,30.5,0,30.5,0,30.5,0,30.5,0,26.4,0.155,26.4,0.155
672942,30.5,30.5,0,30.5,0,30.5,0,30.5,0,30.5,0,30.5,0,,,30.5,0,26.4,0.155,26.4,0.155
672943,30.5,30.5,0,30.5,0,30.5,0,30.5,0,30.5,0,30.5,0,30.5,0,30.5,0,27.5,0.109,27.5,0.109
672944,14.6,14.6,0,14.6,0,14.6,0,14.6,0,14.6,0,14.6,0,14.6,0,14.6,0,12.5,0.168,10,0.46
672945,14.6,14.6,0,14.6,0,14.6,0,14.6,0,14.6,0,14.6,0,14.6,0,14.6,0,13,0.123,10,0.46
672946,14.6,14.6,0,14.6,0,14.6,0,14.6,0,,,14.6,0,14.6,0,,,13,0.123,10,0.46
672947,14.6,14.6,0,14.6,0,14.6,0,,,14.6,0,14.6,0,14.6,0,14.6,0,,,,
672948,14.6,14.6,0,14.6,0,14.6,0,14.6,0,14.6,0,14.6,0,14.6,0,14.6,0,13,0.123,10,0.46
672949,14.6,14.6,0,14.6,0,14.6,0,14.6,0,14.6,0,14.6,0,14.6,0,14.6,0,13,0.123,10,0.46
672950,14.6,14.6,0,14.6,0,14.6,0,14.6,0,14.6,0,14.6,0,14.6,0,14.6,0,13,0.123,10,0.46
672951,14.6,14.6,0,14.6,0,14.6,0,14.6,0,14.6,0,14.6,0,14.6,0,,,13,0.123,10,0.46
672952,14.6,14.6,0,14.6,0,14.6,0,14.6,0,14.6,0,14.6,0,14.6,0,14.6,0,13,0.123,,
672953,14.6,14.6,0,14.6,0,14.6,0,14.6,0,14.6,0,14.6,0,,,14.6,0,13,0.123,10,0.46
672954,14.6,14.6,0,14.6,0,14.6,0,14.6,0,14.6,0,14.6,0,14.6,0,14.6,0,13,0.123,10,0.46
672955,14.6,14.6,0,14.6,0,14.6,0,14.6,0,14.6,0,14.6,0,14.6,0,,,13,0.123,10,0.46
672956,4,4,0,4,0,4,0,4,0,4,0,4,0,,,,,4,0,4,0
672959,,,,,,,,,,,,,,,,,,,,,
672960,,,,,,,,,,,,,,,,,,,,,
672963,,,,,,,,,,,,,,,,,,,,,
672965,,,,,,,,,,,,,,,,,,,,,
672975,,,,,,,,,,,,,,,,,,,,,
672977,,,,,,,,,,,,,,,,,,,,,
672983,,,,,,,,,,,,,,,,,,,,,
672988,15.2,15.2,0,15.2,0,15.2,0,15.2,0,15.2,0,15.2,0,15.2,0,,,15.2,0,15.2,0
672989,28.2,,,,,,,28.2,0,28.2,0,28.2,0,28.2,0,,,28.2,0,28.2,0
672990,,,,,,,,,,,,,,,,,,,,,
672993,,,,,,,,,,,,,,,,,,,,,
672998,,,,,,,,,,,,,,,,,,,,,
673001,,,,,,,,,,,,,,,,,,,,,
673004,,,,,,,,,,,,,,,,,,,,,
673005,36,36,0,36,0,36,0,36,0,36,0,36,0,36.3,-0.00826,,,,,,
673018,19.4,19.4,0,19.4,0,19.4,0,,,19.4,0,19.4,0,19.4,0,19.4,0,,,16.3,0.19
673022,42.5,42.5,0,42.5,0,42.5,0,42.5,0,37.5,0.133,37.5,0.133,,,,,32.5,0.308,32.5,0.308
673025,60,60,0,60,0,60,0,60,0,,,60,0,57.5,0.0435,57.5,0.0435,57.5,0.0435,56,0.0714
673026,41,41,0,41,0,41,0,41,0,41,0,41,0,37.5,0.0933,37.5,0.0933,37.5,0.0933,36,0.139
673027,18.8,18.8,0,18.8,0,18.8,0,18.8,0,18.8,0,18.8,0,18.8,0,18.8,0,18.8,0,18.8,0
673037,,,,,,,,,,,,,,,,,,,,,
673040,,,,,,,,,,,,,,,,,,,,,
673042,85,85,0,85,0,85,0,85,0,85,0,87.9,-0.033,,,104,-0.183,83,0.0241,,
673043,58.6,58.6,0,58.6,0,58.6,0,58.6,0,58.6,0,,,,,,,,,,
673044,,,,,,,,,,,,,,,,,,,,,
673051,29,29,0,29,0,29,0,29,0,29,0,29,0,29,0,36.6,-0.208,30.5,-0.0492,20,0.45
673052,34.5,34.5,0,34.5,0,34.5,0,34.5,0,34.5,0,34.5,0,34.5,0,44.9,-0.232,37,-0.0676,24.5,0.408
673053,,,,,,,,,,,,,,,,,,,,,
673060,,,,,,,,,,,,,,,,,,,,,
673061,,,,,,,,,,,,,,,,,,,,,
673062,,,,,,,,,,,,,,,,,,,,,
673063,,,,,,,,,,,,,,,,,,,,,
673064,,,,,,,,,,,,,,,,,,,,,
673066,,,,,,,,,,,,,,,,,,,,,
673072,,,,,,,,,,,,,,,,,,,,,
673074,,,,,,,,,,,,,,,,,,,,,
673075,,,,,,,,,,,,,,,,,,,,,
673080,21,21,0,21,0,21,0,21,0,21,0,21,0,21,0,21.5,-0.0233,16.9,0.243,16.9,0.243
673096,,,,,,,,,,,,,,,,,,,,,
673097,,,,,,,,,,,,,,,,,,,,,
673109,,,,,,,,,,,,,,,,,,,,,
673111,31,31,0,31,0,31,0,31,0,,,,,,,,,,,15.5,1
673112,,,,,,,,,,,,,,,,,,,,,
673113,,,,,,,,,,,,,,,,,,,,,
673114,,,,,,,,,,,,,,,,,,,,,
673118,,,,,,,,,,,,,,,,,,,,,
673149,,,,,,,,,,,,,,,,,,,,,
673150,,,,,,,,,,,,,,,,,,,,,
673163,,,,,,,,,,,,,,,,,,,,,
673164,,,,,,,,,,,,,,,,,,,,,
673165,12.3,12.3,0,12.3,0,12.3,0,12.3,0,12.3,0,,,,,12.3,0,10.3,0.194,9.4,0.309
673168,27.5,27.5,0,27.5,0,27.5,0,27.5,0,27.5,0,27.5,0,,,,,,,12.5,1.2
673172,,,,,,,,,,,,,,,,,,,,,
673175,188,188,0,188,0,188,0,,,188,0,188,0,188,0,175,0.0714,,,,
673176,188,188,0,188,0,188,0,188,0,188,0,188,0,188,0,175,0.0714,,,,
673177,175,175,0,175,0,175,0,,,,,175,0,175,0,175,0,175,0,,
673183,6.9,6.9,0,6.9,0,7,-0.0143,7,-0.0143,6.9,0,6.9,0,6.9,0,5.7,0.211,7.5,-0.08,7.5,-0.08
673184,,,,,,,,,,,,,,,,,,,,,
673186,55.5,55.5,0,55.5,0,55.5,0,55.5,0,55.5,0,55.5,0,,,,,49.8,0.114,,
673208,11.3,11.3,0,11.3,0,11.3,0,11.3,0,11.3,0,11.3,0,11.3,0,11.3,0,11.3,0,11.3,0
673209,9,9,0,9,0,9,0,9,0,9,0,9,0,,,9,0,8.7,0.0345,8.7,0.0345
673210,,,,,,,,,,,,,,,,,,,,,
673211,,,,,,,,,,,,,,,,,,,,,
673212,,,,,,,,,,,,,,,,,,,,,
673213,,,,,,,,,,,,,,,,,,,,,
673214,,,,,,,,,,,,,,,,,,,,,
673218,,,,,,,,,,,,,,,,,,,,,
673222,,,,,,,,,,,,,,,,,,,,,
673224,15.5,15.5,0,15.5,0,16.9,-0.0828,16.9,-0.0828,23.6,-0.343,18,-0.139,19,-0.184,20.6,-0.248,20.5,-0.244,18.8,-0.176
673235,,,,,,,,,,,,,,,,,,,,,
673237,93.8,93.8,0,93.8,0,93.8,0,93.8,0,85,0.104,85,0.104,85,0.104,85,0.104,77.5,0.21,77.5,0.21
673238,81.3,81.3,0,81.3,0,81.3,0,81.3,0,72.5,0.121,,,,,72.5,0.121,66,0.232,66,0.232
673241,13,13,0,13,0,16,-0.188,16,-0.188,16,-0.188,16,-0.188,12.5,0.04,16,-0.188,15,-0.133,,
673249,97,97,0,97,0,97,0,97,0,97,0,97,0,97,0,87,0.115,,,,
673251,88,88,0,88,0,88,0,88,0,88,0,88,0,88,0,78,0.128,,,,
673253,88,88,0,88,0,88,0,88,0,88,0,88,0,88,0,78,0.128,,,,
673255,91,91,0,91,0,91,0,91,0,91,0,91,0,91,0,81,0.123,,,,
673256,86,86,0,86,0,86,0,86,0,86,0,86,0,86,0,76,0.132,,,,
673257,97,97,0,97,0,97,0,97,0,97,0,97,0,97,0,87,0.115,,,,
673258,88,88,0,88,0,88,0,88,0,88,0,88,0,88,0,78,0.128,,,,
673259,91,91,0,91,0,91,0,91,0,91,0,91,0,91,0,81,0.123,,,,
673260,88,88,0,88,0,88,0,88,0,88,0,88,0,88,0,78,0.128,,,,
673262,85,85,0,85,0,85,0,85,0,85,0,85,0,85,0,75,0.133,,,,
673264,92,92,0,92,0,92,0,92,0,92,0,92,0,92,0,82,0.122,,,,
673265,92,92,0,92,0,92,0,92,0,92,0,92,0,92,0,82,0.122,,,,
673267,97,97,0,97,0,97,0,97,0,97,0,97,0,97,0,87,0.115,,,,
673269,97,97,0,97,0,97,0,97,0,97,0,97,0,97,0,87,0.115,,,,
673270,88,88,0,88,0,88,0,88,0,88,0,88,0,88,0,78,0.128,,,,
673271,94,94,0,94,0,94,0,94,0,94,0,94,0,94,0,84,0.119,,,,
673272,92,92,0,92,0,92,0,92,0,92,0,92,0,92,0,82,0.122,,,,
673273,97,97,0,97,0,97,0,97,0,97,0,97,0,97,0,87,0.115,,,,
673274,114,114,0,114,0,114,0,114,0,114,0,114,0,114,0,104,0.0966,,,,
673276,97,97,0,97,0,97,0,97,0,97,0,97,0,97,0,87,0.115,,,,
673277,86,86,0,86,0,86,0,86,0,86,0,86,0,86,0,76,0.132,,,,
673278,95,95,0,95,0,95,0,95,0,95,0,95,0,95,0,85,0.118,,,,
673280,,,,,,,,,,,,,,,,,,,,,
673281,43.8,43.8,0,43.8,0,43.8,0,43.8,0,43.8,0,43.8,0,43.8,0,43.8,0,43.8,0,43.8,0
673289,,,,,,,,,,,,,,,,,,,,,
673290,9.9,9.9,0,9.9,0,9.9,0,9.9,0,9.9,0,9.9,0,9.9,0,8.7,0.138,9.2,0.0761,8,0.238
673291,,,,,,,,,,,,,,,,,,,,,
673298,,,,,,,,,,,,,,,,,,,,,
673329,37.5,37.5,0,37.5,0,37.5,0,51.5,-0.272,51.5,-0.272,51.5,-0.272,51.5,-0.272,55,-0.318,39.5,-0.0506,31.5,0.19
673330,37.5,37.5,0,37.5,0,37.5,0,51.5,-0.272,51.5,-0.272,51.5,-0.272,51.5,-0.272,55,-0.318,39.5,-0.0506,31.5,0.19
673331,39,39,0,39,0,39,0,54.5,-0.284,54.5,-0.284,54.5,-0.284,54.5,-0.284,58.8,-0.337,,,34.5,0.13
673333,,,,,,,,,,,,,,,,,,,,,
673334,46.5,46.5,0,46.5,0,46.5,0,62.5,-0.256,62.5,-0.256,62.5,-0.256,62.5,-0.256,68.8,-0.324,49.5,-0.0606,37.5,0.24
673335,39,39,0,39,0,39,0,54.5,-0.284,54.5,-0.284,54.5,-0.284,54.5,-0.284,58.8,-0.337,42.5,-0.0824,,
673336,39,39,0,39,0,39,0,54.5,-0.284,54.5,-0.284,54.5,-0.284,54.5,-0.284,58.8,-0.337,42.5,-0.0824,34.5,0.13
673337,39,39,0,39,0,39,0,54.5,-0.284,54.5,-0.284,54.5,-0.284,54.5,-0.284,58.8,-0.337,42.5,-0.0824,34.5,0.13
673338,39,39,0,39,0,39,0,54.5,-0.284,54.5,-0.284,54.5,-0.284,54.5,-0.284,58.8,-0.337,42.5,-0.0824,34.5,0.13
673346,19.4,19.4,0,,,,,19.4,0,19.4,0,,,,,,,,,,
673347,,,,,,,,,,,,,,,,,,,,,
673352,,,,,,,,,,,,,,,,,,,,,
673353,,,,,,,,,,,,,,,,,,,,,
673361,11.9,11.9,0,11.9,0,11.9,0,11.9,0,11.9,0,11.9,0,11.9,0,11.9,0,11.3,0.0531,11.3,0.0531
673362,11.9,11.9,0,11.9,0,11.9,0,11.9,0,11.9,0,11.9,0,11.9,0,11.9,0,11.3,0.0531,11.3,0.0531
673363,12.8,12.8,0,12.8,0,12.8,0,12.8,0,12.8,0,12.8,0,12.8,0,12.8,0,10.6,0.208,10.6,0.208
673364,11.9,11.9,0,11.9,0,11.9,0,11.9,0,11.9,0,11.9,0,11.9,0,11.9,0,11.3,0.0531,11.3,0.0531
673365,11.9,11.9,0,11.9,0,11.9,0,11.9,0,11.9,0,11.9,0,11.9,0,11.9,0,11.3,0.0531,11.3,0.0531
673368,11.9,11.9,0,11.9,0,11.9,0,11.9,0,11.9,0,11.9,0,11.9,0,11.9,0,11.3,0.0531,11.3,0.0531
673370,11.9,11.9,0,11.9,0,11.9,0,11.9,0,11.9,0,11.9,0,11.9,0,11.9,0,11.3,0.0531,11.3,0.0531
673371,7.5,7.5,0,7.5,0,7.5,0,7.5,0,7.5,0,7.5,0,7.5,0,7.5,0,6.3,0.19,6.3,0.19
673372,7.5,7.5,0,7.5,0,7.5,0,7.5,0,7.5,0,7.5,0,7.5,0,7.5,0,6.3,0.19,6.3,0.19
673373,7.5,7.5,0,7.5,0,7.5,0,7.5,0,7.5,0,7.5,0,,,7.5,0,6.3,0.19,6.3,0.19
673374,7.5,7.5,0,7.5,0,7.5,0,7.5,0,7.5,0,7.5,0,7.5,0,7.5,0,6.3,0.19,6.3,0.19
673378,1.5,1.5,0,1.5,0,1.5,0,1.5,0,1.3,0.154,1.5,0,1.5,0,1.5,0,,,,
673381,,,,,,,,,,,,,,,,,,,,,
673385,,,,,,,,,,,,,,,,,,,,,
673387,87.5,87.5,0,87.5,0,87.5,0,87.5,0,87.5,0,87.5,0,87.5,0,73.2,0.195,62.5,0.4,62.5,0.4
673388,45,45,0,45,0,45,0,45,0,45,0,45,0,45,0,39,0.154,33.8,0.331,33.8,0.331
673389,28.8,28.8,0,28.8,0,28.8,0,28.8,0,28.8,0,28.8,0,28.8,0,26.8,0.0746,23,0.252,23,0.252
673390,15,15,0,,,15,0,15,0,,,15,0,15,0,,,,,14.5,0.0345
673392,,,,,,,,,,,,,,,,,,,,,
673405,13,13,0,13,0,13,0,13,0,13,0,13,0,13,0,13,0,9.9,0.313,9.9,0.313
673406,7.4,7.4,0,7.4,0,7.4,0,7.4,0,7.4,0,7.4,0,7.4,0,7.4,0,5.3,0.396,5.3,0.396
673407,13,13,0,13,0,13,0,13,0,13,0,13,0,13,0,13,0,9.9,0.313,,
673408,7.4,7.4,0,7.4,0,7.4,0,7.4,0,7.4,0,7.4,0,7.4,0,7.4,0,5.3,0.396,5.3,0.396
673409,25.4,25.4,0,25.4,0,25.4,0,25.4,0,25.4,0,25.4,0,25.4,0,25.4,0,21.8,0.165,21.8,0.165
673410,13.4,13.4,0,13.4,0,13.4,0,13.4,0,13.4,0,13.4,0,13.4,0,13.4,0,9.9,0.354,9.9,0.354
673416,,,,,,,,,,,,,,,,,,,,,
673417,,,,,,,,,,,,,,,,,,,,,
673419,,,,,,,,,,,,,,,,,,,,,
673420,33.8,33.8,0,33.8,0,33.8,0,33.8,0,33.8,0,33.8,0,33.8,0,32.5,0.04,28.6,0.182,28.6,0.182
673421,18,18,0,18,0,18,0,18,0,18,0,18,0,18,0,17,0.0588,15,0.2,,
673422,33.5,33.5,0,33.5,0,33.5,0,33.5,0,33.5,0,33.5,0,33.5,0,28,0.196,26.9,0.245,26,0.288
673424,,,,,,,,,,,,,,,,,,,,,
673428,33.5,33.5,0,33.5,0,33.5,0,33.5,0,33.5,0,33.5,0,33.5,0,33.5,0,30,0.117,30,0.117
673432,,,,,,,,,,,,,,,,,,,,,
673433,11.8,11.8,0,11.8,0,11.8,0,11.8,0,,,,,10,0.18,10,0.18,10,0.18,,
673436,,,,,,,,,,,,,,,,,,,,,
673446,,,,,,,,,,,,,,,,,,,,,
673447,,,,,,,,,,,,,,,,,,,,,
673448,,,,,,,,,,,,,,,,,,,,,
673450,,,,,,,,,,,,,,,,,,,,,
673451,,,,,,,,,,,,,,,,,,,,,
673452,30.9,30.9,0,30.9,0,30.9,0,30.9,0,,,30.9,0,30.9,0,30.9,0,30.9,0,30,0.03
673453,30.9,30.9,0,30.9,0,30.9,0,30.9,0,30.9,0,30.9,0,30.9,0,30.9,0,30.9,0,30,0.03
673454,59,59,0,59,0,59,0,59,0,59,0,59,0,59,0,59,0,59,0,59,0
673455,18.8,18.8,0,18.8,0,18.8,0,18.8,0,18.8,0,18.8,0,,,18.8,0,18.8,0,18.8,0
673456,,,,,,,,,,,,,,,,,,,,,
673462,66.9,66.9,0,66.9,0,66.9,0,66.9,0,66.9,0,,,,,,,,,,
673464,55.7,55.7,0,55.7,0,55.7,0,55.7,0,,,,,,,,,,,,
673476,,,,,,,,,,,,,,,,,,,,,
673480,,,,,,,,,,,,,,,,,,,,,
673481,49,49,0,49,0,49,0,49,0,,,,,,,,,,,,
673482,,,,,,,,,,,,,,,,,,,,,
673487,46.5,46.5,0,46.5,0,46.5,0,,,,,,,,,,,,,,
673494,19,19,0,19,0,21.5,-0.116,21.5,-0.116,21.5,-0.116,21.5,-0.116,21.5,-0.116,21.5,-0.116,19.1,-0.00524,19.1,-0.00524
673495,19,19,0,19,0,21.5,-0.116,21.5,-0.116,21.5,-0.116,21.5,-0.116,21.5,-0.116,21.5,-0.116,19.1,-0.00524,19.1,-0.00524
673496,,,,,,,,,,,,,,,,,,,,,
673497,,,,,,,,,,,,,,,,,,,,,
673498,,,,,,,,,,,,,,,,,,,,,
673499,,,,,,,,,,,,,,,,,,,,,
673500,,,,,,,,,,,,,,,,,,,,,
673501,,,,,,,,,,,,,,,,,,,,,
673502,,,,,,,,,,,,,,,,,,,,,
673503,,,,,,,,,,,,,,,,,,,,,
673504,,,,,,,,,,,,,,,,,,,,,
673505,,,,,,,,,,,,,,,,,,,,,
673506,,,,,,,,,,,,,,,,,,,,,
673507,,,,,,,,,,,,,,,,,,,,,
673508,,,,,,,,,,,,,,,,,,,,,
673509,,,,,,,,,,,,,,,,,,,,,
673510,,,,,,,,,,,,,,,,,,,,,
673513,,,,,,,,,,,,,,,,,,,,,
673518,,,,,,,,,,,,,,,,,,,,,
673525,1.5,1.5,0,1.5,0,1.5,0,1.5,0,1.5,0,1.5,0,1.5,0,1.5,0,1,0.5,1,0.5
673526,1.5,1.5,0,1.5,0,1.5,0,1.5,0,1.5,0,1.5,0,1.5,0,1.5,0,1,0.5,1,0.5
673527,,,,,,,,,,,,,,,,,,,,,
673528,1.5,1.5,0,1.5,0,1.5,0,1.5,0,1.5,0,1.5,0,1.5,0,1.5,0,1,0.5,1,0.5
673532,9.5,9.5,0,9.5,0,9.5,0,9.5,0,9.5,0,9.5,0,10.8,-0.12,10.8,-0.12,10.8,-0.12,10.8,-0.12
673534,,,,,,,,,,,,,,,,,,,,,
673535,,,,,,,,,,,,,,,,,,,,,
673538,,,,,,,,,,,,,,,,,,,,,
673539,,,,,,,,,,,,,,,,,,,,,
673541,,,,,,,,,,,,,,,,,,,,,
673543,,,,,,,,,,,,,,,,,,,,,
673544,,,,,,,,,,,,,,,,,,,,,
673545,,,,,,,,,,,,,,,,,,,,,
673546,,,,,,,,,,,,,,,,,,,,,
673547,,,,,,,,,,,,,,,,,,,,,
673555,11.3,11.3,0,11.3,0,11.3,0,11.3,0,11.3,0,11.3,0,11.3,0,10,0.13,10,0.13,10,0.13
673556,,,,,,,,,,,,,,,,,,,,,
673557,16.3,16.3,0,16.3,0,16.3,0,16.3,0,16.3,0,16.3,0,16.3,0,15,0.0867,11.9,0.37,9.8,0.663
673572,,,,,,,,,,,,,,,,,,,,,
673576,,,,,,,,,,,,,,,,,,,,,
673577,,,,,,,,,,,,,,,,,,,,,
673603,,,,,,,,,,,,,,,,,,,,,
673604,11.5,11.5,0,11.5,0,11.5,0,11.5,0,11.5,0,11.5,0,11.5,0,11.5,0,10.8,0.0648,10.8,0.0648
673605,11.5,11.5,0,11.5,0,11.5,0,11.5,0,11.5,0,11.5,0,11.5,0,11.5,0,10.8,0.0648,10.8,0.0648
673607,120,120,0,120,0,120,0,120,0,120,0,120,0,120,0,120,0.00251,96.4,0.245,87,0.379
673608,104,104,0,104,0,104,0,104,0,104,0,104,0,104,0,104,0.00481,88.6,0.179,75,0.393
673610,26,26,0,26,0,26,0,26,0,22.5,0.156,22.5,0.156,22.5,0.156,22.5,0.156,19.5,0.333,19.5,0.333
673617,,,,,,,,,,,,,,,,,,,,,
673620,18.8,18.8,0,18.8,0,18.8,0,18.8,0,17.5,0.0743,17.5,0.0743,17.5,0.0743,17.5,0.0743,17.5,0.0743,17.5,0.0743
673621,18.8,18.8,0,18.8,0,18.8,0,18.8,0,17.5,0.0743,17.5,0.0743,,,17.5,0.0743,17.5,0.0743,17.5,0.0743
673622,18.8,18.8,0,18.8,0,18.8,0,18.8,0,17.5,0.0743,17.5,0.0743,17.5,0.0743,17.5,0.0743,17.5,0.0743,17.5,0.0743
673623,18.8,18.8,0,18.8,0,18.8,0,18.8,0,17.5,0.0743,17.5,0.0743,17.5,0.0743,17.5,0.0743,17.5,0.0743,17.5,0.0743
673624,18.8,18.8,0,18.8,0,18.8,0,18.8,0,17.5,0.0743,17.5,0.0743,17.5,0.0743,17.5,0.0743,17.5,0.0743,17.5,0.0743
673625,18.8,18.8,0,18.8,0,18.8,0,18.8,0,17.5,0.0743,17.5,0.0743,17.5,0.0743,17.5,0.0743,17.5,0.0743,17.5,0.0743
673631,102,102,0,102,0,102,0,102,0,102,0,119,-0.146,119,-0.146,119,-0.146,81,0.253,81,0.253
673634,57.5,57.5,0,57.5,0,57.5,0,57.5,0,57.5,0,68.8,-0.164,68.8,-0.164,68.8,-0.164,49.9,0.152,56,0.0268
673638,95,95,0,95,0,95,0,95,0,95,0,125,-0.24,125,-0.24,125,-0.24,81,0.173,81,0.173
673640,108,108,0,108,0,108,0,108,0,108,0,141,-0.238,141,-0.238,141,-0.238,87.5,0.229,87.5,0.229
673641,326,326,0,326,0,326,0,326,0,326,0,360,-0.0944,360,-0.0944,360,-0.0944,300,0.0867,259,0.259
673642,212,212,0,212,0,212,0,212,0,212,0,262,-0.19,262,-0.19,262,-0.19,174,0.223,174,0.223
673643,138,138,0,138,0,138,0,138,0,138,0,150,-0.0833,150,-0.0833,150,-0.0833,129,0.0659,129,0.0659
673644,24.8,24.8,0,24.8,0,24.8,0,24.8,0,24.8,0,24.8,0,24.8,0,24.8,0,,,,
673645,31,31,0,31,0,31,0,31,0,31,0,31,0,31,0,31,0,,,,
673646,25.5,25.5,0,25.5,0,25.5,0,25.5,0,25.5,0,25.5,0,25.5,0,25.5,0,,,,
673649,31.9,31.9,0,,,31.9,0,31.9,0,,,,,31.9,0,30,0.0633,,,24.4,0.307
673650,14.5,14.5,0,,,14.5,0,14.5,0,,,14.5,0,,,,,13,0.115,,
673654,78.8,78.8,0,78.8,0,78.8,0,72.5,0.0869,72.5,0.0869,72.5,0.0869,78,0.0103,,,,,57.9,0.361
673656,13.5,13.5,0,13.5,0,13.5,0,13.5,0,,,13,0.0385,13,0.0385,,,,,,
673657,13.5,13.5,0,13.5,0,13.5,0,13.5,0,,,13,0.0385,13,0.0385,,,,,,
673658,16,16,0,16,0,16,0,16,0,,,16,0,16,0,,,,,,
673659,11,11,0,11,0,11,0,11,0,,,10.5,0.0476,,,,,,,,
673660,11,11,0,11,0,11,0,11,0,,,10.5,0.0476,10.5,0.0476,,,,,,
673661,11,11,0,11,0,11,0,11,0,,,10.5,0.0476,10.5,0.0476,,,,,,
673663,11,11,0,11,0,11,0,11,0,,,10.5,0.0476,10.5,0.0476,,,,,,
673664,11.5,11.5,0,11.5,0,11.5,0,11.5,0,,,11,0.0455,11,0.0455,,,,,,
673665,10.5,10.5,0,10.5,0,10.5,0,10.5,0,,,10,0.05,10,0.05,,,,,,
673669,22.5,22.5,0,22.5,0,22.5,0,22.5,0,,,20,0.125,20,0.125,,,,,,
673670,15.6,15.6,0,15.6,0,15.6,0,15.6,0,13.8,0.13,13.8,0.13,13.8,0.13,,,,,,
673671,17.5,17.5,0,17.5,0,17.5,0,17.5,0,16,0.0938,16,0.0938,16,0.0938,,,,,,
673672,21,21,0,21,0,21,0,21,0,21,0,21,0,21,0,,,,,,
673673,16,16,0,16,0,16,0,16,0,15,0.0667,15,0.0667,15,0.0667,,,,,,
673674,16,16,0,16,0,16,0,16,0,,,15,0.0667,15,0.0667,,,,,,
673675,20.6,20.6,0,20.6,0,20.6,0,20.6,0,,,,,20,0.03,,,,,,
673676,20.6,20.6,0,20.6,0,20.6,0,20.6,0,,,20,0.03,20,0.03,,,,,,
673677,20.6,20.6,0,20.6,0,20.6,0,20.6,0,,,20,0.03,20,0.03,,,,,,
673680,5.4,5.4,0,5.4,0,5.4,0,5.4,0,5.4,0,5.4,0,5.4,0,5,0.08,,,,
673681,,,,,,,,,,,,,,,,,,,,,
673709,,,,,,,,,,,,,,,,,,,,,
673710,,,,,,,,,,,,,,,,,,,,,
673711,,,,,,,,,,,,,,,,,,,,,
673714,83,83,0,83,0,83,0,83,0,83,0,83,0,83,0,80,0.0375,70.9,0.171,70.9,0.171
673715,57,57,0,57,0,57,0,57,0,57,0,57,0,55.2,0.0326,51.3,0.111,50,0.14,46.5,0.226
673717,,,,,,,,,,,,,,,,,,,,,
673718,,,,,,,,,,,,,,,,,,,,,
673719,,,,,,,,,,,,,,,,,,,,,
673722,,,,,,,,,,,,,,,,,,,,,
673723,,,,,,,,,,,,,,,,,,,,,
673730,,,,,,,,,,,,,,,,,,,,,
673731,,,,,,,,,,,,,,,,,,,,,
673732,,,,,,,,,,,,,,,,,,,,,
673733,30.3,30.3,0,30.3,0,30.3,0,30.3,0,30.3,0,30.3,0,29.4,0.0306,27.5,0.102,26.3,0.152,25,0.212
673746,,,,,,,,,,,,,,,,,,,,,
673747,,,,,,,,,,,,,,,,,,,,,
673750,,,,,,,,,,,,,,,,,,,,,
673752,,,,,,,,,,,,,,,,,,,,,
673753,22.5,22.5,0,22.5,0,22.5,0,,,,,22.5,0,22.5,0,,,,,,
673762,30,30,0,30,0,30,0,30,0,,,30,0,30,0,28.8,0.0417,22.5,0.333,22.5,0.333
673763,,,,,,,,,,,,,,,,,,,,,
673766,,,,,,,,,,,,,,,,,,,,,
673767,,,,,,,,,,,,,,,,,,,,,
673770,,,,,,,,,,,,,,,,,,,,,
673772,,,,,,,,,,,,,,,,,,,,,
673774,,,,,,,,,,,,,,,,,,,,,
673775,,,,,,,,,,,,,,,,,,,,,
673777,,,,,,,,,,,,,,,,,,,,,
673778,,,,,,,,,,,,,,,,,,,,,
673779,,,,,,,,,,,,,,,,,,,,,
673783,,,,,,,,,,,,,,,,,,,,,
673784,,,,,,,,,,,,,,,,,,,,,
673786,,,,,,,,,,,,,,,,,,,,,
673787,,,,,,,,,,,,,,,,,,,,,
673788,,,,,,,,,,,,,,,,,,,,,
673789,,,,,,,,,,,,,,,,,,,,,
673795,,,,,,,,,,,,,,,,,,,,,
673796,,,,,,,,,,,,,,,,,,,,,
673799,,,,,,,,,,,,,,,,,,,,,
673810,,,,,,,,,,,,,,,,,,,,,
673811,,,,,,,,,,,,,,,,,,,,,
673812,,,,,,,,,,,,,,,,,,,,,
673813,,,,,,,,,,,,,,,,,,,,,
673814,,,,,,,,,,,,,,,,,,,,,
673815,,,,,,,,,,,,,,,,,,,,,
673816,,,,,,,,,,,,,,,,,,,,,
673817,,,,,,,,,,,,,,,,,,,,,
673818,,,,,,,,,,,,,,,,,,,,,
673821,,,,,,,,,,,,,,,,,,,,,
673822,,,,,,,,,,,,,,,,,,,,,
673826,,,,,,,,,,,,,,,,,,,,,
673827,,,,,,,,,,,,,,,,,,,,,
673834,57.5,57.5,0,57.5,0,57.5,0,57.5,0,57.5,0,57.5,0,48.9,0.176,57.5,0,,,,
673836,52.5,52.5,0,52.5,0,52.5,0,52.5,0,52.5,0,52.5,0,44.6,0.177,52.5,0,,,,
673837,50,50,0,50,0,,,,,50,0,50,0,42.5,0.176,50,0,,,,
673838,60,60,0,60,0,60,0,60,0,60,0,60,0,51,0.176,60,0,,,,
673840,65,65,0,65,0,65,0,65,0,65,0,65,0,55,0.182,65,0,,,,
673841,77.5,77.5,0,77.5,0,77.5,0,77.5,0,77.5,0,77.5,0,65.9,0.176,77.5,0,,,,
673842,101,101,0,101,0,101,0,101,0,101,0,101,0,85.6,0.175,101,0,,,,
673843,16.3,16.3,0,16.3,0,16.3,0,16.3,0,16.3,0,16.3,0,,,16.3,0,,,,
673846,65,65,0,65,0,65,0,65,0,65,0,65,0,65,0,,,,,,
673847,65,65,0,65,0,65,0,,,65,0,65,0,65,0,65,0,,,,
673848,65,65,0,65,0,65,0,65,0,,,65,0,65,0,65,0,,,,
673849,65,65,0,65,0,65,0,65,0,65,0,65,0,65,0,65,0,,,,
673851,72.5,72.5,0,72.5,0,72.5,0,72.5,0,72.5,0,72.5,0,72.5,0,72.5,0,,,,
673852,72.5,72.5,0,72.5,0,72.5,0,72.5,0,72.5,0,72.5,0,72.5,0,72.5,0,,,,
673855,,,,,,,,,,,,,,,,,,,,,
673856,57.5,57.5,0,57.5,0,57.5,0,57.5,0,57.5,0,57.5,0,57.5,0,57.5,0,,,,
673858,121,121,0,121,0,121,0,121,0,121,0,121,0,103,0.175,121,0,,,,
673859,,,,,,,,,,,,,,,,,,,,,
673866,,,,,,,,,,,,,,,,,,,,,
673867,,,,,,,,,,,,,,,,,,,,,
673868,16,16,0,16,0,16,0,16,0,16,0,16,0,,,16,0,,,,
673869,16,16,0,16,0,16,0,,,16,0,16,0,,,,,,,,
673873,15.5,15.5,0,15.5,0,15.5,0,15.5,0,15.5,0,15.5,0,15.5,0,15.5,0,,,,
673874,13.6,13.6,0,13.6,0,13.6,0,13.6,0,13.6,0,13.6,0,13.6,0,13.6,0,,,,
673875,13,13,0,13,0,13,0,13,0,13,0,13,0,13,0,13,0,,,,
673876,15.5,15.5,0,15.5,0,15.5,0,15.5,0,15.5,0,15.5,0,15.5,0,15.5,0,,,,
673879,16.8,16.8,0,16.8,0,16.8,0,16.8,0,16.8,0,16.8,0,16.8,0,16.8,0,,,,
673880,16.5,16.5,0,16.5,0,16.5,0,16.5,0,16.5,0,16.5,0,,,16.5,0,,,,
673882,,,,,,,,,,,,,,,,,,,,,
673883,,,,,,,,,,,,,,,,,,,,,
673884,,,,,,,,,,,,,,,,,,,,,
673885,,,,,,,,,,,,,,,,,,,,,
673886,,,,,,,,,,,,,,,,,,,,,
673888,,,,,,,,,,,,,,,,,,,,,
673898,,,,,,,,,,,,,,,,,,,,,
673899,17,17,0,17,0,17,0,17,0,17,0,17,0,,,,,,,,
673900,14,14,0,14,0,14,0,14,0,14,0,,,14,0,14,0,,,,
673901,14,14,0,14,0,14,0,14,0,,,14,0,14,0,14,0,,,,
673902,19,19,0,19,0,19,0,19,0,19,0,19,0,,,,,,,,
673903,38.8,38.8,0,38.8,0,38.8,0,38.8,0,38.8,0,,,38.8,0,,,38.8,0,37.5,0.0347
673906,2.2,2.2,0,2.2,0,2.2,0,2.2,0,2.2,0,2.2,0,2.2,0,1.7,0.294,,,2.5,-0.12
673907,3,3,0,3,0,3,0,3,0,3,0,3,0,3,0,3.1,-0.0323,3.1,-0.0323,3.1,-0.0323
673908,3,3,0,3,0,3,0,3,0,3,0,3,0,3,0,3.1,-0.0323,3.1,-0.0323,3.1,-0.0323
673909,3,3,0,3,0,3,0,3,0,3,0,3,0,3,0,,,,,,
673912,,,,,,,,,,,,,,,,,,,,,
673913,8,8,0,8,0,10,-0.2,10,-0.2,9.8,-0.184,9.8,-0.184,9.8,-0.184,9.4,-0.149,9.4,-0.149,9.4,-0.149
673915,,,,,,,,,,,,,,,,,,,,,
673916,,,,,,,,,,,,,,,,,,,,,
673924,,,,,,,,,,,,,,,,,,,,,
673925,16.3,16.3,0,16.3,0,16.3,0,16.3,0,12.5,0.304,12.5,0.304,12.5,0.304,12.5,0.304,12.5,0.304,12.5,0.304
673926,,,,,,,,,,,,,,,,,,,,,
673927,41,41,0,,,,,,,,,41,0,41,0,,,41,0,41,0
673944,2.5,2.5,0,2.5,0,2.5,0,2.5,0,2.5,0,2.5,0,,,,,3,-0.167,1.9,0.316
673945,,,,,,,,,,,,,,,,,,,,,
673946,,,,,,,,,,,,,,,,,,,,,
673948,14.5,14.5,0,14.5,0,14.5,0,14.5,0,14.5,0,14.5,0,,,,,,,,
673949,14.5,14.5,0,14.5,0,14.5,0,14.5,0,14.5,0,14.5,0,,,,,,,,
673950,108,108,0,108,0,108,0,108,0,97.5,0.103,97.5,0.103,97.5,0.103,97.5,0.103,95,0.132,95,0.132
673951,99,99,0,99,0,99,0,99,0,85,0.165,85,0.165,85,0.165,85,0.165,81,0.222,81,0.222
673952,81.3,81.3,0,81.3,0,81.3,0,81.3,0,72.5,0.121,72.5,0.121,72.5,0.121,72.5,0.121,66,0.232,66,0.232
673953,,,,,,,,,,,,,,,,,,,,,
673954,,,,,,,,,,,,,,,,,,,,,
673961,,,,,,,,,,,,,,,,,,,,,
673962,21.3,21.3,0,21.3,0,21.3,0,21.3,0,21.3,0,21.3,0,21.3,0,,,21.3,0,,
673963,,,,,,,,,,,,,,,,,,,,,
673964,,,,,,,,,,,,,,,,,,,,,
673967,,,,,,,,,,,,,,,,,,,,,
673970,,,,,,,,,,,,,,,,,,,,,
673971,,,,,,,,,,,,,,,,,,,,,
673975,,,,,,,,,,,,,,,,,,,,,
673976,,,,,,,,,,,,,,,,,,,,,
673977,,,,,,,,,,,,,,,,,,,,,
673978,,,,,,,,,,,,,,,,,,,,,
673980,,,,,,,,,,,,,,,,,,,,,
673981,,,,,,,,,,,,,,,,,,,,,
673992,,,,,,,,,,,,,,,,,,,,,
673994,,,,,,,,,,,,,,,,,,,,,
674004,18,18,0,18,0,18,0,17.5,0.0286,17.5,0.0286,17.5,0.0286,17.5,0.0286,17.5,0.0286,16,0.125,15,0.2
674006,49.9,49.9,0,49.9,0,49.9,0,49.9,0,49.9,0,49.9,0,49.9,0,56,-0.109,49.9,0,49.9,0
674009,1.5,1.5,0,1.5,0,1.5,0,1.5,0,1.5,0,1.5,0,1.5,0,1.5,0,1.5,0,1.5,0
674016,,,,,,,,,,,,,,,,,,,,,
674017,,,,,,,,,,,,,,,,,,,,,
674024,6.5,6.5,0,6.5,0,6.5,0,6.5,0,6.5,0,6.5,0,6.5,0,6.5,0,6.5,0,5.3,0.226
674028,,,,,,,,,,,,,,,,,,,,,
674029,,,,,,,,,,,,,,,,,,,,,
674030,,,,,,,,,,,,,,,,,,,,,
674033,45,45,0,,,45,0,,,45,0,45,0,45,0,55,-0.182,40,0.125,40,0.125
674034,39.4,39.4,0,,,,,,,,,39.4,0,39.4,0,47.7,-0.174,42,-0.0619,42,-0.0619
674035,,,,,,,,,,,,,,,,,,,,,
674041,,,,,,,,,,,,,,,,,,,,,
674051,,,,,,,,,,,,,,,,,,,,,
674055,32.5,32.5,0,32.5,0,32.5,0,32.5,0,32.5,0,32.5,0,32.5,0,29.8,0.0906,25.6,0.27,23,0.413
674059,76,76,0,76,0,76,0,76,0,66.3,0.146,66.3,0.146,66.3,0.146,66.3,0.146,60,0.267,60,0.267
674060,76.3,76.3,0,76.3,0,76.3,0,76.3,0,66.3,0.151,66.3,0.151,66.3,0.151,66.3,0.151,60,0.272,60,0.272
674071,46.4,46.4,0,46.4,0,46.4,0,46.4,0,46.4,0,46.4,0,46.4,0,42.4,0.0943,42,0.105,42,0.105
674072,,,,,,,,,,,,,,,,,,,,,
674073,252,252,0,252,0,252,0,252,0,252,0,252,0,252,0,200,0.265,176,0.435,160,0.578
674074,45.5,45.5,0,45.5,0,45.5,0,45.5,0,45.5,0,45.5,0,45.5,0,45.4,0.0022,45.4,0.0022,32.5,0.4
674075,32.6,32.6,0,32.6,0,32.6,0,32.6,0,32.6,0,32.6,0,32.6,0,30.4,0.0724,30.4,0.0724,26.8,0.216
674077,,,,,,,,,,,,,,,,,,,,,
674078,,,,,,,,,,,,,,,,,,,,,
674079,35,35,0,35,0,35,0,,,35,0,35,0,,,,,31,0.129,,
674080,,,,,,,,,,,,,,,,,,,,,
674081,,,,,,,,,,,,,,,,,,,,,
674083,18,18,0,18,0,18,0,18,0,18,0,18,0,18,0,15,0.2,18,0,18,0
674084,,,,,,,,,,,,,,,,,,,,,
674085,,,,,,,,,,,,,,,,,,,,,
674086,3.5,3.5,0,3.5,0,3.5,0,3.5,0,3.5,0,3.5,0,3.5,0,3.6,-0.0278,3.3,0.0606,3.3,0.0606
674094,175,175,0,175,0,175,0,,,175,0,175,0,175,0,146,0.195,119,0.471,,
674095,44,44,0,44,0,44,0,44,0,44,0,44,0,44,0,44,0,40.5,0.0864,,
674102,,,,,,,,,,,,,,,,,,,,,
674103,5.8,5.8,0,5.8,0,5.8,0,5.8,0,5.8,0,5.8,0,5.8,0,5.8,0,5.8,0,5.8,0
674104,,,,,,,,,,,,,,,,,,,,,
674105,,,,,,,,,,,,,,,,,,,,,
674106,,,,,,,,,,,,,,,,,,,,,
674107,41,41,0,41,0,41,0,41,0,41,0,41,0,41,0,41,0,,,,
674109,,,,,,,,,,,,,,,,,,,,,
674113,21.9,21.9,0,21.9,0,21.9,0,21.9,0,21.9,0,,,,,21.9,0,,,17,0.288
674114,15,15,0,15,0,15,0,,,,,15,0,15,0,,,12.5,0.2,11.5,0.304
674117,,,,,,,,,,,,,,,,,,,,,
674122,5,5,0,5,0,5,0,4,0.25,4,0.25,4,0.25,4,0.25,3.5,0.429,3.5,0.429,3.5,0.429
674123,5,5,0,5,0,5,0,4,0.25,4,0.25,4,0.25,4,0.25,3.5,0.429,3.5,0.429,3.5,0.429
674124,3.5,3.5,0,3.5,0,3.5,0,3.5,0,3.5,0,3.5,0,3.5,0,3,0.167,,,,
674125,,,,,,,,,,,,,,,,,,,,,
674126,3,3,0,3,0,3,0,3,0,3,0,3,0,3,0,3,0,3,0,3,0
674127,,,,,,,,,,,,,,,,,,,,,
674144,38.8,38.8,0,38.8,0,38.8,0,38.8,0,,,38.8,0,38.8,0,,,31,0.252,31,0.252
674145,,,,,,,,,,,,,,,,,,,,,
674146,15.7,15.7,0,15.7,0,15.7,0,15.7,0,,,,,15.7,0,15.7,0,,,14.5,0.0828
674148,,,,,,,,,,,,,,,,,,,,,
674150,,,,,,,,,,,,,,,,,,,,,
674151,,,,,,,,,,,,,,,,,,,,,
674156,3,3,0,3,0,3,0,3,0,3,0,3,0,3,0,3.2,-0.0625,3,0,3,0
674157,3,3,0,3,0,3,0,3,0,3,0,3,0,3,0,3,0,3,0,3,0
674160,,,,,,,,,,,,,,,,,,,,,
674161,,,,,,,,,,,,,,,,,,,,,
674162,72.5,72.5,0,72.5,0,72.5,0,72.5,0,72.5,0,72.5,0,72.5,0,72.5,0,,,55.9,0.297
674169,,,,,,,,,,,,,,,,,,,,,
674177,,,,,,,,,,,,,,,,,,,,,
674178,48.8,48.8,0,,,,,,,48.8,0,48.8,0,48.8,0,55,-0.113,49,-0.00408,,
674180,14.5,14.5,0,14.5,0,15.9,-0.0881,15.9,-0.0881,21.7,-0.332,18,-0.194,19,-0.237,18.7,-0.225,19,-0.237,16.9,-0.142
674181,10.8,10.8,0,10.8,0,10.8,0,10.8,0,10.8,0,10.8,0,10.8,0,10.8,0,10.8,0,10.8,0
674182,,,,,,,,,,,,,,,,,,,,,
674183,33.1,33.1,0,33.1,0,33.1,0,33.1,0,33.1,0,33.1,0,33.1,0,33.1,0,33.1,0,33.1,0
674184,84,84,0,84,0,84,0,84,0,84,0,77.5,0.0839,77.5,0.0839,77.5,0.0839,77.5,0.0839,77.5,0.0839
674185,54.7,54.7,0,54.7,0,54.7,0,54.7,0,54.7,0,,,47.5,0.152,47.5,0.152,47.5,0.152,47.5,0.152
674186,,,,,,,,,,,,,,,,,,,,,
674187,,,,,,,,,,,,,,,,,,,,,
674188,,,,,,,,,,,,,,,,,,,,,
674189,,,,,,,,,,,,,,,,,,,,,
674190,26.8,26.8,0,26.8,0,26.8,0,26.8,0,26.8,0,26.8,0,26.8,0,26.8,0,23.8,0.126,23.8,0.126
674191,,,,,,,,,,,,,,,,,,,,,
674192,,,,,,,,,,,,,,,,,,,,,
674193,,,,,,,,,,,,,,,,,,,,,
674194,,,,,,,,,,,,,,,,,,,,,
674195,,,,,,,,,,,,,,,,,,,,,
674196,,,,,,,,,,,,,,,,,,,,,
674197,,,,,,,,,,,,,,,,,,,,,
674198,,,,,,,,,,,,,,,,,,,,,
674199,,,,,,,,,,,,,,,,,,,,,
674206,,,,,,,,,,,,,,,,,,,,,
674213,,,,,,,,,,,,,,,,,,,,,
674216,,,,,,,,,,,,,,,,,,,,,
674217,,,,,,,,,,,,,,,,,,,,,
674218,,,,,,,,,,,,,,,,,,,,,
674219,,,,,,,,,,,,,,,,,,,,,
674221,,,,,,,,,,,,,,,,,,,,,
674222,32.5,32.5,0,32.5,0,32.5,0,32.5,0,32.5,0,32.5,0,32.5,0,32.5,0,32.5,0,32.5,0
674223,,,,,,,,,,,,,,,,,,,,,
674224,10.5,10.5,0,10.5,0,10.5,0,10.5,0,10.5,0,10.5,0,10.5,0,10.5,0,10.5,0,10.5,0
674225,14.5,14.5,0,14.5,0,14.5,0,14.5,0,14.5,0,14.5,0,14.5,0,14.5,0,13,0.115,,
674227,15.5,15.5,0,15.5,0,15.5,0,15.5,0,15.5,0,15.5,0,15.5,0,15.5,0,15,0.0333,,
674228,15.5,15.5,0,15.5,0,15.5,0,15.5,0,15.5,0,15.5,0,15.5,0,15.5,0,15,0.0333,,
674229,15.5,15.5,0,15.5,0,15.5,0,15.5,0,15.5,0,15.5,0,15.5,0,15.5,0,14,0.107,,
674230,11.8,11.8,0,11.8,0,11.8,0,,,,,11.8,0,11.8,0,11.8,0,10.5,0.124,8.2,0.439
674231,11.8,11.8,0,11.8,0,11.8,0,11.8,0,11.8,0,11.8,0,11.8,0,11.8,0,10.5,0.124,8.2,0.439
674232,11.8,11.8,0,11.8,0,11.8,0,,,,,11.8,0,11.8,0,11.8,0,10.5,0.124,8.2,0.439
674233,11.8,11.8,0,11.8,0,11.8,0,11.8,0,11.8,0,11.8,0,11.8,0,11.8,0,10.5,0.124,8.2,0.439
674234,,,,,,,,,,,,,,,,,,,,,
674235,,,,,,,,,,,,,,,,,,,,,
674236,16.5,16.5,0,16.5,0,16.5,0,16.5,0,16.5,0,15,0.1,15,0.1,15,0.1,15,0.1,11.5,0.435
674237,15,15,0,15,0,15,0,15,0,15,0,15,0,15,0,15,0,15,0,11.5,0.304
674238,,,,,,,,,,,,,,,,,,,,,
674240,9.5,9.5,0,9.5,0,9.5,0,,,9.5,0,,,9.5,0,9.5,0,8,0.188,,
674241,,,,,,,,,,,,,,,,,,,,,
674242,104,104,0,104,0,104,0,104,0,97.5,0.0615,97.5,0.0615,,,,,,,,
674247,,,,,,,,,,,,,,,,,,,,,
674248,,,,,,,,,,,,,,,,,,,,,
674249,,,,,,,,,,,,,,,,,,,,,
674251,,,,,,,,,,,,,,,,,,,,,
674252,22.5,22.5,0,22.5,0,28,-0.196,26.3,-0.144,26.3,-0.144,26.3,-0.144,26.3,-0.144,26.3,-0.144,26.3,-0.144,26.3,-0.144
674255,,,,,,,,,,,,,,,,,,,,,
674256,,,,,,,,,,,,,,,,,,,,,
674259,14.5,14.5,0,,,14.5,0,14.5,0,14.5,0,,,14.5,0,14.5,0,13.5,0.0741,12.6,0.151
674260,,,,,,,,,,,,,,,,,,,,,
674267,,,,,,,,,,,,,,,,,,,,,
674268,,,,,,,,,,,,,,,,,,,,,
674269,31.9,31.9,0,31.9,0,31.9,0,31.9,0,31.9,0,31.9,0,31.9,0,30,0.0633,,,24.4,0.307
674270,,,,,,,,,,,,,,,,,,,,,
674271,,,,,,,,,,,,,,,,,,,,,
674272,,,,,,,,,,,,,,,,,,,,,
674274,,,,,,,,,,,,,,,,,,,,,
674275,,,,,,,,,,,,,,,,,,,,,
674281,17.3,17.3,0,17.3,0,17.3,0,17.3,0,17.3,0,17.3,0,17.3,0,,,13.8,0.254,12.5,0.384
674282,21.3,21.3,0,21.3,0,21.3,0,21.3,0,21.3,0,21.3,0,21.3,0,21.3,0,17.5,0.217,17.5,0.217
674283,15.6,15.6,0,15.6,0,15.6,0,15.6,0,15.6,0,15.6,0,15.6,0,15.6,0,12.4,0.258,12.4,0.258
674284,6.6,6.6,0,6.6,0,6.6,0,6.6,0,6.6,0,6.6,0,6.6,0,6.6,0,4.9,0.347,4.9,0.347
674285,26,26,0,26,0,26,0,26,0,26,0,26,0,,,,,,,26,0
674286,,,,,,,,,,,,,,,,,,,,,
674287,,,,,,,,,,,,,,,,,,,,,
674288,,,,,,,,,,,,,,,,,,,,,
674292,,,,,,,,,,,,,,,,,,,,,
674293,,,,,,,,,,,,,,,,,,,,,
674294,,,,,,,,,,,,,,,,,,,,,
674295,,,,,,,,,,,,,,,,,,,,,
674297,3,3,0,3,0,3,0,3,0,3,0,,,3,0,,,3,0,,
674300,,,,,,,,,,,,,,,,,,,,,
674301,,,,,,,,,,,,,,,,,,,,,
674302,50,50,0,50,0,50,0,50,0,50,0,50,0,50,0,40.5,0.235,40.5,0.235,,
674305,,,,,,,,,,,,,,,,,,,,,
674306,,,,,,,,,,,,,,,,,,,,,
674307,,,,,,,,,,,,,,,,,,,,,
674309,52.5,52.5,0,52.5,0,52.5,0,52.5,0,52.5,0,52.5,0,,,,,,,,
674315,149,149,0,149,0,149,0,149,0,149,0,149,0,149,0,149,0,149,0,79.9,0.865
674316,149,149,0,149,0,149,0,149,0,149,0,149,0,149,0,149,0,149,0,79.9,0.865
674318,,,,,,,,,,,,,,,,,,,,,
674319,,,,,,,,,,,,,,,,,,,,,
674320,39,39,0,39,0,39,0,39,0,,,39,0,39,0,,,,,,
674321,,,,,,,,,,,,,,,,,,,,,
674322,1.6,1.6,0,1.6,0,1.6,0,1.6,0,1.6,0,1.6,0,1.6,0,1.6,0,1.4,0.143,1.4,0.143
674323,1.6,1.6,0,1.6,0,1.6,0,1.6,0,1.6,0,1.6,0,1.6,0,1.6,0,1.4,0.143,1.4,0.143
674324,1.6,1.6,0,1.6,0,1.6,0,1.6,0,1.6,0,1.6,0,1.6,0,1.6,0,1.4,0.143,1.4,0.143
674325,1.6,1.6,0,1.6,0,1.6,0,1.6,0,1.6,0,1.6,0,1.6,0,1.6,0,1.4,0.143,1.4,0.143
674326,1.6,1.6,0,1.6,0,1.6,0,1.6,0,1.6,0,1.6,0,1.6,0,1.6,0,1.4,0.143,1.4,0.143
674327,,,,,,,,,,,,,,,,,,,,,
674328,,,,,,,,,,,,,,,,,,,,,
674329,47.9,47.9,0,47.9,0,47.9,0,47.9,0,47.9,0,47.9,0,47.9,0,43.9,0.0911,31.9,0.502,26,0.842
674330,1.5,1.5,0,1.5,0,1.5,0,1.5,0,1.5,0,1.5,0,1.5,0,1.5,0,1,0.5,1,0.5
674349,,,,,,,,,,,,,,,,,,,,,
674350,,,,,,,,,,,,,,,,,,,,,
674360,,,,,,,,,,,,,,,,,,,,,
674361,,,,,,,,,,,,,,,,,,,,,
674363,6.9,6.9,0,6.9,0,6.9,0,6.9,0,6.9,0,6.9,0,6.9,0,6.9,0,6.9,0,,
674364,16.8,16.8,0,16.8,0,16.8,0,16.8,0,16.8,0,16.8,0,16.8,0,16.8,0,15.5,0.0839,,
674368,1,,,1,0,0.9,0.111,0.9,0.111,1,0,1,0,,,1,0,1,0,,
674369,,,,,,,,,,,,,,,,,,,,,
674370,,,,,,,,,,,,,,,,,,,,,
674371,71,71,0,71,0,71,0,71,0,,,66.3,0.0709,66.3,0.0709,66.3,0.0709,45,0.578,,
674372,11.8,11.8,0,11.8,0,11.8,0,11.8,0,,,11.8,0,,,,,,,,
674373,11.8,11.8,0,11.8,0,11.8,0,11.8,0,,,,,,,,,,,,
674374,11.8,11.8,0,11.8,0,11.8,0,11.8,0,,,11.8,0,,,,,,,,
674375,11.8,11.8,0,11.8,0,11.8,0,,,,,11.8,0,,,,,,,,
674376,,,,,,,,,,,,,,,,,,,,,
674377,85,85,0,85,0,85,0,85,0,85,0,,,,,,,,,,
674383,10.5,10.5,0,10.5,0,9,0.167,9,0.167,10.5,0,10.5,0,9.5,0.105,10.5,0,10,0.05,,
674384,10.5,10.5,0,10.5,0,9,0.167,9,0.167,10.5,0,10.5,0,9.5,0.105,10.5,0,10,0.05,,
674385,,,,,,,,,,,,,,,,,,,,,
674386,14.5,14.5,0,14.5,0,14.5,0,14.5,0,14.5,0,14.5,0,14.5,0,14.5,0,12,0.208,,
674387,14.5,14.5,0,14.5,0,14.5,0,14.5,0,14.5,0,14.5,0,14.5,0,14.5,0,12,0.208,,
674388,13.6,,,,,,,13.6,0,,,,,13.6,0,13.6,0,,,,
674389,17.5,17.5,0,17.5,0,17.5,0,17.5,0,17.5,0,,,,,,,,,,
674390,17.5,17.5,0,17.5,0,,,,,17.5,0,,,,,,,,,,
674391,17.5,17.5,0,17.5,0,17.5,0,17.5,0,,,,,,,,,,,,
674393,17.5,17.5,0,17.5,0,17.5,0,17.5,0,17.5,0,,,,,,,,,,
674396,37.5,37.5,0,,,,,37.5,0,37.5,0,,,,,,,,,,
674397,,,,,,,,,,,,,,,,,,,,,
674398,9.4,9.4,0,9.4,0,9.4,0,9.4,0,9.4,0,9.4,0,,,,,,,,
674399,5,5,0,5,0,5,0,5,0,5,0,5,0,5,0,5,0,3.4,0.471,,
674400,,,,,,,,,,,,,,,,,,,,,
674401,14,14,0,14,0,14,0,14,0,14,0,14,0,14,0,13.5,0.037,,,,
674402,14,14,0,14,0,14,0,14,0,14,0,14,0,14,0,,,13,0.0769,,
674417,,,,,,,,,,,,,,,,,,,,,
674418,67.5,67.5,0,67.5,0,67.5,0,67.5,0,67.5,0,67.5,0,63,0.0714,57,0.184,55.9,0.208,,
674419,55.5,55.5,0,55.5,0,55.5,0,55.5,0,55.5,0,55.5,0,55.5,0,50.3,0.103,42.3,0.312,,
674420,,,,,,,,,,,,,,,,,,,,,
674422,,,,,,,,,,,,,,,,,,,,,
674423,,,,,,,,,,,,,,,,,,,,,
674427,9.5,9.5,0,,,,,,,9.5,0,,,9.5,0,9.2,0.0326,9.2,0.0326,,
674428,13,13,0,13,0,13,0,13,0,13,0,,,,,12.5,0.04,12.5,0.04,,
674429,32.9,32.9,0,32.9,0,32.9,0,32.9,0,32.9,0,32.9,0,32.9,0,32.9,0,,,,
674430,,,,,,,,,,,,,,,,,,,,,
674431,,,,,,,,,,,,,,,,,,,,,
674432,18.8,18.8,0,18.8,0,18.8,0,18.8,0,18.8,0,18.8,0,18.8,0,18.8,0,,,,
674466,,,,,,,,,,,,,,,,,,,,,
674467,52,52,0,52,0,52,0,52,0,52,0,52,0,52,0,45,0.156,,,,
674468,50,50,0,50,0,50,0,50,0,50,0,50,0,50,0,50,0,,,,
674471,,,,,,,,,,,,,,,,,,,,,
674472,22.5,22.5,0,22.5,0,22.5,0,22.5,0,22.5,0,22.5,0,22.5,0,22.5,0,,,,
674473,22.5,22.5,0,22.5,0,22.5,0,22.5,0,22.5,0,22.5,0,22.5,0,22.5,0,,,,
674474,22.5,22.5,0,22.5,0,22.5,0,22.5,0,22.5,0,22.5,0,22.5,0,22.5,0,,,,
674475,8.7,8.7,0,8.7,0,8.7,0,8.7,0,8.7,0,8.7,0,8.7,0,8.2,0.061,,,,
674491,,,,,,,,,,,,,,,,,,,,,
674504,8.2,8.2,0,8.2,0,8.2,0,8.2,0,8.2,0,8.2,0,6.5,0.262,,,,,,
674505,9,9,0,9,0,9,0,9,0,,,8.3,0.0843,9,0,7.5,0.2,,,,
674507,,,,,,,,,,,,,,,,,,,,,
674512,,,,,,,,,,,,,,,,,,,,,
674513,,,,,,,,,,,,,,,,,,,,,
674514,15,,,,,,,,,15,0,15,0,15,0,,,,,,
674515,11.3,,,,,,,11.3,0,,,11.3,0,,,,,,,,
674524,1,1,0,1,0,1,0,1,0,1,0,1,0,1,0,1,0,,,,
674525,1,1,0,1,0,1,0,1,0,1,0,1,0,1,0,1,0,,,,
674526,6.5,6.5,0,6.5,0,6.5,0,6.5,0,6.5,0,6.5,0,,,,,,,,
674527,6.5,6.5,0,6.5,0,6.5,0,6.5,0,6.5,0,6.5,0,,,6.5,0,,,,
674528,6.5,6.5,0,6.5,0,6.5,0,6.5,0,6.5,0,6.5,0,6.5,0,,,,,,
674529,37.5,37.5,0,37.5,0,37.5,0,,,,,37.5,0,37.5,0,,,,,,
674530,30,30,0,30,0,30,0,30,0,30,0,30,0,30,0,,,,,,
674531,,,,,,,,,,,,,,,,,,,,,
674532,18.8,18.8,0,18.8,0,18.8,0,18.8,0,18.8,0,18.8,0,18.8,0,,,,,,
674533,18.8,18.8,0,18.8,0,18.8,0,18.8,0,18.8,0,18.8,0,18.8,0,18.8,0,,,,
674534,18.8,18.8,0,18.8,0,18.8,0,18.8,0,18.8,0,18.8,0,18.8,0,18.8,0,,,,
674541,,,,,,,,,,,,,,,,,,,,,
674545,1.7,1.7,0,1.7,0,1.7,0,1.7,0,1.7,0,1.7,0,1.7,0,1.7,0,,,,
674546,1.7,1.7,0,1.7,0,1.7,0,1.7,0,1.7,0,1.7,0,1.7,0,1.7,0,,,,
674547,,,,,,,,,,,,,,,,,,,,,
674549,138,138,0,138,0,138,0,138,0,138,0,138,0,138,0,114,0.212,,,,
674550,11.6,11.6,0,11.6,0,11.6,0,11.6,0,11.6,0,11.6,0,,,,,,,,
674551,41,41,0,41,0,41,0,41,0,41,0,41,0,,,,,,,,
674554,79,79,0,79,0,79,0,79,0,79,0,79,0,79,0,,,,,,
674555,,,,,,,,,,,,,,,,,,,,,
674556,37.5,37.5,0,37.5,0,37.5,0,37.5,0,37.5,0,37.5,0,37.5,0,,,,,,
674557,27.5,27.5,0,27.5,0,27.5,0,27.5,0,27.5,0,27.5,0,27.5,0,,,,,,
674561,,,,,,,,,,,,,,,,,,,,,
674562,,,,,,,,,,,,,,,,,,,,,
674563,35,,,,,35,0,35,0,35,0,35,0,,,,,,,,
674564,88,88,0,88,0,88,0,88,0,91.5,-0.0383,91.5,-0.0383,91.5,-0.0383,,,,,,
674571,29.9,29.9,0,29.9,0,29.9,0,29.9,0,29.9,0,,,29.9,0,,,,,,
674572,29.9,29.9,0,29.9,0,29.9,0,29.9,0,29.9,0,,,29.9,0,,,,,,
674573,10,10,0,10,0,10,0,10,0,10,0,10,0,10,0,,,,,,
674574,10,10,0,10,0,10,0,10,0,10,0,10,0,10,0,,,,,,
674575,,,,,,,,,,,,,,,,,,,,,
674576,15,15,0,15,0,15,0,15,0,15,0,15,0,15,0,,,,,,
674577,,,,,,,,,,,,,,,,,,,,,
674581,7.8,7.8,0,7.8,0,7.8,0,7.8,0,7.8,0,7.8,0,7.8,0,,,,,,
674583,18,18,0,18,0,18,0,18,0,18,0,18,0,15,0.2,,,,,,
674584,43.5,43.5,0,43.5,0,43.5,0,43.5,0,43.5,0,43.5,0,43.5,0,,,,,,
674586,1.5,1.5,0,1.5,0,1.5,0,1.5,0,1.5,0,1.5,0,1.5,0,,,,,,
674587,1.5,1.5,0,1.5,0,1.5,0,1.5,0,1.5,0,1.5,0,1.5,0,,,,,,
674588,1.5,1.5,0,1.5,0,1.5,0,1.5,0,1.5,0,1.5,0,1.5,0,,,,,,
674589,1.5,1.5,0,1.5,0,1.5,0,1.5,0,1.5,0,1.5,0,1.5,0,,,,,,
674590,1.5,1.5,0,1.5,0,1.5,0,1.5,0,1.5,0,1.5,0,1.5,0,,,,,,
674591,1.5,1.5,0,1.5,0,1.5,0,1.5,0,1.5,0,1.5,0,1.5,0,,,,,,
674592,29.5,29.5,0,29.5,0,29.5,0,,,29.5,0,,,29.5,0,,,,,,
674593,29.5,29.5,0,,,,,,,29.5,0,,,,,,,,,,
674594,,,,,,,,,,,,,,,,,,,,,
674595,,,,,,,,,,,,,,,,,,,,,
674596,,,,,,,,,,,,,,,,,,,,,
674597,,,,,,,,,,,,,,,,,,,,,
674599,,,,,,,,,,,,,,,,,,,,,
674600,,,,,,,,,,,,,,,,,,,,,
674606,,,,,,,,,,,,,,,,,,,,,
674607,69.9,69.9,0,69.9,0,69.9,0,69.9,0,69.9,0,,,65,0.0754,,,,,,
674610,,,,,,,,,,,,,,,,,,,,,
674613,,,,,,,,,,,,,,,,,,,,,
674614,86,86,0,86,0,86,0,82,0.0488,,,,,82.5,0.0424,,,,,,
674615,,,,,,,,,,,,,,,,,,,,,
674616,21,21,0,21,0,21,0,18.8,0.117,18.8,0.117,18.8,0.117,21.3,-0.0141,,,,,,
674618,,,,,,,,,,,,,,,,,,,,,
674619,,,,,,,,,,,,,,,,,,,,,
674623,9.9,,,,,,,9.9,0,9.9,0,9.9,0,,,,,,,,
674624,9.9,,,,,,,9.9,0,,,9.9,0,,,,,,,,
674625,9.9,,,,,,,9.9,0,9.9,0,9.9,0,,,,,,,,
674626,9.9,,,,,,,9.9,0,9.9,0,9.9,0,,,,,,,,
674627,29.5,29.5,0,29.5,0,29.5,0,29.5,0,29.5,0,29.5,0,,,,,,,,
674628,29.5,,,,,,,29.5,0,29.5,0,29.5,0,,,,,,,,
674629,29.5,29.5,0,29.5,0,29.5,0,29.5,0,29.5,0,29.5,0,,,,,,,,
674630,29.5,,,,,,,29.5,0,29.5,0,29.5,0,,,,,,,,
674631,29.5,29.5,0,29.5,0,29.5,0,29.5,0,29.5,0,29.5,0,,,,,,,,
674632,29.5,29.5,0,29.5,0,29.5,0,29.5,0,29.5,0,29.5,0,,,,,,,,
674633,43.5,43.5,0,43.5,0,43.5,0,43.5,0,43.5,0,43.5,0,,,,,,,,
674634,43.5,43.5,0,43.5,0,43.5,0,43.5,0,43.5,0,43.5,0,,,,,,,,
674635,43.5,43.5,0,43.5,0,43.5,0,43.5,0,43.5,0,43.5,0,,,,,,,,
674636,43.5,43.5,0,43.5,0,43.5,0,43.5,0,43.5,0,43.5,0,,,,,,,,
674637,43.5,43.5,0,43.5,0,43.5,0,43.5,0,43.5,0,43.5,0,,,,,,,,
674638,,,,,,,,,,,,,,,,,,,,,
674639,,,,,,,,,,,,,,,,,,,,,
674641,,,,,,,,,,,,,,,,,,,,,
674642,,,,,,,,,,,,,,,,,,,,,
674643,,,,,,,,,,,,,,,,,,,,,
674648,,,,,,,,,,,,,,,,,,,,,
674649,,,,,,,,,,,,,,,,,,,,,
674650,20.5,20.5,0,20.5,0,20.5,0,20.5,0,20.5,0,20.5,0,,,,,,,,
674651,8.5,8.5,0,8.5,0,8.5,0,8.5,0,8.5,0,8.5,0,,,,,,,,
674652,,,,,,,,,,,,,,,,,,,,,
674660,97.5,97.5,0,97.5,0,97.5,0,97.5,0,97.5,0,97.5,0,,,,,,,,
674661,,,,,,,,,,,,,,,,,,,,,
674662,23.8,23.8,0,23.8,0,23.8,0,23.8,0,23.8,0,23.8,0,,,,,,,,
674664,,,,,,,,,,,,,,,,,,,,,
674665,33.8,33.8,0,33.8,0,29,0.166,29,0.166,33.8,0,33.8,0,,,,,,,,
674666,,,,,,,,,,,,,,,,,,,,,
674667,,,,,,,,,,,,,,,,,,,,,
674669,10.5,10.5,0,10.5,0,12,-0.125,12,-0.125,12,-0.125,12,-0.125,,,,,,,,
674670,10.5,10.5,0,10.5,0,12,-0.125,12,-0.125,12,-0.125,12,-0.125,,,,,,,,
674671,2.8,2.8,0,2.8,0,2.8,0,2.8,0,2.8,0,,,,,,,,,,
674672,2.8,2.8,0,2.8,0,2.8,0,2.8,0,2.8,0,2.8,0,,,,,,,,
674673,24,24,0,24,0,28,-0.143,,,24.8,-0.0323,,,,,,,,,,
674675,25,25,0,25,0,25,0,25,0,25,0,25,0,,,,,,,,
674676,25,25,0,25,0,25,0,25,0,25,0,25,0,,,,,,,,
674677,25,25,0,25,0,25,0,25,0,,,,,,,,,,,,
674678,25,25,0,25,0,25,0,25,0,25,0,,,,,,,,,,
674679,25,25,0,25,0,25,0,25,0,25,0,25,0,,,,,,,,
674687,28.5,28.5,0,28.5,0,28.5,0,28.5,0,28.5,0,,,,,,,,,,
674688,,,,,,,,,,,,,,,,,,,,,
674689,,,,,,,,,,,,,,,,,,,,,
674690,13,13,0,13,0,13,0,13,0,13,0,,,,,,,,,,
674694,,,,,,,,,,,,,,,,,,,,,
674695,,,,,,,,,,,,,,,,,,,,,
674699,,,,,,,,,,,,,,,,,,,,,
674700,16.4,16.4,0,16.4,0,16.4,0,16.4,0,16.4,0,,,,,,,,,,
674705,,,,,,,,,,,,,,,,,,,,,
674706,22.5,22.5,0,22.5,0,26.5,-0.151,,,,,,,,,,,,,,
674707,22.5,22.5,0,22.5,0,26.5,-0.151,26.5,-0.151,26.5,-0.151,,,,,,,,,,
674712,31,31,0,31,0,31,0,,,,,,,,,,,,,,
674720,17.7,17.7,0,,,,,,,,,,,,,,,,,,
674786,,,,,,,,,,,,,,,,,,,,,
674787,,,,,,,,,,,,,,,,,,,,,
674788,,,,,,,,,,,,,,,,,,,,,
674834,,,,,,,,,,,,,,,,,,,,,
675245,,,,,,,,,,,,,,,,,,,,,
676113,11.9,11.9,0,11.9,0,11.9,0,11.9,0,11.9,0,11.9,0,11.9,0,11.9,0,10,0.19,10,0.19
676115,11.9,11.9,0,11.9,0,11.9,0,11.9,0,11.9,0,11.9,0,11.9,0,11.9,0,,,10,0.19
676116,11.9,11.9,0,11.9,0,11.9,0,11.9,0,11.9,0,11.9,0,11.9,0,11.9,0,10,0.19,10,0.19
676117,11.9,11.9,0,11.9,0,11.9,0,11.9,0,11.9,0,11.9,0,11.9,0,11.9,0,10,0.19,10,0.19
676564,18.8,18.8,0,18.8,0,18.8,0,18.8,0,18.8,0,18.8,0,18.8,0,18.8,0,18.8,0,18.8,0
676565,18.8,18.8,0,18.8,0,18.8,0,18.8,0,18.8,0,18.8,0,18.8,0,18.8,0,18.8,0,18.8,0
676571,28,28,0,28,0,28,0,28,0,28,0,28,0,28,0,28,0,25.3,0.107,25.3,0.107
676592,,,,,,,,,,,,,,,,,,,,,
676597,0.6,0.6,0,0.6,0,0.6,0,0.6,0,,,0.6,0,0.6,0,0.6,0,0.5,0.2,0.5,0.2
676598,,,,,,,,,,,,,,,,,,,,,
676599,,,,,,,,,,,,,,,,,,,,,
676615,36,36,0,36,0,36,0,36,0,36,0,36,0,36,0,32,0.125,32,0.125,26.3,0.369
676616,36,36,0,36,0,36,0,36,0,36,0,36,0,36,0,32,0.125,32,0.125,26.3,0.369
676637,58.4,58.4,0,58.4,0,58.4,0,58.4,0,58.4,0,58.4,0,58.4,0,53.5,0.0916,49,0.192,45.6,0.281
676639,9.4,9.4,0,9.4,0,9.4,0,9.4,0,9.4,0,9.4,0,9.4,0,7.8,0.205,9.4,0,9.4,0
676692,9.6,9.6,0,9.6,0,9.6,0,9.6,0,9.4,0.0213,9.4,0.0213,7.5,0.28,9.4,0.0213,9.3,0.0323,9.3,0.0323
676734,17,17,0,,,17,0,17,0,17,0,17,0,17,0,18,-0.0556,16.5,0.0303,14.5,0.172
676735,16,16,0,16,0,16,0,16,0,16,0,16,0,16,0,16.8,-0.0476,15.3,0.0458,12.5,0.28
676755,18.8,18.8,0,18.8,0,18.8,0,18.8,0,18.8,0,18.8,0,18.8,0,18.8,0,18.8,0,18.8,0
676759,,,,,,,,,,,,,,,,,,,,,
676760,28.9,28.9,0,28.9,0,28.9,0,,,,,28.9,0,28.9,0,28.9,0,,,21.4,0.35
676779,49.9,49.9,0,49.9,0,45.9,0.0871,45.9,0.0871,45.9,0.0871,,,45.9,0.0871,45.9,0.0871,39.9,0.251,39.9,0.251
676781,14,14,0,14,0,14,0,14,0,14,0,14,0,14,0,13.5,0.037,12.2,0.148,11.3,0.239
676782,14.5,14.5,0,14.5,0,14.5,0,14.5,0,14.5,0,14.5,0,14.5,0,14,0.0357,13,0.115,12.7,0.142
676783,14.9,14.9,0,14.9,0,14.9,0,14.9,0,14.9,0,14.9,0,14.9,0,14.9,0,13.8,0.0797,11.5,0.296
676784,14.9,14.9,0,14.9,0,14.9,0,14.9,0,14.9,0,14.9,0,14.9,0,14.9,0,13.8,0.0797,11.6,0.284
676786,11.2,11.2,0,11.2,0,11.2,0,11.2,0,11.2,0,11.2,0,11.2,0,10.2,0.098,9.4,0.191,9.6,0.167
676790,120,120,0,120,0,120,0,120,0,120,0,120,0,120,0,120,0,,,,
676792,12,12,0,12,0,12,0,12,0,12,0,12,0,12,0,11.4,0.0526,10.7,0.121,9.2,0.304
676793,11,11,0,11,0,11,0,11,0,11,0,11,0,11,0,10.4,0.0577,10,0.1,9.2,0.196
676806,10,10,0,10,0,10,0,10,0,10,0,,,10,0,,,,,,
676807,10,10,0,10,0,10,0,,,,,10,0,10,0,,,,,,
676810,27.5,,,27.5,0,27.5,0,,,27.5,0,27.5,0,27.5,0,28,-0.0179,20.6,0.335,18,0.528
676812,31.4,31.4,0,31.4,0,31.4,0,31.4,0,31.4,0,31.4,0,31.4,0,31.4,0,28,0.121,,
676814,12.5,12.5,0,12.5,0,12.5,0,12.5,0,,,12.5,0,12.5,0,,,10.5,0.19,9.5,0.316
676827,28,28,0,28,0,28,0,28,0,28,0,28,0,28,0,28,0,25.3,0.107,25.3,0.107
676829,,,,,,,,,,,,,,,,,,,,,
676834,,,,,,,,,,,,,,,,,,,,,
676836,25.6,25.6,0,25.6,0,25.6,0,,,25.6,0,25.6,0,25.6,0,24.3,0.0535,24.3,0.0535,23,0.113
676859,50,50,0,50,0,50,0,50,0,50,0,50,0,50,0,35,0.429,35,0.429,34.5,0.449
676894,86,86,0,86,0,86,0,86,0,75,0.147,75,0.147,75,0.147,75,0.147,59,0.458,,
676896,28.8,28.8,0,28.8,0,28.8,0,28.8,0,25,0.152,25,0.152,25,0.152,25,0.152,22,0.309,,
676897,81.5,81.5,0,81.5,0,81.5,0,81.5,0,81.5,0,81.5,0,81.5,0,81.5,0,73.5,0.109,73.5,0.109
676916,,,,,,,,,,,,,,,,,,,,,
676947,59,59,0,59,0,59,0,59,0,59,0,,,,,,,,,,
676964,36,36,0,36,0,36,0,36,0,36,0,36,0,36,0,34.2,0.0526,28.5,0.263,28.5,0.263
676965,,,,,,,,,,,,,,,,,,,,,
676970,16.5,16.5,0,16.5,0,16.5,0,16.5,0,16.5,0,16.5,0,17.5,-0.0571,17.5,-0.0571,14.5,0.138,12.5,0.32
676976,22.5,22.5,0,22.5,0,22.5,0,22.5,0,22.5,0,22.5,0,25.5,-0.118,20.9,0.0766,21,0.0714,19.5,0.154
676978,,,,,,,,,,,,,,,,,,,,,
676980,,,,,,,,,,,,,,,,,,,,,
677030,210,210,0,210,0,210,0,210,0,,,,,,,,,,,,
677032,,,,,,,,,,,,,,,,,,,,,
677036,57.5,57.5,0,57.5,0,57.5,0,57.5,0,50,0.15,50,0.15,50,0.15,50,0.15,39.5,0.456,,
677038,,,,,,,,,,,,,,,,,,,,,
677039,72,72,0,72,0,72,0,72,0,,,72,0,72,0,72,0,72,0,66,0.0909
677048,,,,,,,,,,,,,,,,,,,,,
677058,14.5,14.5,0,14.5,0,14.5,0,,,14.5,0,14.5,0,14.5,0,,,13.8,0.0507,13.8,0.0507
677070,125,125,0,125,0,125,0,125,0,,,125,0,125,0,,,125,0,125,0
677075,125,125,0,125,0,125,0,125,0,125,0,125,0,,,125,0,,,125,0
677081,160,160,0,160,0,160,0,160,0,,,,,,,,,,,,
677083,55,55,0,55,0,55,0,55,0,55,0,55,0,55,0,55,0,55,0,,
677138,,,,,,,,,,,,,,,,,,,,,
677142,26,26,0,26,0,26,0,26,0,,,26,0,26,0,23.4,0.111,,,,
677143,22.9,22.9,0,22.9,0,22.9,0,22.9,0,22.9,0,22.9,0,22.9,0,22,0.0409,20.3,0.128,20.3,0.128
677184,81.3,81.3,0,,,81.3,0,,,81.3,0,,,81.3,0,65.8,0.236,63.3,0.284,53.3,0.525
677201,15,15,0,,,15,0,15,0,15,0,15,0,15,0,15,0,13.5,0.111,13,0.154
677213,154,154,0,154,0,154,0,154,0,154,0,154,0,154,0,154,0,121,0.269,98,0.567
677214,160,160,0,160,0,160,0,160,0,160,0,160,0,160,0,144,0.116,140,0.146,132,0.211
677215,145,145,0,145,0,145,0,145,0,145,0,145,0,145,0,128,0.128,125,0.163,117,0.237
677240,,,,,,,,,,,,,,,,,,,,,
677254,,,,,,,,,,,,,,,,,,,,,
677275,43.2,43.2,0,43.2,0,43.2,0,43.2,0,43.2,0,43.2,0,43.2,0,40,0.08,33.7,0.282,29.3,0.474
677276,36,36,0,36,0,36,0,36,0,36,0,36,0,36,0,33.3,0.0811,29,0.241,27.6,0.304
677318,,,,,,,,,,,,,,,,,,,,,
677338,,,,,,,,,,,,,,,,,,,,,
677364,1.8,1.8,0,1.8,0,1.8,0,1.8,0,1.8,0,1.8,0,1.8,0,,,,,,
677385,,,,,,,,,,,,,,,,,,,,,
677431,8,8,0,8,0,10,-0.2,10,-0.2,9.8,-0.184,9.8,-0.184,8.8,-0.0909,9.4,-0.149,7.8,0.0256,9.4,-0.149
677530,181,181,0,181,0,181,0,181,0,181,0,181,0,181,0,181,0,,,136,0.332
677563,40.5,40.5,0,40.5,0,40.5,0,40.5,0,40.5,0,40.5,0,40.5,0,35,0.157,35,0.157,35,0.157
677566,3.5,3.5,0,3.5,0,3.5,0,3.5,0,3.5,0,3,0.167,,,,,,,,
677567,3.5,3.5,0,3.5,0,3.5,0,3.5,0,3.5,0,3,0.167,3.5,0,3.5,0,3.2,0.0938,3.2,0.0938
677568,3.5,3.5,0,3.5,0,3.5,0,3.5,0,3.5,0,3,0.167,3.5,0,3.5,0,3.2,0.0938,3.2,0.0938
677569,33.5,33.5,0,33.5,0,33.5,0,33.5,0,33.5,0,33.5,0,33.5,0,33.5,0,31,0.0806,31,0.0806
677572,10,10,0,10,0,10,0,10,0,10,0,10,0,10,0,9.6,0.0417,9.6,0.0417,8.9,0.124
677598,20.5,20.5,0,20.5,0,20.5,0,20.5,0,20.5,0,20.5,0,20.5,0,20.5,0,20.5,0,20.5,0
677601,189,189,0,189,0,189,0,189,0,189,0,189,0,189,0,205,-0.078,229,-0.175,229,-0.175
677603,239,239,0,239,0,239,0,239,0,239,0,239,0,239,0,220,0.0869,264,-0.0947,279,-0.143
677604,465,465,0,,,,,,,465,0,465,0,465,0,465,0,455,0.022,500,-0.0698
677671,85.9,85.9,0,85.9,0,85.9,0,85.9,0,85.9,0,85.9,0,85.9,0,,,79.6,0.0791,63.3,0.357
677672,,,,,,,,,,,,,,,,,,,,,
677673,43.8,43.8,0,43.8,0,43.8,0,43.8,0,43.8,0,43.8,0,43.8,0,40.4,0.0842,38.5,0.138,33.8,0.296
677683,22.9,22.9,0,,,,,20.5,0.117,,,,,,,20.5,0.117,20.5,0.117,20.5,0.117
677700,29,29,0,29,0,29,0,29,0,29,0,29,0,29,0,36.6,-0.208,30.5,-0.0492,20,0.45
677718,61,61,0,61,0,61,0,61,0,61,0,61,0,61,0,52.5,0.162,58.3,0.0463,44.3,0.377
677768,19.4,19.4,0,19.4,0,19.4,0,19.4,0,19.4,0,19.4,0,19.4,0,15.5,0.252,15.5,0.252,15.5,0.252
677771,,,,,,,,,,,,,,,,,,,,,
677825,112,112,0,,,,,112,0,112,0,112,0,112,0,112,0,112,0,112,0
677846,,,,,,,,,,,,,,,,,,,,,
677859,24.8,,,,,,,24.8,0,24.8,0,24.8,0,24.8,0,24.4,0.0164,24.4,0.0164,23,0.0783
677868,,,,,,,,,,,,,,,,,,,,,
677870,,,,,,,,,,,,,,,,,,,,,
677871,15,15,0,15,0,15,0,13.5,0.111,13.5,0.111,13.5,0.111,13.5,0.111,,,12.5,0.2,,
677883,160,160,0,160,0,160,0,160,0,160,0,160,0,160,0,145,0.105,143,0.124,133,0.209
677900,25,25,0,25,0,25,0,22.5,0.111,22.5,0.111,22.5,0.111,22.5,0.111,20.6,0.214,20.6,0.214,20,0.25
677902,,,,,,,,,,,,,,,,,,,,,
677953,,,,,,,,,,,,,,,,,,,,,
677954,82.9,82.9,0,82.9,0,82.9,0,82.9,0,96.6,-0.142,86.6,-0.0427,96.6,-0.142,,,77.4,0.0711,76,0.0908
678011,22,22,0,22,0,22,0,22,0,22,0,22,0,22,0,22,0,21,0.0476,21,0.0476
678016,19.4,19.4,0,19.4,0,19.4,0,19.4,0,19.4,0,19.4,0,19.4,0,19.4,0,17.5,0.109,17.5,0.109
678018,19.4,19.4,0,19.4,0,19.4,0,19.4,0,19.4,0,19.4,0,19.4,0,19.4,0,17.5,0.109,17.5,0.109
678019,19.4,19.4,0,19.4,0,19.4,0,19.4,0,19.4,0,19.4,0,19.4,0,19.4,0,17.5,0.109,17.5,0.109
678082,,,,,,,,,,,,,,,,,,,,,
678091,,,,,,,,,,,,,,,,,,,,,
678092,,,,,,,,,,,,,,,,,,,,,
678108,16.9,16.9,0,16.9,0,16.9,0,16.9,0,14.5,0.166,12.9,0.31,14.5,0.166,14.5,0.166,13.8,0.225,13.8,0.225
678109,22,22,0,22,0,22,0,22,0,22,0,22,0,22,0,22,0,18,0.222,18,0.222
678110,,,,,,,,,,,,,,,,,,,,,
678111,8,8,0,8,0,8,0,8,0,8,0,8,0,8,0,8,0,7,0.143,7,0.143
678112,9.5,9.5,0,9.5,0,9.5,0,9.5,0,9.5,0,9.5,0,9.5,0,9.5,0,7.5,0.267,7.5,0.267
678146,7,7,0,7,0,7,0,7,0,7,0,7,0,6.9,0.0145,,,,,6,0.167
678167,,,,,,,,,,,,,,,,,,,,,
678168,,,,,,,,,,,,,,,,,,,,,
678175,110,110,0,110,0,110,0,110,0,110,0,110,0,110,0,110,0,68.9,0.595,62.9,0.747
678176,28.5,28.5,0,28.5,0,28.5,0,28.5,0,28.5,0,28.5,0,28.5,0,28.5,0,19.5,0.462,17.9,0.592
678219,27,27,0,27,0,27,0,27,0,27,0,27,0,29.5,-0.0847,,,29,-0.069,28,-0.0357
678222,43,43,0,43,0,43,0,43,0,43,0,43,0,43,0,43,0,32,0.344,32,0.344
678224,31.4,31.4,0,31.4,0,31.4,0,31.4,0,31.4,0,31.4,0,31.4,0,31.4,0,28,0.121,28,0.121
678225,31.4,31.4,0,31.4,0,31.4,0,31.4,0,31.4,0,31.4,0,31.4,0,31.4,0,28,0.121,28,0.121
678240,,,,,,,,,,,,,,,,,,,,,
678241,8.8,8.8,0,8.8,0,8.8,0,8.8,0,8.7,0.0115,8,0.1,8.7,0.0115,8.7,0.0115,8,0.1,7.5,0.173
678242,8.7,8.7,0,8.7,0,8.7,0,8.7,0,8.7,0,8.7,0,8.7,0,8.7,0,8,0.0875,7.5,0.16
678243,8.7,8.7,0,8.7,0,8.7,0,8.7,0,8.7,0,8.7,0,8.7,0,8.7,0,8,0.0875,7.5,0.16
678244,8.7,8.7,0,8.7,0,8.7,0,8.7,0,8.7,0,8.7,0,8.7,0,8.7,0,8,0.0875,7.5,0.16
678245,8.7,8.7,0,8.7,0,8.7,0,8.7,0,8.7,0,8.7,0,8.7,0,8.7,0,8,0.0875,7.5,0.16
678246,8.7,8.7,0,8.7,0,8.7,0,8.7,0,8.7,0,8.7,0,8.7,0,8.7,0,8,0.0875,7.5,0.16
678247,15,15,0,15,0,15,0,15,0,15,0,13.9,0.0791,15,0,15,0,13.5,0.111,,
678248,15,15,0,15,0,15,0,15,0,15,0,13.9,0.0791,15,0,15,0,13.5,0.111,13.5,0.111
678263,13.9,,,,,,,,,13.9,0,13.9,0,13.9,0,13.9,0,10.8,0.287,6.5,1.14
678264,,,,,,,,,,,,,,,,,,,,,
678265,22.4,,,,,,,,,,,,,22.4,0,22.4,0,17.9,0.251,10.5,1.13
678266,16,16,0,16,0,16,0,16,0,16,0,16,0,16,0,20.4,-0.216,16.5,-0.0303,10,0.6
678268,,,,,,,,,,,,,,,,,,,,,
678337,25.4,25.4,0,25.4,0,25.4,0,25.4,0,25.4,0,25.4,0,25.4,0,27.1,-0.0627,,,,
678342,33.9,33.9,0,33.9,0,33.9,0,33.9,0,33.9,0,33.9,0,33.9,0,36.3,-0.0661,36.3,-0.0661,25.8,0.314
678348,25.4,25.4,0,25.4,0,25.4,0,25.4,0,25.4,0,25.4,0,25.4,0,27.3,-0.0696,27.3,-0.0696,21.4,0.187
678357,49,49,0,49,0,49,0,49,0,49,0,,,49,0,49,0,49,0,,
678361,107,107,0,107,0,107,0,107,0,107,0,107,0,79.8,0.341,79.8,0.341,79.8,0.341,68.2,0.569
678368,72.5,72.5,0,72.5,0,72.5,0,72.5,0,72.5,0,72.5,0,72.5,0,65.9,0.1,55,0.318,55,0.318
678369,120,120,0,120,0,120,0,120,0,120,0,120,0,120,0,112,0.0667,112,0.0667,,
678370,,,,,,,,,,,,,,,,,,,,,
678398,,,,,,,,,,,,,,,,,,,,,
678429,12,12,0,12,0,12,0,12,0,,,12,0,12,0,11.8,0.0169,,,10.4,0.154
678445,28.5,28.5,0,28.5,0,28.5,0,28.5,0,28.5,0,28.5,0,28.5,0,28.5,0,26.8,0.0634,26.8,0.0634
678450,,,,,,,,,,,,,,,,,,,,,
678459,16.8,16.8,0,16.8,0,16.8,0,16.8,0,16.8,0,16.8,0,16.8,0,16.8,0,15.5,0.0839,15,0.12
678460,,,,,,,,,,,,,,,,,,,,,
678461,,,,,,,,,,,,,,,,,,,,,
678462,,,,,,,,,,,,,,,,,,,,,
678521,18,18,0,18,0,18,0,18,0,18,0,18,0,17.7,0.0169,16.7,0.0778,16,0.125,15.4,0.169
678522,29.6,29.6,0,,,29.6,0,,,29.6,0,29.6,0,28.7,0.0314,26.8,0.104,25.6,0.156,24.5,0.208
678556,,,,,,,,,,,,,,,,,,,,,
678644,9.6,9.6,0,9.6,0,9.6,0,9.6,0,9.4,0.0213,9.4,0.0213,7.5,0.28,9.4,0.0213,7.8,0.231,9.3,0.0323
678646,59.4,59.4,0,59.4,0,59.4,0,59.4,0,59.4,0,,,59.4,0,57.5,0.033,50,0.188,50,0.188
678657,,,,,,,,,,,,,,,,,,,,,
678659,18.8,18.8,0,18.8,0,18.8,0,18.8,0,18.8,0,18.8,0,18.8,0,18.8,0,18.8,0,18.8,0
678672,111,111,0,111,0,111,0,111,0,111,0,111,0,111,0,99,0.123,112,-0.0107,109,0.0202
678673,166,166,0,166,0,166,0,166,0,166,0,166,0,166,0,150,0.105,148,0.122,144,0.151
678685,,,,,,,,,,,,,,,,,,,,,
678709,,,,,,,,,,,,,,,,,,,,,
678710,11.5,11.5,0,11.5,0,11.5,0,11.5,0,11.5,0,11.5,0,11.5,0,11.5,0,9,0.278,9.7,0.186
678711,11.5,11.5,0,11.5,0,11.5,0,11.5,0,11.5,0,11.5,0,11.5,0,11.5,0,9,0.278,9.7,0.186
678712,10.5,10.5,0,10.5,0,10.5,0,10.5,0,10.5,0,10.5,0,10.5,0,10.5,0,9,0.167,9.3,0.129
678718,,,,,,,,,,,,,,,,,,,,,
678719,,,,,,,,,,,,,,,,,,,,,
678722,29.5,29.5,0,29.5,0,29.5,0,29.5,0,29.5,0,29.5,0,29.5,0,27.5,0.0727,25,0.18,25,0.18
678723,29.5,29.5,0,29.5,0,29.5,0,29.5,0,29.5,0,,,29.5,0,,,25,0.18,25,0.18
678732,18,18,0,18,0,22.9,-0.214,22.9,-0.214,22.9,-0.214,20.9,-0.139,23.9,-0.247,23.9,-0.247,20.9,-0.139,22,-0.182
678748,3.7,3.7,0,3.7,0,3.7,0,3.7,0,3.7,0,3.7,0,3.7,0,3.7,0,3.5,0.0571,3.5,0.0571
678753,13,13,0,13,0,13,0,13,0,13,0,13,0,11.5,0.13,13,0,13.5,-0.037,13.5,-0.037
678755,13,13,0,13,0,13,0,13,0,13,0,13,0,13,0,13,0,13.5,-0.037,13.5,-0.037
678766,28,28,0,28,0,28,0,28,0,21,0.333,21,0.333,21,0.333,20,0.4,20,0.4,16.2,0.728
678767,26.9,26.9,0,26.9,0,26.9,0,26.9,0,21,0.281,21,0.281,21,0.281,20,0.345,20,0.345,16.2,0.66
678768,31,31,0,31,0,31,0,31,0,21,0.476,21,0.476,21,0.476,20,0.55,20,0.55,16.2,0.914
678769,30,30,0,30,0,30,0,30,0,21,0.429,21,0.429,21,0.429,20,0.5,20,0.5,16.2,0.852
678770,28,28,0,28,0,28,0,28,0,21,0.333,21,0.333,21,0.333,20,0.4,20,0.4,16.2,0.728
678771,26.9,26.9,0,26.9,0,26.9,0,26.9,0,21,0.281,21,0.281,21,0.281,20,0.345,20,0.345,16.2,0.66
678776,93.5,93.5,0,93.5,0,93.5,0,93.5,0,93.5,0,93.5,0,93.5,0,93.5,0,76,0.23,76,0.23
678787,15.5,15.5,0,15.5,0,15.5,0,14.5,0.069,14.5,0.069,14.5,0.069,14.5,0.069,14,0.107,13.5,0.148,13.5,0.148
678788,15.5,15.5,0,15.5,0,15.5,0,14.5,0.069,14.5,0.069,14.5,0.069,14.5,0.069,14,0.107,13.5,0.148,13.5,0.148
678803,18.5,18.5,0,18.5,0,18.5,0,18.5,0,18.5,0,18.5,0,18.5,0,17.5,0.0571,17.5,0.0571,15,0.233
678804,18.5,18.5,0,18.5,0,18.5,0,18.5,0,18.5,0,18.5,0,18.5,0,17.5,0.0571,17.5,0.0571,15,0.233
678805,22.5,22.5,0,22.5,0,22.5,0,22.5,0,22.5,0,22.5,0,22.5,0,,,17.5,0.286,15,0.5
678811,3.9,3.9,0,3.9,0,3.9,0,3.9,0,3.7,0.0541,3.7,0.0541,3.7,0.0541,3.7,0.0541,3.7,0.0541,3.7,0.0541
678812,6.3,6.3,0,6.3,0,6.3,0,6.3,0,6.3,0,6.3,0,6.3,0,,,,,,
678814,80,80,0,80,0,80,0,80,0,80,0,80,0,80,0,80,0,80,0,72,0.111
678815,,,,,,,,,,,,,,,,,,,,,
678816,27,27,0,27,0,27,0,27,0,27,0,27,0,27,0,27,0,27,0,24.5,0.102
678817,27,27,0,27,0,27,0,27,0,27,0,27,0,27,0,27,0,27,0,24.5,0.102
678818,27,27,0,27,0,27,0,27,0,27,0,27,0,27,0,27,0,27,0,24.5,0.102
678819,36,36,0,36,0,36,0,36,0,36,0,36,0,36,0,36,0,36,0,32.5,0.108
678821,35.5,35.5,0,35.5,0,35.5,0,35.5,0,35.5,0,35.5,0,,,35.5,0,35.5,0,32,0.109
678822,27,27,0,27,0,27,0,27,0,27,0,27,0,27,0,27,0,27,0,24.5,0.102
678823,27,27,0,27,0,27,0,27,0,27,0,27,0,27,0,27,0,27,0,24.5,0.102
678824,27,27,0,27,0,27,0,27,0,27,0,27,0,27,0,27,0,27,0,24.5,0.102
678825,,,,,,,,,,,,,,,,,,,,,
678826,35.5,35.5,0,35.5,0,35.5,0,35.5,0,35.5,0,35.5,0,35.5,0,35.5,0,35.5,0,32,0.109
678828,27,27,0,27,0,27,0,27,0,27,0,27,0,,,27,0,27,0,24.6,0.0976
678829,35.5,35.5,0,35.5,0,35.5,0,35.5,0,35.5,0,35.5,0,35.5,0,35.5,0,35.5,0,32,0.109
678830,20,20,0,20,0,20,0,20,0,20,0,20,0,20,0,20,0,20,0,18.5,0.0811
678833,,,,,,,,,,,,,,,,,,,,,
678840,20,20,0,20,0,20,0,20,0,20,0,19.5,0.0256,19.5,0.0256,23.5,-0.149,20.5,-0.0244,18.5,0.0811
678842,,,,,,,,,,,,,,,,,,,,,
678843,,,,,,,,,,,,,,,,,,,,,
678847,23.5,23.5,0,23.5,0,23.5,0,23.5,0,23.5,0,23.5,0,23.5,0,23.5,0,23,0.0217,16.5,0.424
678848,34,34,0,34,0,34,0,34,0,34,0,34,0,34,0,29.5,0.153,29.5,0.153,29.5,0.153
678849,20,20,0,20,0,20,0,20,0,20,0,19.5,0.0256,,,23.5,-0.149,20.5,-0.0244,18.5,0.0811
678851,37.5,37.5,0,37.5,0,37.5,0,,,37.5,0,37.5,0,37.5,0,37.5,0,32.5,0.154,31,0.21
678852,6.5,6.5,0,6.5,0,6.5,0,6.5,0,6.5,0,6.5,0,6.5,0,6.5,0,5.5,0.182,5,0.3
678853,6.5,6.5,0,6.5,0,6.5,0,6.5,0,6.5,0,6.5,0,6.5,0,6.5,0,5.5,0.182,5,0.3
678855,6.5,6.5,0,6.5,0,6.5,0,,,6.5,0,6.5,0,6.5,0,6.5,0,5.5,0.182,5,0.3
678856,62,62,0,62,0,62,0,62,0,62,0,62,0,62,0,62,0,,,58.5,0.0598
678857,62,62,0,62,0,62,0,62,0,62,0,62,0,62,0,62,0,59.5,0.042,58.5,0.0598
678858,25,25,0,25,0,25,0,25,0,25,0,25,0,25,0,25,0,22.5,0.111,20,0.25
678899,48,48,0,48,0,48,0,48,0,48,0,48,0,48,0,,,,,22.5,1.13
678919,49,49,0,49,0,49,0,49,0,44.9,0.0913,52,-0.0577,52,-0.0577,52,-0.0577,42.5,0.153,37.5,0.307
678941,,,,,,,,,,,,,,,,,,,,,
678943,31.3,31.3,0,31.3,0,31.3,0,31.3,0,,,28.8,0.0868,28.8,0.0868,28.8,0.0868,28.8,0.0868,27.5,0.138
678959,46,46,0,46,0,46,0,46,0,70,-0.343,70,-0.343,70,-0.343,70,-0.343,43,0.0698,,
678961,107,107,0,107,0,107,0,,,,,,,,,,,,,93,0.151
678976,136,136,0,136,0,136,0,136,0,136,0,136,0,136,0,136,0,,,,
678984,1.9,1.9,0,1.9,0,1.9,0,1.9,0,1.9,0,1.5,0.267,,,1.9,0,1.5,0.267,1.5,0.267
678989,12.5,12.5,0,12.5,0,12.5,0,12.5,0,,,12.5,0,12.5,0,12.5,0,10.5,0.19,9.3,0.344
678994,,,,,,,,,,,,,,,,,,,,,
678995,,,,,,,,,,,,,,,,,,,,,
678996,14,14,0,14,0,14,0,14,0,14,0,14,0,14,0,13.2,0.0606,12.6,0.111,12.5,0.12
678997,20.3,20.3,0,,,20.3,0,,,20.3,0,20.3,0,20.3,0,20,0.015,19.9,0.0201,19,0.0684
678998,,,,,,,,,,,,,,,,,,,,,
678999,,,,,,,,,,,,,,,,,,,,,
679000,,,,,,,,,,,,,,,,,,,,,
679002,,,,,,,,,,,,,,,,,,,,,
679011,27.5,27.5,0,27.5,0,27.5,0,27.5,0,27.5,0,27.5,0,27.5,0,27.5,0,21.2,0.297,,
679012,27.5,27.5,0,27.5,0,27.5,0,27.5,0,27.5,0,27.5,0,27.5,0,27.5,0,21.2,0.297,,
679013,27.5,27.5,0,27.5,0,27.5,0,27.5,0,27.5,0,27.5,0,27.5,0,27.5,0,,,21.2,0.297
679014,27.5,27.5,0,27.5,0,27.5,0,27.5,0,27.5,0,27.5,0,27.5,0,27.5,0,21.2,0.297,,
679015,,,,,,,,,,,,,,,,,,,,,
679016,,,,,,,,,,,,,,,,,,,,,
679017,27.5,27.5,0,27.5,0,27.5,0,27.5,0,27.5,0,,,27.5,0,27.5,0,21.2,0.297,,
679102,53,53,0,53,0,53,0,53,0,53,0,53,0,53,0,48,0.104,34,0.559,29,0.828
679112,,,,,,,,,,,,,,,,,,,,,
679121,10.9,10.9,0,10.9,0,10.9,0,10.9,0,10.9,0,10.9,0,10.9,0,10.9,0,9.9,0.101,9.9,0.101
679122,10.9,10.9,0,10.9,0,10.9,0,10.9,0,10.9,0,10.9,0,10.9,0,10.9,0,9.9,0.101,,
679123,10.9,10.9,0,10.9,0,10.9,0,10.9,0,10.9,0,10.9,0,10.9,0,10.9,0,9.9,0.101,9.9,0.101
679124,10.9,10.9,0,10.9,0,10.9,0,10.9,0,10.9,0,10.9,0,10.9,0,10.9,0,9.9,0.101,9.9,0.101
679125,10.9,10.9,0,10.9,0,10.9,0,10.9,0,10.9,0,10.9,0,10.9,0,10.9,0,9.9,0.101,9.9,0.101
679129,21.6,21.6,0,21.6,0,21.6,0,21.6,0,21.6,0,21.6,0,21.6,0,21.6,0,19.1,0.131,19.1,0.131
679130,47.5,47.5,0,,,,,,,,,47.5,0,47.5,0,40,0.188,40,0.188,40,0.188
679131,,,,,,,,,,,,,,,,,,,,,
679132,,,,,,,,,,,,,,,,,,,,,
679133,,,,,,,,,,,,,,,,,,,,,
679134,,,,,,,,,,,,,,,,,,,,,
679153,6,6,0,6,0,6.5,-0.0769,6.5,-0.0769,6.5,-0.0769,6.5,-0.0769,6.5,-0.0769,6.5,-0.0769,5.5,0.0909,5,0.2
679165,19,19,0,19,0,19,0,19,0,19,0,19,0,,,19,0,17.5,0.0857,,
679172,,,,,,,,,,,,,,,,,,,,,
679173,52.5,52.5,0,52.5,0,52.5,0,52.5,0,,,,,46,0.141,,,46,0.141,43,0.221
679234,26.8,26.8,0,26.8,0,26.8,0,,,26.8,0,26.8,0,,,26.4,0.0152,26.3,0.019,25.5,0.051
679235,,,,,,,,,,,,,,,,,,,,,
679237,36,36,0,36,0,36,0,36,0,36,0,36,0,36,0,36,0,36,0,35,0.0286
679238,187,187,0,,,,,187,0,,,,,168,0.111,168,0.111,168,0.111,157,0.189
679244,48,48,0,48,0,48,0,48,0,48,0,48,0,48,0,48,0,48,0,44,0.0909
679252,14.5,14.5,0,14.5,0,14.5,0,14.5,0,14.5,0,14.5,0,14.5,0,,,12.5,0.16,12.5,0.16
679253,31.9,31.9,0,31.9,0,31.9,0,35.9,-0.111,35.9,-0.111,35.9,-0.111,45.5,-0.299,45.5,-0.299,33,-0.0333,28,0.139
679254,1.6,1.6,0,1.6,0,1.6,0,1.6,0,1.6,0,1.6,0,1.6,0,1.6,0,1.3,0.231,1.3,0.231
679255,1.6,1.6,0,1.6,0,1.6,0,1.6,0,1.6,0,1.6,0,1.6,0,1.6,0,1.3,0.231,1.3,0.231
679256,1.6,1.6,0,1.6,0,1.6,0,1.6,0,1.6,0,1.6,0,1.6,0,1.6,0,1.3,0.231,1.3,0.231
679260,,,,,,,,,,,,,,,,,,,,,
679261,16.5,16.5,0,16.5,0,16.5,0,16.5,0,16.5,0,16.5,0,16.5,0,13.4,0.231,11.9,0.387,10.7,0.542
679262,16.5,16.5,0,16.5,0,16.5,0,16.5,0,16.5,0,16.5,0,16.5,0,13.4,0.231,11.9,0.387,10.7,0.542
679263,16.5,16.5,0,16.5,0,16.5,0,16.5,0,16.5,0,16.5,0,16.5,0,13.4,0.231,11.9,0.387,10.7,0.542
679264,1.6,1.6,0,1.6,0,1.6,0,1.6,0,1.6,0,1.6,0,1.6,0,1.6,0,1.3,0.231,1.3,0.231
679265,1.6,1.6,0,1.6,0,1.6,0,1.6,0,1.6,0,1.6,0,1.6,0,1.6,0,1.3,0.231,1.3,0.231
679266,1.6,1.6,0,,,,,1.6,0,1.6,0,1.6,0,1.6,0,,,,,,
679267,1.6,1.6,0,1.6,0,1.6,0,1.6,0,1.6,0,1.6,0,1.6,0,1.6,0,1.2,0.333,1.2,0.333
679285,60.5,60.5,0,60.5,0,60.5,0,60.5,0,60.5,0,60.5,0,60.5,0,65.8,-0.0805,65.8,-0.0805,51.6,0.172
679322,2,,,,,,,1.5,0.333,2,0,2,0,2,0,2,0,2.1,-0.0476,2.1,-0.0476
679366,,,,,,,,,,,,,,,,,,,,,
679372,22.8,22.8,0,22.8,0,22.8,0,22.8,0,22.8,0,22.8,0,22.8,0,23.9,-0.046,19,0.2,15.2,0.5
679375,,,,,,,,,,,,,,,,,,,,,
679376,38.7,45.5,-0.149,45.5,-0.149,45.5,-0.149,66.6,-0.419,66.6,-0.419,66.6,-0.419,66.6,-0.419,70.1,-0.448,62.5,-0.381,45.9,-0.157
679377,24.2,24.2,0,24.2,0,18,0.344,18,0.344,24.2,0,24.2,0,24.2,0,24.2,0,20,0.21,15,0.613
679389,9.9,9.9,0,9.9,0,9.9,0,9.9,0,9.9,0,9.9,0,9.9,0,9.9,0,9.9,0,9.9,0
679401,125,125,0,125,0,125,0,125,0,125,0,125,0,125,0,125,0,125,0,125,0
679413,,,,,,,,,,,,,,,,,,,,,
679422,,,,,,,,,,,,,,,,,,,,,
679428,,,,,,,,,,,,,,,,,,,,,
679429,,,,,,,,,,,,,,,,,,,,,
679430,,,,,,,,,,,,,,,,,,,,,
679435,2.5,2.5,0,2.5,0,2.5,0,2.5,0,2.5,0,2.5,0,2.5,0,2,0.25,2,0.25,2,0.25
679436,2.5,2.5,0,2.5,0,2.5,0,2.5,0,2.5,0,2.5,0,2.5,0,2,0.25,2,0.25,2,0.25
679437,2.5,2.5,0,2.5,0,2.5,0,2.5,0,2.5,0,2.5,0,2.5,0,2,0.25,2,0.25,2,0.25
679438,4.5,4.5,0,4.5,0,4.5,0,4.5,0,4.5,0,4.5,0,4.5,0,,,3,0.5,3,0.5
679439,3.5,3.5,0,3.5,0,3.5,0,3.5,0,3.5,0,3.5,0,3.5,0,3,0.167,3,0.167,3,0.167
679441,3.5,3.5,0,3.5,0,3.5,0,3.5,0,3.5,0,3.5,0,3.5,0,3,0.167,3,0.167,3,0.167
679454,3.5,3.5,0,3.5,0,3.5,0,3.5,0,3.5,0,3.5,0,3.5,0,3,0.167,3,0.167,3,0.167
679455,3.5,3.5,0,3.5,0,3.5,0,3.5,0,3.5,0,3.5,0,3.5,0,3,0.167,3,0.167,3,0.167
679457,3.5,3.5,0,3.5,0,3.5,0,3.5,0,3.5,0,3.5,0,3.5,0,3,0.167,3,0.167,3,0.167
679462,,,,,,,,,,,,,,,,,,,,,
679463,49,49,0,49,0,49,0,49,0,49,0,49,0,49,0,43,0.14,39,0.256,35,0.4
679464,49,49,0,49,0,49,0,49,0,49,0,49,0,49,0,43,0.14,39,0.256,35,0.4
679465,49,49,0,49,0,49,0,49,0,49,0,49,0,49,0,43,0.14,39,0.256,35,0.4
679466,49,49,0,49,0,49,0,49,0,49,0,49,0,49,0,43,0.14,39,0.256,35,0.4
679481,41,41,0,,,,,,,,,41,0,41,0,,,41,0,41,0
679482,41,41,0,,,,,,,,,41,0,41,0,,,41,0,,
679483,41,41,0,,,,,,,,,41,0,,,,,41,0,,
679484,41,41,0,,,,,,,,,41,0,41,0,,,41,0,41,0
679486,41,41,0,,,,,,,,,41,0,,,,,41,0,41,0
679574,1,1,0,1,0,1,0,1,0,1,0,1,0,1,0,1,0,,,,
679576,19.5,19.5,0,19.5,0,19.5,0,19.5,0,16,0.219,16,0.219,16,0.219,16,0.219,,,15,0.3
679604,178,178,0,178,0,178,0,178,0,178,0,178,0,178,0,175,0.0143,175,0.0143,,
679611,112,112,0,112,0,112,0,112,0,112,0,112,0,112,0,,,,,,
679653,15,15,0,15,0,15,0,15,0,15,0,15,0,15,0,15,0,13.5,0.111,12.5,0.2
679713,23,23,0,23,0,23,0,23,0,,,,,,,36.6,-0.372,32.5,-0.292,24.2,-0.0496
679714,64,64,0,64,0,64,0,64,0,64,0,64,0,64,0,64,0,52,0.231,,
679720,10.9,10.9,0,10.9,0,10.9,0,10.9,0,10.9,0,10.9,0,10.9,0,9.8,0.112,7.6,0.434,,
679721,,,,,,,,,,,,,,,,,,,,,
679756,13.5,13.5,0,13.5,0,13.5,0,13.5,0,13.5,0,13.5,0,13.5,0,13.5,0,12.5,0.08,12.5,0.08
679766,45,45,0,45,0,45,0,45,0,45,0,45,0,45,0,45,0,22.5,1,22.5,1
679773,,,,,,,,,,,,,,,,,,,,,
679775,,,,,,,,,,,,,,,,,,,,,
679789,98.9,98.9,0,98.9,0,98.9,0,98.9,0,98.9,0,98.9,0,98.9,0,97.5,0.0144,96.9,0.0206,94.5,0.0466
679791,,,,,,,,,,,,,,,,,,,,,
679792,3,3,0,3,0,3,0,3,0,3,0,3,0,3,0,,,,,,
679793,3,3,0,3,0,3,0,3,0,3,0,3,0,3,0,,,,,,
679795,,,,,,,,,,,,,,,,,,,,,
679819,,,,,,,,,,,,,,,,,,,,,
679820,,,,,,,,,,,,,,,,,,,,,
679846,,,,,,,,,,,,,,,,,,,,,
679857,,,,,,,,,,,,,,,,,,,,,
679868,,,,,,,,,,,,,,,,,,,,,
679878,14,14,0,14,0,14,0,14,0,14,0,,,,,12,0.167,11,0.273,9.7,0.443
679895,,,,,,,,,,,,,,,,,,,,,
679898,55.5,55.5,0,55.5,0,55.5,0,55.5,0,52.5,0.0571,52.5,0.0571,52.5,0.0571,52.5,0.0571,50,0.11,41,0.354
679919,,,,,,,,,,,,,,,,,,,,,
679944,,,,,,,,,,,,,,,,,,,,,
679945,26.2,26.2,0,,,26.2,0,26.2,0,,,26.2,0,26.2,0,25.7,0.0195,25.6,0.0234,24.8,0.0565
679948,,,,,,,,,,,,,,,,,,,,,
679957,,,,,,,,,,,,,,,,,,,,,
679985,15,15,0,15,0,15,0,15,0,18.9,-0.206,18.9,-0.206,15.9,-0.0566,21.4,-0.299,20.5,-0.268,19.5,-0.231
679986,15,15,0,15,0,15,0,15,0,18.9,-0.206,18.9,-0.206,15.9,-0.0566,21.4,-0.299,20.5,-0.268,19.5,-0.231
679994,,,,,,,,,,,,,,,,,,,,,
681000,45,45,0,45,0,45,0,45,0,45,0,45,0,45,0,45,0,29.5,0.525,29.5,0.525
681001,30,30,0,30,0,30,0,30,0,47,-0.362,47,-0.362,47,-0.362,47,-0.362,30.6,-0.0196,30.6,-0.0196
681002,31,31,0,31,0,31,0,31,0,47,-0.34,47,-0.34,47,-0.34,47,-0.34,30.6,0.0131,30.6,0.0131
681003,,,,,,,,,,,,,,,,,,,,,
681004,32,32,0,32,0,32,0,32,0,38.5,-0.169,38.5,-0.169,38.5,-0.169,,,34,-0.0588,34,-0.0588
681005,,,,,,,,,,,,,,,,,,,,,
681006,,,,,,,,,,,,,,,,,,,,,
681007,,,,,,,,,,,,,,,,,,,,,
681008,159,159,0,159,0,159,0,159,0,,,,,,,,,110,0.447,110,0.447
685452,16.5,16.5,0,16.5,0,16.5,0,16.5,0,16.5,0,16.5,0,16.5,0,13.4,0.231,11.9,0.387,10.7,0.542
686980,29.9,29.9,0,29.9,0,29.9,0,29.9,0,29.9,0,29.9,0,29.9,0,30,-0.00333,22.9,0.306,20,0.495
687068,,,,,,,,,,,,,,,,,,,,,
687700,,,,,,,,,,,,,,,,,,,,,
687777,,,,,,,,,,,,,,,,,,,,,
687793,,,,,,,,,,,,,,,,,,,,,
687823,,,,,,,,,,,,,,,,,,,,,
687920,,,,,,,,,,,,,,,,,,,,,
688269,,,,,,,,,,,,,,,,,,,,,
688277,,,,,,,,,,,,,,,,,,,,,
688315,,,,,,,,,,,,,,,,,,,,,
688404,,,,,,,,,,,,,,,,,,,,,
688463,,,,,,,,,,,,,,,,,,,,,
688498,,,,,,,,,,,,,,,,,,,,,
688552,,,,,,,,,,,,,,,,,,,,,
689991,15.9,15.9,0,15.9,0,17.9,-0.112,17.9,-0.112,17.9,-0.112,,,17.9,-0.112,17.9,-0.112,16.5,-0.0364,,
690488,46.5,46.5,0,46.5,0,46.5,0,46.5,0,46.5,0,46.5,0,46.5,0,46.5,0,30,0.55,30,0.55
690495,46.5,46.5,0,46.5,0,46.5,0,46.5,0,46.5,0,46.5,0,46.5,0,46.5,0,30,0.55,30,0.55
690496,46.5,46.5,0,46.5,0,46.5,0,46.5,0,46.5,0,46.5,0,46.5,0,46.5,0,,,30,0.55
690497,48,48,0,48,0,48,0,48,0,48,0,48,0,48,0,,,30,0.6,30,0.6
690498,46.5,46.5,0,46.5,0,46.5,0,46.5,0,46.5,0,46.5,0,46.5,0,,,,,,
690504,25,25,0,25,0,25,0,25,0,25,0,25,0,25,0,25,0,25,0,25,0
690519,48,48,0,48,0,48,0,48,0,48,0,48,0,48,0,48,0,48.5,-0.0103,48.5,-0.0103
690539,75.5,,,,,,,,,,,75.5,0,75.5,0,61.1,0.236,61,0.238,61,0.238
690544,60.9,60.9,0,60.9,0,60.9,0,60.9,0,60.9,0,60.9,0,60.9,0,60.9,0,,,,
690559,96,96,0,96,0,96,0,96,0,96,0,96,0,96,0,61.1,0.571,61,0.574,,
690564,60.9,60.9,0,60.9,0,60.9,0,60.9,0,,,,,60.9,0,60.9,0,61,-0.00164,61,-0.00164
690584,75.5,,,,,,,,,,,,,57.4,0.315,57.4,0.315,57.5,0.313,57.5,0.313
690608,56.1,56.1,0,56.1,0,56.1,0,56.1,0,56.1,0,56.1,0,56.1,0,56.1,0,47.5,0.181,,
690846,,,,,,,,,,,,,,,,,,,,,
690956,105,105,0,105,0,105,0,105,0,105,0,105,0,105,0,105,0,64,0.641,58,0.81
691010,,,,,,,,,,,,,,,,,,,,,
691011,,,,,,,,,,,,,,,,,,,,,
691014,,,,,,,,,,,,,,,,,,,,,
691015,,,,,,,,,,,,,,,,,,,,,
691018,,,,,,,,,,,,,,,,,,,,,
691019,,,,,,,,,,,,,,,,,,,,,
691022,,,,,,,,,,,,,,,,,,,,,
691023,,,,,,,,,,,,,,,,,,,,,
691024,,,,,,,,,,,,,,,,,,,,,
691026,,,,,,,,,,,,,,,,,,,,,
691028,,,,,,,,,,,,,,,,,,,,,
691029,,,,,,,,,,,,,,,,,,,,,
691030,,,,,,,,,,,,,,,,,,,,,
691092,,,,,,,,,,,,,,,,,,,,,
691285,22.5,22.5,0,22.5,0,22.5,0,22.5,0,24.5,-0.0816,24.5,-0.0816,24.5,-0.0816,24.5,-0.0816,18.5,0.216,15,0.5
691871,12.5,12.5,0,12.5,0,12.5,0,12.5,0,12.5,0,12.5,0,12.5,0,12.5,0,10.9,0.147,10.9,0.147
692125,27,27,0,27,0,27,0,27,0,27,0,27,0,27,0,40.2,-0.328,35.6,-0.242,26.2,0.0305
692128,12,12,0,12,0,12,0,12,0,12,0,12,0,12,0,16,-0.25,15.7,-0.236,,
692135,,,,,,,,,,,,,,,,,,,,,
692138,12,,,12,0,12,0,12,0,12,0,12,0,12,0,16,-0.25,15.7,-0.236,,
692145,6.5,,,,,6.5,0,6.5,0,6.5,0,6.5,0,6.5,0,8,-0.188,8.5,-0.235,,
692155,11.5,11.5,0,11.5,0,11.5,0,11.5,0,11.5,0,11.5,0,11.5,0,16,-0.281,15.3,-0.248,,
692158,14,14,0,14,0,14,0,14,0,14,0,14,0,18.5,-0.243,20,-0.3,19.5,-0.282,,
692165,16.5,16.5,0,16.5,0,16.5,0,16.5,0,16.5,0,16.5,0,16.5,0,24,-0.312,23.2,-0.289,17.2,-0.0407
692222,28,28,0,28,0,28,0,28,0,28,0,28,0,28,0,40,-0.3,35.6,-0.213,,
692323,18.5,18.5,0,18.5,0,18.5,0,18.5,0,18.5,0,18.5,0,18.5,0,26.8,-0.31,24,-0.229,19.6,-0.0561
693013,33.5,33.5,0,33.5,0,33.5,0,33.5,0,,,31.5,0.0635,30.5,0.0984,30.5,0.0984,20.5,0.634,21.9,0.53
693043,118,118,0,118,0,118,0,118,0,118,0,118,0,118,0,118,0,125,-0.06,125,-0.06
693058,78.9,78.9,0,78.9,0,78.9,0,78.9,0,,,78.9,0,76.9,0.026,75.9,0.0395,51.5,0.532,53.9,0.464
693083,335,335,0,335,0,335,0,335,0,335,0,335,0,320,0.0469,320,0.0469,253,0.324,253,0.324
693150,30,30,0,30,0,30,0,30,0,30,0,30,0,,,30,0,,,26,0.154
693414,,,,,,,,,,,,,,,,,,,,,
693434,,,,,,,,,,,,,,,,,,,,,
693538,138,138,0,138,0,138,0,138,0,138,0,138,0,138,0,138,0,97,0.418,97,0.418
693632,,,,,,,,,,,,,,,,,,,,,
694342,,,,,,,,,,,,,,,,,,,,,
694868,,,,,,,,,,,,,,,,,,,,,
695330,,,,,,,,,,,,,,,,,,,,,
695343,,,,,,,,,,,,,,,,,,,,,
695345,,,,,,,,,,,,,,,,,,,,,
695350,,,,,,,,,,,,,,,,,,,,,
695358,,,,,,,,,,,,,,,,,,,,,
695360,,,,,,,,,,,,,,,,,,,,,
695404,,,,,,,,,,,,,,,,,,,,,
695439,,,,,,,,,,,,,,,,,,,,,
695442,,,,,,,,,,,,,,,,,,,,,
695448,,,,,,,,,,,,,,,,,,,,,
695466,,,,,,,,,,,,,,,,,,,,,
695468,,,,,,,,,,,,,,,,,,,,,
695471,,,,,,,,,,,,,,,,,,,,,
695472,,,,,,,,,,,,,,,,,,,,,
695484,,,,,,,,,,,,,,,,,,,,,
695487,,,,,,,,,,,,,,,,,,,,,
695493,,,,,,,,,,,,,,,,,,,,,
695498,,,,,,,,,,,,,,,,,,,,,
695499,,,,,,,,,,,,,,,,,,,,,
695500,,,,,,,,,,,,,,,,,,,,,
695503,,,,,,,,,,,,,,,,,,,,,
695505,,,,,,,,,,,,,,,,,,,,,
695507,,,,,,,,,,,,,,,,,,,,,
695522,,,,,,,,,,,,,,,,,,,,,
695574,4.8,4.8,0,4.8,0,4.8,0,4.8,0,4.8,0,4.7,0.0213,4.7,0.0213,4.7,0.0213,4.5,0.0667,4,0.2
695589,4.8,4.8,0,4.8,0,4.8,0,4.8,0,4.8,0,4.7,0.0213,4.7,0.0213,4.7,0.0213,4.5,0.0667,4,0.2
695594,43.5,43.5,0,43.5,0,43.5,0,43.5,0,43.5,0,43.5,0,43.5,0,43.5,0,29.9,0.455,33,0.318
695603,1.5,1.5,0,1.5,0,1.5,0,1.5,0,1.5,0,1.5,0,1.5,0,1.5,0,1.5,0,1.3,0.154
695618,1.5,1.5,0,1.5,0,1.5,0,1.5,0,1.5,0,1.5,0,1.5,0,1.5,0,1.3,0.154,1.3,0.154
695638,1.5,1.5,0,1.5,0,1.5,0,1.5,0,1.5,0,1.5,0,1.5,0,1.5,0,1.3,0.154,1.3,0.154
695643,1.5,1.5,0,1.5,0,1.5,0,1.5,0,1.5,0,1.5,0,1.5,0,1.5,0,1.3,0.154,1.3,0.154
695658,1.5,1.5,0,1.5,0,1.5,0,1.5,0,1.5,0,1.5,0,1.5,0,1.5,0,1.5,0,1.3,0.154
695663,56,56,0,56,0,56,0,56,0,56,0,57,-0.0175,,,57,-0.0175,44.5,0.258,44.5,0.258
695677,59.4,54.9,0.082,54.9,0.082,54.9,0.082,54.9,0.082,54.9,0.082,54.9,0.082,54.9,0.082,50.4,0.179,47.7,0.245,53.1,0.118
695680,,,,,,,,,,,,,,,,,,,,,
695716,,,,,,,,,,,,,,,,,,,,,
695737,67.7,63.2,0.0712,63.2,0.0712,63.2,0.0712,63.2,0.0712,63.2,0.0712,63.2,0.0712,,,56.2,0.205,53.8,0.258,51.7,0.309
695738,67.7,63.2,0.0712,63.2,0.0712,63.2,0.0712,63.2,0.0712,63.2,0.0712,63.2,0.0712,63.2,0.0712,56.2,0.205,53.8,0.258,51.7,0.309
695739,67.7,63.2,0.0712,63.2,0.0712,63.2,0.0712,63.2,0.0712,63.2,0.0712,63.2,0.0712,63.2,0.0712,56.2,0.205,53.8,0.258,51.7,0.309
695740,,,,,,,,,,,,,,,,,,,,,
695741,152,152,0,152,0,152,0,152,0,,,,,,,150,0.0153,,,,
695743,,,,,,,,,,,,,,,,,,,,,
695754,67.7,63.2,0.071,63.2,0.071,63.2,0.071,63.2,0.071,63.2,0.071,63.2,0.071,56.2,0.204,56.2,0.204,53.7,0.261,51.7,0.309
695819,44.6,44.6,0,44.6,0,44.6,0,44.6,0,44.6,0,45.6,-0.0219,45.6,-0.0219,45.6,-0.0219,38,0.174,37,0.205
695822,,,,,,,,,,,,,,,,,,,,,
695823,178,178,0,178,0,178,0,178,0,178,0,178,0,178,0,178,0,,,,
695824,156,156,0,156,0,156,0,156,0,156,0,156,0,156,0,,,,,,
695828,,,,,,,,,,,,,,,,,,,,,
695829,,,,,,,,,,,,,,,,,,,,,
695830,,,,,,,,,,,,,,,,,,,,,
695831,,,,,,,,,,,,,,,,,,,,,
695832,,,,,,,,,,,,,,,,,,,,,
695833,,,,,,,,,,,,,,,,,,,,,
695834,,,,,,,,,,,,,,,,,,,,,
695835,,,,,,,,,,,,,,,,,,,,,
695837,,,,,,,,,,,,,,,,,,,,,
695840,,,,,,,,,,,,,,,,,,,,,
695856,21,21,0,21,0,21,0,21,0,21,0,21,0,21,0,21,0,18.5,0.135,16.5,0.273
695905,21,21,0,21,0,21,0,21,0,21,0,21,0,21,0,21,0,18.5,0.135,16.5,0.273
696001,,,,,,,,,,,,,,,,,,,,,
696004,,,,,,,,,,,,,,,,,,,,,
696015,,,,,,,,,,,,,,,,,,,,,
696078,,,,,,,,,,,,,,,,,,,,,
696537,30,30,0,30,0,30,0,30,0,30,0,26.5,0.132,26.5,0.132,28.5,0.0526,28.5,0.0526,28.5,0.0526
696597,,,,,,,,,,,,,,,,,,,,,
696602,60.5,60.5,0,60.5,0,60.5,0,60.5,0,60.5,0,60.5,0,60.5,0,65.8,-0.0805,65.8,-0.0805,51.6,0.172
696626,,,,,,,,,,,,,,,,,,,,,
696646,60.5,60.5,0,60.5,0,60.5,0,60.5,0,60.5,0,60.5,0,60.5,0,65.8,-0.0805,65.8,-0.0805,51.6,0.172
696686,30,30,0,30,0,30,0,30,0,30,0,36.5,-0.178,36.5,-0.178,41,-0.268,38.5,-0.221,30,0
696691,30,30,0,30,0,30,0,30,0,30,0,36.5,-0.178,36.5,-0.178,41,-0.268,38.5,-0.221,30,0
696700,30,30,0,30,0,30,0,30,0,30,0,36.5,-0.178,36.5,-0.178,41,-0.268,38.5,-0.221,30,0
696715,30,30,0,30,0,30,0,30,0,30,0,41,-0.268,41,-0.268,41,-0.268,38.5,-0.221,30,0
696908,72,72,0,,,72,0,72,0,72,0,72,0,72,0,72,0,72,0,66,0.0909
696913,72,72,0,72,0,72,0,72,0,72,0,72,0,72,0,72,0,72,0,66,0.0909
696928,72,72,0,72,0,72,0,72,0,72,0,72,0,72,0,72,0,72,0,66,0.0909
696933,72,72,0,72,0,72,0,72,0,72,0,72,0,72,0,72,0,72,0,66,0.0909
696948,57,57,0,57,0,57,0,57,0,57,0,57,0,57,0,57,0,57,0,51,0.118
696953,57,57,0,,,57,0,57,0,57,0,57,0,57,0,57,0,57,0,52,0.0962
696968,57,57,0,57,0,57,0,57,0,57,0,57,0,57,0,57,0,57,0,52,0.0962
696973,59,59,0,,,59,0,59,0,59,0,59,0,59,0,59,0,59,0,53,0.113
696988,,,,,,,,,,,,,,,,,,,,,
697258,9.5,9.5,0,9.5,0,7.9,0.203,7.9,0.203,9.5,0,7.9,0.203,9.4,0.0106,9.4,0.0106,6.9,0.377,6.9,0.377
697327,10,10,0,10,0,10,0,10,0,10,0,11,-0.0909,11,-0.0909,12.5,-0.2,11.9,-0.16,10.9,-0.0826
697456,26.9,26.9,0,26.9,0,24,0.121,24,0.121,26.9,0,26.9,0,26.9,0,26.9,0,26.3,0.0228,26.3,0.0228
697783,82,82,0,82,0,82,0,82,0,82,0,,,,,81,0.0123,80,0.025,80,0.025
697798,50.5,50.5,0,50.5,0,50.5,0,50.5,0,50.5,0,50.5,0,50.5,0,49.5,0.0202,50,0.01,50,0.01
697807,38,38,0,38,0,38,0,38,0,38,0,38,0,38,0,37.5,0.0133,37.5,0.0133,37.5,0.0133
697812,36.5,36.5,0,36.5,0,36.5,0,36.5,0,36.5,0,36.5,0,36.5,0,35.5,0.0282,35.5,0.0282,35.5,0.0282
697852,,,,,,,,,,,,,,,,,,,,,
697981,,,,,,,,,,,,,,,,,,,,,
698085,57,57,0,57,0,57,0,57,0,57,0,57,0,57,0,55,0.0364,55,0.0364,46,0.239
699185,46.5,46.5,0,46.5,0,46.5,0,46.5,0,43.5,0.069,43.5,0.069,43.5,0.069,43.5,0.069,43.5,0.069,39,0.192
699269,6.5,6.5,0,6.5,0,6.5,0,6.5,0,6.5,0,6.5,0,6.5,0,6.5,0,5.8,0.121,5.8,0.121
699274,3.5,3.5,0,3.5,0,3.5,0,3.5,0,3.5,0,3.5,0,3.5,0,3.5,0,3.5,0,3.5,0
699294,59.5,59.5,0,59.5,0,59.5,0,59.5,0,59.5,0,59.5,0,59.5,0,59.5,0,58,0.0259,50,0.19
699303,6.2,6.2,0,6.2,0,6.2,0,6.2,0,6.2,0,6.2,0,6.2,0,6.2,0,5.1,0.216,5.1,0.216
699318,6.2,6.2,0,,,6.2,0,6.2,0,6.2,0,6.2,0,,,6.2,0,5.1,0.216,5.1,0.216
699338,,,,,,,,,,,,,,,,,,,,,
699501,299,299,0,364,-0.179,364,-0.179,364,-0.179,364,-0.179,300,-0.003,364,-0.179,364,-0.179,279,0.0717,245,0.22
699521,133,133,0,133,0,133,0,133,0,133,0,133,0,133,0,133,0,102,0.304,95.5,0.393
699536,133,133,0,133,0,133,0,133,0,133,0,133,0,133,0,133,0,102,0.304,95.5,0.393
700334,,,,,,,,,,,,,,,,,,,,,
700463,32.9,32.9,0,32.9,0,32.9,0,32.9,0,32.9,0,32.9,0,41.5,-0.207,41.5,-0.207,31,0.0613,26,0.265
700478,32.9,32.9,0,32.9,0,32.9,0,32.9,0,32.9,0,32.9,0,41.5,-0.207,41.5,-0.207,31,0.0613,26,0.265
701139,33.5,33.5,0,33.5,0,33.5,0,33.5,0,33.5,0,,,33.5,0,37.9,-0.116,31.6,0.0601,,
701317,,,,,,,,,,,,,,,,,,,,,
701491,46.2,46.2,0,46.2,0,46.2,0,57.7,-0.199,57.7,-0.199,57.7,-0.199,57.7,-0.199,65.5,-0.295,63.5,-0.272,46,0.00435
713614,,,,,,,,,,,,,,,,,,,,,
713697,,,,,,,,,,,,,,,,,,,,,
714232,,,,,,,,,,,,,,,,,,,,,
714257,,,,,,,,,,,,,,,,,,,,,
714715,,,,,,,,,,,,,,,,,,,,,
714732,,,,,,,,,,,,,,,,,,,,,
714789,,,,,,,,,,,,,,,,,,,,,
718718,36.5,36.5,0,36.5,0,36.5,0,36.5,0,36.5,0,36.5,0,36.5,0,36.5,0,34.5,0.058,31.5,0.159
721501,,,,,,,,,,,,,,,,,,,,,
724063,,,,,,,,,,,,,,,,,,,,,
724078,,,,,,,,,,,,,,,,,,,,,
724083,,,,,,,,,,,,,,,,,,,,,
724098,,,,,,,,,,,,,,,,,,,,,
724107,,,,,,,,,,,,,,,,,,,,,
724112,,,,,,,,,,,,,,,,,,,,,
724221,184,184,0,184,0,184,0,184,0,184,0,184,0,184,0,163,0.129,145,0.269,145,0.269
724325,135,135,0,135,0,135,0,135,0,135,0,135,0,135,0,135,0,162,-0.169,162,-0.169
724350,40,40,0,40,0,40,0,40,0,52.5,-0.238,52.5,-0.238,52.5,-0.238,52.5,-0.238,36,0.111,36,0.111
724494,,,,,,,,,,,,,,,,,,,,,
724583,97,97,0,97,0,115,-0.157,115,-0.157,115,-0.157,115,-0.157,115,-0.157,115,-0.157,92,0.0543,75,0.293
724969,7.8,7.8,0,7.8,0,7.8,0,7.8,0,7.8,0,7.8,0,7.8,0,7.8,0,7,0.114,,
724989,,,,,,,,,,,,,,,,,,,,,
725011,2.1,2.1,0,2.1,0,2.1,0,2.1,0,2.1,0,2.1,0,,,2.1,0,2.1,0,2.1,0
725615,20,20,0,20,0,20,0,20,0,20,0,20,0,20,0,20,0,20,0,20,0
725680,,,,,,,,,,,,,,,,,,,,,
725759,184,184,0,184,0,184,0,184,0,184,0,179,0.0279,179,0.0279,224,-0.179,155,0.187,129,0.426
725833,13.5,13.5,0,13.5,0,13.5,0,13.5,0,13.5,0,13.5,0,13.5,0,13,0.0385,11.5,0.174,11,0.227
725893,6,6,0,6,0,6,0,6,0,,,6,0,6,0,5.5,0.0909,4.7,0.277,4.2,0.429
726069,64.9,64.9,0,64.9,0,64.9,0,64.9,0,64.9,0,64.9,0,64.9,0,73.5,-0.117,61,0.0639,51,0.273
726232,18,18,0,18,0,18,0,18,0,18,0,18,0,18,0,18,0,16.5,0.0909,15,0.2
726247,,,,,,,,,,,,,,,,,,,,,
726410,2.3,2.3,0,2.3,0,2.3,0,2.3,0,1.7,0.353,1.7,0.353,1.7,0.353,1.7,0.353,1.7,0.353,1.7,0.353
726594,5,5,0,5,0,5,0,4.8,0.0417,4.8,0.0417,4.8,0.0417,4.8,0.0417,4.5,0.111,4,0.25,4,0.25
726603,5,5,0,5,0,5,0,4.8,0.0417,4.8,0.0417,,,4.8,0.0417,4.5,0.111,,,4,0.25
726604,5,5,0,5,0,5,0,4.8,0.0417,4.8,0.0417,4.8,0.0417,4.8,0.0417,4.5,0.111,,,4,0.25
726618,,,,,,,,,,,,,,,,,,,,,
726623,20.4,20.4,0,20.4,0,20.4,0,20.4,0,20.4,0,20.4,0,20.4,0,20.4,0,18,0.133,14.5,0.407
726638,20.4,20.4,0,20.4,0,20.4,0,20.4,0,20.4,0,20.4,0,20.4,0,20.4,0,18,0.133,14.5,0.407
726643,20.4,20.4,0,20.4,0,20.4,0,20.4,0,20.4,0,,,,,,,,,,
726752,24,24,0,24,0,24,0,24,0,24,0,24.5,-0.0204,24.5,-0.0204,24.5,-0.0204,16,0.5,13.5,0.778
726856,29,29,0,29,0,28.9,0.00346,28.9,0.00346,29.5,-0.0169,24.5,0.184,,,,,,,15,0.933
726881,20,20,0,20,0,20,0,20,0,20,0,20,0,20,0,20,0,18.5,0.0811,18.5,0.0811
727131,18.7,18.7,0,18.7,0,18.7,0,18.7,0,18.7,0,18.7,0,18.7,0,16.9,0.107,16.9,0.107,15.5,0.206
727146,15.5,15.5,0,15.5,0,15.5,0,15.5,0,15.5,0,15.5,0,15.5,0,14,0.107,14,0.107,13.5,0.148
727151,16,16,0,16,0,16,0,16,0,16,0,16,0,16,0,14.2,0.127,14.2,0.127,14.2,0.127
727686,83,83,0,83,0,83,0,83,0,83,0,83,0,83,0,83,0,42.3,0.962,39.5,1.1
727691,83,83,0,83,0,83,0,83,0,83,0,83,0,83,0,,,42.3,0.962,39.5,1.1
727700,83,83,0,83,0,83,0,83,0,83,0,83,0,83,0,83,0,61.3,0.354,,
727740,46.4,46.4,0,46.4,0,46.4,0,46.4,0,46.4,0,46.4,0,46.4,0,46.4,0,46.4,0,,
728654,31.9,,,,,31.9,0,31.9,0,31.9,0,31.9,0,31.9,0,31.9,0,44,-0.275,44,-0.275
728996,,,,,,,,,,,,,,,,,,,,,
729033,47.1,47.1,0,47.1,0,47.1,0,47.1,0,47.1,0,47.1,0,47.1,0,47.2,-0.00212,,,,
729355,68,68,0,68,0,68,0,68,0,68,0,68,0,68,0,68,0,50,0.36,,
729404,,,,,,,,,,,,,,,,,,,,,
729419,50,50,0,50,0,50,0,50,0,68,-0.265,68,-0.265,68,-0.265,68,-0.265,50,0,33.1,0.511
729424,49,49,0,49,0,49,0,49,0,49,0,49,0,49,0,49,0,36.3,0.35,,
729439,83,83,0,83,0,83,0,83,0,83,0,83,0,83,0,83,0,61.3,0.354,39.5,1.1
729677,60.5,60.5,0,60.5,0,60.5,0,60.5,0,60.5,0,60.5,0,60.5,0,43.4,0.394,43.4,0.394,43.4,0.394
729682,,,,,,,,,,,,,,,,,,,,,
729766,26.9,26.9,0,26.9,0,26.9,0,26.9,0,26.9,0,,,26.9,0,27,-0.0037,22.9,0.175,20,0.345
729791,,,,,,,,,,,,,,,,,,,,,
729800,14.5,14.5,0,14.5,0,14.5,0,14.5,0,14.5,0,14.5,0,14.5,0,14.5,0,12,0.208,8.1,0.79
729835,20,20,0,20,0,20,0,20,0,20,0,20,0,20,0,20,0,15,0.333,9,1.22
729840,19,19,0,19,0,19,0,19,0,19,0,19,0,19,0,19,0,18,0.0556,15,0.267
729880,32.5,32.5,0,32.5,0,32.5,0,32.5,0,32.5,0,32.5,0,32.5,0,32.5,0,27.1,0.199,22.9,0.419
729895,32.5,32.5,0,32.5,0,32.5,0,32.5,0,32.5,0,32.5,0,32.5,0,32.5,0,27.1,0.199,22.9,0.419
729964,,,,,,,,,,,,,,,,,,,,,
730003,14,14,0,14,0,14,0,14,0,14,0,14,0,,,14,0,14,0,11.5,0.217
732347,16.6,16.6,0,16.6,0,16.6,0,16.6,0,16.6,0,16.6,0,17,-0.0235,18.8,-0.117,14.6,0.137,13,0.277
732358,16.6,16.6,0,16.6,0,16.6,0,16.6,0,16.6,0,16.6,0,17,-0.0235,18.8,-0.117,14.6,0.137,13,0.277
732375,16.6,16.6,0,16.6,0,16.6,0,16.6,0,16.6,0,16.6,0,17,-0.0235,18.8,-0.117,14.6,0.137,13,0.277
734893,,,,,,,,,,,,,,,,,,,,,
740123,37.5,37.5,0,37.5,0,37.5,0,37.5,0,37.5,0,37.5,0,37.5,0,,,,,,
741001,,,,,,,,,,,,,,,,,,,,,
741231,,,,,,,,,,,,,,,,,,,,,
741234,,,,,,,,,,,,,,,,,,,,,
742345,37.5,37.5,0,37.5,0,37.5,0,37.5,0,37.5,0,37.5,0,37.5,0,,,,,,
743523,48.4,48.4,0,48.4,0,48.4,0,48.4,0,44,0.1,44,0.1,44,0.1,42.4,0.142,,,,
743534,48.4,48.4,0,48.4,0,48.4,0,48.4,0,44,0.1,44,0.1,44,0.1,42.4,0.142,,,39.5,0.225
743546,48.4,48.4,0,48.4,0,48.4,0,48.4,0,44,0.1,44,0.1,44,0.1,42.4,0.142,40,0.21,,
743558,48.4,48.4,0,48.4,0,48.4,0,48.4,0,44,0.1,44,0.1,44,0.1,,,,,39.5,0.225
743652,,,,,,,,,,,,,,,,,,,,,
744567,,,,,,,,,,,,,,,,,,,,,
745783,37.5,37.5,0,37.5,0,37.5,0,37.5,0,37.5,0,37.5,0,37.5,0,,,,,,
745790,,,,,,,,,,,,,,,,,,,,,
746870,,,,,,,,,,,,,,,,,,,,,
746982,,,,,,,,,,,,,,,,,,,,,
747447,,,,,,,,,,,,,,,,,,,,,
747822,,,,,,,,,,,,,,,,,,,,,
747827,,,,,,,,,,,,,,,,,,,,,
747830,,,,,,,,,,,,,,,,,,,,,
747891,,,,,,,,,,,,,,,,,,,,,
748725,,,,,,,,,,,,,,,,,,,,,
760569,24,24,0,24,0,19.1,0.257,19.1,0.257,,,,,,,,,,,,
761062,71,71,0,71,0,71,0,71,0,71,0,71,0,71,0,71,0,65,0.0923,46,0.543
761328,,,,,,,,,,,,,,,,,,,,,
761358,24,24,0,24,0,24,0,24,0,24,0,24,0,,,,,,,,
761420,16.8,16.8,0,16.8,0,16.8,0,,,16.8,0,16.8,0,16.8,0,,,,,,
761430,,,,,,,,,,,,,,,,,,,,,
761437,,,,,,,,,,,,,,,,,,,,,
761548,43.7,43.7,0,,,43.7,0,43.7,0,43.7,0,43.7,0,43.7,0,35.5,0.231,,,,
761587,,,,,,,,,,,,,,,,,,,,,
761634,79,79,0,,,79,0,79,0,79,0,79,0,79,0,,,,,,
761872,,,,,,,,,,,,,,,,,,,,,
761873,,,,,,,,,,,,,,,,,,,,,
762135,21.3,21.3,0,21.3,0,21.3,0,21.3,0,21.3,0,21.3,0,21.3,0,21.3,0,,,,
762236,21.3,21.3,0,21.3,0,21.3,0,21.3,0,21.3,0,21.3,0,21.3,0,21.3,0,,,,
762314,156,156,0,156,0,156,0,156,0,156,0,,,,,,,,,,
762415,,,,,,,,,,,,,,,,,,,,,
762457,32.5,32.5,0,32.5,0,32.5,0,32.5,0,,,32.5,0,30.5,0.0656,30.5,0.0656,30.5,0.0656,,
762483,27.5,,,,,,,27.5,0,27.5,0,27.5,0,25,0.1,25,0.1,25,0.1,,
762516,156,156,0,156,0,156,0,156,0,156,0,,,,,,,,,,
762534,38.7,,,,,38.7,0,38.7,0,38.7,0,38.7,0,38.7,0,35.5,0.0901,32.5,0.191,30.4,0.273
762541,,,,,,,,,,,,,,,,,,,,,
762552,,,,,,,,,,,,,,,,,,,,,
762563,,,,,,,,,,,,,,,,,,,,,
762573,,,,,,,,,,,,,,,,,,,,,
762581,,,,,,,,,,,,,,,,,,,,,
762583,63.4,63.4,0,63.4,0,63.4,0,63.4,0,63.4,0,63.4,0,63.4,0,58,0.0931,53.2,0.192,52.4,0.21
762601,,,,,,,,,,,,,,,,,,,,,
762613,,,,,,,,,,,,,,,,,,,,,
762635,,,,,,,,,,,,,,,,,,,,,
762636,,,,,,,,,,,,,,,,,,,,,
762746,,,,,,,,,,,,,,,,,,,,,
763543,41,41,0,41,0,41,0,41,0,41,0,41,0,41,0,41,0,38,0.0789,38,0.0789
763648,21,21,0,21,0,21,0,21,0,21,0,21,0,21,0,21,0,20,0.05,20,0.05
763855,165,165,0,165,0,165,0,165,0,165,0,165,0,,,,,,,,
763981,39,39,0,39,0,39,0,39,0,39,0,39,0,39,0,,,30,0.3,30,0.3
764101,,,,,,,,,,,,,,,,,,,,,
764112,,,,,,,,,,,,,,,,,,,,,
764134,,,,,,,,,,,,,,,,,,,,,
764157,,,,,,,,,,,,,,,,,,,,,
764528,,,,,,,,,,,,,,,,,,,,,
764783,20.6,20.6,0,20.6,0,20.6,0,20.6,0,20.6,0,20.6,0,20.6,0,20.6,0,18.8,0.0957,18.8,0.0957
765559,,,,,,,,,,,,,,,,,,,,,
765613,8,8,0,8,0,8,0,8,0,8,0,8,0,8,0,8,0,5.5,0.455,5.5,0.455
765628,36,36,0,36,0,36,0,36,0,36,0,36,0,36,0,36,0,28.5,0.263,28.5,0.263
765876,,,,,,,,,,,,,,,,,,,,,
765883,,,,,,,,,,,,,,,,,,,,,
765885,79,79,0,79,0,79,0,79,0,79,0,79,0,,,,,,,,
765893,15,15,0,15,0,15,0,15,0,15,0,15,0,15,0,15,0,,,,
765896,,,,,,,,,,,,,,,,,,,,,
765983,,,,,,,,,,,,,,,,,,,,,
766141,,,,,,,,,,,,,,,,,,,,,
766210,7.1,7.1,0,7.1,0,7.1,0,7.1,0,7.1,0,9,-0.211,9,-0.211,,,,,,
766225,38.3,38.3,0,38.3,0,38.3,0,38.3,0,38.3,0,,,,,,,,,,
766438,15,15,0,15,0,15,0,15,0,15,0,15,0,15,0,14.5,0.0345,14.5,0.0345,14.5,0.0345
766601,72.9,72.9,0,72.9,0,72.9,0,72.9,0,72.9,0,,,72.9,0,72.9,0,64.9,0.123,64.9,0.123
766616,72.9,72.9,0,72.9,0,72.9,0,72.9,0,72.9,0,72.9,0,72.9,0,72.9,0,64.9,0.123,64.9,0.123
766809,19.5,19.5,0,19.5,0,19.5,0,19.5,0,19.5,0,19.5,0,23,-0.152,23,-0.152,19.5,0,17,0.147
766998,,,,,,,,,,,,,,,,,,,,,
767205,27.5,27.5,0,27.5,0,27.5,0,27.5,0,27.5,0,27.5,0,27.5,0,27.5,0,18.7,0.471,18.7,0.471
768330,77,77,0,77,0,77,0,77,0,,,77,0,77,0,77,0,51.5,0.495,48.9,0.575
768517,18,18,0,18,0,18,0,18,0,18,0,18,0,15,0.2,18.5,-0.027,17,0.0588,15.9,0.132
768724,81,81,0,81,0,81,0,75,0.08,75,0.08,75,0.08,81.3,-0.00369,87,-0.069,68.5,0.182,50,0.62
768902,,,,,,,,,,,,,,,,,,,,,
768957,103,103,0,103,0,103,0,103,0,103,0,109,-0.0514,130,-0.202,130,-0.202,104,-0.00193,85,0.216
768969,,,,,,,,,,,,,,,,,,,,,
769195,,,,,,,,,,,,,,,,,,,,,
769543,,,,,,,,,,,,,,,,,,,,,
769584,,,,,,,,,,,,,,,,,,,,,
769787,11.6,11.6,0,11.6,0,11.6,0,11.6,0,11.6,0,,,,,,,,,,
769817,,,,,,,,,,,,,,,,,,,,,
769888,,,,,,,,,,,,,,,,,,,,,
770001,,,,,,,,,,,,,,,,,,,,,
770110,6.3,6.3,0,6.3,0,6.3,0,6.3,0,6.3,0,6.3,0,6.3,0,,,6.3,0,5.8,0.0862
770125,6.3,6.3,0,6.3,0,6.3,0,6.3,0,,,4.9,0.286,6.3,0,6.3,0,6.3,0,5.8,0.0862
770567,18.5,18.5,0,18.5,0,18.5,0,18.5,0,18.5,0,16.5,0.121,18.5,0,,,,,,
770576,8,8,0,8,0,8,0,8,0,8,0,8,0,8,0,,,,,,
770581,,,,,,,,,,,,,,,,,,,,,
770794,13.9,13.9,0,13.9,0,13.9,0,13.9,0,13.9,0,9.9,0.404,9.9,0.404,16.9,-0.178,16.9,-0.178,10.9,0.275
770838,30,30,0,30,0,30,0,30,0,30,0,30,0,30,0,30,0,17.5,0.714,17.5,0.714
770898,27,27,0,27,0,27,0,27,0,27,0,27,0,27,0,,,16.9,0.598,14.5,0.862
770907,93,93,0,93,0,93,0,93,0,93,0,93,0,93,0,93,0,54.5,0.706,54.5,0.706
770912,93,93,0,93,0,93,0,93,0,93,0,93,0,93,0,,,54.5,0.706,54.5,0.706
770932,56,56,0,56,0,56,0,56,0,56,0,56,0,56,0,,,24.9,1.25,24.9,1.25
770947,28.5,28.5,0,28.5,0,28.5,0,28.5,0,28.5,0,28.5,0,28.5,0,28.5,0,22.5,0.267,17,0.676
770952,72,72,0,72,0,72,0,72,0,72,0,,,,,,,61,0.18,53,0.358
770967,,,,,,,,,,,,,,,,,,,,,
770972,,,,,,,,,,,,,,,,,,,,,
770987,,,,,,,,,,,,,,,,,,,,,
771019,25,25,0,25,0,25,0,25,0,25,0,25,0,25,0,,,,,15.8,0.582
771044,,,,,,,,,,,,,,,,,,,,,
771059,70,70,0,70,0,70,0,70,0,70,0,70,0,70,0,70,0,52,0.346,43,0.628
771064,,,,,,,,,,,,,,,,,,,,,
771099,35,35,0,35,0,35,0,35,0,35,0,35,0,35,0,35,0,31,0.129,31,0.129
771688,106,106,0,106,0,106,0,106,0,106,0,106,0,106,0,106,0,82,0.295,,
772809,61.5,61.5,0,61.5,0,61.5,0,61.5,0,61.5,0,61.5,0,61.5,0,61.5,0,48,0.281,40,0.538
772814,49.9,49.9,0,49.9,0,49.9,0,49.9,0,49.9,0,49.9,0,49.9,0,61.5,-0.189,48,0.0396,40,0.248
772829,49.9,49.9,0,49.9,0,49.9,0,49.9,0,49.9,0,49.9,0,49.9,0,,,48,0.0396,40,0.248
772983,54.9,54.9,0,54.9,0,54.9,0,54.9,0,54.9,0,54.9,0,54.9,0,,,,,40,0.373
773000,55,55,0,55,0,55,0,55,0,55,0,,,55,0,66,-0.167,48,0.146,40,0.375
773075,61.9,61.9,0,61.9,0,61.9,0,61.9,0,61.9,0,61.9,0,61.9,0,73,-0.152,38.9,0.591,45,0.376
773116,,,,,,,,,,,,,,,,,,,,,
774038,55,55,0,55,0,55,0,,,55,0,55,0,,,,,,,,
774647,18,18,0,18,0,18,0,18,0,18,0,18,0,18,0,18,0,16,0.125,16,0.125
774672,18,18,0,18,0,18,0,18,0,18,0,18,0,18,0,18,0,16.5,0.0909,16.5,0.0909
774761,39,39,0,39,0,39,0,39,0,39,0,39,0,39,0,34,0.147,34,0.147,,
774776,36.5,36.5,0,36.5,0,36.5,0,36.5,0,36.5,0,36.5,0,36.5,0,31.5,0.159,31.5,0.159,29.5,0.237
774796,36.5,36.5,0,36.5,0,36.5,0,36.5,0,36.5,0,36.5,0,36.5,0,31.5,0.159,31.5,0.159,29.5,0.237
774810,10,10,0,,,10,0,10,0,10,0,10,0,10,0,10,0,10,0,10,0
774845,8.5,8.5,0,,,,,8.5,0,8.5,0,8.5,0,8.5,0,8.5,0,8.5,0,8.5,0
774949,19.5,19.5,0,19.5,0,19.5,0,19.5,0,19.5,0,19.5,0,19.5,0,16.8,0.161,16.8,0.161,16.8,0.161
775180,27,27,0,27,0,27,0,27,0,27,0,27,0,27,0,27,0,21,0.286,,
775261,,,,,,,,,,,,,,,,,,,,,
775962,,,,,,,,,,,,,,,,,,,,,
775977,,,,,,,,,,,,,,,,,,,,,
775980,,,,,,,,,,,,,,,,,,,,,
775982,292,292,0,292,0,292,0,292,0,,,292,0,292,0,292,0,270,0.0837,,
776321,,,,,,,,,,,,,,,,,,,,,
776983,,,,,,,,,,,,,,,,,,,,,
777022,,,,,,,,,,,,,,,,,,,,,
777359,,,,,,,,,,,,,,,,,,,,,
778154,48.9,48.9,0,48.9,0,48.9,0,48.9,0,48.9,0,48.9,0,48.9,0,,,26.5,0.845,26.5,0.845
778312,,,,,,,,,,,,,,,,,,,,,
778467,,,,,,,,,,,,,,,,,,,,,
779033,,,,,,,,,,,,,,,,,,,,,
779093,59.5,,,,,59.5,0,59.5,0,59.5,0,,,,,,,,,,
779102,,,,,,,,,,,,,,,,,,,,,
779117,16.9,,,,,,,,,16.9,0,,,,,,,,,,
779122,10,,,,,,,,,10,0,,,,,,,,,,
779182,,,,,,,,,,,,,,,,,,,,,
779340,,,,,,,,,,,,,,,,,,,,,
779427,,,,,,,,,,,,,,,,,,,,,
780132,172,172,0,172,0,172,0,172,0,172,0,172,0,172,0,168,0.0232,168,0.0263,168,0.0263
780296,,,,,,,,,,,,,,,,,,,,,
780390,10.5,10.5,0,10.5,0,10.5,0,9,0.167,9,0.167,9,0.167,9,0.167,9,0.167,9,0.167,9,0.167
780893,,,,,,,,,,,,,,,,,,,,,
780897,,,,,,,,,,,,,,,,,,,,,
780989,26.4,26.4,0,26.4,0,26.4,0,26.4,0,26.4,0,26.4,0,,,26.4,0,22.5,0.173,22.5,0.173
781066,27.4,27.4,0,27.4,0,27.4,0,27.4,0,29.5,-0.0712,29.5,-0.0712,29.5,-0.0712,29.5,-0.0712,21.5,0.274,21.5,0.274
781236,,,,,,,,,,,,,,,,,,,,,
781324,,,,,,,,,,,,,,,,,,,,,
781345,,,,,,,,,,,,,,,,,,,,,
781362,,,,,,,,,,,,,,,,,,,,,
781412,,,,,,,,,,,,,,,,,,,,,
781427,,,,,,,,,,,,,,,,,,,,,
781496,132,132,0,132,0,132,0,132,0,,,115,0.148,132,0,122,0.0829,120,0.1,120,0.1
781560,,,,,,,,,,,,,,,,,,,,,
781601,11,11,0,11,0,11,0,11,0,11,0,11,0,11,0,11,0,10.8,0.0185,10.8,0.0185
781611,,,,,,,,,,,,,,,,,,,,,
781622,21,21,0,21,0,21,0,21,0,21,0,,,,,21,0,21,0,21,0
781623,39,39,0,39,0,39,0,39,0,39,0,39,0,39,0,,,,,30,0.3
781624,11,11,0,11,0,11,0,11,0,11,0,11,0,11,0,11,0,10.8,0.0185,10.8,0.0185
781631,26.3,26.3,0,26.3,0,26.3,0,26.3,0,26.3,0,26.3,0,26.3,0,,,19,0.384,18.2,0.445
781657,,,,,,,,,,,,,,,,,,,,,
781678,40,40,0,40,0,40,0,40,0,40,0,40,0,40,0,40,0,,,,
781730,,,,,,,,,,,,,,,,,,,,,
781749,,,,,,,,,,,,,,,,,,,,,
781789,,,,,,,,,,,,,,,,,,,,,
782001,,,,,,,,,,,,,,,,,,,,,
782013,,,,,,,,,,,,,,,,,,,,,
782019,,,,,,,,,,,,,,,,,,,,,
782142,,,,,,,,,,,,,,,,,,,,,
782153,5.2,5.2,0,5.2,0,5.2,0,5.2,0,,,,,,,5.2,0,5,0.04,,
782171,5.2,5.2,0,5.2,0,5.2,0,5.2,0,5.2,0,,,,,5.2,0,5,0.04,5,0.04
782175,,,,,,,,,,,,,,,,,,,,,
782186,13.5,13.5,0,13.5,0,13.5,0,13.5,0,13.5,0,13.5,0,,,13.5,0,12.5,0.08,11.5,0.174
782338,34.2,34.2,0,34.2,0,34.2,0,34.2,0,34.2,0,34.2,0,34.2,0,31,0.103,31,0.103,22.5,0.52
782347,12,12,0,12,0,12,0,12,0,,,,,,,12,0,12,0,11,0.0909
782349,6.2,6.2,0,6.2,0,6.2,0,6.2,0,6.2,0,6.2,0,6.2,0,5.2,0.192,6.2,0,6.2,0
782416,31.3,31.3,0,31.3,0,31.3,0,31.3,0,31.3,0,31.3,0,31.3,0,31.3,0,29.5,0.061,,
782431,74.8,74.8,0,74.8,0,74.8,0,74.8,0,74.8,0,74.8,0,74.8,0,69.2,0.0809,62,0.206,55,0.36
782432,,,,,,,,,,,,,,,,,,,,,
782433,23.7,23.7,0,23.7,0,23.7,0,23.7,0,23.7,0,23.7,0,23.7,0,21.6,0.0972,21.6,0.0972,19.7,0.203
782532,74,74,0,,,74,0,74,0,74,0,74,0,74,0,70.3,0.0526,70.3,0.0526,65,0.138
782573,30.5,30.5,0,30.5,0,30.5,0,30.5,0,30.5,0,30.5,0,30.5,0,28.2,0.0816,27,0.13,21.3,0.432
782630,25.5,25.5,0,25.5,0,25.5,0,25.5,0,25.5,0,,,25.5,0,37.5,-0.32,32,-0.203,22.5,0.133
782655,,,,,,,,,,,,,,,,,,,,,
782677,17.5,17.5,0,17.5,0,14.9,0.174,14.9,0.174,17.5,0,17.5,0,17.5,0,17.5,0,,,,
782697,,,,,,,,,,,,,,,,,,,,,
782726,3.2,3.2,0,3.2,0,3.2,0,3.2,0,3.2,0,3.2,0,3.2,0,,,,,3.2,0
782769,3.2,3.2,0,3.2,0,3.2,0,3.2,0,3.2,0,3.2,0,3.2,0,,,3.2,0,3.2,0
782785,,,,,,,,,,,,,,,,,,,,,
782788,63,63,0,63,0,63,0,63,0,63,0,63,0,,,,,,,,
782796,,,,,,,,,,,,,,,,,,,,,
782799,,,,,,,,,,,,,,,,,,,,,
782838,,,,,,,,,,,,,,,,,,,,,
782896,59.9,59.9,0,59.9,0,59.9,0,59.9,0,65.9,-0.091,58.9,0.017,58.9,0.017,65.9,-0.091,53.5,0.12,45,0.331
782976,,,,,,,,,,,,,,,,,,,,,
783025,,,,,,,,,,,,,,,,,,,,,
783108,21.9,21.9,0,21.9,0,21.9,0,21.9,0,21.9,0,20,0.095,22.9,-0.0437,22.9,-0.0437,19.9,0.101,21,0.0429
783196,23.8,23.8,0,23.8,0,23.8,0,23.8,0,23.8,0,23.8,0,23.8,0,22,0.0818,20.8,0.144,,
783302,24,24,0,24,0,24,0,24,0,24,0,,,24,0,24,0,,,14,0.714
783323,30,30,0,30,0,30,0,30,0,30,0,30,0,30,0,30,0,30,0,22,0.364
783359,32,32,0,32,0,32,0,32,0,32,0,32,0,32,0,27,0.185,21.5,0.488,21.5,0.488
783426,16.5,16.5,0,16.5,0,16.5,0,16.5,0,16.5,0,16.5,0,16.5,0,,,,,,
783457,9,9,0,9,0,7.5,0.2,7.5,0.2,9,0,,,,,,,,,,
783463,,,,,,,,,,,,,,,,,,,,,
783478,16.9,16.9,0,16.9,0,16.9,0,16.9,0,16.9,0,16.9,0,,,,,16.9,0,,
783568,,,,,,,,,,,,,,,,,,,,,
783614,,,,,,,,,,,,,,,,,,,,,
783648,,,,,,,,,,,,,,,,,,,,,
783700,56.8,56.8,0,56.8,0,47.9,0.186,47.9,0.186,56.5,0.00531,56.5,0.00531,56.5,0.00531,,,48,0.183,44,0.291
783716,,,,,,,,,,,,,,,,,,,,,
783749,,,,,,,,,,,,,,,,,,,,,
783814,,,,,,,,,,,,,,,,,,,,,
783858,10.5,10.5,0,10.5,0,10.2,0.0294,10.2,0.0294,10.2,0.0294,10.2,0.0294,10.2,0.0294,10.2,0.0294,8.8,0.193,8.8,0.193
784001,21.3,21.3,0,21.3,0,21.3,0,21.3,0,21.3,0,21.3,0,21.3,0,21.3,0,19.5,0.0923,19.5,0.0923
784013,21.3,21.3,0,21.3,0,21.3,0,21.3,0,21.3,0,21.3,0,21.3,0,21.3,0,19.5,0.0923,19.5,0.0923
784079,21.3,21.3,0,21.3,0,21.3,0,21.3,0,21.3,0,21.3,0,21.3,0,21.3,0,19.5,0.0923,19.5,0.0923
784116,,,,,,,,,,,,,,,,,,,,,
784136,,,,,,,,,,,,,,,,,,,,,
784147,,,,,,,,,,,,,,,,,,,,,
784148,13.8,13.8,0,13.8,0,11.3,0.221,11.3,0.221,11.3,0.221,11.3,0.221,11.3,0.221,11.3,0.221,,,11.3,0.221
784152,,,,,,,,,,,,,,,,,,,,,
784158,,,,,,,,,,,,,,,,,,,,,
784163,17.5,17.5,0,17.5,0,16.5,0.0606,16.5,0.0606,16.5,0.0606,,,,,16.5,0.0606,,,16.5,0.0606
784219,8,8,0,8,0,8,0,8,0,8,0,8,0,8,0,8,0,8,0,7,0.143
784235,52.2,52.2,0,52.2,0,52.2,0,52.2,0,52.2,0,52.2,0,52.2,0,52.2,0,49,0.0653,,
784259,31,31,0,31,0,31,0,31,0,31,0,31,0,31,0,28,0.107,26.4,0.174,23.8,0.303
784263,37,37,0,37,0,37,0,37,0,37,0,37,0,37,0,37,0,30.7,0.205,25,0.48
784314,,,,,,,,,,,,,,,,,,,,,
784321,,,,,,,,,,,,,,,,,,,,,
784336,,,,,,,,,,,,,,,,,,,,,
784371,,,,,,,,,,,,,,,,,,,,,
784385,,,,,,,,,,,,,,,,,,,,,
784386,29.9,29.9,0,29.9,0,29.9,0,29.9,0,29.9,0,29.9,0,29.9,0,24.9,0.201,24.9,0.201,24.9,0.201
784487,29.9,29.9,0,29.9,0,29.9,0,29.9,0,29.9,0,29.9,0,29.9,0,24.9,0.201,24.9,0.201,,
784516,21,21,0,21,0,21,0,,,,,21,0,21,0,21,0,21,0,19,0.105
784518,49.9,49.9,0,49.9,0,49.9,0,49.9,0,49.9,0,49.9,0,49.9,0,49.9,0,40,0.248,40,0.248
784539,20,20,0,20,0,20,0,20,0,20,0,20,0,20,0,20.9,-0.0431,15.5,0.29,10.5,0.905
784574,35,35,0,35,0,35,0,35,0,35,0,35,0,35,0,36.6,-0.0437,27.6,0.268,18.8,0.862
784588,29.9,29.9,0,29.9,0,29.9,0,29.9,0,29.9,0,29.9,0,,,24.9,0.201,24.9,0.201,24.9,0.201
784608,14,14,0,14,0,14,0,14,0,14,0,14,0,14,0,14,0,9.6,0.458,,
784613,21,21,0,21,0,21,0,21,0,21,0,,,21,0,,,21,0,19,0.105
784627,,,,,,,,,,,,,,,,,,,,,
784679,13.5,13.5,0,13.5,0,13.5,0,13.5,0,13.5,0,13.5,0,13.5,0,13.5,0,8.9,0.517,,
784684,13.5,13.5,0,13.5,0,13.5,0,13.5,0,13.5,0,13.5,0,13.5,0,13.5,0,8.9,0.517,,
784690,14,14,0,14,0,14,0,14,0,14,0,14,0,14,0,14,0,,,,
784692,,,,,,,,,,,,,,,,,,,,,
784717,25.2,25.2,0,25.2,0,25.2,0,25.2,0,25.2,0,25.2,0,,,,,22.5,0.12,,
784719,,,,,,,,,,,,,,,,,,,,,
784721,25.2,25.2,0,25.2,0,25.2,0,,,,,25.2,0,,,,,22.5,0.12,,
784727,,,,,,,,,,,,,,,,,,,,,
784732,,,,,,,,,,,,,,,,,,,,,
784748,10,10,0,10,0,9.6,0.0417,9.6,0.0417,9.6,0.0417,9.6,0.0417,9.6,0.0417,9.6,0.0417,9.6,0.0417,9,0.111
784750,25.2,25.2,0,25.2,0,25.2,0,25.2,0,25.2,0,25.2,0,,,,,22.5,0.12,,
784751,,,,,,,,,,,,,,,,,,,,,
784765,25.2,25.2,0,25.2,0,25.2,0,25.2,0,25.2,0,25.2,0,,,25.2,0,,,,
784766,,,,,,,,,,,,,,,,,,,,,
784769,71.3,71.3,0,71.3,0,71.3,0,71.3,0,71.3,0,71.3,0,71.3,0,63.5,0.123,59.3,0.202,51.3,0.39
784821,27,27,0,,,27,0,,,27,0,27,0,27,0,27,0,27,0,,
784829,16.2,16.2,0,16.2,0,16.2,0,16.2,0,16.2,0,16.2,0,16.2,0,,,,,,
784834,,,,,,,,,,,,,,,,,,,,,
784854,16.3,16.3,0,,,16.3,0,16.3,0,16.3,0,16.3,0,16.3,0,14.5,0.124,,,12.7,0.283
784871,,,,,,,,,,,,,,,,,,,,,
784876,36.7,36.7,0,36.7,0,36.7,0,36.7,0,36.7,0,36.7,0,36.7,0,36.6,0.00273,30.3,0.211,25,0.468
784879,18,18,0,18,0,18,0,18,0,18,0,18,0,18,0,18.5,-0.027,17,0.0588,16.9,0.0651
784885,3.5,3.5,0,3.5,0,3.5,0,3.5,0,3.5,0,3.5,0,3.5,0,3.6,-0.0278,3.5,0,3.5,0
784894,15,15,0,15,0,18,-0.167,18,-0.167,18,-0.167,14.5,0.0345,18,-0.167,18.5,-0.189,17.5,-0.143,17.5,-0.143
784973,,,,,,,,,,,,,,,,,,,,,
785013,38.2,38.2,0,38.2,0,38.2,0,38.2,0,38.2,0,38.2,0,38.2,0,38.2,0,33,0.158,31,0.232
785033,38.2,38.2,0,38.2,0,38.2,0,38.2,0,,,38.2,0,38.2,0,38.2,0,33,0.158,31,0.232
785126,31.3,31.3,0,31.3,0,31.3,0,31.3,0,31.3,0,27.5,0.138,27.5,0.138,27.5,0.138,27.5,0.138,24,0.304
785137,41,41,0,41,0,41,0,41,0,41,0,41,0,41,0,,,,,,
785157,7,7,0,7,0,7,0,7,0,7,0,4,0.75,4,0.75,4,0.75,4,0.75,4,0.75
785162,7,7,0,7,0,7,0,7,0,7,0,4,0.75,4,0.75,4,0.75,4,0.75,4,0.75
785177,7,7,0,7,0,7,0,7,0,7,0,4,0.75,4,0.75,4,0.75,4,0.75,,
785182,7,7,0,7,0,7,0,7,0,7,0,4,0.75,4,0.75,4,0.75,4,0.75,4,0.75
785211,30,30,0,30,0,30,0,30,0,30,0,30,0,30,0,,,,,,
785214,43.2,43.2,0,,,,,,,43.2,0,43.2,0,,,43.2,0,39,0.108,39,0.108
785220,,,,,,,,,,,,,,,,,,,,,
785361,,,,,,,,,,,,,,,,,,,,,
785413,16.4,16.4,0,16.4,0,16.4,0,16.4,0,16.4,0,16.4,0,16.4,0,16.4,0,13.5,0.215,,
785421,,,,,,,,,,,,,,,,,,,,,
785437,31.5,31.5,0,31.5,0,31.5,0,31.5,0,31.5,0,31.5,0,31.5,0,26,0.212,26.3,0.198,25.9,0.216
785447,43.8,43.8,0,43.8,0,43.8,0,43.8,0,43.8,0,43.8,0,43.8,0,,,36.9,0.187,36.9,0.187
785457,126,126,0,126,0,126,0,126,0,126,0,126,0,,,,,75,0.68,,
785473,20,20,0,20,0,20,0,20,0,20,0,20,0,,,,,20,0,20,0
785476,26.3,26.3,0,26.3,0,26.3,0,26.3,0,26.3,0,26.3,0,26.3,0,,,18.8,0.399,18.8,0.399
785613,,,,,,,,,,,,,,,,,,,,,
785629,45.5,45.5,0,45.5,0,45.5,0,45.5,0,45.5,0,45.5,0,45.5,0,45.4,0.0022,45.4,0.0022,32.5,0.4
785645,,,,,,,,,,,,,,,,,,,,,
785671,215,215,0,215,0,215,0,215,0,186,0.156,186,0.156,,,,,,,,
785674,,,,,,,,,,,,,,,,,,,,,
785683,,,,,,,,,,,,,,,,,,,,,
785694,,,,,,,,,,,,,,,,,,,,,
785698,19,19,0,19,0,19,0,19,0,19,0,19,0,19,0,,,,,,
785743,,,,,,,,,,,,,,,,,,,,,
785768,,,,,,,,,,,,,,,,,,,,,
785775,,,,,,,,,,,,,,,,,,,,,
785793,,,,,,,,,,,,,,,,,,,,,
785796,120,120,0,120,0,120,0,,,,,120,0,,,120,0,,,96,0.25
785840,12,12,0,12,0,12,0,12,0,12,0,12,0,12,0,13.8,-0.13,12.5,-0.04,11,0.0909
785862,14.4,14.4,0,14.4,0,14,0.0286,14,0.0286,14,0.0286,14,0.0286,14,0.0286,14,0.0286,12.5,0.152,12.3,0.171
785869,,,,,,,,,,,,,,,,,,,,,
785873,43.8,43.8,0,43.8,0,43.8,0,43.8,0,31.3,0.399,31.3,0.399,31.3,0.399,,,27.5,0.593,25,0.752
785926,41.3,41.3,0,41.3,0,41.3,0,41.3,0,41.3,0,41.3,0,41.3,0,41.3,0,35,0.18,35,0.18
785929,41.3,41.3,0,41.3,0,41.3,0,41.3,0,41.3,0,41.3,0,41.3,0,41.3,0,35,0.18,35,0.18
785948,,,,,,,,,,,,,,,,,,,,,
785998,,,,,,,,,,,,,,,,,,,,,
786024,7.5,7.5,0,7.5,0,7.5,0,7.5,0,7.5,0,7.5,0,7.5,0,7.5,0,7.5,0,6.2,0.21
786145,15,15,0,15,0,15,0,15,0,15,0,15,0,15,0,,,,,13.5,0.111
786150,15,15,0,15,0,15,0,15,0,15,0,15,0,15,0,,,,,13.5,0.111
786165,15,15,0,15,0,15,0,15,0,15,0,15,0,15,0,,,,,13.5,0.111
786217,,,,,,,,,,,,,,,,,,,,,
786236,31,31,0,31,0,31,0,31,0,,,31,0,31,0,31,0,31,0,27.5,0.127
786240,8.2,8.2,0,8.2,0,8.2,0,8.2,0,8.2,0,8.2,0,8.2,0,7.9,0.038,,,,
786327,33.5,33.5,0,33.5,0,33.5,0,33.5,0,33.5,0,33.5,0,,,31.8,0.0535,31.8,0.0535,28.9,0.159
786331,66.6,66.6,0,66.6,0,66.6,0,66.6,0,66.6,0,66.6,0,66.6,0,63.3,0.0521,61.7,0.0794,56,0.189
786359,,,,,,,,,,,,,,,,,,,,,
786375,,,,,,,,,,,,,,,,,,,,,
786428,33.5,33.5,0,33.5,0,33.5,0,33.5,0,33.5,0,33.5,0,33.5,0,31.8,0.0535,31.8,0.0535,28.9,0.159
786437,,,,,,,,,,,,,,,,,,,,,
786475,,,,,,,,,,,,,,,,,,,,,
786495,11.1,11.1,0,11.1,0,11.1,0,11.1,0,11.1,0,11.1,0,11.1,0,11.1,0,8,0.387,8,0.387
786549,,,,,,,,,,,,,,,,,,,,,
786639,70,70,0,70,0,70,0,70,0,70,0,70,0,65.1,0.0753,59.8,0.171,58.5,0.197,54,0.296
786726,44.9,44.9,0,44.9,0,44.9,0,44.9,0,44.9,0,44.9,0,49.8,-0.0984,49.9,-0.1,42,0.069,46.8,-0.0406
786727,,,,,,,,,,,,,,,,,,,,,
786728,15,15,0,15,0,15,0,15,0,15,0,15,0,15,0,15,0,12.9,0.163,12.9,0.163
786748,28,28,0,28,0,28,0,28,0,28,0,28,0,,,28,0,,,28,0
786752,34.9,34.9,0,34.9,0,34.9,0,34.9,0,34.9,0,34.9,0,34.9,0,33.7,0.0356,33.7,0.0356,31,0.126
786757,34.9,34.9,0,34.9,0,34.9,0,34.9,0,34.9,0,34.9,0,34.9,0,33.7,0.0356,33.7,0.0356,31,0.126
786763,34.9,34.9,0,34.9,0,34.9,0,34.9,0,34.9,0,34.9,0,34.9,0,33.7,0.0356,33.7,0.0356,31,0.126
786795,31.5,31.5,0,31.5,0,31.5,0,31.5,0,31.5,0,31.5,0,31.5,0,29.6,0.0642,26.3,0.198,25.9,0.216
786813,34.4,34.4,0,34.4,0,34.4,0,34.4,0,34.4,0,34.4,0,34.4,0,,,27.5,0.251,24.9,0.382
786824,,,,,,,,,,,,,,,,,,,,,
786835,,,,,,,,,,,,,,,,,,,,,
786836,,,,,,,,,,,,,,,,,,,,,
786842,20.9,20.9,0,20.9,0,20.9,0,20.9,0,20.9,0,20.9,0,20.9,0,20.9,0,18.5,0.13,18.5,0.13
786847,,,,,,,,,,,,,,,,,,,,,
786855,27.5,27.5,0,27.5,0,27.5,0,27.5,0,24.5,0.122,24.5,0.122,24.5,0.122,,,18.8,0.463,17.5,0.571
786871,,,,,,,,,,,,,,,,,,,,,
786889,27.5,27.5,0,27.5,0,27.5,0,27.5,0,25.7,0.07,25.7,0.07,25.7,0.07,,,20.7,0.329,17.5,0.571
786896,28.8,28.8,0,28.8,0,28.8,0,28.8,0,28.2,0.0213,28.2,0.0213,28.2,0.0213,,,20.6,0.398,17.5,0.646
786936,39.6,39.6,0,39.6,0,39.6,0,39.6,0,39.6,0,39.6,0,39.6,0,38,0.0421,38,0.0421,34.6,0.145
786938,79,79,0,79,0,79,0,79,0,79,0,79,0,79,0,79,0,77.5,0.0194,75,0.0533
786952,,,,,,,,,,,,,,,,,,,,,
786975,20.9,20.9,0,20.9,0,20.9,0,20.9,0,20.9,0,20.9,0,20.9,0,20.9,0,18.5,0.13,18.5,0.13
786994,,,,,,,,,,,,,,,,,,,,,
787039,,,,,,,,,,,,,,,,,,,,,
787044,30.1,30.1,0,30.1,0,30.1,0,37.6,-0.199,37.6,-0.199,37.6,-0.199,37.6,-0.199,,,41.4,-0.273,,
787074,16.5,16.5,0,16.5,0,17.9,-0.0782,17.9,-0.0782,,,,,,,,,,,15.5,0.0645
787079,7,7,0,7,0,7,0,7,0,7,0,7,0,7,0,7,0,6,0.167,5,0.4
787084,7,7,0,7,0,7,0,7,0,7,0,7,0,7,0,7,0,6,0.167,5,0.4
787230,,,,,,,,,,,,,,,,,,,,,
787233,,,,,,,,,,,,,,,,,,,,,
787247,,,,,,,,,,,,,,,,,,,,,
787249,,,,,,,,,,,,,,,,,,,,,
787251,,,,,,,,,,,,,,,,,,,,,
787301,,,,,,,,,,,,,,,,,,,,,
787312,,,,,,,,,,,,,,,,,,,,,
787314,19.5,19.5,0,19.5,0,19.5,0,19.5,0,19.5,0,19.5,0,19.5,0,19.5,0,,,18.8,0.0372
787321,19.5,19.5,0,,,,,,,19.5,0,19.5,0,19.5,0,19.5,0,,,18.8,0.0372
787323,,,,,,,,,,,,,,,,,,,,,
787335,,,,,,,,,,,,,,,,,,,,,
787379,,,,,,,,,,,,,,,,,,,,,
787412,104,104,0,104,0,104,0,104,0,104,0,104,0,107,-0.0299,104,0,90,0.153,,
787417,,,,,,,,,,,,,,,,,,,,,
787442,,,,,,,,,,,,,,,,,,,,,
787459,,,,,,,,,,,,,,,,,,,,,
787460,18.5,18.5,0,18.5,0,18.5,0,18.5,0,18.5,0,16.5,0.121,17.5,0.0571,,,,,,
787475,18.5,18.5,0,18.5,0,18.5,0,18.5,0,18.5,0,16.5,0.121,17.5,0.0571,,,,,,
787479,,,,,,,,,,,,,,,,,,,,,
787505,49.4,49.4,0,49.4,0,49.4,0,49.4,0,49.4,0,49.4,0,,,,,45,0.0978,42,0.176
787517,94.7,94.7,0,94.7,0,94.7,0,94.7,0,94.7,0,94.7,0,94.7,0,91.2,0.0384,91.2,0.0384,78,0.214
787622,12.9,12.9,0,,,12.9,0,12.9,0,12.9,0,12.9,0,13.5,-0.0444,,,15,-0.14,14.5,-0.11
787632,,,,,,,,,,,,,,,,,,,,,
787634,,,,,,,,,,,,,,,,,,,,,
787644,28.2,28.2,0,28.2,0,28.2,0,28.2,0,28.2,0,28.2,0,30.9,-0.0874,,,34.5,-0.183,34,-0.171
787647,,,,,,,,,,,,,,,,,,,,,
787652,,,,,,,,,,,,,,,,,,,,,
787657,,,,,,,,,,,,,,,,,,,,,
787659,,,,,,,,,,,,,,,,,,,,,
787692,,,,,,,,,,,,,,,,,,,,,
787694,,,,,,,,,,,,,,,,,,,,,
787764,22.5,22.5,0,26,-0.135,16.9,0.331,16.9,0.331,26,-0.135,19,0.184,20,0.125,,,,,,
787831,11.5,11.5,0,11.5,0,11.5,0,11.5,0,11.5,0,9.9,0.162,11,0.0455,,,,,,
787846,10.5,10.5,0,10.5,0,,,,,,,9,0.167,10,0.05,,,,,,
787887,,,,,,,,,,,,,,,,,,,,,
787993,7,7,0,7,0,7,0,7,0,7,0,7,0,7,0,7,0,7,0,7,0
788136,14,14,0,14,0,14,0,14,0,14,0,14,0,14,0,14,0,14,0,12.9,0.0853
788156,7.8,7.8,0,7.8,0,7.8,0,7.8,0,7.8,0,7.8,0,7.8,0,7.8,0,7.5,0.04,7.5,0.04
788161,,,,,,,,,,,,,,,,,,,,,
788176,,,,,,,,,,,,,,,,,,,,,
788205,72.9,72.9,0,72.9,0,72.9,0,72.9,0,72.9,0,72.9,0,72.9,0,72.9,0,64.9,0.123,64.9,0.123
788369,33.5,33.5,0,33.5,0,33.5,0,33.5,0,33.5,0,33.5,0,33.5,0,33.5,0,,,,
788389,,,,,,,,,,,,,,,,,,,,,
788438,,,,,,,,,,,,,,,,,,,,,
788572,7.9,7.9,0,7.9,0,7.9,0,7.9,0,8,-0.0125,8,-0.0125,8,-0.0125,8,-0.0125,6.5,0.215,5.5,0.436
788592,4,4,0,4,0,4,0,4,0,4,0,4,0,4,0,4,0,3.5,0.143,3,0.333
788676,4,4,0,4,0,4,0,4,0,4,0,4,0,4,0,4,0,3.5,0.143,,
788874,18,18,0,18,0,18,0,18,0,18,0,18,0,18,0,,,,,,
789020,7,7,0,7,0,7,0,7,0,7,0,4,0.75,4,0.75,4,0.75,4,0.75,4,0.75
789129,,,,,,,,,,,,,,,,,,,,,
789227,7,7,0,7,0,7,0,7,0,7,0,,,,,,,,,,
789235,,,,,,,,,,,,,,,,,,,,,
789276,,,,,,,,,,,,,,,,,,,,,
789327,27,27,0,27,0,27,0,27,0,27,0,27,0,27,0,25,0.08,22,0.227,17.8,0.517
789328,,,,,,,,,,,,,,,,,,,,,
789329,81,81,0,81,0,81,0,81,0,81,0,81,0,81,0,72,0.125,64.6,0.254,52.8,0.534
789368,49.9,49.9,0,49.9,0,49.9,0,49.9,0,49.9,0,49.9,0,49.9,0,49.9,0,49.9,0,49.9,0
789413,47.5,47.5,0,47.5,0,47.5,0,47.5,0,47.5,0,47.5,0,47.5,0,47.5,0,,,,
789427,30.5,30.5,0,30.5,0,30.5,0,30.5,0,30.5,0,30.5,0,,,28.2,0.0816,27,0.13,,
789432,,,,,,,,,,,,,,,,,,,,,
789434,23.5,23.5,0,23.5,0,23.5,0,23.5,0,23.5,0,23.5,0,21,0.119,,,21,0.119,21,0.119
789474,,,,,,,,,,,,,,,,,,,,,
789476,,,,,,,,,,,,,,,,,,,,,
789511,,,,,,,,,,,,,,,,,,,,,
789523,,,,,,,,,,,,,,,,,,,,,
789526,20,20,0,20,0,17.5,0.143,17.5,0.143,17.5,0.143,,,,,17.5,0.143,,,17.5,0.143
789573,,,,,,,,,,,,,,,,,,,,,
789576,,,,,,,,,,,,,,,,,,,,,
789579,,,,,,,,,,,,,,,,,,,,,
789585,28,28,0,28,0,28,0,28,0,,,,,28,0,,,28,0,28,0
789587,22,22,0,22,0,22,0,22,0,22,0,,,,,,,,,,
789590,18.5,18.5,0,18.5,0,18.5,0,18.5,0,18.5,0,18.5,0,18.5,0,,,,,10,0.85
789596,,,,,,,,,,,,,,,,,,,,,
789627,,,,,,,,,,,,,,,,,,,,,
789639,73.6,73.6,0,73.6,0,73.6,0,103,-0.286,103,-0.286,103,-0.286,103,-0.286,113,-0.35,101,-0.272,73.9,-0.00406
789673,30.8,30.8,0,30.8,0,30.8,0,30.8,0,30.8,0,30.8,0,30.8,0,30.8,0,30.8,0,,
789676,,,,,,,,,,,,,,,,,,,,,
789678,54,54,0,54,0,56.9,-0.051,56.9,-0.051,,,,,,,,,,,46.9,0.151
789701,93.8,93.8,0,93.8,0,93.8,0,93.8,0,93.8,0,93.8,0,105,-0.107,105,-0.106,93.8,0,78.8,0.19
789709,,,,,,,,,,,,,,,,,,,,,
789715,,,,,,,,,,,,,,,,,,,,,
789718,78.8,78.8,0,78.8,0,78.8,0,78.8,0,78.8,0,78.8,0,78.8,0,125,-0.37,97,-0.188,76,0.0368
789719,,,,,,,,,,,,,,,,,,,,,
789725,,,,,,,,,,,,,,,,,,,,,
789741,199,199,0,199,0,199,0,199,0,199,0,199,0,,,,,158,0.259,105,0.895
789742,65,65,0,65,0,65,0,65,0,49.4,0.316,49.4,0.316,49.4,0.316,46.9,0.386,45,0.444,40,0.625
789744,,,,,,,,,,,,,,,,,,,,,
789745,29.9,29.9,0,29.9,0,29.9,0,29.9,0,29.9,0,29.9,0,29.9,0,18.8,0.59,18.8,0.59,18.8,0.59
789755,,,,,,,,,,,,,,,,,,,,,
789759,33.5,33.5,0,33.5,0,33.5,0,33.5,0,33.5,0,33.5,0,33.5,0,37.5,-0.107,36,-0.0694,33,0.0152
789790,,,,,,,,,,,,,,,,,,,,,
789795,50,50,0,50,0,50,0,50,0,25,1,25,1,,,,,25,1,25,1
789796,,,,,,,,,,,,,,,,,,,,,
789799,,,,,,,,,,,,,,,,,,,,,
789808,,,,,,,,,,,,,,,,,,,,,
789811,20.5,20.5,0,20.5,0,20.5,0,20.5,0,20.5,0,20.5,0,20.5,0,20.5,0,20.5,0,20.5,0
789824,12.5,12.5,0,12.5,0,12.5,0,12.5,0,12.5,0,12.5,0,12.5,0,12.5,0,12.5,0,12.5,0
789826,7.9,7.9,0,7.9,0,7.9,0,7.9,0,7.9,0,7.9,0,7,0.129,7,0.129,7,0.129,7,0.129
789835,15.5,15.5,0,15.5,0,15.5,0,15.5,0,15.5,0,15.5,0,15.5,0,,,15.5,0,15.5,0
789846,12.5,12.5,0,12.5,0,12.5,0,12.5,0,12.5,0,12.5,0,12.5,0,12.5,0,12.5,0,12.5,0
789848,,,,,,,,,,,,,,,,,,,,,
789859,,,,,,,,,,,,,,,,,,,,,
790961,17.5,17.5,0,17.5,0,17.5,0,17.5,0,17.5,0,17.5,0,17.5,0,16.5,0.0606,14.9,0.174,14.5,0.207
790966,25,25,0,25,0,25,0,25,0,25,0,25,0,25,0,21,0.19,21,0.19,21,0.19
791053,26.9,26.9,0,26.9,0,26.9,0,26.9,0,26.9,0,26.9,0,26.9,0,26.9,0,26.9,0,24.9,0.0803
791117,30,30,0,30,0,30,0,30,0,30,0,30,0,100,-0.7,100,-0.7,100,-0.7,100,-0.7
791137,59.9,59.9,0,59.9,0,59.9,0,59.9,0,59.9,0,59.9,0,59.9,0,48,0.248,48,0.248,45,0.331
791182,,,,,,,,,,,,,,,,,,,,,
791197,28,28,0,28,0,28,0,28,0,28,0,28,0,28,0,22.9,0.223,22.9,0.223,21.5,0.302
791232,16.6,16.6,0,16.6,0,19.6,-0.153,19.6,-0.153,19.6,-0.153,19.6,-0.153,19.6,-0.153,,,15,0.107,12,0.383
791246,49.9,49.9,0,49.9,0,49.9,0,49.9,0,49.9,0,49.9,0,49.9,0,43.9,0.137,43.9,0.137,43.9,0.137
791333,25.3,25.3,0,25.3,0,29.3,-0.137,29.3,-0.137,29.3,-0.137,29.3,-0.137,29.3,-0.137,,,,,22,0.15
791478,,,,,,,,,,,,,,,,,,,,,
791483,,,,,,,,,,,,,,,,,,,,,
791532,,,,,,,,,,,,,,,,,,,,,
791697,,,,,,,,,,,,,,,,,,,,,
791979,10.9,10.9,0,10.9,0,10.9,0,10.9,0,10.9,0,,,,,8.9,0.225,7.5,0.453,7.5,0.453
792209,15,15,0,15,0,15,0,15.8,-0.0506,,,,,15.8,-0.0506,15.8,-0.0506,14.5,0.0345,14,0.0714
792214,74,74,0,,,,,75.9,-0.025,,,75.9,-0.025,75.9,-0.025,75.9,-0.025,67.9,0.0898,59,0.254
792318,,,,,,,,,,,,,,,,,,,,,
792323,,,,,,,,,,,,,,,,,,,,,
792338,,,,,,,,,,,,,,,,,,,,,
792343,,,,,,,,,,,,,,,,,,,,,
792383,,,,,,,,,,,,,,,,,,,,,
792398,38.5,38.5,0,38.5,0,38.5,0,38.5,0,38.5,0,38.5,0,38.5,0,38.5,0,35.5,0.0845,,
792407,,,,,,,,,,,,,,,,,,,,,
792587,,,,,,,,,,,,,,,,,,,,,
792685,,,,,,,,,,,,,,,,,,,,,
792693,,,,,,,,,,,,,,,,,,,,,
792709,14.5,14.5,0,14.5,0,14.5,0,14.5,0,14.5,0,14.5,0,,,14.5,0,12.9,0.124,11,0.318
792714,5.2,5.2,0,5.2,0,5.2,0,5.2,0,5.2,0,5.2,0,,,5.2,0,5,0.04,5,0.04
792898,35.5,35.5,0,35.5,0,35.5,0,35.5,0,35.5,0,35.5,0,35.5,0,35.5,0,,,,
792932,275,275,0,275,0,275,0,275,0,275,0,275,0,225,0.223,275,0,235,0.17,199,0.382
792947,204,204,0,204,0,204,0,204,0,204,0,204,0,204,0,204,0,180,0.136,167,0.225
792952,204,204,0,204,0,204,0,204,0,204,0,204,0,204,0,204,0,182,0.124,153,0.337
793148,3.9e+03,3.9e+03,0,3.9e+03,0,3.9e+03,0,3.9e+03,0,3.9e+03,0,4.16e+03,-0.0616,4.16e+03,-0.0616,4.16e+03,-0.0616,3.55e+03,0.0983,2.89e+03,0.349
793528,31,31,0,31,0,31,0,31,0,31,0,31,0,31,0,29.1,0.0653,29.1,0.0653,25.9,0.197
793539,,,,,,,,,,,,,,,,,,,,,
793722,12.5,12.5,0,12.5,0,12.5,0,12.5,0,12.5,0,12.5,0,12.5,0,12.5,0,10,0.25,,
793737,23,23,0,23,0,23,0,23,0,23,0,22.5,0.0222,27.5,-0.164,27.5,-0.164,24,-0.0417,22,0.0455
793762,,,,,,,,,,,,,,,,,,,,,
793960,39.6,39.6,0,39.6,0,39.6,0,39.6,0,39.6,0,39.6,0,39.6,0,34.8,0.138,29.5,0.342,,
794218,29.9,,,,,29.9,0,29.9,0,29.9,0,29.9,0,29.9,0,24.9,0.201,24.9,0.201,,
794237,29.9,29.9,0,29.9,0,29.9,0,29.9,0,29.9,0,29.9,0,,,24.9,0.201,24.9,0.201,24.9,0.201
794722,,,,,,,,,,,,,,,,,,,,,
795451,43.5,43.5,0,43.5,0,43.5,0,43.5,0,43.5,0,43.5,0,43.5,0,,,,,22,0.977
795580,,,,,,,,,,,,,,,,,,,,,
795621,38.5,38.5,0,38.5,0,38.5,0,38.5,0,38.5,0,38.5,0,38.5,0,36.6,0.0519,36.6,0.0519,35.5,0.0845
795635,,,,,,,,,,,,,,,,,,,,,
795748,22.5,22.5,0,22.5,0,22.5,0,22.5,0,22.5,0,,,22.5,0,22.5,0,20,0.125,20,0.125
795832,,,,,,,,,,,,,,,,,,,,,
795897,,,,,,,,,,,,,,,,,,,,,
796321,21.6,21.6,0,21.6,0,21.6,0,21.6,0,21.6,0,21.6,0,21.6,0,21.6,0,18.5,0.168,18.5,0.168
796428,,,,,,,,,,,,,,,,,,,,,
796483,17.5,17.5,0,17.5,0,17.5,0,17.5,0,17.5,0,17.5,0,17.5,0,17.5,0,13.9,0.259,13.9,0.259
796513,24,24,0,24,0,24,0,24,0,24,0,,,,,,,,,,
796539,,,,,,,,,,,,,,,,,,,,,
796728,31.2,31.2,0,31.2,0,31.2,0,,,,,31.2,0,,,,,25,0.248,,
796761,24.5,24.5,0,24.5,0,24.5,0,23.5,0.0426,23.5,0.0426,23.5,0.0426,22,0.114,20,0.225,20,0.225,19.5,0.256
796826,103,103,0,103,0,103,0,103,0,103,0,103,0,103,0,103,0,,,,
796930,,,,,,,,,,,,,,,,,,,,,
797148,,,,,,,,,,,,,,,,,,,,,
797213,88.6,88.6,0,88.6,0,88.6,0,88.6,0,80,0.107,80,0.107,80,0.107,77.5,0.143,77.5,0.143,72,0.231
797223,88.6,88.6,0,88.6,0,88.6,0,88.6,0,80,0.107,80,0.107,80,0.107,77.5,0.143,77.5,0.143,72,0.231
797233,88.6,88.6,0,88.6,0,88.6,0,88.6,0,80,0.107,80,0.107,80,0.107,77.5,0.143,77.5,0.143,72,0.231
797243,88.6,88.6,0,88.6,0,88.6,0,88.6,0,80,0.107,80,0.107,80,0.107,77.5,0.143,77.5,0.143,72,0.231
797253,88.6,88.6,0,88.6,0,88.6,0,88.6,0,80,0.107,80,0.107,80,0.107,77.5,0.143,77.5,0.143,72,0.231
797620,,,,,,,,,,,,,,,,,,,,,
797635,95.6,95.6,0,95.6,0,95.6,0,95.6,0,95.6,0,95.6,0,95.6,0,95.6,0,87.5,0.0926,65,0.471
797837,,,,,,,,,,,,,,,,,,,,,
797979,,,,,,,,,,,,,,,,,,,,,
798311,80,80,0,80,0,80,0,80,0,72.5,0.103,72.5,0.103,72.5,0.103,72.5,0.103,68.8,0.163,65.9,0.214
798322,15.3,15.3,0,15.3,0,15.3,0,15.3,0,14,0.0929,14,0.0929,14,0.0929,13,0.177,11.9,0.286,11.5,0.33
798326,,,,,,,,,,,,,,,,,,,,,
798338,,,,,,,,,,,,,,,,,,,,,
798342,15.3,15.3,0,15.3,0,15.3,0,15.3,0,14,0.0929,14,0.0929,14,0.0929,13,0.177,11.9,0.286,11.5,0.33
798349,28,28,0,28,0,28,0,28,0,28,0,28,0,,,,,,,,
798352,15.3,15.3,0,15.3,0,15.3,0,15.3,0,14,0.0929,14,0.0929,14,0.0929,,,11.9,0.286,11.5,0.33
798362,15.3,15.3,0,15.3,0,15.3,0,15.3,0,14,0.0929,14,0.0929,14,0.0929,13,0.177,11.9,0.286,11.5,0.33
798364,78.8,78.8,0,78.8,0,78.8,0,78.8,0,78.8,0,,,,,,,,,,
798368,,,,,,,,,,,,,,,,,,,,,
798372,15.3,15.3,0,15.3,0,15.3,0,,,14,0.0929,14,0.0929,14,0.0929,13,0.177,11.9,0.286,11.5,0.33
798412,,,,,,,,,,,,,,,,,,,,,
798452,,,,,,,,,,,,,,,,,,,,,
798459,,,,,,,,,,,,,,,,,,,,,
798472,,,,,,,,,,,,,,,,,,,,,
798538,129,129,0,129,0,129,0,129,0,129,0,,,,,,,,,,
798542,,,,,,,,,,,,,,,,,,,,,
798579,,,,,,,,,,,,,,,,,,,,,
798628,,,,,,,,,,,,,,,,,,,,,
798634,,,,,,,,,,,,,,,,,,,,,
798734,,,,,,,,,,,,,,,,,,,,,
798746,,,,,,,,,,,,,,,,,,,,,
798768,71.3,71.3,0,71.3,0,71.3,0,71.3,0,71.3,0,71.3,0,71.3,0,64,0.114,58.7,0.215,52.7,0.353
798823,,,,,,,,,,,,,,,,,,,,,
800028,,,,,,,,,,,,,,,,,,,,,
800122,117,117,0,117,0,117,0,117,0,117,0,115,0.0165,115,0.0165,115,0.0165,66,0.771,65,0.798
800137,,,,,,,,,,,,,,,,,,,,,
800142,,,,,,,,,,,,,,,,,,,,,
800266,,,,,,,,,,,,,,,,,,,,,
800271,33.5,33.5,0,33.5,0,33.5,0,33.5,0,33.5,0,33.5,0,33.5,0,33.5,0,,,23,0.457
800278,,,,,,,,,,,,,,,,,,,,,
800279,12.5,12.5,0,12.5,0,12.5,0,12.5,0,12.5,0,8.9,0.404,,,,,,,,
800664,33,33,0,33,0,33,0,33,0,33,0,33,0,33,0,33,0,19.9,0.658,,
800665,,,,,,,,,,,,,,,,,,,,,
800669,,,,,,,,,,,,,,,,,,,,,
800772,,,,,,,,,,,,,,,,,,,,,
800874,,,,,,,,,,,,,,,,,,,,,
801105,,,,,,,,,,,,,,,,,,,,,
801110,30.5,30.5,0,30.5,0,30.5,0,30.5,0,30.5,0,30.5,0,30.5,0,30.5,0,25.5,0.196,23,0.326
801125,30.5,30.5,0,30.5,0,30.5,0,30.5,0,30.5,0,30.5,0,30.5,0,30.5,0,25.5,0.196,23,0.326
801234,,,,,,,,,,,,,,,,,,,,,
801338,4,4,0,4,0,4,0,4,0,4,0,4,0,4,0,4,0,3.5,0.143,2.5,0.6
802401,18.5,18.5,0,18.5,0,18.5,0,18.5,0,18.5,0,18.5,0,18.5,0,18.5,0,18.5,0,18.5,0
802402,10,10,0,10,0,10,0,10,0,10,0,10,0,10,0,10,0,10,0,10,0
802403,18,18,0,18,0,18,0,18,0,18,0,18,0,18,0,18,0,18,0,18,0
802404,13,13,0,13,0,13,0,13,0,13,0,13,0,13,0,13,0,13,0,13,0
802561,,,,,,,,,,,,,,,,,,,,,
802593,,,,,,,,,,,,,,,,,,,,,
802628,,,,,,,,,,,,,,,,,,,,,
802648,,,,,,,,,,,,,,,,,,,,,
802653,,,,,,,,,,,,,,,,,,,,,
802693,54.2,54.2,0,54.2,0,54.2,0,54.2,0,54.2,0,54.2,0,54.2,0,54.2,0,52,0.0423,37,0.465
803054,15,15,0,15,0,15,0,15,0,15,0,15,0,15,0,,,,,,
803190,21.5,21.5,0,21.5,0,21.5,0,21.5,0,21.5,0,21.5,0,21.5,0,21.5,0,21.5,0,21.5,0
803403,,,,,,,,,,,,,,,,,,,,,
803654,13,13,0,13,0,13,0,13,0,13,0,13,0,13,0,,,,,9.9,0.313
803871,11,11,0,11,0,,,,,,,,,,,,,,,,
803872,11,11,0,11,0,11,0,11,0,,,,,,,,,,,,
803873,11,11,0,11,0,11,0,11,0,,,,,,,,,,,,
803882,4,4,0,4,0,,,,,,,,,,,,,,,,
803883,4,4,0,4,0,4,0,4,0,,,,,,,,,,,,
803885,11,11,0,11,0,,,,,,,,,,,,,,,,
803928,,,,,,,,,,,,,,,,,,,,,
803931,,,,,,,,,,,,,,,,,,,,,
803954,,,,,,,,,,,,,,,,,,,,,
804906,42.5,42.5,0,42.5,0,42.5,0,42.5,0,42.5,0,42.5,0,42.5,0,39.5,0.0759,36,0.181,36,0.181
805543,6,6,0,6,0,6,0,6,0,6,0,6,0,6,0,,,5,0.2,5,0.2
805692,47,47,0,47,0,47,0,47,0,47.5,-0.0105,47.5,-0.0105,47.5,-0.0105,47.5,-0.0105,43.5,0.0805,43.5,0.0805
805701,29.5,29.5,0,29.5,0,29.5,0,29.5,0,29.5,0,29.5,0,29.5,0,29.5,0,25.5,0.157,,
805776,6.3,6.3,0,6.3,0,6.3,0,6.3,0,,,4.9,0.286,6.3,0,6.3,0,6.3,0,5.8,0.0862
805825,9.9,9.9,0,9.9,0,9.9,0,19.9,-0.503,19.9,-0.503,19.9,-0.503,22.9,-0.568,,,,,,
805830,9.9,9.9,0,9.9,0,9.9,0,21.9,-0.548,21.9,-0.548,,,,,19.9,-0.503,6.9,0.435,14.9,-0.336
805845,18.9,18.9,0,18.9,0,18.9,0,18.9,0,18.9,0,,,24.9,-0.241,24.9,-0.241,7.9,1.39,14.9,0.268
806120,,,,,,,,,,,,,,,,,,,,,
806175,,,,,,,,,,,,,,,,,,,,,
806195,,,,,,,,,,,,,,,,,,,,,
806247,52,52,0,52,0,52,0,52,0,52,0,52,0,52,0,,,,,,
806926,,,,,,,,,,,,,,,,,,,,,
807497,30,30,0,30,0,21,0.429,21,0.429,39,-0.231,39,-0.231,39,-0.231,,,,,,
807897,16.5,16.5,0,16.5,0,16.5,0,16.5,0,16.5,0,7.9,1.09,,,,,,,,
808077,75,75,0,75,0,75,0,75,0,75,0,75,0,75,0,75,0,42.5,0.765,42.5,0.765
808126,80,80,0,80,0,80,0,80,0,80,0,78,0.0256,78,0.0256,72.5,0.103,72.5,0.103,70,0.143
808131,59,59,0,59,0,59,0,59,0,59,0,59,0,59,0,59,0,56,0.0536,56,0.0536
808146,28.5,28.5,0,28.5,0,28.5,0,28.5,0,29,-0.0172,29,-0.0172,29,-0.0172,,,25,0.14,,
808165,,,,,,,,,,,,,,,,,,,,,
808166,22.9,22.9,0,22.9,0,22.9,0,22.9,0,22.9,0,22.9,0,22.9,0,25.9,-0.116,25,-0.084,17.9,0.279
808565,107,107,0,107,0,107,0,107,0,107,0,,,,,,,,,,
808591,107,107,0,107,0,107,0,107,0,107,0,107,0,107,0,107,0,,,,
808625,107,107,0,107,0,107,0,107,0,107,0,107,0,107,0,107,0,,,,
808626,262,262,0,262,0,262,0,262,0,262,0,262,0,262,0,262,0,235,0.115,195,0.344
808695,107,107,0,107,0,107,0,107,0,107,0,,,,,107,0,,,,
808702,107,107,0,107,0,107,0,107,0,107,0,107,0,107,0,107,0,,,,
809203,51.5,51.5,0,51.5,0,51.5,0,51.5,0,51.5,0,51.5,0,51.5,0,49.5,0.0404,34,0.515,28.5,0.807
809312,,,,,,,,,,,,,,,,,,,,,
809327,,,,,,,,,,,,,,,,,,,,,
809427,,,,,,,,,,,,,,,,,,,,,
809428,155,155,0,155,0,155,0,155,0,155,0,119,0.303,,,,,,,,
809429,,,,,,,,,,,,,,,,,,,,,
809472,42,42,0,42,0,25,0.68,25,0.68,42,0,42,0,42,0,,,,,,
809558,,,,,,,,,,,,,,,,,,,,,
809560,,,,,,,,,,,,,,,,,,,,,
809590,186,186,0,186,0,186,0,186,0,186,0,186,0,186,0,186,0,,,119,0.566
809626,34.9,34.9,0,34.9,0,,,,,,,,,,,,,,,,
809627,34.9,34.9,0,34.9,0,,,,,,,,,,,,,,,,
809628,34.9,34.9,0,34.9,0,,,,,,,,,,,,,,,,
809630,34.9,34.9,0,34.9,0,,,,,,,,,,,,,,,,
809631,34.9,34.9,0,34.9,0,,,,,,,,,,,,,,,,
809632,34.9,34.9,0,34.9,0,,,,,,,,,,,,,,,,
809700,22,22,0,22,0,22,0,22,0,22,0,,,,,,,,,,
809709,92,92,0,92,0,92,0,92,0,92,0,,,,,,,,,,
809732,52,52,0,52,0,35,0.486,35,0.486,52,0,52,0,52,0,,,,,,
809814,,,,,,,,,,,,,,,,,,,,,
809815,,,,,,,,,,,,,,,,,,,,,
809816,190,190,0,190,0,190,0,190,0,190,0,190,0,,,,,,,,
809817,190,190,0,190,0,190,0,190,0,190,0,190,0,,,,,,,,
809822,46,46,0,86,-0.465,86,-0.465,86,-0.465,86,-0.465,86,-0.465,,,,,,,,
809823,46,46,0,86,-0.465,86,-0.465,86,-0.465,86,-0.465,86,-0.465,,,,,,,,
809871,,,,,,,,,,,,,,,,,,,,,
809889,,,,,,,,,,,,,,,,,,,,,
810053,72,72,0,72,0,72,0,72,0,72,0,72,0,72,0,,,52.2,0.379,52.2,0.379
810060,86,86,0,86,0,86,0,86,0,86,0,,,86,0,86,0,76,0.132,65,0.323
810358,5.9,5.9,0,5.9,0,5.9,0,5.9,0,,,,,,,,,,,,
810359,5.9,5.9,0,5.9,0,5.9,0,5.9,0,,,,,,,,,,,,
810360,5.9,5.9,0,5.9,0,5.9,0,5.9,0,,,,,,,,,,,,
810363,,,,,,,,,,,,,,,,,,,,,
810365,5.9,5.9,0,5.9,0,5.9,0,5.9,0,,,,,,,,,,,,
811489,,,,,,,,,,,,,,,,,,,,,
811796,,,,,,,,,,,,,,,,,,,,,
811810,,,,,,,,,,,,,,,,,,,,,
812660,61,61,0,61,0,61,0,61,0,61,0,61,0,61,0,54.9,0.111,51.8,0.178,47,0.298
812764,132,132,0,,,132,0,132,0,132,0,132,0,132,0,116,0.133,114,0.158,104,0.27
813158,10,10,0,10,0,10,0,10,0,10,0,14,-0.286,15,-0.333,15,-0.333,11.6,-0.138,9.5,0.0526
813178,,,,,,,,,,,,,,,,,,,,,
813183,,,,,,,,,,,,,,,,,,,,,
813624,70.1,70.1,0,70.1,0,70.1,0,70.1,0,70.1,0,70.1,0,,,70.1,0,68.8,0.0189,62,0.131
814324,21,21,0,21,0,21,0,21,0,21,0,21,0,21,0,21,0,18.5,0.135,16.5,0.273
815142,,,,,,,,,,,,,,,,,,,,,
816356,219,219,0,219,0,219,0,219,0,219,0,,,,,,,,,,
816363,122,122,0,122,0,122,0,122,0,122,0,,,,,,,,,,
816368,205,205,0,205,0,205,0,205,0,205,0,,,,,,,,,,
816376,117,117,0,117,0,117,0,117,0,117,0,,,,,,,,,,
816377,298,298,0,298,0,298,0,298,0,298,0,,,,,,,,,,
816379,333,333,0,333,0,333,0,333,0,333,0,,,,,,,,,,
816384,109,109,0,109,0,109,0,109,0,109,0,,,,,,,,,,
816387,236,236,0,236,0,236,0,236,0,236,0,,,,,,,,,,
816388,211,211,0,211,0,211,0,211,0,211,0,,,,,,,,,,
816419,14.8,14.8,0,14.8,0,14.8,0,14.8,0,14.8,0,14.8,0,14.8,0,14.8,0,10.8,0.37,9,0.644
816427,125,125,0,125,0,125,0,,,,,,,,,,,,,,
816428,125,125,0,125,0,125,0,,,,,,,,,,,,,,
816429,125,125,0,125,0,125,0,,,,,,,,,,,,,,
816430,125,125,0,125,0,125,0,,,,,,,,,,,,,,
816439,,,,,,,,,,,,,,,,,,,,,
816617,,,,,,,,,,,,,,,,,,,,,
816840,,,,,,,,,,,,,,,,,,,,,
816880,18.9,18.9,0,18.9,0,18.9,0,18.9,0,18.9,0,,,,,,,,,,
816904,,,,,,,,,,,,,,,,,,,,,
818428,,,,,,,,,,,,,,,,,,,,,
818468,3.1,3.1,0,3.1,0,3.1,0,3.1,0,3.1,0,3.1,0,3.1,0,3.1,0,3,0.0333,2.9,0.069
818669,38.3,38.3,0,38.3,0,38.3,0,38.3,0,38.3,0,38.3,0,38.3,0,38.3,0,37.5,0.0213,30,0.277
818724,44,44,0,44,0,44,0,44,0,44,0,51,-0.137,55,-0.2,55,-0.2,40.1,0.0973,38,0.158
818731,,,,,,,,,,,,,,,,,,,,,
818732,,,,,,,,,,,,,,,,,,,,,
818849,37,37,0,37,0,37,0,37,0,37,0,,,37,0,,,33,0.121,,
818850,40,40,0,40,0,40,0,40,0,40,0,40,0,40,0,36,0.111,36,0.111,30,0.333
818854,53,53,0,53,0,53,0,53,0,53,0,53,0,53,0,46,0.152,46,0.152,,
818860,56,56,0,56,0,56,0,56,0,56,0,56,0,56,0,,,50,0.12,36,0.556
818864,,,,,,,,,,,,,,,,,,,,,
819066,22,22,0,22,0,22,0,22,0,22,0,22,0,22,0,22,0,22,0,22,0
819069,12,12,0,12,0,12,0,12,0,12,0,12,0,12,0,12,0,12,0,12,0
819083,13,13,0,13,0,13,0,13,0,13,0,13,0,13,0,13,0,13,0,19,-0.316
819095,9,9,0,9,0,9,0,9,0,9,0,9,0,9,0,9,0,9,0,18,-0.5
819265,,,,,,,,,,,,,,,,,,,,,
819287,8,8,0,8,0,8,0,8,0,8,0,3,1.67,3,1.67,3,1.67,3,1.67,5.1,0.569
819329,19.5,19.5,0,19.5,0,19.5,0,19.5,0,19.5,0,19.5,0,19.5,0,19.5,0,,,,
819334,19.5,19.5,0,19.5,0,19.5,0,19.5,0,19.5,0,19.5,0,19.5,0,19.5,0,,,,
819403,99,99,0,112,-0.116,112,-0.116,112,-0.116,112,-0.116,112,-0.116,112,-0.116,112,-0.116,99,0,82,0.207
819418,138,138,0,138,0,138,0,138,0,138,0,138,0,138,0,138,0,123,0.118,99,0.389
819423,214,214,0,239,-0.105,239,-0.105,239,-0.105,239,-0.105,239,-0.105,239,-0.105,239,-0.105,212,0.00943,174,0.23
819563,,,,,,,,,,,,,,,,,,,,,
819564,,,,,,,,,,,,,,,,,,,,,
819577,476,476,0,476,0,476,0,476,0,476,0,476,0,476,0,476,0,600,-0.207,,
819636,96.5,96.5,0,96.5,0,96.5,0,96.5,0,96.5,0,96.5,0,,,,,,,,
819641,96.5,96.5,0,96.5,0,96.5,0,96.5,0,96.5,0,96.5,0,,,,,,,,
819661,20.5,20.5,0,20.5,0,20.5,0,20.5,0,20.5,0,20.5,0,20.5,0,20.5,0,15,0.367,15,0.367
819676,10.6,10.6,0,10.6,0,10.6,0,10.6,0,10.6,0,10.6,0,10.6,0,10.6,0,10.6,0,10.6,0
819681,29.5,29.5,0,29.5,0,29.5,0,29.5,0,29.5,0,29.5,0,29.5,0,29.5,0,20.5,0.439,20.5,0.439
819834,,,,,,,,,,,,,,,,,,,,,
819958,3,3,0,3,0,3,0,3,0,3,0,3,0,,,3,0,3,0,3,0
820002,12,12,0,12,0,12,0,12,0,12,0,12,0,12,0,12,0,12,0,12,0
820146,30.5,30.5,0,30.5,0,30.5,0,30.5,0,30.5,0,30.5,0,30.5,0,24.9,0.225,24.5,0.245,23,0.326
820151,,,,,,,,,,,,,,,,,,,,,
820295,125,125,0,125,0,125,0,125,0,125,0,125,0,125,0,125,0,125,0,,
820319,25,25,0,25,0,25,0,25,0,25,0,25,0,25,0,25,0,,,15.8,0.582
820339,144,144,0,144,0,144,0,144,0,144,0,144,0,144,0,144,0,135,0.0667,89.5,0.609
820408,210,210,0,210,0,210,0,210,0,210,0,210,0,210,0,210,0,210,0,194,0.0825
820428,26.5,26.5,0,26.5,0,26.5,0,26.5,0,26.5,0,26.5,0,26.5,0,23,0.152,23,0.152,20,0.325
820453,72,72,0,72,0,72,0,72,0,72,0,72,0,72,0,72,0,69.9,0.03,,
820468,78.5,78.5,0,78.5,0,78.5,0,78.5,0,78.5,0,78.5,0,78.5,0,78.5,0,79,-0.00633,84,-0.0655
820597,,,,,,,,,,,,,,,,,,,,,
820611,33.9,33.9,0,33.9,0,33.9,0,33.9,0,33.9,0,33.9,0,33.9,0,33.9,0,21,0.614,21,0.614
821367,,,,,,,,,,,,,,,,,,,,,
821372,15.9,15.9,0,15.9,0,13.9,0.144,13.9,0.144,15.9,0,15.9,0,15.9,0,17.5,-0.0914,15.5,0.0258,13.5,0.178
821451,14.5,14.5,0,14.5,0,14.5,0,14.5,0,14.5,0,14.5,0,14.5,0,14.5,0,14.5,0,11.3,0.283
821452,14.5,14.5,0,14.5,0,14.5,0,14.5,0,14.5,0,14.5,0,14.5,0,,,,,11.3,0.283
821462,17,17,0,17,0,17,0,17,0,17,0,17,0,17.5,-0.0286,17.5,-0.0286,13,0.308,13,0.308
821468,81,81,0,81,0,81,0,81,0,81,0,81,0,80,0.0125,80,0.0125,60,0.35,60,0.35
821472,19,19,0,19,0,19,0,19,0,19,0,19,0,19,0,19,0,14,0.357,14,0.357
821474,8,8,0,8,0,8,0,8,0,8,0,8,0,8.5,-0.0588,8.5,-0.0588,6,0.333,,
821530,70.1,70.1,0,70.1,0,70.1,0,70.1,0,70.1,0,86.7,-0.191,86.7,-0.191,87,-0.194,81.3,-0.138,75,-0.0653
822028,,,,,,,,,,,,,,,,,,,,,
822593,34.1,34.1,0,34.1,0,34.1,0,34.1,0,34.1,0,34.1,0,34.1,0,34.1,0,34.1,0,34.1,0
822622,23.5,23.5,0,23.5,0,23.5,0,23.5,0,23.5,0,23.5,0,23.5,0,23.5,0,23.5,0,23.5,0
822628,4,4,0,4,0,4,0,4,0,4,0,4,0,,,4,0,4,0,4,0
822637,84,84,0,84,0,84,0,84,0,84,0,84,0,84,0,64.9,0.294,83.5,0.00599,53,0.585
822731,,,,,,,,,,,,,,,,,,,,,
822939,75,75,0,75,0,75,0,75,0,75,0,75,0,75,0,,,,,,
823185,20.5,20.5,0,20.5,0,20.5,0,20.5,0,20.5,0,20.5,0,20.5,0,20.5,0,20.5,0,20.5,0
823665,5,5,0,5,0,5,0,5,0,,,,,,,,,,,,
823670,5,5,0,5,0,5,0,5,0,,,,,,,,,,,,
824326,,,,,,,,,,,,,,,,,,,,,
824688,,,,,,,,,,,,,,,,,,,,,
825641,5.5,5.5,0,5.5,0,5.5,0,5.5,0,5.5,0,5.5,0,5.5,0,5.5,0,3.8,0.447,,
825661,5.5,5.5,0,5.5,0,5.5,0,5.5,0,5.5,0,5.5,0,5.5,0,5.5,0,,,,
825676,5.5,5.5,0,5.5,0,5.5,0,5.5,0,5.5,0,5.5,0,5.5,0,5.5,0,3.8,0.447,,
825705,12.5,12.5,0,12.5,0,12.5,0,12.5,0,12.5,0,16.5,-0.242,13.9,-0.101,16.2,-0.228,14.9,-0.161,11,0.136
825758,,,,,,,,,,,,,,,,,,,,,
825785,65,65,0,65,0,65,0,65,0,65,0,65,0,65,0,65,0,52.5,0.238,52.5,0.238
825894,122,122,0,122,0,122,0,122,0,,,115,0.0652,115,0.0652,115,0.0652,115,0.0652,107,0.145
825903,88,88,0,88,0,88,0,88,0,88,0,85,0.0353,85,0.0353,81.5,0.0798,81.5,0.0798,78.5,0.121
826105,,,,,,,,,,,,,,,,,,,,,
826133,,,,,,,,,,,,,,,,,,,,,
826135,,,,,,,,,,,,,,,,,,,,,
826138,243,243,0,243,0,243,0,243,0,243,0,243,0,243,0,243,0,243,0,149,0.631
826143,29,29,0,29,0,29,0,29,0,29,0,29,0,29,0,32,-0.0938,28,0.0357,18,0.611
826145,29,29,0,29,0,29,0,29,0,29,0,29,0,29,0,32,-0.0938,28,0.0357,,
826287,,,,,,,,,,,,,,,,,,,,,
826317,,,,,,,,,,,,,,,,,,,,,
826342,14.5,14.5,0,14.5,0,14.5,0,14.5,0,14.5,0,14.5,0,14.5,0,14.5,0,14.5,0,14.5,0
826350,,,,,,,,,,,,,,,,,,,,,
826426,1.99e+03,1.99e+03,0,1.99e+03,0,1.99e+03,0,1.99e+03,0,1.99e+03,0,1.99e+03,0,1.99e+03,0,1.8e+03,0.106,1.25e+03,0.593,1.2e+03,0.66
826431,119,119,0,119,0,119,0,147,-0.19,147,-0.19,147,-0.19,147,-0.19,147,-0.19,115,0.0348,93,0.28
826446,,,,,,,,,,,,,,,,,,,,,
826684,4.3e+03,4.3e+03,0,4.3e+03,0,4.3e+03,0,4.3e+03,0,4.3e+03,0,4.3e+03,0,4.3e+03,0,3.6e+03,0.194,2.49e+03,0.727,2.4e+03,0.792
826698,,,,,,,,,,,,,,,,,,,,,
826699,30.5,30.5,0,30.5,0,30.5,0,30.5,0,30.5,0,30.5,0,,,30.5,0,30.5,0,30.5,0
826706,250,250,0,250,0,250,0,250,0,250,0,250,0,250,0,299,-0.164,196,0.276,159,0.572
826708,10,10,0,10,0,10,0,10,0,10,0,10,0,10,0,10,0,10,0,10,0
826869,120,120,0,120,0,120,0,120,0,120,0,120,0,120,0,120,0,120,0,,
826971,57.5,57.5,0,57.5,0,57.5,0,57.5,0,57.5,0,57.5,0,57.5,0,57.5,0,45,0.278,39.5,0.456
827106,,,,,,,,,,,,,,,,,,,,,
827129,,,,,,,,,,,,,,,,,,,,,
827344,,,,,,,,,,,,,,,,,,,,,
827506,,,,,,,,,,,,,,,,,,,,,
827507,,,,,,,,,,,,,,,,,,,,,
827529,285,285,0,285,0,285,0,285,0,285,0,285,0,285,0,285,0,285,0,285,0
827687,29.5,29.5,0,29.5,0,29.5,0,29.5,0,29.5,0,29.5,0,29.5,0,24,0.229,21.5,0.372,21.5,0.372
827692,27.4,27.4,0,27.4,0,27.4,0,27.4,0,29.5,-0.0712,29.5,-0.0712,29.5,-0.0712,29.5,-0.0712,21.5,0.274,21.5,0.274
827701,27.4,27.4,0,27.4,0,27.4,0,27.4,0,29.5,-0.0712,,,29.5,-0.0712,29.5,-0.0712,21.5,0.274,21.5,0.274
827736,27.4,27.4,0,27.4,0,27.4,0,27.4,0,29.5,-0.0712,29.5,-0.0712,29.5,-0.0712,24,0.142,21.5,0.274,21.5,0.274
827916,16.3,16.3,0,16.3,0,16.3,0,16.3,0,16.3,0,16.3,0,,,,,,,,
828600,30,30,0,30,0,30,0,30,0,30,0,30,0,30,0,30,0,30,0,30,0
828695,,,,,,,,,,,,,,,,,,,,,
828724,36,36,0,36,0,36,0,36,0,36,0,36,0,36,0,36,0,31,0.161,26.5,0.358
828739,,,,,,,,,,,,,,,,,,,,,
829163,,,,,,,,,,,,,,,,,,,,,
829637,,,,,,,,,,,,,,,,,,,,,
829780,,,,,,,,,,,,,,,,,,,,,
829870,20,20,0,20,0,20,0,20,0,20,0,20,0,20,0,20,0,,,,
829876,,,,,,,,,,,,,,,,,,,,,
829901,,,,,,,,,,,,,,,,,,,,,
829959,,,,,,,,,,,,,,,,,,,,,
829970,,,,,,,,,,,,,,,,,,,,,
830004,25,25,0,25,0,25,0,25,0,25,0,25,0,25,0,,,21,0.19,19.7,0.269
830019,45,45,0,45,0,45,0,45,0,45,0,45,0,45,0,45,0,35,0.286,33,0.364
830400,4.8,4.8,0,4.8,0,4.8,0,4.8,0,4.8,0,4.7,0.0213,4.7,0.0213,4.7,0.0213,4.5,0.0667,,
830415,4.8,4.8,0,4.8,0,4.8,0,4.8,0,4.8,0,4.7,0.0213,4.7,0.0213,4.7,0.0213,4.5,0.0667,4,0.2
830420,4.8,4.8,0,4.8,0,4.8,0,4.8,0,4.8,0,4.7,0.0213,4.7,0.0213,4.7,0.0213,4.5,0.0667,4,0.2
830435,4.8,4.8,0,4.8,0,4.8,0,4.8,0,4.8,0,4.7,0.0213,4.7,0.0213,4.7,0.0213,4.5,0.0667,4,0.2
830440,1.5,1.5,0,1.5,0,1.5,0,1.5,0,1.5,0,1.5,0,1.5,0,1.5,0,1.3,0.154,1.3,0.154
830455,1.5,1.5,0,1.5,0,1.5,0,1.5,0,1.5,0,1.5,0,,,1.5,0,1.3,0.154,1.3,0.154
830460,1.5,1.5,0,1.5,0,1.5,0,1.5,0,1.5,0,1.5,0,1.5,0,1.5,0,1.5,0,1.3,0.154
830475,1.5,1.5,0,1.5,0,1.5,0,1.5,0,1.5,0,1.5,0,1.5,0,1.5,0,1.3,0.154,1.3,0.154
830519,26,26,0,26,0,26,0,26,0,26,0,26,0,26,0,26,0,22,0.182,18.1,0.436
830524,22.5,22.5,0,22.5,0,22.5,0,22.5,0,22.5,0,22.5,0,22.5,0,22.5,0,18,0.25,14.5,0.552
830564,49,49,0,49,0,49,0,49,0,49,0,49,0,49,0,56,-0.125,45,0.0889,36.5,0.342
830702,47.5,47.5,0,47.5,0,47.5,0,47.5,0,47.5,0,47.5,0,47.5,0,47.5,0,41.5,0.145,30.5,0.557
830737,,,,,,,,,,,,,,,,,,,,,
830742,,,,,,,,,,,,,,,,,,,,,
831285,4.8,4.8,0,4.8,0,4.8,0,4.8,0,4.8,0,4.7,0.0213,4.7,0.0213,4.7,0.0213,4.5,0.0667,4,0.2
831345,,,,,,,,,,,,,,,,,,,,,
831346,,,,,,,,,,,,,,,,,,,,,
831347,,,,,,,,,,,,,,,,,,,,,
831480,,,,,,,,,,,,,,,,,,,,,
831509,16,16,0,16,0,16,0,16,0,16,0,12,0.333,12,0.333,12,0.333,12,0.333,12,0.333
831542,37,37,0,37,0,37,0,37,0,37,0,37,0,37,0,37,0,37,0,37,0
831544,17.5,17.5,0,17.5,0,17.5,0,17.5,0,17.5,0,17.5,0,17.5,0,17.5,0,17.5,0,17.5,0
831644,13.5,13.5,0,13.5,0,13.5,0,13.5,0,13.5,0,13.5,0,13.5,0,13.5,0,13.5,0,13.5,0
831681,,,,,,,,,,,,,,,,,,,,,
831854,,,,,,,,,,,,,,,,,,,,,
831923,,,,,,,,,,,,,,,,,,,,,
831970,22,22,0,22,0,22,0,22,0,22,0,22,0,,,,,,,,
832248,,,,,,,,,,,,,,,,,,,,,
832253,57.5,57.5,0,57.5,0,57.5,0,57.5,0,57.5,0,57.5,0,57.5,0,29.9,0.923,24.9,1.31,24.9,1.31
832345,,,,,,,,,,,,,,,,,,,,,
832361,19,19,0,19,0,19,0,,,,,,,,,,,,,,
832377,69,69,0,69,0,69,0,69,0,69,0,,,,,,,,,36,0.917
832476,,,,,,,,,,,,,,,,,,,,,
832491,61,61,0,61,0,61,0,58,0.0517,50,0.22,50,0.22,60.6,0.0066,67,-0.0896,55,0.109,47.5,0.284
832493,14,14,0,14,0,14,0,14,0,14,0,14,0,14,0,14,0,14,0,14,0
832530,12,12,0,12,0,12,0,12,0,12,0,12,0,12,0,12,0,12,0,12,0
832713,4.9,4.9,0,4.9,0,4.9,0,4.9,0,5.5,-0.109,5.5,-0.109,5.5,-0.109,,,3.5,0.4,3.5,0.4
832715,16,16,0,16,0,16,0,16,0,16,0,16,0,16,0,16,0,16,0,16,0
832716,10,10,0,10,0,10,0,10,0,10,0,10,0,10,0,10,0,10,0,16,-0.375
832717,11,11,0,11,0,11,0,11,0,11,0,11,0,11,0,11,0,11,0,16,-0.312
833261,4.5,4.5,0,4.5,0,4.5,0,4.5,0,4.5,0,4.5,0,4.5,0,4.5,0,4.5,0,4.5,0
833281,,,,,,,,,,,,,,,,,,,,,
833305,,,,,,,,,,,,,,,,,,,,,
833325,,,,,,,,,,,,,,,,,,,,,
833330,,,,,,,,,,,,,,,,,,,,,
833345,,,,,,,,,,,,,,,,,,,,,
833414,,,,,,,,,,,,,,,,,,,,,
833716,49,49,0,49,0,49,0,49,0,44.9,0.0913,52,-0.0577,52,-0.0577,52,-0.0577,,,,
833735,10,10,0,10,0,10,0,10,0,10,0,10,0,10,0,10,0,10,0,10,0
833737,10,10,0,10,0,10,0,10,0,10,0,10,0,10,0,10,0,10,0,10,0
834101,,,,,,,,,,,,,,,,,,,,,
834308,6.5,6.5,0,7.5,-0.133,6.9,-0.058,6.9,-0.058,7.5,-0.133,8.5,-0.235,8.5,-0.235,11,-0.409,8.9,-0.27,8,-0.188
834313,6.5,6.5,0,7.5,-0.133,6.9,-0.058,6.9,-0.058,7.5,-0.133,8.5,-0.235,8.5,-0.235,11,-0.409,8.9,-0.27,8,-0.188
834328,6.5,6.5,0,7.5,-0.133,6.9,-0.058,6.9,-0.058,7.5,-0.133,8.5,-0.235,8.5,-0.235,11,-0.409,8.9,-0.27,8,-0.188
834333,25,25,0,25,0,25,0,25,0,25,0,25,0,25,0,25,0,15,0.667,15,0.667
834353,12.5,12.5,0,12.5,0,12.5,0,12.5,0,12.5,0,12.5,0,12.5,0,12.5,0,12.5,0,12.5,0
834360,,,,,,,,,,,,,,,,,,,,,
834368,,,,,,,,,,,,,,,,,,,,,
834393,159,159,0,159,0,159,0,159,0,175,-0.0914,175,-0.0914,175,-0.0914,175,-0.0914,159,0,99,0.606
834402,,,,,,,,,,,,,,,,,,,,,
834437,,,,,,,,,,,,,,,,,,,,,
834457,22.5,22.5,0,22.5,0,22.5,0,22.5,0,22.5,0,22.5,0,22.5,0,22.5,0,18.8,0.197,18.8,0.197
834497,1.5,1.5,0,1.5,0,1.5,0,1.5,0,1.5,0,1.5,0,1.5,0,1.5,0,1.5,0,1.3,0.154
835212,,,,,,,,,,,,,,,,,,,,,
835247,88.5,88.5,0,88.5,0,88.5,0,88.5,0,88.5,0,88.5,0,88.5,0,79.5,0.113,79,0.12,70,0.264
835267,60.5,60.5,0,60.5,0,67.5,-0.104,67.5,-0.104,67.5,-0.104,67.5,-0.104,67.5,-0.104,58.5,0.0342,53,0.142,55,0.1
835272,80.5,80.5,0,80.5,0,80.5,0,80.5,0,80.5,0,80.5,0,80.5,0,71.5,0.126,68,0.184,64,0.258
835292,91.5,91.5,0,91.5,0,91.5,0,91.5,0,,,,,,,,,,,,
835316,,,,,,,,,,,,,,,,,,,,,
835336,68,68,0,68,0,68,0,68,0,,,,,,,,,,,,
835341,88.5,88.5,0,88.5,0,88.5,0,88.5,0,88.5,0,88.5,0,88.5,0,79.5,0.113,79,0.12,74,0.196
835356,72,72,0,72,0,72,0,72,0,,,,,,,,,,,,
835361,,,,,,,,,,,,,,,,,,,,,
835405,70,70,0,70,0,70,0,70,0,70,0,70,0,70,0,49,0.429,48.5,0.443,44.5,0.573
835410,,,,,,,,,,,,,,,,,,,,,
835430,61.5,61.5,0,61.5,0,61.5,0,61.5,0,61.5,0,61.5,0,61.5,0,53.5,0.15,54,0.139,50,0.23
835435,83.5,83.5,0,83.5,0,83.5,0,83.5,0,83.5,0,83.5,0,83.5,0,74.5,0.121,68,0.228,63,0.325
835439,88.5,88.5,0,88.5,0,88.5,0,88.5,0,88.5,0,88.5,0,88.5,0,79.5,0.113,79,0.12,70,0.264
835445,71.5,71.5,0,71.5,0,71.5,0,71.5,0,,,,,,,,,,,,
835450,74.5,74.5,0,74.5,0,74.5,0,74.5,0,74.5,0,74.5,0,74.5,0,66.5,0.12,58,0.284,50,0.49
835455,74.5,74.5,0,74.5,0,74.5,0,74.5,0,74.5,0,74.5,0,74.5,0,66.5,0.12,,,,
835509,65,65,0,65,0,65,0,65,0,65,0,65,0,73,-0.11,68,-0.0441,61,0.0656,45,0.444
835514,59,59,0,59,0,59,0,59,0,59,0,59,0,59,0,54,0.0926,45,0.311,41,0.439
835534,61,61,0,61,0,61,0,61,0,61,0,61,0,61,0,56,0.0893,45,0.356,43,0.419
835549,64,64,0,64,0,64,0,64,0,64,0,68,-0.0588,68,-0.0588,63,0.0159,55,0.164,52,0.231
835623,65,65,0,65,0,65,0,65,0,65,0,65,0,65,0,60,0.0833,57,0.14,51.5,0.262
835645,,,,,,,,,,,,,,,,,,,,,
835691,,,,,,,,,,,,,,,,,,,,,
835694,91,91,0,91,0,91,0,91,0,91,0,91,0,91,0,81,0.123,,,,
835697,91,91,0,91,0,91,0,91,0,91,0,91,0,91,0,81,0.123,,,,
835700,95,95,0,95,0,95,0,95,0,95,0,95,0,95,0,85,0.118,,,,
835716,,,,,,,,,,,,,,,,,,,,,
835721,,,,,,,,,,,,,,,,,,,,,
835722,,,,,,,,,,,,,,,,,,,,,
835730,,,,,,,,,,,,,,,,,,,,,
835737,,,,,,,,,,,,,,,,,,,,,
835750,85,85,0,85,0,85,0,85,0,85,0,85,0,85,0,73,0.164,,,,
835759,97,97,0,97,0,97,0,97,0,97,0,97,0,97,0,87,0.115,,,,
835763,,,,,,,,,,,,,,,,,,,,,
835764,,,,,,,,,,,,,,,,,,,,,
835766,,,,,,,,,,,,,,,,,,,,,
835767,54.5,54.5,0,54.5,0,54.5,0,54.5,0,54.5,0,54.5,0,54.5,0,49.5,0.101,47.5,0.147,45.5,0.198
835781,,,,,,,,,,,,,,,,,,,,,
835896,62,62,0,62,0,62,0,62,0,,,,,,,,,,,,
835905,73.5,73.5,0,73.5,0,73.5,0,73.5,0,73.5,0,73.5,0,73.5,0,68.5,0.073,62,0.185,49.5,0.485
835922,39,39,0,39,0,39,0,39,0,39,0,39,0,39,0,,,,,,
836359,115,115,0,115,0,115,0,115,0,115,0,115,0,115,0,115,0,93.9,0.225,115,0
836364,165,165,0,,,,,,,,,,,,,165,0,165,0,165,0
836631,243,243,0,243,0,243,0,243,0,243,0,243,0,243,0,,,213,0.141,213,0.141
836646,20.8,20.8,0,20.8,0,20.8,0,20.8,0,20.8,0,17.8,0.169,17.6,0.182,20.2,0.0297,17,0.224,17,0.224
836651,19,19,0,19,0,19,0,19,0,19,0,19,0,19,0,19,0,16.9,0.124,16.9,0.124
836666,20.8,20.8,0,20.8,0,20.8,0,20.8,0,20.8,0,17.8,0.169,20.8,0,20.2,0.0297,17,0.224,17,0.224
836671,19,19,0,19,0,19,0,19,0,19,0,19,0,19,0,16.5,0.152,16.9,0.124,16.9,0.124
836686,20.8,20.8,0,20.8,0,20.8,0,20.8,0,20.8,0,20.8,0,20.8,0,20.2,0.0297,17,0.224,17,0.224
836700,16.9,16.9,0,16.9,0,16.9,0,16.9,0,16.9,0,14.9,0.134,14.9,0.134,14.9,0.134,14.9,0.134,13.9,0.216
836860,56,56,0,56,0,56,0,54,0.037,60,-0.0667,60,-0.0667,60,-0.0667,60,-0.0667,47,0.191,47,0.191
836861,56,56,0,56,0,56,0,54,0.037,60,-0.0667,60,-0.0667,60,-0.0667,60,-0.0667,47,0.191,47,0.191
836884,,,,,,,,,,,,,,,,,,,,,
836948,,,,,,,,,,,,,,,,,,,,,
837149,13,13,0,13,0,13,0,13,0,13,0,13,0,,,,,10.5,0.238,10.5,0.238
837150,31,31,0,31,0,31,0,31,0,31,0,31,0,31,0,31,0,25,0.24,25,0.24
837151,14,14,0,14,0,14,0,14,0,14,0,14,0,14,0,,,,,,
837152,21,21,0,21,0,21,0,21,0,21,0,21,0,21,0,21,0,16.5,0.273,16.5,0.273
837210,29,29,0,29,0,29,0,29,0,29,0,29,0,29,0,29,0,29,0,41,-0.293
837674,3,3,0,3,0,3,0,3,0,,,,,,,,,2,0.5,2,0.5
837675,3,3,0,3,0,3,0,3,0,3,0,2,0.5,2,0.5,2,0.5,2,0.5,2,0.5
837892,32,32,0,32,0,32,0,32,0,32,0,32,0,32,0,32,0,18.5,0.73,,
837893,40,40,0,40,0,40,0,40,0,40,0,40,0,40,0,32,0.25,,,,
837894,40,40,0,40,0,40,0,40,0,40,0,40,0,40,0,28,0.429,,,,
837970,21,21,0,21,0,21,0,21,0,21,0,21,0,21,0,14,0.5,14,0.5,14,0.5
837971,14,14,0,14,0,14,0,14,0,14,0,14,0,,,,,7.5,0.867,7.5,0.867
837976,17,17,0,17,0,17,0,17,0,17,0,17,0,,,14,0.214,14,0.214,14,0.214
837977,43,43,0,43,0,43,0,43,0,43,0,43,0,43,0,43,0,25,0.72,25,0.72
837978,38,38,0,38,0,38,0,38,0,38,0,38,0,,,38,0,21,0.81,21,0.81
837979,33,33,0,33,0,33,0,33,0,33,0,33,0,33,0,33,0,18.5,0.784,18.5,0.784
837999,35,35,0,35,0,35,0,35,0,35,0,35,0,35,0,35,0,19,0.842,19,0.842
838080,40,40,0,40,0,40,0,40,0,40,0,40,0,40,0,40,0,28,0.429,,
838081,50,50,0,50,0,50,0,50,0,50,0,50,0,50,0,50,0,30,0.667,30,0.667
838309,19,19,0,19,0,19,0,19,0,19,0,19,0,19,0,19,0,19,0,19,0
838393,,,,,,,,,,,,,,,,,,,,,
838439,5.6,5.6,0,5.6,0,5.6,0,5.6,0,5.6,0,5.6,0,5.6,0,5.6,0,5,0.12,4.4,0.273
838444,6.5,6.5,0,7.5,-0.133,6.9,-0.058,6.9,-0.058,7.5,-0.133,11,-0.409,11,-0.409,11,-0.409,8.9,-0.27,8,-0.188
838459,11.9,11.9,0,11.9,0,9.9,0.202,9.9,0.202,11.9,0,9.9,0.202,11.9,0,11.9,0,8.7,0.368,6.9,0.725
838519,77.5,77.5,0,77.5,0,77.5,0,77.5,0,77.5,0,77.5,0,,,,,,,,
838528,,,,,,,,,,,,,,,,,,,,,
838573,179,179,0,179,0,179,0,179,0,179,0,179,0,179,0,224,-0.201,155,0.155,129,0.388
838593,24,24,0,24,0,24,0,24,0,24,0,24,0,24,0,24,0,24.5,-0.0204,24,0
838599,,,,,,,,,,,,,,,,,,,,,
838617,28,28,0,28,0,28,0,28,0,28,0,28,0,28,0,28,0,23.5,0.191,17.5,0.6
838622,28,28,0,28,0,28,0,28,0,28,0,28,0,28,0,28,0,23.5,0.191,17.5,0.6
838676,3,3,0,3,0,3,0,3,0,3,0,2,0.5,2,0.5,2,0.5,2,0.5,2,0.5
838763,148,148,0,148,0,148,0,148,0,148,0,148,0,,,,,,,,
838767,21,21,0,21,0,21,0,21,0,21,0,21,0,,,,,,,,
838772,32,32,0,32,0,32,0,32,0,32,0,32,0,,,,,,,,
838859,,,,,,,,,,,,,,,,,,,,,
838861,41,41,0,41,0,41,0,41,0,41,0,41,0,,,,,,,,
838918,76,76,0,76,0,76,0,76,0,76,0,,,,,,,,,,
839010,,,,,,,,,,,,,,,,,,,,,
839026,,,,,,,,,,,,,,,,,,,,,
839028,18,18,0,18,0,18,0,18,0,,,,,,,21,-0.143,21,-0.143,21,-0.143
839081,10,10,0,10,0,10,0,10,0,10,0,10,0,10,0,10,0,9.5,0.0526,9.5,0.0526
839254,15.3,15.3,0,15.3,0,15.3,0,15.3,0,15.3,0,15.3,0,,,15.3,0,,,,
839310,,,,,,,,,,,,,,,,,,,,,
839343,27.5,27.5,0,27.5,0,27.5,0,27.5,0,27.5,0,23.9,0.151,27,0.0185,26,0.0577,26,0.0577,24.5,0.122
839354,106,106,0,106,0,106,0,106,0,106,0,106,0,106,0,106,0,106,0,106,0
839358,27.5,27.5,0,27.5,0,27.5,0,27.5,0,27.5,0,23.9,0.151,27,0.0185,25,0.1,25,0.1,23.5,0.17
839371,56,56,0,56,0,56,0,56,0,56,0,56,0,56,0,56,0,47,0.191,41,0.366
839596,28,28,0,28,0,28,0,28,0,28,0,28,0,28,0,28,0,28,0,,
839635,71,71,0,71,0,71,0,68,0.0441,76,-0.0658,76,-0.0658,76,-0.0658,76,-0.0658,60,0.183,60,0.183
839800,147,147,0,147,0,147,0,147,0,147,0,147,0,180,-0.183,,,139,0.0576,,
839810,,,,,,,,,,,,,,,,,,,,,
839824,,,,,,,,,,,,,,,,,,,,,
839895,,,,,,,,,,,,,,,,,,,,,
839896,43,43,0,43,0,43,0,43,0,43,0,43,0,43,0,43,0,34,0.265,,
839902,43,43,0,43,0,43,0,43,0,43,0,43,0,43,0,43,0,34,0.265,30,0.433
840006,49.5,49.5,0,49.5,0,49.5,0,49.5,0,49.5,0,49.5,0,,,49.5,0,38,0.303,36,0.375
840092,,,,,,,,,,,,,,,,,,,,,
840093,,,,,,,,,,,,,,,,,,,,,
840094,,,,,,,,,,,,,,,,,,,,,
840095,,,,,,,,,,,,,,,,,,,,,
840097,,,,,,,,,,,,,,,,,,,,,
840100,18.2,18.2,0,18.2,0,18.2,0,18.2,0,18.2,0,18.2,0,18.2,0,18.2,0,15.5,0.174,14,0.3
840115,20.4,20.4,0,20.4,0,20.4,0,20.4,0,20.4,0,20.4,0,20.4,0,20.4,0,18,0.133,14,0.457
840127,,,,,,,,,,,,,,,,,,,,,
840148,,,,,,,,,,,,,,,,,,,,,
840165,,,,,,,,,,,,,,,,,,,,,
840220,,,,,,,,,,,,,,,,,,,,,
840221,,,,,,,,,,,,,,,,,,,,,
840226,,,,,,,,,,,,,,,,,,,,,
840227,,,,,,,,,,,,,,,,,,,,,
840230,,,,,,,,,,,,,,,,,,,,,
840231,,,,,,,,,,,,,,,,,,,,,
840232,,,,,,,,,,,,,,,,,,,,,
840233,,,,,,,,,,,,,,,,,,,,,
840234,,,,,,,,,,,,,,,,,,,,,
840235,,,,,,,,,,,,,,,,,,,,,
840236,,,,,,,,,,,,,,,,,,,,,
840338,,,,,,,,,,,,,,,,,,,,,
840402,93,93,0,93,0,93,0,93,0,93,0,93,0,93,0,65.5,0.42,65.5,0.42,48,0.938
840437,37.5,37.5,0,37.5,0,37.5,0,37.5,0,37.5,0,37.5,0,37.5,0,37.5,0,37.5,0,37.5,0
840615,56,56,0,56,0,56,0,56,0,56,0,56,0,56,0,56,0,45.9,0.22,38.5,0.455
840620,56,56,0,56,0,56,0,56,0,56,0,56,0,56,0,56,0,45.9,0.22,38.5,0.455
840635,58.5,58.5,0,58.5,0,58.5,0,58.5,0,58.5,0,58.5,0,58.5,0,58.5,0,48,0.219,38.5,0.519
840640,66.5,66.5,0,66.5,0,66.5,0,66.5,0,66.5,0,66.5,0,66.5,0,66.5,0,,,,
840647,,,,,,,,,,,,,,,,,,,,,
840648,,,,,,,,,,,,,,,,,,,,,
840651,,,,,,,,,,,,,,,,,,,,,
840654,,,,,,,,,,,,,,,,,,,,,
840655,90,90,0,90,0,90,0,90,0,90,0,90,0,90,0,90,0,74.5,0.208,58.9,0.528
840659,,,,,,,,,,,,,,,,,,,,,
840675,,,,,,,,,,,,,,,,,,,,,
840682,,,,,,,,,,,,,,,,,,,,,
840689,,,,,,,,,,,,,,,,,,,,,
841123,5,5,0,5,0,5,0,4.8,0.0417,4.8,0.0417,4.8,0.0417,4.8,0.0417,4.5,0.111,4,0.25,4,0.25
841252,19.5,19.5,0,19.5,0,19.5,0,19.5,0,19.5,0,19.5,0,19.5,0,19.5,0,18,0.0833,18,0.0833
841267,19.5,19.5,0,19.5,0,19.5,0,19.5,0,19.5,0,19.5,0,19.5,0,19.5,0,14,0.393,14,0.393
841289,,,,,,,,,,,,,,,,,,,,,
841314,,,,,,,,,,,,,,,,,,,,,
841318,,,,,,,,,,,,,,,,,,,,,
841319,,,,,,,,,,,,,,,,,,,,,
841320,,,,,,,,,,,,,,,,,,,,,
841321,102,102,0,102,0,102,0,102,0,102,0,102,0,102,0,102,0,89,0.152,89,0.152
841322,,,,,,,,,,,,,,,,,,,,,
841323,,,,,,,,,,,,,,,,,,,,,
841324,,,,,,,,,,,,,,,,,,,,,
841325,,,,,,,,,,,,,,,,,,,,,
841326,,,,,,,,,,,,,,,,,,,,,
841327,,,,,,,,,,,,,,,,,,,,,
841329,,,,,,,,,,,,,,,,,,,,,
841332,,,,,,,,,,,,,,,,,,,,,
841336,97,97,0,97,0,97,0,97,0,97,0,97,0,88,0.102,88,0.102,73,0.329,73,0.329
841338,,,,,,,,,,,,,,,,,,,,,
841346,,,,,,,,,,,,,,,,,,,,,
841347,,,,,,,,,,,,,,,,,,,,,
841350,,,,,,,,,,,,,,,,,,,,,
841354,,,,,,,,,,,,,,,,,,,,,
841355,,,,,,,,,,,,,,,,,,,,,
841357,,,,,,,,,,,,,,,,,,,,,
841412,,,,,,,,,,,,,,,,,,,,,
841414,,,,,,,,,,,,,,,,,,,,,
841447,,,,,,,,,,,,,,,,,,,,,
841449,,,,,,,,,,,,,,,,,,,,,
841450,33,33,0,33,0,33,0,33,0,33,0,33,0,33,0,,,26,0.269,26,0.269
841573,,,,,,,,,,,,,,,,,,,,,
841616,102,102,0,102,0,102,0,102,0,102,0,102,0,102,0,102,0,78,0.308,,
841658,36,36,0,36,0,36,0,36,0,36,0,36,0,36,0,36,0,31,0.161,26.5,0.358
841663,36,36,0,36,0,36,0,36,0,36,0,36,0,36,0,36,0,31,0.161,26.5,0.358
841683,39,39,0,39,0,39,0,39,0,39,0,39,0,39,0,39,0,,,,
841704,,,,,,,,,,,,,,,,,,,,,
841732,53,53,0,53,0,53,0,53,0,53,0,53,0,53,0,53,0,36,0.472,36,0.472
841842,81.5,81.5,0,81.5,0,81.5,0,81.5,0,81.5,0,81.5,0,81.5,0,81.5,0,74.5,0.094,62.5,0.304
841915,36,36,0,36,0,36,0,36,0,36,0,41,-0.122,41,-0.122,41,-0.122,32.8,0.0976,32,0.125
841949,9.9,9.9,0,9.9,0,9.9,0,9.9,0,9.9,0,9.9,0,9.9,0,12.9,-0.233,,,,
842111,29.5,29.5,0,29.5,0,29.5,0,29.5,0,29.5,0,29.5,0,,,,,,,,
842116,17,17,0,17,0,17,0,17,0,,,,,15,0.133,15,0.133,15,0.133,,
842128,15,15,0,15,0,15,0,15,0,15,0,15,0,15,0,15,0,15,0,15,0
842139,27,27,0,27,0,27,0,27,0,27,0,20,0.35,20,0.35,20,0.35,20,0.35,,
842145,21,21,0,21,0,21,0,21,0,,,,,,,,,,,,
842225,48.5,48.5,0,48.5,0,48.5,0,48.5,0,48.5,0,43.9,0.105,43.9,0.105,,,43.5,0.115,43.5,0.115
842227,,,,,,,,,,,,,,,,,,,,,
842228,39,39,0,39,0,39,0,39,0,39,0,39,0,39,0,39,0,32,0.219,30,0.3
842229,7,7,0,7,0,7,0,7,0,7,0,7,0,7,0,8.6,-0.186,7.5,-0.0667,,
842300,,,,,,,,,,,,,,,,,,,,,
842486,175,175,0,175,0,175,0,175,0,175,0,,,,,,,,,,
842527,50,55,-0.0909,55,-0.0909,55,-0.0909,55,-0.0909,55,-0.0909,55,-0.0909,55,-0.0909,55,-0.0909,43.8,0.142,46,0.087
843169,,,,,,,,,,,,,,,,,,,,,
843240,,,,,,,,,,,,,,,,,,,,,
843246,,,,,,,,,,,,,,,,,,,,,
843309,275,275,0,275,0,275,0,275,0,275,0,275,0,275,0,275,0,,,,
843315,,,,,,,,,,,,,,,,,,,,,
843469,,,,,,,,,,,,,,,,,,,,,
843514,,,,,,,,,,,,,,,,,,,,,
843814,,,,,,,,,,,,,,,,,,,,,
843892,,,,,,,,,,,,,,,,,,,,,
843899,33,33,0,33,0,33,0,33,0,33,0,33,0,33,0,40,-0.175,40,-0.175,53,-0.377
843902,32,32,0,32,0,32,0,32,0,32,0,32,0,32,0,32,0,32,0,49,-0.347
843912,53,53,0,53,0,53,0,53,0,53,0,53,0,53,0,71,-0.254,71,-0.254,,
843931,,,,,,,,,,,,,,,,,,,,,
843948,49,49,0,49,0,49,0,49,0,49,0,49,0,49,0,49,0,64,-0.234,64,-0.234
843949,,,,,,,,,,,,,,,,,,,,,
843991,,,,,,,,,,,,,,,,,,,,,
843992,,,,,,,,,,,,,,,,,,,,,
843993,107,107,0,107,0,107,0,107,0,107,0,107,0,107,0,107,0,107,0,107,0
844316,240,240,0,240,0,240,0,240,0,240,0,,,,,240,0,,,,
844588,62.5,62.5,0,62.5,0,62.5,0,62.5,0,62.5,0,62.5,0,62.5,0,69.8,-0.105,62,0.00806,62,0.00806
844612,166,166,0,166,0,166,0,166,0,166,0,166,0,166,0,166,0,166,0,166,0
844619,,,,,,,,,,,,,,,,,,,,,
844623,,,,,,,,,,,,,,,,,,,,,
844635,213,213,0,213,0,213,0,213,0,,,,,,,,,,,,
844638,,,,,,,,,,,,,,,,,,,,,
844813,41.4,41.4,0,41.4,0,41.4,0,41.4,0,41.4,0,41.4,0,41.4,0,41.4,0,41.4,0,41.4,0
844814,,,,,,,,,,,,,,,,,,,,,
844986,,,,,,,,,,,,,,,,,,,,,
845216,,,,,,,,,,,,,,,,,,,,,
845234,49,49,0,49,0,49,0,49,0,49,0,49,0,47.9,0.023,47.9,0.023,47.9,0.023,47.9,0.023
845257,86,86,0,86,0,86,0,86,0,86,0,86,0,86,0,103,-0.165,103,-0.165,137,-0.372
845286,56,56,0,56,0,56,0,56,0,56,0,56,0,56,0,67,-0.164,67,-0.164,88,-0.364
845295,103,103,0,103,0,103,0,103,0,103,0,103,0,103,0,103,0,103,0,103,0
845297,,,,,,,,,,,,,,,,,,,,,
845298,,,,,,,,,,,,,,,,,,,,,
845299,,,,,,,,,,,,,,,,,,,,,
845300,,,,,,,,,,,,,,,,,,,,,
845304,,,,,,,,,,,,,,,,,,,,,
845319,45,45,0,45,0,45,0,45,0,45,0,45,0,45,0,96,-0.531,96,-0.531,96,-0.531
845487,23.5,23.5,0,23.5,0,23.5,0,23.5,0,31,-0.242,31,-0.242,31,-0.242,31,-0.242,25,-0.06,25,-0.06
845557,90,90,0,90,0,90,0,90,0,86,0.0465,86,0.0465,96,-0.0625,,,,,64,0.406
845558,91,91,0,91,0,91,0,91,0,91,0,91,0,107,-0.15,104,-0.123,,,78.8,0.155
845945,,,,,,,,,,,,,,,,,,,,,
845949,130,130,0,130,0,130,0,130,0,130,0,130,0,130,0,130,0,130,0,130,0
846124,,,,,,,,,,,,,,,,,,,,,
846125,,,,,,,,,,,,,,,,,,,,,
846127,,,,,,,,,,,,,,,,,,,,,
846166,,,,,,,,,,,,,,,,,,,,,
846190,,,,,,,,,,,,,,,,,,,,,
846200,,,,,,,,,,,,,,,,,,,,,
846205,,,,,,,,,,,,,,,,,,,,,
846206,,,,,,,,,,,,,,,,,,,,,
846223,,,,,,,,,,,,,,,,,,,,,
846224,,,,,,,,,,,,,,,,,,,,,
846225,,,,,,,,,,,,,,,,,,,,,
846231,,,,,,,,,,,,,,,,,,,,,
846232,,,,,,,,,,,,,,,,,,,,,
846234,,,,,,,,,,,,,,,,,,,,,
846235,,,,,,,,,,,,,,,,,,,,,
846236,,,,,,,,,,,,,,,,,,,,,
846238,,,,,,,,,,,,,,,,,,,,,
846239,,,,,,,,,,,,,,,,,,,,,
846240,,,,,,,,,,,,,,,,,,,,,
846243,,,,,,,,,,,,,,,,,,,,,
846244,,,,,,,,,,,,,,,,,,,,,
846245,,,,,,,,,,,,,,,,,,,,,
846246,,,,,,,,,,,,,,,,,,,,,
846249,,,,,,,,,,,,,,,,,,,,,
846250,,,,,,,,,,,,,,,,,,,,,
846251,,,,,,,,,,,,,,,,,,,,,
846252,,,,,,,,,,,,,,,,,,,,,
846255,,,,,,,,,,,,,,,,,,,,,
846258,,,,,,,,,,,,,,,,,,,,,
846260,,,,,,,,,,,,,,,,,,,,,
846264,,,,,,,,,,,,,,,,,,,,,
846267,,,,,,,,,,,,,,,,,,,,,
846269,,,,,,,,,,,,,,,,,,,,,
846270,,,,,,,,,,,,,,,,,,,,,
846276,,,,,,,,,,,,,,,,,,,,,
846278,,,,,,,,,,,,,,,,,,,,,
846286,,,,,,,,,,,,,,,,,,,,,
846295,,,,,,,,,,,,,,,,,,,,,
846365,,,,,,,,,,,,,,,,,,,,,
846370,,,,,,,,,,,,,,,,,,,,,
846395,,,,,,,,,,,,,,,,,,,,,
846397,,,,,,,,,,,,,,,,,,,,,
846399,,,,,,,,,,,,,,,,,,,,,
846401,,,,,,,,,,,,,,,,,,,,,
846403,,,,,,,,,,,,,,,,,,,,,
846407,,,,,,,,,,,,,,,,,,,,,
846411,,,,,,,,,,,,,,,,,,,,,
846412,,,,,,,,,,,,,,,,,,,,,
846413,,,,,,,,,,,,,,,,,,,,,
846414,,,,,,,,,,,,,,,,,,,,,
846416,,,,,,,,,,,,,,,,,,,,,
846422,25,25,0,25,0,25,0,25,0,25,0,25,0,25,0,35,-0.286,35,-0.286,35,-0.286
846423,17,17,0,17,0,17,0,17,0,17,0,17,0,17,0,15,0.133,19,-0.105,19.9,-0.146
846424,,,,,,,,,,,,,,,,,,,,,
846425,35,35,0,35,0,35,0,35,0,35,0,35,0,35,0,35,0,39.9,-0.123,39.9,-0.123
846426,19,19,0,19,0,19,0,19,0,19,0,19,0,19,0,19,0,19,0,29.9,-0.365
846428,23,23,0,23,0,23,0,23,0,23,0,23,0,23,0,23,0,23,0,38,-0.395
846429,24.9,24.9,0,24.9,0,24.9,0,24.9,0,24.9,0,24.9,0,24.9,0,24.9,0,24.9,0,24.9,0
846432,49,49,0,49,0,49,0,49,0,49,0,49,0,49,0,49,0,49,0,59.9,-0.182
846455,,,,,,,,,,,,,,,,,,,,,
846460,72.5,72.5,0,72.5,0,72.5,0,72.5,0,72.5,0,72.5,0,72.5,0,72.5,0,59,0.229,,
846475,124,124,0,124,0,124,0,124,0,124,0,124,0,124,0,124,0,94,0.319,64.9,0.911
846480,73.5,73.5,0,73.5,0,73.5,0,73.5,0,73.5,0,73.5,0,73.5,0,,,54.5,0.349,,
846495,46.5,46.5,0,46.5,0,46.5,0,46.5,0,46.5,0,46.5,0,46.5,0,46.5,0,34.5,0.348,25,0.86
846520,,,,,,,,,,,,,,,,,,,,,
846534,48,48,0,48,0,48,0,48,0,48,0,48,0,48,0,48,0,48,0,62.9,-0.237
846553,,,,,,,,,,,,,,,,,,,,,
846572,,,,,,,,,,,,,,,,,,,,,
846575,,,,,,,,,,,,,,,,,,,,,
846577,,,,,,,,,,,,,,,,,,,,,
846590,,,,,,,,,,,,,,,,,,,,,
846592,,,,,,,,,,,,,,,,,,,,,
846593,,,,,,,,,,,,,,,,,,,,,
846594,,,,,,,,,,,,,,,,,,,,,
846627,,,,,,,,,,,,,,,,,,,,,
846631,,,,,,,,,,,,,,,,,,,,,
846634,,,,,,,,,,,,,,,,,,,,,
846639,,,,,,,,,,,,,,,,,,,,,
846643,43,43,0,43,0,43,0,43,0,43,0,43,0,43,0,43,0,43,0,43,0
846645,34.9,34.9,0,34.9,0,34.9,0,34.9,0,34.9,0,34.9,0,34.9,0,34.9,0,34.9,0,34.9,0
846650,26,26,0,26,0,26,0,26,0,26,0,26,0,26,0,26,0,26,0,26,0
846689,42,42,0,42,0,42,0,42,0,42,0,42,0,42,0,21,1,21,1,42,0
846691,26,26,0,26,0,26,0,26,0,26,0,26,0,26,0,,,,,,
846696,,,,,,,,,,,,,,,,,,,,,
846698,,,,,,,,,,,,,,,,,,,,,
846700,,,,,,,,,,,,,,,,,,,,,
846701,,,,,,,,,,,,,,,,,,,,,
846705,,,,,,,,,,,,,,,,,,,,,
846706,,,,,,,,,,,,,,,,,,,,,
846785,37,37,0,37,0,37,0,37,0,37,0,37,0,37,0,37,0,37,0,37,0
846787,,,,,,,,,,,,,,,,,,,,,
846791,30,30,0,30,0,30,0,30,0,30,0,30,0,30,0,30,0,30,0,30,0
846792,30,30,0,30,0,30,0,30,0,30,0,30,0,30,0,30,0,30,0,30,0
846794,,,,,,,,,,,,,,,,,,,,,
846797,,,,,,,,,,,,,,,,,,,,,
846804,28,28,0,28,0,28,0,28,0,28,0,28,0,28,0,28,0,28,0,28,0
846808,10,10,0,10,0,10,0,10,0,10,0,10,0,10,0,17,-0.412,17,-0.412,17,-0.412
846811,16,16,0,16,0,16,0,16,0,16,0,16,0,16,0,16,0,10.8,0.481,10.8,0.481
846817,,,,,,,,,,,,,,,,,,,,,
846853,29.9,29.9,0,29.9,0,29.9,0,29.9,0,29.9,0,29.9,0,29.9,0,29.9,0,29.9,0,29.9,0
846858,34,34,0,34,0,34,0,34,0,34,0,34,0,,,19.9,0.709,17,1,34,0
846860,20,20,0,20,0,20,0,20,0,20,0,20,0,,,20,0,20,0,40,-0.5
846891,40,40,0,40,0,40,0,40,0,40,0,40,0,50.5,-0.208,49.8,-0.197,31.5,0.27,,
846915,,,,,,,,,,,,,,,,,,,,,
846919,,,,,,,,,,,,,,,,,,,,,
846922,,,,,,,,,,,,,,,,,,,,,
846927,,,,,,,,,,,,,,,,,,,,,
846928,,,,,,,,,,,,,,,,,,,,,
846929,23.9,23.9,0,23.9,0,23.9,0,23.9,0,23.9,0,23.9,0,23.9,0,23.9,0,23.9,0,23.9,0
846932,,,,,,,,,,,,,,,,,,,,,
846933,,,,,,,,,,,,,,,,,,,,,
846934,,,,,,,,,,,,,,,,,,,,,
846936,,,,,,,,,,,,,,,,,,,,,
846943,,,,,,,,,,,,,,,,,,,,,
846945,,,,,,,,,,,,,,,,,,,,,
846946,,,,,,,,,,,,,,,,,,,,,
846947,,,,,,,,,,,,,,,,,,,,,
846949,,,,,,,,,,,,,,,,,,,,,
846951,,,,,,,,,,,,,,,,,,,,,
846952,,,,,,,,,,,,,,,,,,,,,
846954,,,,,,,,,,,,,,,,,,,,,
846958,,,,,,,,,,,,,,,,,,,,,
846963,,,,,,,,,,,,,,,,,,,,,
846965,,,,,,,,,,,,,,,,,,,,,
846966,,,,,,,,,,,,,,,,,,,,,
846967,,,,,,,,,,,,,,,,,,,,,
846969,,,,,,,,,,,,,,,,,,,,,
846971,,,,,,,,,,,,,,,,,,,,,
846973,,,,,,,,,,,,,,,,,,,,,
846974,,,,,,,,,,,,,,,,,,,,,
846976,,,,,,,,,,,,,,,,,,,,,
846981,,,,,,,,,,,,,,,,,,,,,
846983,,,,,,,,,,,,,,,,,,,,,
846984,,,,,,,,,,,,,,,,,,,,,
846985,,,,,,,,,,,,,,,,,,,,,
847052,24,24,0,24,0,24,0,24,0,24,0,24,0,24,0,24,0,20.5,0.171,20.5,0.171
847057,19.5,19.5,0,19.5,0,19.5,0,19.5,0,19.5,0,19.5,0,19.5,0,19.5,0,19.5,0,15,0.3
847058,24.5,24.5,0,24.5,0,24.5,0,24.5,0,24.5,0,24.5,0,24.5,0,24.5,0,24.5,0,19,0.289
847059,24.5,24.5,0,24.5,0,24.5,0,24.5,0,24.5,0,24.5,0,24.5,0,24.5,0,24.5,0,19,0.289
847092,26,26,0,26,0,26,0,26,0,,,26,0,26,0,26,0,9.5,1.74,9.5,1.74
847101,26,26,0,26,0,26,0,26,0,26,0,26,0,26,0,26,0,9.5,1.74,9.5,1.74
847334,11.5,11.5,0,11.5,0,11.5,0,11.5,0,11.5,0,11.5,0,,,11.5,0,10,0.15,10,0.15
847369,56,56,0,56,0,56,0,56,0,56,0,56,0,56,0,45,0.244,39.5,0.418,,
847397,31.9,31.9,0,31.9,0,31.9,0,31.9,0,31.9,0,31.9,0,31.9,0,31.9,0,31.3,0.0192,27.5,0.16
847399,25.5,25.5,0,25.5,0,25.5,0,25.5,0,25.5,0,25.5,0,25.5,0,25.5,0,25,0.02,22.5,0.133
847488,,,,,,,,,,,,,,,,,,,,,
847519,8,8,0,8,0,8,0,8,0,8,0,8,0,8,0,8,0,8,0,10.5,-0.238
847604,9.1,9.1,0,9.1,0,9.1,0,9.1,0,9.1,0,9.1,0,,,,,,,8.3,0.0964
847607,13,13,0,13,0,13,0,13,0,10.5,0.238,10.5,0.238,10.5,0.238,10.5,0.238,10.5,0.238,10.5,0.238
847610,,,,,,,,,,,,,,,,,,,,,
847615,,,,,,,,,,,,,,,,,,,,,
847850,25,25,0,25,0,25,0,25,0,25,0,25,0,25,0,25,0,25,0,25,0
847865,,,,,,,,,,,,,,,,,,,,,
847910,,,,,,,,,,,,,,,,,,,,,
847934,55,55,0,55,0,55,0,55,0,55,0,55,0,55,0,55,0,43.8,0.256,46,0.196
847969,,,,,,,,,,,,,,,,,,,,,
848001,16,16,0,16,0,16,0,16,0,16,0,16,0,,,16,0,16,0,16,0
848018,,,,,,,,,,,,,,,,,,,,,
848209,59,59,0,59,0,59,0,59,0,59,0,59,0,,,59,0,59,0,,
848210,,,,,,,,,,,,,,,,,,,,,
848237,188,188,0,188,0,188,0,188,0,188,0,,,,,,,,,,
848531,87,87,0,87,0,87,0,87,0,87,0,87,0,86,0.0116,86,0.0116,66.8,0.302,65,0.338
848661,,,,,,,,,,,,,,,,,,,,,
848708,13.9,13.9,0,13.9,0,13.9,0,13.9,0,13.9,0,13.9,0,13.9,0,13.5,0.0296,13.5,0.0296,9,0.544
848735,19,19,0,19,0,19,0,19,0,19,0,19,0,19,0,19,0,19,0,19,0
848737,18,18,0,18,0,18,0,18,0,18,0,18,0,18,0,18,0,18,0,18,0
848740,13,13,0,13,0,13,0,13,0,13,0,13,0,13,0,13,0,13,0,18,-0.278
848741,20,20,0,20,0,20,0,20,0,20,0,20,0,20,0,20,0,20,0,20,0
848742,18.9,18.9,0,18.9,0,18.9,0,18.9,0,18.9,0,18.9,0,18.9,0,18.9,0,18.9,0,18.9,0
848744,,,,,,,,,,,,,,,,,,,,,
848745,25,25,0,25,0,25,0,25,0,25,0,25,0,25,0,25,0,25,0,25,0
848746,19,19,0,19,0,19,0,19,0,19,0,19,0,19,0,19,0,19,0,19,0
848747,,,,,,,,,,,,,,,,,,,,,
848749,18,18,0,18,0,18,0,18,0,18,0,18,0,18,0,18,0,18,0,18,0
848752,,,,,,,,,,,,,,,,,,,,,
848754,12,12,0,12,0,12,0,12,0,12,0,12,0,12,0,12,0,12,0,12,0
848755,19,19,0,19,0,19,0,19,0,19,0,19,0,19,0,19,0,19,0,19,0
848756,10,10,0,10,0,10,0,10,0,10,0,10,0,10,0,10,0,10,0,13,-0.231
848757,13,13,0,13,0,13,0,13,0,13,0,13,0,13,0,13,0,13,0,26,-0.5
848758,20,20,0,20,0,20,0,20,0,20,0,20,0,20,0,20,0,20,0,20,0
848761,12,12,0,12,0,12,0,12,0,12,0,12,0,12,0,12,0,12,0,19,-0.368
848762,14,14,0,14,0,14,0,14,0,14,0,14,0,14,0,14,0,14,0,14,0
848764,26,26,0,26,0,26,0,26,0,26,0,26,0,26,0,26,0,26,0,26,0
848765,15,15,0,15,0,15,0,15,0,15,0,15,0,15,0,15,0,15,0,21,-0.286
848766,22,22,0,22,0,22,0,22,0,22,0,22,0,22,0,22,0,22,0,22,0
848769,18.5,18.5,0,18.5,0,18.5,0,18.5,0,18.5,0,18.5,0,18.5,0,18.5,0,18.5,0,18.5,0
848770,21.8,21.8,0,21.8,0,21.8,0,21.8,0,21.8,0,21.8,0,21.8,0,21.8,0,21.8,0,21.8,0
848771,,,,,,,,,,,,,,,,,,,,,
848772,19,19,0,19,0,19,0,19,0,19,0,19,0,19,0,19,0,19,0,19,0
848774,22,22,0,22,0,22,0,22,0,22,0,22,0,22,0,22,0,22,0,22,0
848775,20,20,0,20,0,20,0,20,0,20,0,20,0,20,0,20,0,20,0,20,0
848826,55,55,0,55,0,55,0,55,0,55,0,55,0,55,0,55,0,43.8,0.256,46,0.196
848944,33.9,33.9,0,33.9,0,33.9,0,33.9,0,33.9,0,33.9,0,33.9,0,33.9,0,25.9,0.309,31,0.0935
849171,,,,,,,,,,,,,,,,,,,,,
849184,,,,,,,,,,,,,,,,,,,,,
849251,,,,,,,,,,,,,,,,,,,,,
849266,,,,,,,,,,,,,,,,,,,,,
849268,,,,,,,,,,,,,,,,,,,,,
849271,,,,,,,,,,,,,,,,,,,,,
849390,17.2,17.2,0,17.2,0,17.2,0,21.2,-0.189,21.2,-0.189,21.2,-0.189,21.2,-0.189,23.6,-0.271,22.4,-0.232,21,-0.181
849414,,,,,,,,,,,,,,,,,,,,,
849846,81.5,81.5,0,81.5,0,81.5,0,81.5,0,81.5,0,81.5,0,81.5,0,81.5,0,74.5,0.094,62.5,0.304
849897,81.5,81.5,0,81.5,0,81.5,0,81.5,0,81.5,0,81.5,0,81.5,0,81.5,0,74.5,0.094,62.5,0.304
849952,,,,,,,,,,,,,,,,,,,,,
849953,,,,,,,,,,,,,,,,,,,,,
849956,,,,,,,,,,,,,,,,,,,,,
849957,,,,,,,,,,,,,,,,,,,,,
850048,128,128,0,128,0,128,0,128,0,128,0,128,0,149,-0.142,149,-0.142,120,0.0667,99,0.292
850197,24,24,0,24,0,24,0,24,0,24,0,24,0,,,24,0,18,0.333,18,0.333
850246,,,,,,,,,,,,,,,,,,,,,
850630,,,,,,,,,,,,,,,,,,,,,
850779,,,,,,,,,,,,,,,,,,,,,
850839,,,,,,,,,,,,,,,,,,,,,
850842,,,,,,,,,,,,,,,,,,,,,
850843,,,,,,,,,,,,,,,,,,,,,
850915,,,,,,,,,,,,,,,,,,,,,
850990,,,,,,,,,,,,,,,,,,,,,
850991,,,,,,,,,,,,,,,,,,,,,
850992,22,22,0,22,0,22,0,22,0,22,0,22,0,22,0,24.9,-0.116,24.9,-0.116,24.9,-0.116
850997,13,13,0,13,0,13,0,13,0,13,0,13,0,13,0,16.9,-0.231,16.9,-0.231,16.9,-0.231
850998,15,15,0,15,0,15,0,15,0,15,0,15,0,15,0,24.9,-0.398,24.9,-0.398,24.9,-0.398
851000,9,9,0,9,0,9,0,9,0,9,0,9,0,9,0,12.9,-0.302,12.9,-0.302,12.9,-0.302
851003,,,,,,,,,,,,,,,,,,,,,
851004,,,,,,,,,,,,,,,,,,,,,
851006,16.9,16.9,0,16.9,0,16.9,0,16.9,0,16.9,0,16.9,0,16.9,0,16.9,0,16.9,0,16.9,0
851007,,,,,,,,,,,,,,,,,,,,,
851009,13,13,0,13,0,13,0,13,0,13,0,13,0,13,0,16.9,-0.231,16.9,-0.231,16.9,-0.231
851022,15,15,0,15,0,15,0,15,0,15,0,15,0,15,0,29.9,-0.498,29.9,-0.498,29.9,-0.498
851314,,,,,,,,,,,,,,,,,,,,,
851393,29,29,0,29,0,29,0,29,0,29,0,29,0,29,0,42,-0.31,42,-0.31,,
851398,63,63,0,63,0,63,0,63,0,63,0,63,0,63,0,,,63,0,51.6,0.221
851463,,,,,,,,,,,,,,,,,,,,,
851496,,,,,,,,,,,,,,,,,,,,,
851500,20,20,0,20,0,20,0,20,0,,,,,,,,,,,,
851502,20,20,0,20,0,20,0,20,0,,,,,,,24,-0.167,24,-0.167,24,-0.167
851504,13,13,0,13,0,13,0,13,0,,,,,,,,,,,13,0
851505,21,21,0,21,0,21,0,21,0,,,,,,,22,-0.0455,22,-0.0455,22,-0.0455
851506,20,20,0,20,0,20,0,20,0,,,,,,,,,,,22,-0.0909
851571,23,23,0,23,0,23,0,23,0,23,0,23,0,23,0,23,0,23,0,29.9,-0.231
851636,,,,,,,,,,,,,,,,,,,,,
851667,,,,,,,,,,,,,,,,,,,,,
851710,,,,,,,,,,,,,,,,,,,,,
851787,,,,,,,,,,,,,,,,,,,,,
851832,65,65,0,65,0,65,0,65,0,65,0,65,0,,,,,,,,
851857,,,,,,,,,,,,,,,,,,,,,
851859,,,,,,,,,,,,,,,,,,,,,
851870,,,,,,,,,,,,,,,,,,,,,
851872,,,,,,,,,,,,,,,,,,,,,
851888,,,,,,,,,,,,,,,,,,,,,
851919,,,,,,,,,,,,,,,,,,,,,
851922,,,,,,,,,,,,,,,,,,,,,
851923,,,,,,,,,,,,,,,,,,,,,
851924,,,,,,,,,,,,,,,,,,,,,
851939,,,,,,,,,,,,,,,,,,,,,
851961,,,,,,,,,,,,,,,,,,,,,
851994,,,,,,,,,,,,,,,,,,,,,
852025,,,,,,,,,,,,,,,,,,,,,
852059,24.5,24.5,0,24.5,0,24.5,0,24.5,0,,,20.5,0.195,24.5,0,,,19,0.289,18.8,0.303
852067,,,,,,,,,,,,,,,,,,,,,
852070,,,,,,,,,,,,,,,,,,,,,
852071,,,,,,,,,,,,,,,,,,,,,
852073,,,,,,,,,,,,,,,,,,,,,
852074,,,,,,,,,,,,,,,,,,,,,
852076,,,,,,,,,,,,,,,,,,,,,
852077,,,,,,,,,,,,,,,,,,,,,
852084,20.7,20.7,0,20.7,0,20.7,0,20.7,0,20.7,0,,,,,20.6,0.00485,18,0.15,16.9,0.225
852089,,,,,,,,,,,,,,,,,,,,,
852099,,,,,,,,,,,,,,,,,,,,,
852173,,,,,,,,,,,,,,,,,,,,,
852268,,,,,,,,,,,,,,,,,,,,,
852270,14.4,14.4,0,14.4,0,14.4,0,14.4,0,,,,,,,,,,,,
852272,,,,,,,,,,,,,,,,,,,,,
852273,18.5,18.5,0,18.5,0,18.5,0,18.5,0,18.5,0,18.5,0,18.5,0,,,,,,
852306,35,35,0,35,0,35,0,35,0,35,0,35,0,35,0,35,0,33.9,0.0324,33.9,0.0324
852364,,,,,,,,,,,,,,,,,,,,,
852388,,,,,,,,,,,,,,,,,,,,,
852428,,,,,,,,,,,,,,,,,,,,,
852431,,,,,,,,,,,,,,,,,,,,,
852432,40,40,0,40,0,40,0,40,0,40,0,40,0,,,40,0,40,0,60,-0.333
852437,,,,,,,,,,,,,,,,,,,,,
852453,,,,,,,,,,,,,,,,,,,,,
852482,,,,,,,,,,,,,,,,,,,,,
852483,,,,,,,,,,,,,,,,,,,,,
852485,,,,,,,,,,,,,,,,,,,,,
852486,,,,,,,,,,,,,,,,,,,,,
852487,,,,,,,,,,,,,,,,,,,,,
852488,,,,,,,,,,,,,,,,,,,,,
852499,,,,,,,,,,,,,,,,,,,,,
852502,,,,,,,,,,,,,,,,,,,,,
852677,,,,,,,,,,,,,,,,,,,,,
852694,,,,,,,,,,,,,,,,,,,,,
852724,,,,,,,,,,,,,,,,,,,,,
852725,,,,,,,,,,,,,,,,,,,,,
852727,,,,,,,,,,,,,,,,,,,,,
852728,,,,,,,,,,,,,,,,,,,,,
852729,,,,,,,,,,,,,,,,,,,,,
852731,,,,,,,,,,,,,,,,,,,,,
852732,,,,,,,,,,,,,,,,,,,,,
852733,,,,,,,,,,,,,,,,,,,,,
852734,,,,,,,,,,,,,,,,,,,,,
852736,,,,,,,,,,,,,,,,,,,,,
852739,,,,,,,,,,,,,,,,,,,,,
852740,,,,,,,,,,,,,,,,,,,,,
852741,,,,,,,,,,,,,,,,,,,,,
852744,,,,,,,,,,,,,,,,,,,,,
852772,,,,,,,,,,,,,,,,,,,,,
852773,,,,,,,,,,,,,,,,,,,,,
852774,,,,,,,,,,,,,,,,,,,,,
852775,,,,,,,,,,,,,,,,,,,,,
852781,,,,,,,,,,,,,,,,,,,,,
852796,,,,,,,,,,,,,,,,,,,,,
852913,99,99,0,99,0,99,0,99,0,99,0,99,0,99,0,99,0,99,0,99,0
852924,83,83,0,83,0,83,0,83,0,83,0,83,0,,,83,0,83,0,83,0
852925,,,,,,,,,,,,,,,,,,,,,
852928,,,,,,,,,,,,,,,,,,,,,
852988,,,,,,,,,,,,,,,,,,,,,
852989,,,,,,,,,,,,,,,,,,,,,
852990,,,,,,,,,,,,,,,,,,,,,
852991,,,,,,,,,,,,,,,,,,,,,
853007,4,4,0,4,0,4,0,4,0,4,0,4,0,4,0,4,0,3.5,0.143,3.5,0.143
853012,,,,,,,,,,,,,,,,,,,,,
853017,122,122,0,122,0,122,0,122,0,122,0,122,0,148,-0.176,148,-0.176,103,0.184,103,0.184
853032,4,4,0,4,0,4,0,4,0,4,0,4,0,4,0,4,0,3.5,0.143,3.5,0.143
853038,268,268,0,268,0,268,0,268,0,268,0,268,0,268,0,268,0,223,0.202,,
853052,,,,,,,,,,,,,,,,,,,,,
853054,282,282,0,282,0,282,0,282,0,282,0,282,0,282,0,282,0,282,0,200,0.41
853096,,,,,,,,,,,,,,,,,,,,,
853106,,,,,,,,,,,,,,,,,,,,,
853214,,,,,,,,,,,,,,,,,,,,,
853282,22,22,0,22,0,22,0,22,0,22,0,22,0,20,0.1,16.9,0.302,19,0.158,19,0.158
853283,19,19,0,19,0,19,0,19,0,19,0,19,0,17,0.118,14.2,0.338,15,0.267,15,0.267
853284,29,29,0,29,0,29,0,29,0,29,0,29,0,26,0.115,21.7,0.336,23,0.261,23,0.261
853286,19,19,0,19,0,19,0,19,0,19,0,19,0,17,0.118,14.2,0.338,15,0.267,15,0.267
853287,16,16,0,16,0,16,0,16,0,16,0,16,0,15,0.0667,12.7,0.26,15,0.0667,15,0.0667
853288,22,22,0,22,0,22,0,22,0,22,0,22,0,20,0.1,16.9,0.302,19,0.158,19,0.158
853289,29,29,0,29,0,29,0,29,0,29,0,29,0,26,0.115,21.7,0.336,23,0.261,23,0.261
853309,6.5,6.5,0,7.5,-0.133,6.9,-0.058,6.9,-0.058,7.5,-0.133,8.5,-0.235,8.5,-0.235,11,-0.409,8.9,-0.27,8,-0.188
853314,6.5,6.5,0,7.5,-0.133,6.9,-0.058,6.9,-0.058,7.5,-0.133,8.5,-0.235,8.5,-0.235,11,-0.409,8.9,-0.27,8,-0.188
853325,,,,,,,,,,,,,,,,,,,,,
853326,,,,,,,,,,,,,,,,,,,,,
853328,,,,,,,,,,,,,,,,,,,,,
853329,,,,,,,,,,,,,,,,,,,,,
853330,,,,,,,,,,,,,,,,,,,,,
853331,,,,,,,,,,,,,,,,,,,,,
853332,,,,,,,,,,,,,,,,,,,,,
853334,28.5,28.5,0,28.5,0,28.5,0,28.5,0,28.5,0,28.5,0,28.5,0,28.5,0,21,0.357,21,0.357
853338,,,,,,,,,,,,,,,,,,,,,
853392,19,19,0,19,0,19,0,19,0,19,0,19,0,19,0,19,0,19,0,19,0
853398,,,,,,,,,,,,,,,,,,,,,
853426,12,12,0,12,0,12,0,12,0,,,,,,,,,,,,
853436,12,12,0,12,0,12,0,12,0,,,,,,,,,,,,
853449,7,7,0,7,0,7,0,7,0,,,,,,,,,,,,
853776,,,,,,,,,,,,,,,,,,,,,
853779,,,,,,,,,,,,,,,,,,,,,
853780,359,359,0,359,0,359,0,359,0,359,0,359,0,359,0,359,0,,,,
853787,,,,,,,,,,,,,,,,,,,,,
853790,15.5,15.5,0,15.5,0,15.5,0,15.5,0,16.7,-0.0719,14.9,0.0403,16.7,-0.0719,16.7,-0.0719,13.5,0.148,12.3,0.26
853894,28.5,28.5,0,28.5,0,28.5,0,28.5,0,29,-0.0172,29,-0.0172,29,-0.0172,29,-0.0172,25,0.14,25,0.14
853938,86.5,86.5,0,86.5,0,86.5,0,86.5,0,86.5,0,86.5,0,86.5,0,,,69.9,0.237,56.5,0.531
853943,90,90,0,90,0,90,0,90,0,90,0,90,0,90,0,90,0,74,0.216,59,0.525
854000,122,122,0,122,0,122,0,110,0.11,110,0.11,110,0.11,99.9,0.221,110,0.11,103,0.186,97,0.258
854035,,,,,,,,,,,,,,,,,,,,,
854055,,,,,,,,,,,,,,,,,,,,,
854060,12.3,12.3,0,12.3,0,12.3,0,12.3,0,12.3,0,12.3,0,12.3,0,,,10.8,0.139,8.5,0.447
854075,12.3,12.3,0,12.3,0,12.3,0,12.3,0,12.3,0,12.3,0,12.3,0,12.3,0,10.8,0.139,8.5,0.447
854104,16.8,16.8,0,16.8,0,16.8,0,16.8,0,16.8,0,16.8,0,16.8,0,16.1,0.0435,14.7,0.143,11.5,0.461
854144,15,15,0,15,0,15,0,15,0,18.9,-0.206,18.9,-0.206,18.9,-0.206,21.4,-0.299,20.5,-0.268,14.7,0.0204
854159,15,15,0,15,0,15,0,15,0,15,0,15.5,-0.0323,18.9,-0.206,21.4,-0.299,20.5,-0.268,14.5,0.0345
854179,38.9,38.9,0,38.9,0,38.9,0,38.9,0,38.9,0,38.9,0,38.9,0,,,37,0.0514,28,0.389
854291,,,,,,,,,,,,,,,,,,,,,
854292,,,,,,,,,,,,,,,,,,,,,
854294,,,,,,,,,,,,,,,,,,,,,
854295,,,,,,,,,,,,,,,,,,,,,
854297,,,,,,,,,,,,,,,,,,,,,
854298,,,,,,,,,,,,,,,,,,,,,
854299,,,,,,,,,,,,,,,,,,,,,
854300,,,,,,,,,,,,,,,,,,,,,
854317,18,18,0,18,0,14.9,0.208,14.9,0.208,,,18,0,18,0,21.4,-0.159,20.5,-0.122,14.5,0.241
854337,21.9,21.9,0,21.9,0,21.9,0,21.9,0,21.9,0,21.9,0,21.9,0,25.9,-0.154,25,-0.124,17.9,0.223
854342,23.5,23.5,0,23.5,0,23.5,0,23.5,0,23.5,0,23.5,0,23.5,0,25.9,-0.0927,25,-0.06,17.9,0.313
854357,23.5,23.5,0,23.5,0,23.5,0,23.5,0,23.5,0,23.5,0,23.5,0,25.9,-0.0927,25,-0.06,17.9,0.313
854382,19.9,19.9,0,19.9,0,19.9,0,19.9,0,19.9,0,19.9,0,19.9,0,23.5,-0.153,22.9,-0.131,16.5,0.206
854397,19.9,19.9,0,19.9,0,19.9,0,19.9,0,19.9,0,19.9,0,19.9,0,23.5,-0.153,22.9,-0.131,16.5,0.206
854400,,,,,,,,,,,,,,,,,,,,,
854401,,,,,,,,,,,,,,,,,,,,,
854402,,,,,,,,,,,,,,,,,,,,,
854403,,,,,,,,,,,,,,,,,,,,,
854404,,,,,,,,,,,,,,,,,,,,,
854405,,,,,,,,,,,,,,,,,,,,,
854409,,,,,,,,,,,,,,,,,,,,,
854410,,,,,,,,,,,,,,,,,,,,,
854412,,,,,,,,,,,,,,,,,,,,,
854413,,,,,,,,,,,,,,,,,,,,,
854414,,,,,,,,,,,,,,,,,,,,,
854416,,,,,,,,,,,,,,,,,,,,,
854417,,,,,,,,,,,,,,,,,,,,,
854418,,,,,,,,,,,,,,,,,,,,,
854419,,,,,,,,,,,,,,,,,,,,,
854429,,,,,,,,,,,,,,,,,,,,,
854446,42,42,0,42,0,42,0,42,0,42,0,42,0,42,0,,,32,0.312,32,0.312
854559,118,118,0,118,0,118,0,118,0,118,0,,,,,,,,,,
854560,,,,,,,,,,,,,,,,,,,,,
854608,,,,,,,,,,,,,,,,,,,,,
854610,,,,,,,,,,,,,,,,,,,,,
854614,,,,,,,,,,,,,,,,,,,,,
854674,,,,,,,,,,,,,,,,,,,,,
854680,,,,,,,,,,,,,,,,,,,,,
854683,,,,,,,,,,,,,,,,,,,,,
854686,,,,,,,,,,,,,,,,,,,,,
854696,,,,,,,,,,,,,,,,,,,,,
854697,,,,,,,,,,,,,,,,,,,,,
854698,,,,,,,,,,,,,,,,,,,,,
854701,,,,,,,,,,,,,,,,,,,,,
854702,99,99,0,99,0,99,0,99,0,99,0,99,0,99,0,99,0,99,0,99,0
854703,,,,,,,,,,,,,,,,,,,,,
854748,,,,,,,,,,,,,,,,,,,,,
854753,22.3,22.3,0,22.3,0,22.3,0,22.3,0,22.3,0,22.3,0,22.3,0,22.3,0,22.5,-0.00889,16,0.394
854762,,,,,,,,,,,,,,,,,,,,,
854768,,,,,,,,,,,,,,,,,,,,,
854773,31,31,0,31,0,31,0,31,0,31,0,31,0,31,0,31,0,33,-0.0606,23.5,0.319
854775,,,,,,,,,,,,,,,,,,,,,
854788,33.5,33.5,0,33.5,0,33.5,0,33.5,0,33.5,0,33.5,0,33.5,0,33.5,0,33,0.0152,23.5,0.426
854791,32,32,0,32,0,32,0,32,0,,,,,,,,,,,,
854816,,,,,,,,,,,,,,,,,,,,,
854825,,,,,,,,,,,,,,,,,,,,,
854826,,,,,,,,,,,,,,,,,,,,,
854842,43.5,43.5,0,43.5,0,43.5,0,43.5,0,43.5,0,43.5,0,43.5,0,43.5,0,43,0.0116,30.5,0.426
854857,,,,,,,,,,,,,,,,,,,,,
854862,,,,,,,,,,,,,,,,,,,,,
854864,,,,,,,,,,,,,,,,,,,,,
854877,33.9,33.9,0,33.9,0,33.9,0,33.9,0,33.9,0,33.9,0,33.9,0,33.9,0,33.5,0.0119,,
854898,,,,,,,,,,,,,,,,,,,,,
854904,,,,,,,,,,,,,,,,,,,,,
854905,,,,,,,,,,,,,,,,,,,,,
854907,,,,,,,,,,,,,,,,,,,,,
854908,,,,,,,,,,,,,,,,,,,,,
854928,18,18,0,18,0,18,0,,,,,,,,,,,,,,
854952,71,71,0,71,0,71,0,71,0,71,0,71,0,71,0,71,0,71,0,71,0
854953,38,38,0,38,0,38,0,38,0,38,0,38,0,38,0,38,0,38,0,60,-0.367
855004,,,,,,,,,,,,,,,,,,,,,
855005,,,,,,,,,,,,,,,,,,,,,
855018,,,,,,,,,,,,,,,,,,,,,
855019,19,19,0,19,0,19,0,19,0,19,0,19,0,19,0,19,0,,,19,0
855021,27,27,0,27,0,27,0,27,0,27,0,27,0,27,0,27,0,27,0,27,0
855022,18,18,0,18,0,18,0,18,0,18,0,18,0,18,0,18,0,18,0,18,0
855023,,,,,,,,,,,,,,,,,,,,,
855032,,,,,,,,,,,,,,,,,,,,,
855051,,,,,,,,,,,,,,,,,,,,,
855052,,,,,,,,,,,,,,,,,,,,,
855053,12,12,0,12,0,12,0,12,0,12,0,12,0,12,0,12,0,12,0,12,0
855098,,,,,,,,,,,,,,,,,,,,,
855107,,,,,,,,,,,,,,,,,,,,,
855112,16,16,0,16,0,16,0,14.5,0.103,14.5,0.103,14.5,0.103,13.5,0.185,13.5,0.185,13.5,0.185,12.5,0.28
855132,,,,,,,,,,,,,,,,,,,,,
855133,,,,,,,,,,,,,,,,,,,,,
855135,39,39,0,39,0,39,0,39,0,39,0,39,0,39,0,39,0,39,0,39,0
855136,,,,,,,,,,,,,,,,,,,,,
855140,52,52,0,52,0,52,0,52,0,52,0,52,0,52,0,52,0,52,0,52,0
855145,31,31,0,31,0,31,0,31,0,31,0,31,0,31,0,31,0,31,0,31,0
855147,14.5,14.5,0,14.5,0,14.5,0,14.5,0,14.5,0,12.5,0.16,12.5,0.16,12.5,0.16,12.5,0.16,12.5,0.16
855150,,,,,,,,,,,,,,,,,,,,,
855151,,,,,,,,,,,,,,,,,,,,,
855156,30,30,0,30,0,30,0,30,0,30,0,30,0,30,0,31,-0.0323,31,-0.0323,50,-0.4
855163,,,,,,,,,,,,,,,,,,,,,
855165,,,,,,,,,,,,,,,,,,,,,
855166,,,,,,,,,,,,,,,,,,,,,
855168,,,,,,,,,,,,,,,,,,,,,
855169,,,,,,,,,,,,,,,,,,,,,
855170,,,,,,,,,,,,,,,,,,,,,
855179,,,,,,,,,,,,,,,,,,,,,
855184,,,,,,,,,,,,,,,,,,,,,
855187,59.5,59.5,0,59.5,0,59.5,0,59.5,0,59.5,0,59.5,0,59.5,0,59.5,0,54.5,0.0917,39.5,0.506
855189,34,34,0,34,0,34,0,34,0,34,0,34,0,34,0,34,0,34,0,34,0
855190,,,,,,,,,,,,,,,,,,,,,
855194,,,,,,,,,,,,,,,,,,,,,
855196,,,,,,,,,,,,,,,,,,,,,
855201,51,51,0,51,0,51,0,51,0,51,0,51,0,51,0,51,0,50,0.02,42.5,0.2
855241,8,8,0,8,0,8,0,8,0,8,0,8,0,8,0,8,0,,,,
855261,8,8,0,8,0,8,0,8,0,8,0,8,0,8,0,8,0,,,,
855296,12.5,12.5,0,12.5,0,12.5,0,12.5,0,12.5,0,12.5,0,13,-0.0385,,,7.8,0.603,7.8,0.603
855310,339,339,0,339,0,339,0,339,0,339,0,339,0,339,0,339,0,289,0.173,239,0.418
855365,20.5,20.5,0,20.5,0,20.5,0,20.5,0,20.5,0,20.5,0,20.5,0,20.5,0,16.5,0.242,16.5,0.242
855370,26,26,0,26,0,26,0,26,0,26.5,-0.0189,,,26.5,-0.0189,26.5,-0.0189,22.5,0.156,22.5,0.156
855529,13,13,0,13,0,13,0,13,0,13,0,13,0,,,13,0,13,0,19,-0.316
855535,9,9,0,9,0,9,0,9,0,9,0,9,0,9,0,12.9,-0.302,,,,
855584,49,49,0,49,0,49,0,49,0,49,0,49,0,49,0,89,-0.449,89,-0.449,89,-0.449
855592,10,10,0,10,0,10,0,10,0,10,0,10,0,10,0,17,-0.412,17,-0.412,17,-0.412
855593,,,,,,,,,,,,,,,,,,,,,
855599,,,,,,,,,,,,,,,,,,,,,
855614,,,,,,,,,,,,,,,,,,,,,
855627,259,259,0,259,0,259,0,259,0,259,0,215,0.205,259,0,259,0,185,0.4,155,0.671
855628,,,,,,,,,,,,,,,,,,,,,
855629,27,27,0,27,0,27,0,27,0,27,0,27,0,27,0,,,,,,
855630,22,22,0,22,0,22,0,22,0,22,0,22,0,,,,,,,,
855635,,,,,,,,,,,,,,,,,,,,,
855641,50,50,0,50,0,50,0,50,0,50,0,50,0,,,,,,,,
855651,56,56,0,56,0,56,0,56,0,56,0,56,0,56,0,56,0,56,0,56,0
855655,,,,,,,,,,,,,,,,,,,,,
855657,41,41,0,41,0,41,0,41,0,41,0,41,0,41,0,41,0,41,0,41,0
855692,,,,,,,,,,,,,,,,,,,,,
855701,,,,,,,,,,,,,,,,,,,,,
855708,,,,,,,,,,,,,,,,,,,,,
855710,,,,,,,,,,,,,,,,,,,,,
855713,,,,,,,,,,,,,,,,,,,,,
855714,,,,,,,,,,,,,,,,,,,,,
855716,,,,,,,,,,,,,,,,,,,,,
855730,,,,,,,,,,,,,,,,,,,,,
855737,,,,,,,,,,,,,,,,,,,,,
855738,,,,,,,,,,,,,,,,,,,,,
855752,,,,,,,,,,,,,,,,,,,,,
855769,,,,,,,,,,,,,,,,,,,,,
855771,21,21,0,21,0,21,0,21,0,21,0,21,0,21,0,26,-0.192,26,-0.192,26,-0.192
855772,,,,,,,,,,,,,,,,,,,,,
855774,,,,,,,,,,,,,,,,,,,,,
855775,,,,,,,,,,,,,,,,,,,,,
855776,,,,,,,,,,,,,,,,,,,,,
855777,19,19,0,19,0,19,0,19,0,19,0,19,0,19,0,24,-0.208,24,-0.208,24,-0.208
855778,,,,,,,,,,,,,,,,,,,,,
855779,,,,,,,,,,,,,,,,,,,,,
855780,,,,,,,,,,,,,,,,,,,,,
855782,,,,,,,,,,,,,,,,,,,,,
855783,21,21,0,21,0,21,0,21,0,21,0,21,0,21,0,26,-0.192,19.9,0.0553,26,-0.192
855784,,,,,,,,,,,,,,,,,,,,,
855785,95,95,0,95,0,95,0,95,0,95,0,95,0,95,0,95,0,95,0,95,0
855793,,,,,,,,,,,,,,,,,,,,,
855836,,,,,,,,,,,,,,,,,,,,,
855857,128,128,0,128,0,128,0,128,0,128,0,128,0,128,0,128,0,,,,
855974,8,8,0,8,0,8,0,8,0,8,0,8,0,8,0,8,0,,,,
856049,48,48,0,48,0,48,0,48,0,48,0,48,0,48,0,48,0,48,0,48,0
856058,,,,,,,,,,,,,,,,,,,,,
856072,35,35,0,35,0,35,0,35,0,35,0,35,0,35,0,35,0,35,0,35,0
856077,,,,,,,,,,,,,,,,,,,,,
856078,160,160,0,160,0,160,0,160,0,160,0,160,0,160,0,160,0,160,0,160,0
856084,,,,,,,,,,,,,,,,,,,,,
856098,105,105,0,105,0,105,0,105,0,105,0,105,0,105,0,,,,,,
856115,,,,,,,,,,,,,,,,,,,,,
856117,,,,,,,,,,,,,,,,,,,,,
856158,25,25,0,25,0,25,0,25,0,25,0,25,0,25,0,25,0,25,0,25,0
856170,,,,,,,,,,,,,,,,,,,,,
856191,,,,,,,,,,,,,,,,,,,,,
856196,,,,,,,,,,,,,,,,,,,,,
856202,,,,,,,,,,,,,,,,,,,,,
856203,20,20,0,20,0,20,0,20,0,20,0,20,0,20,0,20,0,20,0,20,0
856206,,,,,,,,,,,,,,,,,,,,,
856304,,,,,,,,,,,,,,,,,,,,,
856336,,,,,,,,,,,,,,,,,,,,,
856337,,,,,,,,,,,,,,,,,,,,,
856338,,,,,,,,,,,,,,,,,,,,,
856339,,,,,,,,,,,,,,,,,,,,,
856342,,,,,,,,,,,,,,,,,,,,,
856396,,,,,,,,,,,,,,,,,,,,,
856399,,,,,,,,,,,,,,,,,,,,,
856400,,,,,,,,,,,,,,,,,,,,,
856401,,,,,,,,,,,,,,,,,,,,,
856403,,,,,,,,,,,,,,,,,,,,,
856405,,,,,,,,,,,,,,,,,,,,,
856408,,,,,,,,,,,,,,,,,,,,,
856418,,,,,,,,,,,,,,,,,,,,,
856419,,,,,,,,,,,,,,,,,,,,,
856420,,,,,,,,,,,,,,,,,,,,,
856518,44,44,0,44,0,44,0,44,0,44,0,44,0,51,-0.137,51,-0.137,,,,
856519,44,44,0,44,0,44,0,44,0,44,0,44,0,51,-0.137,51,-0.137,,,,
856520,44,44,0,44,0,44,0,44,0,44,0,44,0,51,-0.137,51,-0.137,,,,
856521,44,44,0,44,0,44,0,44,0,44,0,44,0,51,-0.137,51,-0.137,,,,
856522,25,25,0,25,0,25,0,25,0,25,0,25,0,30,-0.167,30,-0.167,23.3,0.073,22,0.136
856524,25,25,0,25,0,25,0,25,0,25,0,25,0,30,-0.167,30,-0.167,,,,
856526,23.5,23.5,0,23.5,0,23.5,0,23.5,0,23.5,0,23.5,0,23.5,0,23.5,0,18.8,0.25,16.7,0.407
856527,53,53,0,53,0,53,0,53,0,53,0,53,0,62,-0.145,62,-0.145,,,,
856620,45.5,45.5,0,45.5,0,45.5,0,45.5,0,45.5,0,45.5,0,45.5,0,45.5,0,34.5,0.319,34.5,0.319
856651,,,,,,,,,,,,,,,,,,,,,
856657,18,18,0,18,0,18,0,18,0,18,0,18,0,12.5,0.44,18,0,,,,
856704,2.8,2.8,0,2.8,0,2.8,0,2.8,0,2.8,0,3.5,-0.2,3.5,-0.2,3.5,-0.2,3.5,-0.2,3.5,-0.2
856727,355,355,0,355,0,355,0,355,0,355,0,,,,,,,,,,
856828,,,,,,,,,,,,,,,,,,,,,
856982,39,39,0,39,0,39,0,39,0,39,0,39,0,39,0,39,0,35,0.114,28,0.393
857010,11.9,11.9,0,11.9,0,11.9,0,11.9,0,11.9,0,9.9,0.202,9.9,0.202,9.9,0.202,9.9,0.202,8.9,0.337
857021,25,25,0,25,0,25,0,25,0,25,0,25,0,30,-0.167,30,-0.167,,,,
857023,,,,,,,,,,,,,,,,,,,,,
857024,,,,,,,,,,,,,,,,,,,,,
857025,,,,,,,,,,,,,,,,,,,,,
857026,,,,,,,,,,,,,,,,,,,,,
857027,,,,,,,,,,,,,,,,,,,,,
857028,,,,,,,,,,,,,,,,,,,,,
857030,,,,,,,,,,,,,,,,,,,,,
857031,,,,,,,,,,,,,,,,,,,,,
857032,,,,,,,,,,,,,,,,,,,,,
857033,,,,,,,,,,,,,,,,,,,,,
857035,,,,,,,,,,,,,,,,,,,,,
857036,,,,,,,,,,,,,,,,,,,,,
857037,,,,,,,,,,,,,,,,,,,,,
857038,,,,,,,,,,,,,,,,,,,,,
857039,,,,,,,,,,,,,,,,,,,,,
857040,,,,,,,,,,,,,,,,,,,,,
857041,,,,,,,,,,,,,,,,,,,,,
857042,,,,,,,,,,,,,,,,,,,,,
857043,,,,,,,,,,,,,,,,,,,,,
857044,,,,,,,,,,,,,,,,,,,,,
857045,,,,,,,,,,,,,,,,,,,,,
857046,,,,,,,,,,,,,,,,,,,,,
857047,,,,,,,,,,,,,,,,,,,,,
857048,,,,,,,,,,,,,,,,,,,,,
857050,,,,,,,,,,,,,,,,,,,,,
857051,,,,,,,,,,,,,,,,,,,,,
857052,,,,,,,,,,,,,,,,,,,,,
857053,,,,,,,,,,,,,,,,,,,,,
857054,,,,,,,,,,,,,,,,,,,,,
857055,,,,,,,,,,,,,,,,,,,,,
857056,,,,,,,,,,,,,,,,,,,,,
857057,,,,,,,,,,,,,,,,,,,,,
857058,,,,,,,,,,,,,,,,,,,,,
857059,,,,,,,,,,,,,,,,,,,,,
857060,,,,,,,,,,,,,,,,,,,,,
857061,,,,,,,,,,,,,,,,,,,,,
857062,,,,,,,,,,,,,,,,,,,,,
857063,,,,,,,,,,,,,,,,,,,,,
857064,,,,,,,,,,,,,,,,,,,,,
857065,,,,,,,,,,,,,,,,,,,,,
857066,72,72,0,72,0,72,0,72,0,72,0,72,0,,,,,,,45,0.6
857068,,,,,,,,,,,,,,,,,,,,,
857070,,,,,,,,,,,,,,,,,,,,,
857073,,,,,,,,,,,,,,,,,,,,,
857075,,,,,,,,,,,,,,,,,,,,,
857076,,,,,,,,,,,,,,,,,,,,,
857078,,,,,,,,,,,,,,,,,,,,,
857079,,,,,,,,,,,,,,,,,,,,,
857080,,,,,,,,,,,,,,,,,,,,,
857081,,,,,,,,,,,,,,,,,,,,,
857082,,,,,,,,,,,,,,,,,,,,,
857083,,,,,,,,,,,,,,,,,,,,,
857084,,,,,,,,,,,,,,,,,,,,,
857085,,,,,,,,,,,,,,,,,,,,,
857086,,,,,,,,,,,,,,,,,,,,,
857087,,,,,,,,,,,,,,,,,,,,,
857088,,,,,,,,,,,,,,,,,,,,,
857090,,,,,,,,,,,,,,,,,,,,,
857091,,,,,,,,,,,,,,,,,,,,,
857092,,,,,,,,,,,,,,,,,,,,,
857093,,,,,,,,,,,,,,,,,,,,,
857095,,,,,,,,,,,,,,,,,,,,,
857096,,,,,,,,,,,,,,,,,,,,,
857097,,,,,,,,,,,,,,,,,,,,,
857098,,,,,,,,,,,,,,,,,,,,,
857099,,,,,,,,,,,,,,,,,,,,,
857100,,,,,,,,,,,,,,,,,,,,,
857101,,,,,,,,,,,,,,,,,,,,,
857102,,,,,,,,,,,,,,,,,,,,,
857104,,,,,,,,,,,,,,,,,,,,,
857105,,,,,,,,,,,,,,,,,,,,,
857106,,,,,,,,,,,,,,,,,,,,,
857116,199,199,0,199,0,199,0,199,0,199,0,199,0,199,0,,,,,,
857117,225,225,0,225,0,225,0,225,0,225,0,225,0,225,0,,,,,,
857150,,,,,,,,,,,,,,,,,,,,,
857151,,,,,,,,,,,,,,,,,,,,,
857152,,,,,,,,,,,,,,,,,,,,,
857153,,,,,,,,,,,,,,,,,,,,,
857154,,,,,,,,,,,,,,,,,,,,,
857155,,,,,,,,,,,,,,,,,,,,,
857156,,,,,,,,,,,,,,,,,,,,,
857157,,,,,,,,,,,,,,,,,,,,,
857159,,,,,,,,,,,,,,,,,,,,,
857160,,,,,,,,,,,,,,,,,,,,,
857161,,,,,,,,,,,,,,,,,,,,,
857162,,,,,,,,,,,,,,,,,,,,,
857164,,,,,,,,,,,,,,,,,,,,,
857165,,,,,,,,,,,,,,,,,,,,,
857166,,,,,,,,,,,,,,,,,,,,,
857167,,,,,,,,,,,,,,,,,,,,,
857168,,,,,,,,,,,,,,,,,,,,,
857169,,,,,,,,,,,,,,,,,,,,,
857170,,,,,,,,,,,,,,,,,,,,,
857171,,,,,,,,,,,,,,,,,,,,,
857172,,,,,,,,,,,,,,,,,,,,,
857173,,,,,,,,,,,,,,,,,,,,,
857174,,,,,,,,,,,,,,,,,,,,,
857175,,,,,,,,,,,,,,,,,,,,,
857176,,,,,,,,,,,,,,,,,,,,,
857177,,,,,,,,,,,,,,,,,,,,,
857179,,,,,,,,,,,,,,,,,,,,,
857180,,,,,,,,,,,,,,,,,,,,,
857181,,,,,,,,,,,,,,,,,,,,,
857182,,,,,,,,,,,,,,,,,,,,,
857184,,,,,,,,,,,,,,,,,,,,,
857185,,,,,,,,,,,,,,,,,,,,,
857186,,,,,,,,,,,,,,,,,,,,,
857187,,,,,,,,,,,,,,,,,,,,,
857188,,,,,,,,,,,,,,,,,,,,,
857189,,,,,,,,,,,,,,,,,,,,,
857190,,,,,,,,,,,,,,,,,,,,,
857191,,,,,,,,,,,,,,,,,,,,,
857192,,,,,,,,,,,,,,,,,,,,,
857193,,,,,,,,,,,,,,,,,,,,,
857194,,,,,,,,,,,,,,,,,,,,,
857195,,,,,,,,,,,,,,,,,,,,,
857196,,,,,,,,,,,,,,,,,,,,,
857197,,,,,,,,,,,,,,,,,,,,,
857198,69,69,0,69,0,69,0,69,0,69,0,69,0,69,0,,,,,,
857199,,,,,,,,,,,,,,,,,,,,,
857201,,,,,,,,,,,,,,,,,,,,,
857202,,,,,,,,,,,,,,,,,,,,,
857203,,,,,,,,,,,,,,,,,,,,,
857204,,,,,,,,,,,,,,,,,,,,,
857205,,,,,,,,,,,,,,,,,,,,,
857206,,,,,,,,,,,,,,,,,,,,,
857208,,,,,,,,,,,,,,,,,,,,,
857209,,,,,,,,,,,,,,,,,,,,,
857210,,,,,,,,,,,,,,,,,,,,,
857211,,,,,,,,,,,,,,,,,,,,,
857213,,,,,,,,,,,,,,,,,,,,,
857214,,,,,,,,,,,,,,,,,,,,,
857215,,,,,,,,,,,,,,,,,,,,,
857216,,,,,,,,,,,,,,,,,,,,,
857217,,,,,,,,,,,,,,,,,,,,,
857218,,,,,,,,,,,,,,,,,,,,,
857219,,,,,,,,,,,,,,,,,,,,,
857220,,,,,,,,,,,,,,,,,,,,,
857221,,,,,,,,,,,,,,,,,,,,,
857222,,,,,,,,,,,,,,,,,,,,,
857223,,,,,,,,,,,,,,,,,,,,,
857224,,,,,,,,,,,,,,,,,,,,,
857225,,,,,,,,,,,,,,,,,,,,,
857226,,,,,,,,,,,,,,,,,,,,,
857228,,,,,,,,,,,,,,,,,,,,,
857229,,,,,,,,,,,,,,,,,,,,,
857233,,,,,,,,,,,,,,,,,,,,,
857234,,,,,,,,,,,,,,,,,,,,,
857235,,,,,,,,,,,,,,,,,,,,,
857236,,,,,,,,,,,,,,,,,,,,,
857237,,,,,,,,,,,,,,,,,,,,,
857238,,,,,,,,,,,,,,,,,,,,,
857239,,,,,,,,,,,,,,,,,,,,,
857240,,,,,,,,,,,,,,,,,,,,,
857241,,,,,,,,,,,,,,,,,,,,,
857242,,,,,,,,,,,,,,,,,,,,,
857243,,,,,,,,,,,,,,,,,,,,,
857244,,,,,,,,,,,,,,,,,,,,,
857245,,,,,,,,,,,,,,,,,,,,,
857246,,,,,,,,,,,,,,,,,,,,,
857248,,,,,,,,,,,,,,,,,,,,,
857249,,,,,,,,,,,,,,,,,,,,,
857250,,,,,,,,,,,,,,,,,,,,,
857251,,,,,,,,,,,,,,,,,,,,,
857252,,,,,,,,,,,,,,,,,,,,,
857253,,,,,,,,,,,,,,,,,,,,,
857254,,,,,,,,,,,,,,,,,,,,,
857255,,,,,,,,,,,,,,,,,,,,,
857256,,,,,,,,,,,,,,,,,,,,,
857257,,,,,,,,,,,,,,,,,,,,,
857258,,,,,,,,,,,,,,,,,,,,,
857259,,,,,,,,,,,,,,,,,,,,,
857260,,,,,,,,,,,,,,,,,,,,,
857261,,,,,,,,,,,,,,,,,,,,,
857262,,,,,,,,,,,,,,,,,,,,,
857263,,,,,,,,,,,,,,,,,,,,,
857264,,,,,,,,,,,,,,,,,,,,,
857265,,,,,,,,,,,,,,,,,,,,,
857266,,,,,,,,,,,,,,,,,,,,,
857268,,,,,,,,,,,,,,,,,,,,,
857269,,,,,,,,,,,,,,,,,,,,,
857270,,,,,,,,,,,,,,,,,,,,,
857271,,,,,,,,,,,,,,,,,,,,,
857273,,,,,,,,,,,,,,,,,,,,,
857274,,,,,,,,,,,,,,,,,,,,,
857275,,,,,,,,,,,,,,,,,,,,,
857276,,,,,,,,,,,,,,,,,,,,,
857277,,,,,,,,,,,,,,,,,,,,,
857387,32,32,0,32,0,32,0,32,0,32,0,32,0,32,0,32,0,23,0.391,18.9,0.693
857396,,,,,,,,,,,,,,,,,,,,,
857436,,,,,,,,,,,,,,,,,,,,,
857437,,,,,,,,,,,,,,,,,,,,,
857438,,,,,,,,,,,,,,,,,,,,,
857440,,,,,,,,,,,,,,,,,,,,,
857441,,,,,,,,,,,,,,,,,,,,,
857442,,,,,,,,,,,,,,,,,,,,,
857443,,,,,,,,,,,,,,,,,,,,,
857444,,,,,,,,,,,,,,,,,,,,,
857446,,,,,,,,,,,,,,,,,,,,,
857447,,,,,,,,,,,,,,,,,,,,,
857448,,,,,,,,,,,,,,,,,,,,,
857452,,,,,,,,,,,,,,,,,,,,,
857453,,,,,,,,,,,,,,,,,,,,,
857455,,,,,,,,,,,,,,,,,,,,,
857456,,,,,,,,,,,,,,,,,,,,,
857457,,,,,,,,,,,,,,,,,,,,,
857465,,,,,,,,,,,,,,,,,,,,,
857467,,,,,,,,,,,,,,,,,,,,,
857471,,,,,,,,,,,,,,,,,,,,,
857472,,,,,,,,,,,,,,,,,,,,,
857475,,,,,,,,,,,,,,,,,,,,,
857476,,,,,,,,,,,,,,,,,,,,,
857477,,,,,,,,,,,,,,,,,,,,,
857478,,,,,,,,,,,,,,,,,,,,,
857479,,,,,,,,,,,,,,,,,,,,,
857480,,,,,,,,,,,,,,,,,,,,,
857484,,,,,,,,,,,,,,,,,,,,,
857486,,,,,,,,,,,,,,,,,,,,,
857487,,,,,,,,,,,,,,,,,,,,,
857488,,,,,,,,,,,,,,,,,,,,,
857489,,,,,,,,,,,,,,,,,,,,,
857493,,,,,,,,,,,,,,,,,,,,,
857494,,,,,,,,,,,,,,,,,,,,,
857505,,,,,,,,,,,,,,,,,,,,,
857506,,,,,,,,,,,,,,,,,,,,,
857511,,,,,,,,,,,,,,,,,,,,,
857512,,,,,,,,,,,,,,,,,,,,,
857516,,,,,,,,,,,,,,,,,,,,,
857517,,,,,,,,,,,,,,,,,,,,,
857518,,,,,,,,,,,,,,,,,,,,,
857522,,,,,,,,,,,,,,,,,,,,,
857523,,,,,,,,,,,,,,,,,,,,,
857525,,,,,,,,,,,,,,,,,,,,,
857528,,,,,,,,,,,,,,,,,,,,,
857530,,,,,,,,,,,,,,,,,,,,,
857531,,,,,,,,,,,,,,,,,,,,,
857532,,,,,,,,,,,,,,,,,,,,,
857533,,,,,,,,,,,,,,,,,,,,,
857537,,,,,,,,,,,,,,,,,,,,,
857538,,,,,,,,,,,,,,,,,,,,,
857539,,,,,,,,,,,,,,,,,,,,,
857540,,,,,,,,,,,,,,,,,,,,,
857542,,,,,,,,,,,,,,,,,,,,,
857543,,,,,,,,,,,,,,,,,,,,,
857544,,,,,,,,,,,,,,,,,,,,,
857545,,,,,,,,,,,,,,,,,,,,,
857546,,,,,,,,,,,,,,,,,,,,,
857547,,,,,,,,,,,,,,,,,,,,,
857548,,,,,,,,,,,,,,,,,,,,,
857550,,,,,,,,,,,,,,,,,,,,,
857552,,,,,,,,,,,,,,,,,,,,,
857553,,,,,,,,,,,,,,,,,,,,,
857559,,,,,,,,,,,,,,,,,,,,,
857560,,,,,,,,,,,,,,,,,,,,,
857562,,,,,,,,,,,,,,,,,,,,,
857564,,,,,,,,,,,,,,,,,,,,,
857565,,,,,,,,,,,,,,,,,,,,,
857567,,,,,,,,,,,,,,,,,,,,,
857568,,,,,,,,,,,,,,,,,,,,,
857570,,,,,,,,,,,,,,,,,,,,,
857571,,,,,,,,,,,,,,,,,,,,,
857572,,,,,,,,,,,,,,,,,,,,,
857574,,,,,,,,,,,,,,,,,,,,,
857576,,,,,,,,,,,,,,,,,,,,,
857577,,,,,,,,,,,,,,,,,,,,,
857578,,,,,,,,,,,,,,,,,,,,,
857579,,,,,,,,,,,,,,,,,,,,,
857580,,,,,,,,,,,,,,,,,,,,,
857581,,,,,,,,,,,,,,,,,,,,,
857589,,,,,,,,,,,,,,,,,,,,,
857626,15.5,15.5,0,15.5,0,16.5,-0.0606,15.4,0.00649,15.6,-0.00641,13.5,0.148,13.5,0.148,,,12.5,0.24,,
857629,50,50,0,50,0,50,0,50,0,50,0,45,0.111,40.7,0.229,35.5,0.408,30.5,0.639,37.8,0.323
857660,,,,,,,,,,,,,,,,,,,,,
857664,,,,,,,,,,,,,,,,,,,,,
857665,,,,,,,,,,,,,,,,,,,,,
857666,,,,,,,,,,,,,,,,,,,,,
857667,,,,,,,,,,,,,,,,,,,,,
857668,,,,,,,,,,,,,,,,,,,,,
857670,,,,,,,,,,,,,,,,,,,,,
857671,,,,,,,,,,,,,,,,,,,,,
857672,,,,,,,,,,,,,,,,,,,,,
857694,,,,,,,,,,,,,,,,,,,,,
857716,,,,,,,,,,,,,,,,,,,,,
857717,,,,,,,,,,,,,,,,,,,,,
857815,10,10,0,10,0,10,0,10,0,10,0,10,0,10,0,10,0,10,0,10,0
857830,11.5,11.5,0,11.5,0,11.5,0,11.5,0,11.5,0,11.5,0,,,11.5,0,,,11.5,0
857884,,,,,,,,,,,,,,,,,,,,,
857944,11.8,11.8,0,11.8,0,11.8,0,11.8,0,9.9,0.192,,,,,,,,,,
857961,24.9,24.9,0,24.9,0,24.9,0,24.9,0,24.9,0,24.9,0,24.9,0,24.9,0,,,,
857976,,,,,,,,,,,,,,,,,,,,,
857996,,,,,,,,,,,,,,,,,,,,,
857997,,,,,,,,,,,,,,,,,,,,,
858003,,,,,,,,,,,,,,,,,,,,,
858005,,,,,,,,,,,,,,,,,,,,,
858006,,,,,,,,,,,,,,,,,,,,,
858051,,,,,,,,,,,,,,,,,,,,,
858054,,,,,,,,,,,,,,,,,,,,,
858055,,,,,,,,,,,,,,,,,,,,,
858056,,,,,,,,,,,,,,,,,,,,,
858058,,,,,,,,,,,,,,,,,,,,,
858059,,,,,,,,,,,,,,,,,,,,,
858060,,,,,,,,,,,,,,,,,,,,,
858061,,,,,,,,,,,,,,,,,,,,,
858063,,,,,,,,,,,,,,,,,,,,,
858064,,,,,,,,,,,,,,,,,,,,,
858065,,,,,,,,,,,,,,,,,,,,,
858067,,,,,,,,,,,,,,,,,,,,,
858068,,,,,,,,,,,,,,,,,,,,,
858069,,,,,,,,,,,,,,,,,,,,,
858070,,,,,,,,,,,,,,,,,,,,,
858108,18,18,0,18,0,18,0,18,0,,,,,,,,,,,,
858129,8,8,0,8,0,8,0,8,0,,,,,,,,,,,,
858184,,,,,,,,,,,,,,,,,,,,,
858187,51,51,0,51,0,51,0,51,0,51,0,51,0,,,51,0,51,0,,
858193,32,32,0,32,0,32,0,32,0,32,0,32,0,32,0,43,-0.256,43,-0.256,,
858194,53,53,0,53,0,53,0,53,0,53,0,53,0,,,72,-0.264,72,-0.264,72,-0.264
858196,55,55,0,55,0,55,0,55,0,55,0,55,0,,,60,-0.0833,60,-0.0833,60,-0.0833
858235,78,78,0,78,0,78,0,78,0,78,0,78,0,78,0,78,0,78,0,65,0.2
858262,,,,,,,,,,,,,,,,,,,,,
858297,,,,,,,,,,,,,,,,,,,,,
858298,34,34,0,34,0,34,0,34,0,34,0,34,0,34,0,34,0,34,0,,
858308,,,,,,,,,,,,,,,,,,,,,
858309,,,,,,,,,,,,,,,,,,,,,
858310,,,,,,,,,,,,,,,,,,,,,
858312,34,34,0,34,0,34,0,34,0,34,0,34,0,34,0,34,0,34,0,,
858313,34,34,0,34,0,34,0,34,0,34,0,34,0,34,0,34,0,34,0,,
858319,8.2,8.2,0,8.2,0,8.2,0,8.2,0,8.2,0,8.2,0,8.2,0,8.2,0,7,0.171,6.9,0.188
858364,88,88,0,88,0,88,0,88,0,,,88,0,88,0,88,0,72,0.222,62,0.419
858375,25,25,0,25,0,25,0,25,0,25,0,25,0,25,0,25,0,20,0.25,15,0.667
858379,88,88,0,88,0,88,0,88,0,88,0,88,0,88,0,88,0,72.5,0.214,62,0.419
858385,72.1,72.1,0,,,72.1,0,72.1,0,,,,,70,0.03,,,66.5,0.0842,,
858388,4.3,4.3,0,4.5,-0.0444,4.5,-0.0444,4.5,-0.0444,4.5,-0.0444,4.5,-0.0444,6,-0.283,,,,,,
858389,3.5,3.5,0,3.5,0,3.5,0,3.5,0,3.5,0,3.5,0,3.5,0,,,1.7,1.06,,
858390,,,,,,,,,,,,,,,,,,,,,
858392,3.5,3.5,0,4.5,-0.222,4.5,-0.222,4.5,-0.222,4.5,-0.222,4.5,-0.222,,,3.9,-0.103,2,0.75,2,0.75
858393,,,,,,,,,,,,,,,,,,,,,
858454,19,19,0,19,0,19,0,19,0,19,0,19,0,19,0,,,,,,
858455,29,29,0,29,0,29,0,,,29,0,29,0,29,0,,,,,,
858458,60,60,0,60,0,60,0,60,0,60,0,60,0,60,0,,,,,,
858459,59.9,59.9,0,59.9,0,59.9,0,59.9,0,59.9,0,120,-0.501,,,,,,,,
858530,25,25,0,27.5,-0.0909,,,,,,,,,,,,,,,,
858540,,,,,,,,,,,,,,,,,,,,,
858566,,,,,,,,,,,,,,,,,,,,,
858567,,,,,,,,,,,,,,,,,,,,,
858659,56,56,0,56,0,56,0,56,0,56,0,56,0,,,,,,,,
858660,44,44,0,44,0,44,0,44,0,44,0,44,0,26,0.692,26,0.692,26,0.692,26,0.692
858661,44,44,0,44,0,44,0,44,0,44,0,,,,,,,,,26,0.692
858668,245,245,0,245,0,245,0,245,0,245,0,245,0,245,0,245,0,245,0,,
858669,170,170,0,170,0,170,0,170,0,170,0,,,,,160,0.0625,160,0.0625,,
858676,213,213,0,213,0,213,0,213,0,213,0,213,0,213,0,213,0,149,0.43,,
858713,,,,,,,,,,,,,,,,,,,,,
858715,12,12,0,12,0,12,0,12,0,12,0,12,0,12,0,12,0,8.4,0.429,,
858727,79,79,0,79,0,79,0,79,0,79,0,79,0,79,0,79,0,79,0,,
858760,19.5,,,,,,,,,19.5,0,19.5,0,19.5,0,19.5,0,17,0.147,17,0.147
858772,34,34,0,34,0,34,0,34,0,34,0,34,0,34,0,34,0,34,0,,
858847,,,,,,,,,,,,,,,,,,,,,
858882,,,,,,,,,,,,,,,,,,,,,
859088,61,61,0,61,0,61,0,61,0,61,0,61,0,61,0,54.9,0.111,54.9,0.111,,
859129,13,13,0,13,0,13,0,13,0,13,0,13,0,13,0,11.5,0.13,11.5,0.13,10.4,0.25
859134,11.5,11.5,0,11.5,0,11.5,0,11.5,0,11.5,0,11.5,0,11.5,0,10,0.15,10,0.15,9.5,0.211
859149,11.5,11.5,0,11.5,0,11.5,0,11.5,0,11.5,0,11.5,0,11.5,0,10,0.15,10,0.15,9.5,0.211
859154,30,30,0,30,0,30,0,30,0,30,0,30,0,30,0,30,0,27.5,0.0909,27.5,0.0909
859211,51,51,0,51,0,51,0,51,0,51,0,51,0,51,0,51,0,43.8,0.164,37.5,0.36
859213,,,,,,,,,,,,,,,,,,,,,
859273,,,,,,,,,,,,,,,,,,,,,
859576,,,,,,,,,,,,,,,,,,,,,
859577,,,,,,,,,,,,,,,,,,,,,
859586,19,19,0,19,0,19,0,19,0,19,0,19,0,19,0,19,0,,,,
859764,259,259,0,259,0,259,0,259,0,,,,,,,,,277,-0.065,277,-0.065
859996,,,,,,,,,,,,,,,,,,,,,
860001,19,19,0,19,0,19,0,19,0,19,0,19,0,19,0,19,0,16,0.188,16,0.188
860256,,,,,,,,,,,,,,,,,,,,,
860296,49,49,0,49,0,49,0,49,0,49,0,49,0,49,0,77.8,-0.37,77.8,-0.37,,
860297,49,49,0,49,0,49,0,49,0,49,0,49,0,49,0,77.8,-0.37,77.8,-0.37,,
860384,,,,,,,,,,,,,,,,,,,,,
860795,,,,,,,,,,,,,,,,,,,,,
860797,,,,,,,,,,,,,,,,,,,,,
860990,72,72,0,72,0,72,0,72,0,72,0,72,0,,,,,,,,
861058,229,229,0,229,0,229,0,229,0,229,0,229,0,229,0,229,0,,,,
861152,,,,,,,,,,,,,,,,,,,,,
861264,77,77,0,77,0,77,0,77,0,77,0,94,-0.181,,,,,,,,
861266,77,77,0,77,0,77,0,77,0,,,94,-0.181,,,,,,,,
861340,178,178,0,178,0,178,0,178,0,178,0,178,0,,,,,,,,
861364,106,106,0,106,0,106,0,106,0,106,0,,,,,,,,,,
861369,,,,,,,,,,,,,,,,,,,,,
861381,,,,,,,,,,,,,,,,,,,,,
861384,64,64,0,64,0,64,0,64,0,64,0,,,,,,,,,,
861389,82,82,0,82,0,82,0,82,0,82,0,,,,,,,,,,
861403,110,110,0,110,0,110,0,110,0,110,0,110,0,110,0,,,,,,
861744,307,307,0,307,0,307,0,307,0,,,,,,,,,,,,
861901,45,45,0,45,0,45,0,45,0,,,,,,,,,,,,
862026,46.5,46.5,0,46.5,0,46.5,0,46.5,0,46.5,0,46.5,0,46.5,0,46.5,0,41.5,0.12,38.5,0.208
862430,26,26,0,26,0,26,0,26,0,,,,,,,,,,,,
862437,39.5,39.5,0,39.5,0,39.5,0,39.5,0,39.5,0,39.5,0,39.5,0,39.5,0,29,0.362,24,0.646
862442,39.5,39.5,0,39.5,0,39.5,0,39.5,0,39.5,0,39.5,0,39.5,0,39.5,0,29,0.362,24,0.646
862464,6,6,0,6,0,6,0,6,0,,,,,,,,,,,,
862466,11,11,0,11,0,11,0,11,0,,,,,,,,,,,,
862750,20,20,0,20,0,20,0,20,0,,,,,,,,,,,,
862856,22.9,22.9,0,22.9,0,22.9,0,22.9,0,,,,,,,,,,,22.9,0
862857,,,,,,,,,,,,,,,,,,,,,
862858,,,,,,,,,,,,,,,,,,,,,
862859,,,,,,,,,,,,,,,,,,,,,
862860,11.9,11.9,0,11.9,0,11.9,0,11.9,0,,,,,,,,,,,,
862861,22.9,22.9,0,22.9,0,22.9,0,22.9,0,,,22.9,0,22.9,0,,,,,22.9,0
862880,,,,,,,,,,,,,,,,,,,,,
862881,,,,,,,,,,,,,,,,,,,,,
862937,,,,,,,,,,,,,,,,,,,,,
862957,134,134,0,134,0,134,0,134,0,134,0,134,0,134,0,134,0,134,0,134,0
862962,134,134,0,134,0,134,0,134,0,134,0,134,0,134,0,134,0,134,0,134,0
862977,125,125,0,125,0,125,0,125,0,125,0,125,0,125,0,125,0,125,0,76,0.645
863029,208,208,0,208,0,208,0,208,0,208,0,208,0,208,0,208,0,208,0,155,0.342
863093,3.5,3.5,0,3.5,0,3.5,0,3.5,0,3.5,0,3.5,0,3.5,0,,,,,,
863142,79,79,0,79,0,79,0,79,0,79,0,79,0,79,0,79,0,,,,
863430,20,20,0,20,0,20,0,20,0,20,0,20,0,20,0,20,0,20,0,20,0
863445,20,20,0,20,0,20,0,20,0,20,0,20,0,20,0,20,0,20,0,20,0
863450,20,20,0,20,0,20,0,20,0,20,0,20,0,20,0,20,0,20,0,20,0
863638,8,8,0,8,0,8,0,8,0,8,0,8,0,,,8,0,,,,
863643,8,8,0,8,0,8,0,8,0,8,0,8,0,8,0,8,0,,,,
863820,170,170,0,170,0,170,0,170,0,170,0,170,0,170,0,170,0,170,0,170,0
864439,,,,,,,,,,,,,,,,,,,,,
864475,112,112,0,112,0,112,0,112,0,112,0,112,0,112,0,112,0,112,0,,
864487,181,181,0,181,0,181,0,181,0,181,0,181,0,181,0,181,0,181,0,,
864510,183,183,0,183,0,183,0,183,0,183,0,183,0,,,183,0,183,0,,
864600,,,,,,,,,,,,,,,,,,,,,
864613,,,,,,,,,,,,,,,,,,,,,
864700,,,,,,,,,,,,,,,,,,,,,
864819,83,83,0,83,0,83,0,,,,,83,0,83,0,83,0,69,0.203,65,0.277
864988,24,24,0,24,0,24,0,24,0,24,0,24,0,,,36.4,-0.341,26.5,-0.0943,26.5,-0.0943
865194,,,,,,,,,,,,,,,,,,,,,
865287,35,35,0,35,0,35,0,35,0,35,0,35,0,,,,,,,,
865510,,,,,,,,,,,,,,,,,,,,,
865812,13.7,13.7,0,13.7,0,13.7,0,13.5,0.0148,13.5,0.0148,13.5,0.0148,13.5,0.0148,13.5,0.0148,14,-0.0214,,
865827,13.7,,,,,13.7,0,13.5,0.0148,13.5,0.0148,,,13.5,0.0148,,,,,12.5,0.096
866231,20,20,0,20,0,20,0,20,0,20,0,20,0,20,0,20,0,17.5,0.143,17.5,0.143
866246,20,20,0,20,0,20,0,20,0,20,0,20,0,20,0,20,0,17.5,0.143,17.5,0.143
866553,,,,,,,,,,,,,,,,,,,,,
866632,2.45e+03,2.45e+03,0,2.45e+03,0,2.45e+03,0,2.45e+03,0,2.45e+03,0,,,,,,,,,,
866633,2.99e+03,2.99e+03,0,2.99e+03,0,2.99e+03,0,2.99e+03,0,2.99e+03,0,,,,,,,,,,
866657,6.3,6.3,0,6.3,0,6.3,0,6.3,0,6.3,0,6.3,0,6.3,0,6.3,0,6.3,0,5.8,0.0862
866731,17,17,0,17,0,17,0,17,0,17,0,17,0,17,0,17,0,14,0.214,14,0.214
866815,,,,,,,,,,,,,,,,,,,,,
866860,120,120,0,120,0,120,0,120,0,120,0,138,-0.131,138,-0.131,,,,,96,0.249
866951,40,40,0,40,0,40,0,40,0,,,,,,,,,,,,
867056,18.4,18.4,0,18.4,0,18.4,0,18.4,0,18.4,0,18.4,0,18.4,0,18.4,0,17.6,0.0455,13.3,0.383
867213,120,120,0,120,0,120,0,120,0,,,,,,,,,,,,
867217,58,58,0,58,0,58,0,58,0,,,,,,,,,,,,
867358,15.5,17,-0.0882,17,-0.0882,17,-0.0882,17,-0.0882,17,-0.0882,17.6,-0.119,20,-0.225,22.6,-0.314,20.5,-0.244,27.5,-0.436
867363,15.5,17,-0.0882,17,-0.0882,17,-0.0882,17,-0.0882,17,-0.0882,17.6,-0.119,20,-0.225,22.6,-0.314,20.5,-0.244,27.5,-0.436
867378,22.6,22.6,0,22.6,0,22.6,0,22.6,0,22.6,0,22.6,0,22.6,0,22.6,0,20.5,0.102,27.5,-0.178
867400,19,19,0,19,0,19,0,19,0,,,,,,,,,,,,
867405,32,32,0,32,0,32,0,32,0,,,,,,,,,,,,
867408,40,40,0,40,0,40,0,40,0,,,,,,,,,,,,
867409,31,31,0,31,0,31,0,31,0,,,,,,,,,,,,
867410,98,98,0,98,0,98,0,98,0,,,,,,,,,,,,
867414,42,42,0,42,0,42,0,42,0,,,,,,,,,,,,
867415,33,33,0,33,0,33,0,33,0,,,,,,,,,,,,
867437,10,10,0,10,0,10,0,10,0,,,,,,,,,,,,
867475,14,14,0,14,0,14,0,14,0,,,,,,,,,,,,
867477,9,9,0,9,0,9,0,9,0,,,,,,,,,,,,
867478,12,12,0,12,0,12,0,12,0,,,,,,,,,,,,
867490,,,,,,,,,,,,,,,,,,,,,
867800,,,,,,,,,,,,,,,,,,,,,
867898,12,12,0,12,0,12,0,12,0,12,0,12,0,12,0,12,0,4.5,1.67,,
867987,32.2,,,,,32.2,0,32.2,0,,,34,-0.0529,,,45,-0.284,36,-0.106,31.5,0.0222
868190,39,39,0,39,0,39,0,39,0,39,0,39,0,,,,,,,,
868191,,,,,,,,,,,,,,,,,,,,,
868192,,,,,,,,,,,,,,,,,,,,,
868269,69,69,0,69,0,69,0,69,0,69,0,69,0,69,0,69,0,,,,
868270,,,,,,,,,,,,,,,,,,,,,
868271,99.3,99.3,0,99.3,0,99.3,0,99.3,0,99.3,0,99.3,0,114,-0.129,114,-0.129,,,,
868272,,,,,,,,,,,,,,,,,,,,,
868273,,,,,,,,,,,,,,,,,,,,,
868274,84,84,0,84,0,84,0,84,0,,,84,0,84,0,84,0,,,,
868276,,,,,,,,,,,,,,,,,,,,,
868277,,,,,,,,,,,,,,,,,,,,,
868278,67,67,0,67,0,67,0,67,0,67,0,,,,,67,0,,,,
868279,,,,,,,,,,,,,,,,,,,,,
868280,,,,,,,,,,,,,,,,,,,,,
868281,,,,,,,,,,,,,,,,,,,,,
868282,,,,,,,,,,,,,,,,,,,,,
868283,,,,,,,,,,,,,,,,,,,,,
868284,,,,,,,,,,,,,,,,,,,,,
868285,,,,,,,,,,,,,,,,,,,,,
868286,,,,,,,,,,,,,,,,,,,,,
868287,,,,,,,,,,,,,,,,,,,,,
868288,,,,,,,,,,,,,,,,,,,,,
868289,,,,,,,,,,,,,,,,,,,,,
868291,110,110,0,110,0,110,0,110,0,,,,,,,,,,,,
868292,,,,,,,,,,,,,,,,,,,,,
868293,,,,,,,,,,,,,,,,,,,,,
868294,,,,,,,,,,,,,,,,,,,,,
868295,,,,,,,,,,,,,,,,,,,,,
868296,,,,,,,,,,,,,,,,,,,,,
868297,114,114,0,114,0,114,0,114,0,114,0,114,0,114,0,114,0,,,,
868298,110,110,0,110,0,110,0,110,0,,,,,110,0,,,,,,
868299,,,,,,,,,,,,,,,,,,,,,
868300,,,,,,,,,,,,,,,,,,,,,
868301,,,,,,,,,,,,,,,,,,,,,
868324,123,123,0,123,0,123,0,123,0,123,0,,,,,,,,,,
868413,,,,,,,,,,,,,,,,,,,,,
868449,,,,,,,,,,,,,,,,,,,,,
868450,34,34,0,34,0,34,0,,,,,34,0,34,0,,,,,,
868451,41,41,0,41,0,41,0,41,0,41,0,41,0,41,0,,,,,,
868454,108,108,0,108,0,108,0,108,0,108,0,108,0,108,0,,,,,,
868455,235,235,0,235,0,235,0,235,0,235,0,235,0,235,0,,,,,,
868456,102,102,0,102,0,102,0,102,0,102,0,102,0,102,0,,,,,,
868457,,,,,,,,,,,,,,,,,,,,,
868459,299,299,0,299,0,299,0,299,0,299,0,299,0,299,0,,,,,,
868461,179,179,0,179,0,179,0,,,,,179,0,179,0,,,,,,
868469,31,31,0,31,0,31,0,31,0,31,0,31,0,,,,,,,,
868483,41,41,0,41,0,41,0,41,0,41,0,41,0,,,,,,,,
868502,11.5,11.5,0,15,-0.233,11.5,0,11.5,0,15,-0.233,15,-0.233,,,,,,,,
868523,,,,,,,,,,,,,,,,,,,,,
868525,14.9,14.9,0,14.9,0,14.9,0,14.9,0,14.9,0,14.9,0,14.9,0,14.9,0,12.9,0.155,,
868526,12.9,12.9,0,12.9,0,12.9,0,12.9,0,12.9,0,12.9,0,12.9,0,12.9,0,12.9,0,,
868527,12.9,12.9,0,12.9,0,12.9,0,12.9,0,12.9,0,12.9,0,12.9,0,12.9,0,12.9,0,,
868528,,,,,,,,,,,,,,,,,,,,,
868529,12.9,12.9,0,12.9,0,12.9,0,12.9,0,12.9,0,12.9,0,12.9,0,12.9,0,12.9,0,,
868530,,,,,,,,,,,,,,,,,,,,,
868531,12.9,12.9,0,12.9,0,12.9,0,12.9,0,12.9,0,12.9,0,12.9,0,12.9,0,12.9,0,,
868533,,,,,,,,,,,,,,,,,,,,,
868534,,,,,,,,,,,,,,,,,,,,,
868664,215,215,0,215,0,215,0,215,0,215,0,,,,,215,0,,,,
868686,,,,,,,,,,,,,,,,,,,,,
868687,62.9,62.9,0,62.9,0,62.9,0,62.9,0,62.9,0,62.9,0,,,,,,,,
868738,429,429,0,429,0,429,0,429,0,429,0,429,0,429,0,,,,,,
868744,,,,,,,,,,,,,,,,,,,,,
868805,,,,,,,,,,,,,,,,,,,,,
868865,13,13,0,13,0,13,0,13,0,13,0,13,0,13,0,13,0,8,0.625,8,0.625
868924,6,6,0,6,0,6,0,6,0,6,0,6,0,6,0,6,0,6,0,,
868990,,,,,,,,,,,,,,,,,,,,,
869009,99,99,0,99,0,99,0,99,0,99,0,74,0.338,99,0,75,0.32,,,,
869154,,,,,,,,,,,,,,,,,,,,,
869191,,,,,,,,,,,,,,,,,,,,,
869840,35,35,0,35,0,35,0,35,0,35,0,35,0,35,0,35,0,15.9,1.2,15.9,1.2
869845,46,46,0,46,0,46,0,46,0,46,0,46,0,,,,,,,,
870466,70,70,0,70,0,70,0,70,0,70,0,70,0,,,,,,,70,0
870467,51,51,0,51,0,51,0,51,0,51,0,51,0,51,0,,,51,0,51,0
870838,,,,,,,,,,,,,,,,,,,,,
870919,26,26,0,26,0,26,0,26,0,26,0,26,0,26,0,26,0,20,0.3,20,0.3
870920,70,70,0,70,0,70,0,70,0,70,0,70,0,70,0,70,0,42,0.667,42,0.667
871073,,,,,,,,,,,,,,,,,,,,,
871074,,,,,,,,,,,,,,,,,,,,,
871077,,,,,,,,,,,,,,,,,,,,,
871089,8,8,0,8,0,8,0,8,0,8,0,8,0,8,0,8,0,8,0,11,-0.273
871090,5,5,0,5,0,4,0.25,4,0.25,4,0.25,4,0.25,4,0.25,4,0.25,4,0.25,4,0.25
871676,,,,,,,,,,,,,,,,,,,,,
871832,30,30,0,30,0,30,0,30,0,30,0,30,0,30,0,35,-0.143,30,0,19.5,0.538
871847,39,39,0,39,0,39,0,39,0,39,0,39,0,39,0,50,-0.22,34,0.147,22,0.773
871880,9,9,0,9,0,9,0,9,0,9,0,9,0,9,0,9,0,6,0.5,6,0.5
871982,17,17,0,17,0,17,0,17,0,,,,,,,,,,,11.1,0.532
872172,,,,,,,,,,,,,,,,,,,,,
872210,17.5,17.5,0,17.5,0,17.5,0,17.5,0,17.5,0,17.5,0,17.5,0,17.5,0,14.3,0.224,14.3,0.224
872448,,,,,,,,,,,,,,,,,,,,,
872456,,,,,,,,,,,,,,,,,,,,,
872460,153,153,0,153,0,153,0,153,0,,,,,,,125,0.224,125,0.224,125,0.224
872495,,,,,,,,,,,,,,,,,,,,,
872497,,,,,,,,,,,,,,,,,,,,,
872529,,,,,,,,,,,,,,,,,,,,,
872662,31,31,0,31,0,31,0,30,0.0333,30,0.0333,30,0.0333,30,0.0333,30,0.0333,25.4,0.22,25,0.24
872701,109,109,0,109,0,109,0,109,0,109,0,109,0,109,0,109,0,78,0.397,69.9,0.559
872923,17,17,0,17,0,17,0,17,0,17,0,17,0,17,0,,,,,,
873183,,,,,,,,,,,,,,,,,,,,,
873220,,,,,,,,,,,,,,,,,,,,,
873282,,,,,,,,,,,,,,,,,,,,,
873283,,,,,,,,,,,,,,,,,,,,,
873390,15,15,0,15,0,15,0,,,,,,,,,,,,,,
873854,48,48,0,48,0,48,0,48,0,48,0,48,0,48,0,48,0,48,0,48,0
873938,19,19,0,19,0,19,0,19,0,19,0,19,0,19,0,19,0,6,2.17,,
873940,29.9,29.9,0,29.9,0,29.9,0,29.9,0,29.9,0,29.9,0,29.9,0,29.9,0,17.9,0.67,17.9,0.67
873945,59,59,0,59,0,59,0,59,0,59,0,59,0,59,0,59,0,47,0.255,39,0.513
873946,63,63,0,63,0,63,0,63,0,63,0,63,0,63,0,63,0,55,0.145,46,0.37
873980,,,,,,,,,,,,,,,,,,,,,
874544,29.5,29.5,0,29.5,0,29.5,0,29.5,0,29.5,0,29.5,0,29.5,0,29.5,0,24.4,0.209,,
874584,17.9,17.9,0,,,,,17.9,0,17.9,0,17.9,0,17.9,0,,,,,,
874608,,,,,,,,,,,,,,,,,,,,,
874703,,,,,,,,,,,,,,,,,,,,,
874704,,,,,,,,,,,,,,,,,,,,,
874829,25,25,0,25,0,25,0,25,0,25,0,25,0,25,0,25,0,25,0,35,-0.286
874866,80,80,0,80,0,80,0,80,0,80,0,80,0,85,-0.0588,84.9,-0.0577,75,0.0667,68,0.176
875389,79,79,0,79,0,79,0,79,0,79,0,79,0,79,0,79,0,,,59,0.339
875423,,,,,,,,,,,,,,,,,,,,,
875438,36,36,0,36,0,36,0,36,0,36,0,36,0,36,0,36,0,31.5,0.143,27,0.333
875676,,,,,,,,,,,,,,,,,,,,,
875760,61,61,0,61,0,61,0,61,0,61,0,61,0,61,0,61,0,38,0.605,38,0.605
875831,18.5,18.5,0,18.5,0,18.5,0,18.5,0,18.5,0,18.5,0,18.5,0,18.5,0,13.5,0.37,13.5,0.37
875832,19,19,0,19,0,19,0,19,0,19,0,19,0,19,0,19,0,11.8,0.61,11.8,0.61
875990,24,24,0,24,0,24,0,24,0,,,,,,,,,,,,
876049,,,,,,,,,,,,,,,,,,,,,
876050,,,,,,,,,,,,,,,,,,,,,
876174,4,4,0,4,0,4,0,4,0,4,0,4,0,4,0,4,0,4,0,1,3
876184,8.6,8.6,0,8.6,0,8.6,0,8.6,0,8.5,0.0118,8.5,0.0118,8.5,0.0118,7,0.229,7.5,0.147,7.8,0.103
876243,,,,,,,,,,,,,,,,,,,,,
876265,14,14,0,14,0,14,0,14,0,16,-0.125,16,-0.125,16,-0.125,16,-0.125,16,-0.125,,
876357,54,54,0,54,0,54,0,54,0,54,0,54,0,54.5,-0.00917,,,54.5,-0.00917,49.9,0.0822
876369,,,,,,,,,,,,,,,,,,,,,
876702,20,20,0,20,0,20,0,20,0,,,,,,,,,,,21,-0.0476
876703,12,12,0,12,0,12,0,12,0,,,,,,,,,,,13,-0.0769
876918,25,25,0,25,0,25,0,25,0,25,0,,,,,,,,,,
877316,24,24,0,24,0,24,0,24,0,,,,,,,,,,,,
877362,12,12,0,12,0,12,0,12,0,,,,,,,,,,,,
877402,8,8,0,8,0,8,0,,,,,,,,,,,,,,
877405,10,10,0,10,0,10,0,,,,,,,,,,,,,,
877406,15,15,0,15,0,15,0,,,,,,,,,,,,,,
877413,,,,,,,,,,,,,,,,,,,,,
877449,120,120,0,120,0,120,0,120,0,120,0,120,0,120,0,135,-0.111,,,,
877830,115,115,0,115,0,115,0,115,0,115,0,115,0,,,115,0,94,0.223,94,0.223
878068,20,20,0,20,0,20,0,20,0,20,0,20,0,20,0,20,0,17,0.176,17,0.176
878069,15,15,0,15,0,15,0,15,0,15,0,15,0,15,0,15,0,12,0.25,12,0.25
878070,15,15,0,15,0,15,0,15,0,15,0,15,0,15,0,15,0,15,0,15,0
878299,,,,,,,,,,,,,,,,,,,,,
878482,56,56,0,56,0,56,0,56,0,56,0,56,0,56,0,,,,,30,0.867
878526,62.5,62.5,0,62.5,0,62.5,0,62.5,0,62.5,0,,,62.5,0,,,,,,
878629,15.5,15.5,0,15.5,0,15.5,0,15.5,0,15.5,0,15.5,0,15.5,0,,,,,12,0.292
878630,15.5,15.5,0,15.5,0,15.5,0,15.5,0,15.5,0,15.5,0,15.5,0,15.5,0,15.5,0,12,0.292
878772,,,,,,,,,,,,,,,,,,,,,
878784,6.3,6.3,0,6.3,0,6.3,0,6.3,0,6.3,0,6.3,0,6.3,0,6.3,0,6.3,0,5.8,0.0862
878848,22.8,22.8,0,22.8,0,22.8,0,22.8,0,22.8,0,22.8,0,22.8,0,22.8,0,17.8,0.281,,
879163,20,20,0,20,0,20,0,20,0,20,0,20,0,20,0,20,0,19.5,0.0256,19.5,0.0256
879247,,,,,,,,,,,,,,,,,,,,,
879253,53,53,0,53,0,53,0,53,0,53,0,53,0,53,0,,,,,,
879280,,,,,,,,,,,,,,,,,,,,,
879283,,,,,,,,,,,,,,,,,,,,,
879361,19.2,,,,,19.2,0,19.2,0,19.2,0,19.2,0,19.2,0,19.2,0,16.9,0.136,13.5,0.422
879486,242,242,0,242,0,242,0,242,0,242,0,242,0,242,0,242,0,242,0,242,0
879534,19,19,0,19,0,19,0,19,0,19,0,14.5,0.31,18.8,0.0106,18.8,0.0106,13,0.462,11.2,0.696
879553,55,55,0,55,0,55,0,55,0,55,0,55,0,55,0,55,0,43.8,0.256,46,0.196
879589,21.8,21.8,0,21.8,0,21.8,0,21.8,0,21.8,0,21.8,0,21.8,0,21.8,0,16.9,0.29,16,0.363
879603,30,30,0,30,0,30,0,30,0,,,30,0,30,0,28,0.0714,28,0.0714,28,0.0714
879683,33.5,33.5,0,33.5,0,33.5,0,33.5,0,33.5,0,33.5,0,33.5,0,33.5,0,26,0.288,26,0.288
879725,106,106,0,106,0,106,0,106,0,106,0,106,0,106,0,106,0,78,0.359,78,0.359
879749,89,89,0,106,-0.16,106,-0.16,106,-0.16,106,-0.16,106,-0.16,106,-0.16,106,-0.16,106,-0.16,79.9,0.114
879859,273,273,0,273,0,273,0,273,0,273,0,,,,,,,,,,
879864,123,123,0,123,0,123,0,123,0,123,0,,,,,,,,,,
879985,,,,,,,,,,,,,,,,,,,,,
879990,,,,,,,,,,,,,,,,,,,,,
879992,101,101,0,101,0,101,0,101,0,,,,,,,,,,,,
880795,,,,,,,,,,,,,,,,,,,,,
881124,34,34,0,34,0,34,0,34,0,,,,,34,0,,,,,,
881889,,,,,,,,,,,,,,,,,,,,,
881894,50,50,0,50,0,50,0,50,0,50,0,50,0,50,0,50,0,42.2,0.185,38.4,0.302
881903,50,50,0,50,0,50,0,50,0,,,,,,,,,,,,
881918,50.6,50.6,0,50.6,0,50.6,0,50.6,0,50.6,0,50.6,0,50.6,0,50.6,0,42.2,0.199,37.5,0.349
881983,,,,,,,,,,,,,,,,,,,,,
881998,11.5,11.5,0,11.5,0,11.5,0,11.5,0,11.5,0,17.9,-0.358,17.9,-0.358,17.9,-0.358,16.3,-0.294,12.5,-0.08
882000,,,,,,,,,,,,,,,,,,,,,
882053,10,10,0,10,0,10,0,10,0,10,0,10,0,10,0,10,0,6,0.667,6,0.667
882054,7.5,7.5,0,7.5,0,7.5,0,7.5,0,7.5,0,7.5,0,7.5,0,7.5,0,,,4.3,0.744
882057,12,12,0,12,0,12,0,12,0,12,0,12,0,12,0,12,0,8.5,0.412,8.5,0.412
882446,,,,,,,,,,,,,,,,,,,,,
882659,6.5,6.5,0,6.5,0,6.5,0,6.5,0,6.5,0,6.5,0,6.5,0,6.5,0,5.5,0.182,5.5,0.182
882664,7.5,7.5,0,7.5,0,7.5,0,7.5,0,7.5,0,7.5,0,7.5,0,7.5,0,7.5,0,7.1,0.0563
882674,7.5,7.5,0,7.5,0,7.5,0,7.5,0,7.5,0,7.5,0,7.5,0,6.2,0.21,7.5,0,7.1,0.0563
883088,13,13,0,13,0,13,0,13,0,13,0,13,0,13,0,,,,,,
883089,14,14,0,14,0,14,0,14,0,14,0,14,0,14,0,,,,,,
883092,21,21,0,21,0,21,0,21,0,21,0,21,0,21,0,,,,,,
883093,17,17,0,17,0,17,0,17,0,17,0,17,0,,,,,,,,
883250,3.2,3.2,0,3.2,0,3.2,0,3.2,0,3.2,0,3.2,0,3.2,0,3.2,0,3.2,0,3.2,0
883251,3.2,3.2,0,3.2,0,3.2,0,3.2,0,3.2,0,3.2,0,3.2,0,3.2,0,3.2,0,3.2,0
883256,86,86,0,86,0,86,0,86,0,86,0,86,0,86,0,86,0,75,0.147,,
883318,,,,,,,,,,,,,,,,,,,,,
883327,27,27,0,27,0,27,0,27,0,27,0,27,0,27,0,27,0,26,0.0385,26,0.0385
883415,135,135,0,135,0,135,0,135,0,,,,,135,0,135,0,122,0.107,110,0.227
883416,36,36,0,36,0,36,0,36,0,,,,,,,,,31,0.161,,
883629,7,7,0,7,0,7,0,7,0,7,0,7,0,7,0,,,5.5,0.273,5.5,0.273
883695,21.5,21.5,0,21.5,0,21.5,0,21.5,0,21.5,0,21.5,0,21.5,0,21.5,0,21.5,0,15.5,0.387
883699,21.5,21.5,0,21.5,0,21.5,0,21.5,0,21.5,0,21.5,0,21.5,0,,,,,,
883756,20,20,0,20,0,20,0,,,,,20,0,20,0,,,,,,
883942,20,20,0,20,0,20,0,20,0,20,0,20,0,20,0,20,0,20,0,20,0
884084,18,18,0,18,0,18,0,18,0,,,,,,,,,,,17,0.0588
884458,,,,,,,,,,,,,,,,,,,,,
884828,,,,,,,,,,,,,,,,,,,,,
884888,,,,,,,,,,,,,,,,,,,,,
885410,,,,,,,,,,,,,,,,,,,,,
885810,30.6,30.6,0,30.6,0,30.6,0,30.6,0,30.6,0,34.4,-0.11,34.4,-0.11,39.5,-0.225,35,-0.126,26.2,0.168
885970,8,8,0,8,0,8,0,8,0,8,0,8,0,8,0,8,0,8,0,8,0
885976,,,,,,,,,,,,,,,,,,,,,
885985,,,,,,,,,,,,,,,,,,,,,
886002,,,,,,,,,,,,,,,,,,,,,
886106,,,,,,,,,,,,,,,,,,,,,
886111,,,,,,,,,,,,,,,,,,,,,
886901,85,85,0,85,0,85,0,85,0,85,0,85,0,85,0,85,0,63,0.349,63,0.349
886902,25,25,0,25,0,25,0,25,0,25,0,25,0,25,0,25,0,21,0.19,21,0.19
886903,,,,,,,,,,,,,,,,,,,,,
886948,23.2,23.2,0,23.2,0,23.2,0,34.9,-0.335,34.9,-0.335,34.9,-0.335,34.9,-0.335,35,-0.337,33.3,-0.303,30.8,-0.247
886953,23.2,23.2,0,23.2,0,23.2,0,33.1,-0.299,33.1,-0.299,33.1,-0.299,33.1,-0.299,35,-0.337,33.3,-0.303,30,-0.227
887045,26.1,26.1,0,26.1,0,26.1,0,26.1,0,26.1,0,26.1,0,26.1,0,,,,,,
887050,20.2,20.2,0,20.2,0,20.2,0,20.2,0,20.2,0,20.2,0,20.2,0,22.8,-0.114,22,-0.0818,16,0.262
887065,15.3,15.3,0,15.3,0,15.3,0,15.3,0,15.3,0,15.3,0,15.3,0,16.9,-0.0947,16.3,-0.0613,12.5,0.224
887070,,,,,,,,,,,,,,,,,,,,,
887711,29.9,29.9,0,29.9,0,29.9,0,29.9,0,29.9,0,25.9,0.154,25.9,0.154,25.9,0.154,25.9,0.154,23.9,0.251
887763,,,,,,,,,,,,,,,,,,,,,
887854,,,,,,,,,,,,,,,,,,,,,
887855,,,,,,,,,,,,,,,,,,,,,
887902,21,21,0,21,0,21,0,21,0,,,,,,,,,,,,
888162,57,57,0,57,0,57,0,57,0,57,0,57,0,57,0,57,0,,,,
888270,,,,,,,,,,,,,,,,,,,,,
889053,13,13,0,13,0,13,0,13,0,13,0,13,0,13,0,,,,,,
889138,,,,,,,,,,,,,,,,,,,,,
889139,,,,,,,,,,,,,,,,,,,,,
889140,,,,,,,,,,,,,,,,,,,,,
889146,17,17,0,17,0,17,0,17,0,17,0,17,0,17,0,17,0,,,17,0
889147,25,25,0,25,0,25,0,25,0,25,0,25,0,25,0,25,0,13,0.923,13,0.923
889352,,,,,,,,,,,,,,,,,,,,,
890260,,,,,,,,,,,,,,,,,,,,,
890261,83.5,83.5,0,83.5,0,83.5,0,83.5,0,83.5,0,83.5,0,83.5,0,72,0.16,72,0.16,39.9,1.09
890511,38.5,38.5,0,38.5,0,38.5,0,38.5,0,38.5,0,38.5,0,38.5,0,38.5,0,32,0.203,27.2,0.415
890586,32.5,32.5,0,32.5,0,32.5,0,32.5,0,32.5,0,32.5,0,32.5,0,32.5,0,27,0.204,25,0.3
890591,32.5,,,,,32.5,0,32.5,0,32.5,0,32.5,0,32.5,0,32.5,0,27,0.204,,
890725,60,60,0,60,0,60,0,60,0,60,0,60,0,71,-0.155,51.3,0.17,51.3,0.17,38,0.579
890829,79,79,0,79,0,79,0,79,0,79,0,79,0,79,0,79,0,,,37.1,1.13
890859,5.5,5.5,0,5.5,0,5.5,0,5.5,0,5.5,0,5.5,0,5.5,0,,,,,,
890863,,,,,,,,,,,,,,,,,,,,,
890865,,,,,,,,,,,,,,,,,,,,,
890866,,,,,,,,,,,,,,,,,,,,,
890870,,,,,,,,,,,,,,,,,,,,,
891207,,,,,,,,,,,,,,,,,,,,,
891272,35.5,35.5,0,35.5,0,35.5,0,35.5,0,35.5,0,35.5,0,35.5,0,35.5,0,31.8,0.116,31.8,0.116
891287,38.5,38.5,0,38.5,0,38.5,0,,,38.5,0,38.5,0,38.5,0,38.5,0,35.5,0.0845,35.5,0.0845
891301,9.5,9.5,0,9.5,0,9.5,0,9.5,0,9.5,0,9.5,0,9.5,0,9.5,0,9.5,0,9.5,0
891316,,,,,,,,,,,,,,,,,,,,,
891376,10.5,10.5,0,10.5,0,10.5,0,10.5,0,10.5,0,10.5,0,10.5,0,8.2,0.28,8.2,0.28,8.2,0.28
891402,17,17,0,17,0,17,0,17,0,17,0,17,0,,,,,,,,
891425,198,198,0,198,0,198,0,198,0,198,0,198,0,193,0.0233,193,0.0233,165,0.197,165,0.197
891456,,,,,,,,,,,,,,,,,,,,,
891457,,,,,,,,,,,,,,,,,,,,,
891458,,,,,,,,,,,,,,,,,,,,,
891459,99,99,0,99,0,99,0,99,0,99,0,99,0,99,0,99,0,99,0,,
891532,,,,,,,,,,,,,,,,,,,,,
891644,,,,,,,,,,,,,,,,,,,,,
891787,,,,,,,,,,,,,,,,,,,,,
891792,,,,,,,,,,,,,,,,,,,,,
891816,13,13,0,,,,,,,,,,,,,,,,,12,0.0833
891821,62.5,62.5,0,,,,,,,,,69.5,-0.101,69.5,-0.101,,,,,55.9,0.118
891856,34,34,0,34,0,34,0,34,0,,,34,0,34,0,34,0,33,0.0303,30,0.133
891950,21.5,21.5,0,21.5,0,21.5,0,21.5,0,21.5,0,21.5,0,21.5,0,17.5,0.229,19.5,0.103,16,0.344
891990,5.4,5.4,0,5.4,0,5.4,0,5.4,0,5.4,0,5.4,0,5.4,0,5.4,0,4.5,0.2,4,0.35
892017,5.4,5.4,0,5.4,0,5.4,0,5.4,0,5.4,0,5.4,0,5.4,0,5.4,0,4.5,0.2,4,0.35
892022,5.4,5.4,0,5.4,0,5.4,0,5.4,0,5.4,0,5.4,0,5.4,0,5.4,0,4.5,0.2,4,0.35
892062,,,,,,,,,,,,,,,,,,,,,
892082,10,10,0,10,0,10,0,10,0,10,0,10,0,10,0,10,0,10,0,,
892260,11,11,0,11,0,11,0,11,0,11,0,11,0,11,0,,,7.5,0.467,7.5,0.467
892310,31,31,0,31,0,31,0,31,0,31,0,31,0,31,0,,,,,,
892606,262,262,0,262,0,262,0,262,0,262,0,262,0,262,0,262,0,200,0.31,188,0.397
892735,,,,,,,,,,,,,,,,,,,,,
894386,,,,,,,,,,,,,,,,,,,,,
894411,80,80,0,80,0,80,0,80,0,,,,,,,97.5,-0.179,90,-0.111,91.5,-0.126
896217,138,138,0,138,0,138,0,138,0,138,0,138,0,138,0,138,0,102,0.353,81,0.704
896326,5,5,0,5,0,5,0,5,0,5,0,5,0,5,0,5,0,3,0.667,3,0.667
896346,179,179,0,199,-0.101,199,-0.101,199,-0.101,199,-0.101,199,-0.101,199,-0.101,199,-0.101,177,0.0113,140,0.279
896503,59,59,0,59,0,59,0,59,0,59,0,59,0,,,59,0,59,0,,
896540,20,20,0,20,0,20,0,20,0,20,0,17,0.176,20.7,-0.0338,20.7,-0.0338,17.5,0.143,,
896737,399,399,0,399,0,399,0,399,0,399,0,399,0,399,0,399,0,310,0.287,265,0.506
896782,80,80,0,80,0,80,0,80,0,,,,,,,97.5,-0.179,90,-0.111,91.5,-0.126
896806,,,,,,,,,,,,,,,,,,,,,
896984,31.9,31.9,0,31.9,0,31.9,0,31.9,0,31.9,0,39.5,-0.192,39.5,-0.192,39.5,-0.192,37.5,-0.149,28.7,0.111
897116,,,,,,,,,,,,,,,,,,,,,
897394,6.4,6.4,0,,,6.4,0,6.4,0,6.4,0,6.4,0,6.4,0,6.4,0,5.6,0.143,5,0.28
897522,48.5,48.5,0,48.5,0,48.5,0,48.5,0,48.5,0,48.5,0,48.5,0,41,0.183,41,0.183,41,0.183
897592,48.5,48.5,0,48.5,0,48.5,0,48.5,0,48.5,0,48.5,0,48.5,0,41,0.183,41,0.183,41,0.183
897943,182,182,0,182,0,182,0,182,0,182,0,182,0,,,,,,,,
898228,,,,,,,,,,,,,,,,,,,,,
898406,64.8,64.8,0,64.8,0,64.8,0,81,-0.2,81,-0.2,81,-0.2,81,-0.2,91.9,-0.295,89.1,-0.273,65,-0.00308
898595,50.8,50.8,0,50.8,0,50.8,0,50.8,0,,,,,,,,,,,,
898657,,,,,,,,,,,,,,,,,,,,,
898660,,,,,,,,,,,,,,,,,,,,,
898718,22.8,22.8,0,22.8,0,22.8,0,22.8,0,,,,,,,,,,,,
898720,22.8,22.8,0,22.8,0,22.8,0,22.8,0,17,0.341,17,0.341,17,0.341,,,,,,
898721,,,,,,,,,,,,,,,,,,,,,
898722,22.8,22.8,0,22.8,0,22.8,0,22.8,0,17,0.341,17,0.341,17,0.341,,,,,,
898917,,,,,,,,,,,,,,,,,,,,,
898920,8.5,8.5,0,8.5,0,8.5,0,8.5,0,8.5,0,8.5,0,8.5,0,8.5,0,4.6,0.848,4.6,0.848
900040,9.5,9.5,0,9.5,0,9.5,0,9.5,0,9.5,0,9.5,0,9.5,0,9.5,0,8,0.188,8,0.188
900101,110,110,0,110,0,110,0,110,0,110,0,110,0,110,0,110,0,89,0.236,89,0.236
900103,105,105,0,105,0,105,0,105,0,105,0,105,0,105,0,105,0,60,0.75,72.5,0.448
900104,110,110,0,110,0,110,0,110,0,110,0,110,0,110,0,110,0,89,0.236,89,0.236
900198,10,10,0,10,0,10,0,10,0,9,0.111,9,0.111,9,0.111,9,0.111,9,0.111,9,0.111
900199,20,20,0,20,0,20,0,20,0,19,0.0526,19,0.0526,19,0.0526,19,0.0526,19,0.0526,19,0.0526
900200,,,,,,,,,,,,,,,,,,,,,
900808,14,14,0,14,0,14,0,14,0,14,0,14,0,14,0,14,0,14,0,14,0
901218,275,275,0,275,0,275,0,275,0,275,0,275,0,275,0,275,0,235,0.17,,
901630,5,5,0,5,0,5,0,5,0,,,,,,,,,,,,
901976,38,38,0,38,0,38,0,38,0,38,0,38,0,38,0,23,0.652,23,0.652,23,0.652
901986,,,,,,,,,,,,,,,,,,,,,
901999,44.7,44.7,0,44.7,0,44.7,0,44.7,0,44.7,0,44.7,0,,,49.5,-0.097,45.6,-0.0197,32,0.397
902019,35.3,35.3,0,35.3,0,35.3,0,35.3,0,35.3,0,35.3,0,35.3,0,37.7,-0.0637,35.8,-0.014,25.5,0.384
902084,,,,,,,,,,,,,,,,,,,,,
902466,53,53,0,53,0,53,0,53,0,53,0,53,0,53,0,53,0,23,1.3,,
902470,20,20,0,20,0,20,0,20,0,20,0,20,0,20,0,12,0.667,12,0.667,12,0.667
902523,39,39,0,39,0,39,0,39,0,39,0,39,0,39,0,30,0.3,,,23,0.696
902604,,,,,,,,,,,,,,,,,,,,,
902620,36.8,36.8,0,36.8,0,36.8,0,36.8,0,36.8,0,36.8,0,36.8,0,38.3,-0.0392,35.6,0.0337,30,0.227
903520,,,,,,,,,,,,,,,,,,,,,
903906,3.5,3.5,0,3.5,0,3.5,0,3.5,0,3.5,0,3.5,0,3.5,0,3.5,0,3.5,0,3.5,0
905451,69,69,0,69,0,69,0,69,0,69,0,69,0,,,69,0,59,0.169,59,0.169
905453,111,111,0,111,0,111,0,111,0,111,0,111,0,111,0,111,0,92,0.207,92,0.207
905454,79,79,0,79,0,79,0,79,0,79,0,79,0,,,79,0,66,0.197,66,0.197
905457,17,17,0,17,0,17,0,17,0,17,0,17,0,17,0,17,0,11.9,0.429,11.9,0.429
905458,16,16,0,16,0,16,0,16,0,16,0,16,0,16,0,16,0,13.6,0.176,13.6,0.176
905650,8,8,0,8,0,8,0,8,0,8,0,8,0,,,8,0,6.5,0.231,6.5,0.231
905652,78,78,0,78,0,78,0,78,0,78,0,78,0,78,0,78,0,59,0.322,59,0.322
905708,84,84,0,84,0,84,0,84,0,84,0,84,0,84,0,84,0,49,0.714,56,0.5
905709,101,101,0,101,0,101,0,101,0,101,0,101,0,101,0,101,0,79,0.278,79,0.278
905710,110,110,0,110,0,110,0,110,0,110,0,110,0,110,0,110,0,89,0.236,89,0.236
905711,141,141,0,141,0,141,0,141,0,141,0,141,0,,,141,0,90,0.567,109,0.294
905766,96,96,0,96,0,96,0,96,0,96,0,96,0,96,0,96,0,70.9,0.354,70.9,0.354
906096,18,18,0,18,0,14.9,0.208,14.9,0.208,18,0,16.9,0.0651,20,-0.1,20,-0.1,16.5,0.0909,13.9,0.295
906097,32,32,0,32,0,25.9,0.236,25.9,0.236,32,0,29,0.103,29,0.103,35.5,-0.0986,28.5,0.123,25,0.28
906403,57.4,57.4,0,57.4,0,57.4,0,57.4,0,57.4,0,57.4,0,57.4,0,57.4,0,56.3,0.0195,47.5,0.208
906405,55,55,0,55,0,55,0,55,0,55,0,55,0,55,0,55,0,43.8,0.256,46,0.196
906421,15,15,0,15,0,15,0,15,0,15,0,15,0,28,-0.464,28,-0.464,18,-0.167,21,-0.286
906422,98,98,0,98,0,98,0,98,0,98,0,98,0,89,0.101,89,0.101,72,0.361,72,0.361
906424,13,13,0,13,0,13,0,13,0,13,0,13,0,12.9,0.00775,12.9,0.00775,9,0.444,9,0.444
906426,15,15,0,15,0,15,0,15,0,15,0,15,0,15.5,-0.0323,15.5,-0.0323,11,0.364,11,0.364
906427,103,103,0,103,0,103,0,103,0,103,0,103,0,,,99,0.0404,76,0.355,76,0.355
906428,17,17,0,17,0,17,0,17,0,17,0,17,0,,,17,0,12,0.417,12,0.417
906429,9,9,0,9,0,9,0,9,0,9,0,9,0,9.5,-0.0526,9.5,-0.0526,7,0.286,7,0.286
906436,,,,,,,,,,,,,,,,,,,,,
906437,159,159,0,159,0,159,0,159,0,159,0,159,0,,,,,99,0.606,117,0.359
906458,24,24,0,24,0,24,0,24,0,24,0,24,0,25.5,-0.0588,25.5,-0.0588,18,0.333,18,0.333
906471,10,10,0,10,0,10,0,10,0,10,0,10,0,10.9,-0.0826,10.9,-0.0826,8,0.25,8,0.25
906473,12,12,0,12,0,12,0,12,0,12,0,,,13.5,-0.111,13.5,-0.111,9,0.333,9,0.333
906483,13,13,0,13,0,13,0,13,0,13,0,13,0,13.5,-0.037,13.5,-0.037,10,0.3,10,0.3
906489,9,9,0,9,0,9,0,9,0,9,0,9,0,9.5,-0.0526,9.5,-0.0526,7,0.286,7,0.286
906496,39,39,0,39,0,39,0,39,0,39,0,39,0,39,0,39,0,27,0.444,27,0.444
906636,19,19,0,19,0,19,0,19,0,19,0,19,0,19,0,19,0,14,0.357,14,0.357
906637,105,105,0,105,0,105,0,105,0,105,0,105,0,99,0.0606,99,0.0606,79,0.329,79,0.329
906642,17,17,0,17,0,17,0,17,0,17,0,17,0,17.5,-0.0286,17.5,-0.0286,13,0.308,13,0.308
906649,12.5,12.5,0,12.5,0,12.5,0,12.5,0,12.5,0,12.5,0,12.5,0,12.5,0,9,0.389,9,0.389
906651,18,18,0,18,0,18,0,18,0,18,0,18,0,18,0,18,0,13,0.385,13,0.385
906728,85,85,0,85,0,85,0,85,0,85,0,85,0,85,0,58,0.466,58,0.466,48,0.771
906781,,,,,,,,,,,,,,,,,,,,,
906785,,,,,,,,,,,,,,,,,,,,,
906799,8.5,8.5,0,8.5,0,8.5,0,8.5,0,8.5,0,8.5,0,8.9,-0.0449,8.9,-0.0449,6,0.417,,
906862,,,,,,,,,,,,,,,,,,,,,
906897,79,79,0,79,0,79,0,79,0,79,0,79,0,79,0,79,0,70,0.129,47,0.681
906954,,,,,,,,,,,,,,,,,,,,,
906957,18,18,0,18,0,18,0,18,0,18,0,18,0,18,0,18,0,14,0.286,,
906969,,,,,,,,,,,,,,,,,,,,,
907138,64.3,64.3,0,64.3,0,64.3,0,64.3,0,64.3,0,,,,,,,,,,
907213,51,51,0,51,0,51,0,51,0,,,51,0,,,51,0,,,38,0.342
907214,74,74,0,74,0,74,0,74,0,74,0,74,0,74,0,74,0,55,0.345,55,0.345
907685,7.5,7.5,0,7.5,0,7.5,0,7.5,0,7.5,0,7.5,0,7.5,0,7.5,0,7.5,0,7.5,0
908058,245,245,0,245,0,245,0,245,0,245,0,245,0,,,245,0,159,0.541,238,0.0294
908565,,,,,,,,,,,,,,,,,,,,,
908567,230,230,0,230,0,230,0,230,0,230,0,230,0,230,0,230,0,,,,
908584,,,,,,,,,,,,,,,,,,,,,
908588,265,265,0,265,0,265,0,265,0,265,0,265,0,265,0,265,0,,,,
908602,36,36,0,36,0,26.9,0.338,26.9,0.338,36,0,35.9,0.00279,35.9,0.00279,35.9,0.00279,26.1,0.379,26.1,0.379
908604,36,36,0,36,0,36,0,36,0,36,0,35.9,0.00279,35.9,0.00279,35.9,0.00279,26.1,0.379,26.1,0.379
908727,,,,,,,,,,,,,,,,,,,,,
908733,20,20,0,20,0,20,0,20,0,20,0,20,0,29,-0.31,29,-0.31,26,-0.231,16,0.25
908734,80,80,0,80,0,80,0,80,0,80,0,80,0,80,0,80,0,62,0.29,62,0.29
908771,9.9,9.9,0,9.9,0,9.9,0,9.9,0,9.9,0,9.9,0,9.9,0,9.9,0,8.8,0.125,8.8,0.125
908773,55,55,0,55,0,55,0,55,0,55,0,55,0,55,0,55,0,40,0.375,47.9,0.148
909389,57,57,0,57,0,57,0,57,0,57,0,57,0,,,57,0,53,0.0755,,
909437,41,41,0,41,0,41,0,41,0,41,0,41,0,41,0,41,0,28.9,0.419,28.9,0.419
909816,90,90,0,90,0,90,0,90,0,90,0,90,0,90,0,90,0,55,0.636,65.5,0.374
910019,62,62,0,78,-0.205,78,-0.205,78,-0.205,78,-0.205,78,-0.205,78,-0.205,82,-0.244,82,-0.244,69,-0.101
910065,115,115,0,115,0,115,0,115,0,115,0,115,0,110,0.0455,110,0.0455,85,0.353,85,0.353
910194,30,30,0,30,0,30,0,30,0,30,0,30,0,30,0,30,0,22,0.364,22,0.364
910202,96,96,0,96,0,96,0,96,0,96,0,96,0,95,0.0105,95,0.0105,71,0.352,,
910206,112,112,0,112,0,112,0,112,0,112,0,112,0,,,109,0.0275,83,0.349,,
910368,9.6,9.6,0,9.6,0,9.6,0,9.6,0,9.6,0,9.6,0,,,9.6,0,9.6,0,9.6,0
910978,26,26,0,26,0,26,0,26,0,26,0,,,26,0,26,0,,,,
910980,28,28,0,28,0,28,0,28,0,,,28,0,28,0,28,0,24,0.167,24,0.167
911199,,,,,,,,,,,,,,,,,,,,,
911778,27,27,0,27,0,27,0,27,0,27,0,27,0,27,0,27,0,27,0,27,0
911905,148,148,0,148,0,148,0,148,0,148,0,148,0,148,0,148,0,103,0.437,103,0.437
913368,,,,,,,,,,,,,,,,,,,,,
913371,,,,,,,,,,,,,,,,,,,,,
913995,,,,,,,,,,,,,,,,,,,,,
914012,20,20,0,20,0,20,0,20,0,20,0,20,0,20,0,20,0,20,0,20,0
914013,,,,,,,,,,,,,,,,,,,,,
914024,50,50,0,50,0,50,0,50,0,50,0,50,0,50,0,50,0,,,24,1.08
914288,599,599,0,599,0,599,0,599,0,599,0,599,0,599,0,599,0,748,-0.199,748,-0.199
914683,,,,,,,,,,,,,,,,,,,,,
915185,,,,,,,,,,,,,,,,,,,,,
915400,9.9,9.9,0,9.9,0,9.9,0,9.9,0,9.9,0,9.9,0,9.9,0,9.9,0,5.6,0.768,5.6,0.768
915464,44,44,0,44,0,44,0,44,0,44,0,51,-0.137,55,-0.2,55,-0.2,40.1,0.0973,38,0.158
915794,24.5,24.5,0,24.5,0,24.5,0,24.5,0,24.5,0,24.5,0,24.5,0,24.5,0,19,0.289,19,0.289
915798,32,32,0,32,0,32,0,32,0,32,0,32,0,32,0,32,0,25,0.28,25,0.28
915799,21,21,0,21,0,21,0,21,0,21,0,21,0,21,0,21,0,16.5,0.273,16.5,0.273
915800,12,12,0,12,0,12,0,12,0,12,0,12,0,12,0,12,0,9.5,0.263,9.5,0.263
915802,17,17,0,17,0,17,0,17,0,17,0,17,0,17,0,17,0,14.5,0.172,14.5,0.172
915804,15,15,0,15,0,15,0,15,0,15,0,15,0,15,0,15,0,,,,
915805,19,19,0,19,0,19,0,19,0,19,0,19,0,19,0,19,0,19,0,19,0
915812,23,23,0,23,0,23,0,23,0,23,0,23,0,23,0,23,0,18,0.278,18,0.278
915813,14,14,0,14,0,14,0,14,0,14,0,14,0,14,0,14,0,12,0.167,12,0.167
915814,11.5,11.5,0,11.5,0,11.5,0,11.5,0,11.5,0,11.5,0,11.5,0,11.5,0,9.3,0.237,9.3,0.237
917091,14,14,0,14,0,14,0,14,0,14,0,10,0.4,,,,,10,0.4,10,0.4
917931,,,,,,,,,,,,,,,,,,,,,
918833,17,17,0,17,0,17,0,17,0,17,0,17,0,17,0,,,,,,
919316,67,67,0,67,0,67,0,67,0,67,0,67,0,67,0,67,0,58,0.155,58,0.155
919317,42,42,0,42,0,42,0,42,0,42,0,42,0,42,0,42,0,37,0.135,,
919384,,,,,,,,,,,,,,,,,,,,,
920081,99,99,0,99,0,99,0,99,0,99,0,99,0,99,0,99,0,65,0.523,76,0.303
920086,125,125,0,125,0,125,0,125,0,125,0,125,0,125,0,125,0,80,0.562,94.9,0.317
920098,,,,,,,,,,,,,,,,,,,,,
920099,20,20,0,20,0,20,0,20,0,20,0,20,0,20,0,20,0,10,1,10,1
920120,61,61,0,61,0,61,0,61,0,61,0,61,0,61,0,61,0,42,0.452,28,1.18
920121,36,36,0,36,0,36,0,,,,,,,,,,,,,20,0.8
920126,19,19,0,19,0,19,0,19,0,19,0,19,0,17,0.118,16.1,0.18,16.1,0.18,10.5,0.81
920127,18.5,18.5,0,18.5,0,18.5,0,18.5,0,18.5,0,18.5,0,18.5,0,16.8,0.101,16.8,0.101,11.4,0.623
920147,9,9,0,9,0,9,0,9,0,9,0,9,0,9,0,,,6.9,0.304,6.9,0.304
920148,6,6,0,6,0,,,,,6,0,6,0,6,0,6,0,6,0,6,0
920822,16,16,0,16,0,16,0,16,0,16,0,16,0,16,0,16,0,12.7,0.26,12.7,0.26
920823,11,11,0,11,0,11,0,11,0,11,0,11,0,11,0,11,0,8.6,0.279,8.6,0.279
920826,15,15,0,15,0,15,0,15,0,15,0,15,0,15,0,15,0,11.9,0.261,11.9,0.261
920862,,,,,,,,,,,,,,,,,,,,,
920865,99,99,0,99,0,99,0,99,0,99,0,99,0,99,0,118,-0.161,98,0.0102,65,0.523
920868,,,,,,,,,,,,,,,,,,,,,
921093,18,18,0,18,0,18,0,18,0,18,0,18,0,18,0,18,0,14,0.286,14,0.286
921228,7.9,7.9,0,7.9,0,7.9,0,7.9,0,7.9,0,7.9,0,7.9,0,7.9,0,4.6,0.717,4.6,0.717
921333,,,,,,,,,,,,,,,,,,,,,
921339,,,,,,,,,,,,,,,,,,,,,
921346,,,,,,,,,,,,,,,,,,,,,
921409,,,,,,,,,,,,,,,,,,,,,
921450,56,56,0,56,0,56,0,56,0,56,0,39,0.436,,,,,,,,
921527,,,,,,,,,,,,,,,,,,,,,
921532,105,105,0,105,0,105,0,105,0,105,0,105,0,,,105,0,85,0.235,85,0.235
921533,79,79,0,79,0,79,0,79,0,79,0,79,0,79,0,79,0,50,0.58,59.9,0.319
921534,115,115,0,115,0,115,0,115,0,115,0,115,0,115,0,115,0,75,0.533,89.9,0.279
921535,110,110,0,110,0,110,0,110,0,110,0,110,0,110,0,110,0,84,0.31,84,0.31
921808,,,,,,,,,,,,,,,,,,,,,
921813,24,24,0,24,0,24,0,24,0,24,0,24,0,24,0,11,1.18,11,1.18,15,0.6
921814,14,14,0,14,0,14,0,,,,,,,14,0,14,0,8,0.75,8,0.75
921815,,,,,,,,,,,,,,,,,,,,,
921816,23,23,0,23,0,23,0,23,0,23,0,23,0,23,0,23,0,12.5,0.84,12.5,0.84
921818,36,36,0,36,0,36,0,36,0,36,0,36,0,36,0,36,0,21,0.714,21,0.714
921819,19,19,0,19,0,19,0,19,0,19,0,19,0,19,0,19,0,12,0.583,12,0.583
921820,26,26,0,26,0,26,0,26,0,26,0,26,0,26,0,26,0,15,0.733,15,0.733
921887,196,196,0,196,0,196,0,196,0,196,0,196,0,196,0,196,0,180,0.0889,160,0.225
922367,,,,,,,,,,,,,,,,,,,,,
922390,,,,,,,,,,,,,,,,,,,,,
923359,,,,,,,,,,,,,,,,,,,,,
924176,24,24,0,24,0,24,0,24,0,24,0,24,0,24,0,24,0,17,0.412,24,0
924808,,,,,,,,,,,,,,,,,,,,,
924809,4,4,0,4,0,4,0,4,0,,,,,,,,,,,,
924810,4,4,0,4,0,4,0,4,0,,,,,3,0.333,3,0.333,3,0.333,,
924811,4,4,0,4,0,4,0,4,0,4,0,3,0.333,3,0.333,3,0.333,3,0.333,3,0.333
924933,,,,,,,,,,,,,,,,,,,,,
925033,,,,,,,,,,,,,,,,,,,,,
925034,,,,,,,,,,,,,,,,,,,,,
925575,,,,,,,,,,,,,,,,,,,,,
925651,31,31,0,31,0,31,0,31,0,31,0,31,0,,,,,,,,
925969,,,,,,,,,,,,,,,,,,,,,
926860,,,,,,,,,,,,,,,,,,,,,
927057,,,,,,,,,,,,,,,,,,,,,
927339,,,,,,,,,,,,,,,,,,,,,
927392,,,,,,,,,,,,,,,,,,,,,
927439,,,,,,,,,,,,,,,,,,,,,
928584,62,62,0,78,-0.205,78,-0.205,78,-0.205,78,-0.205,78,-0.205,78,-0.205,82,-0.244,82,-0.244,69,-0.101
928970,12,12,0,12,0,,,,,,,12,0,,,12,0,8.5,0.412,8.5,0.412
928971,79,79,0,79,0,79,0,79,0,79,0,79,0,,,79,0,72,0.0972,72,0.0972
929022,18,18,0,18,0,18,0,18,0,18,0,18,0,18,0,18,0,18,0,18,0
929023,13,13,0,13,0,13,0,13,0,13,0,13,0,13,0,13,0,13,0,13,0
929346,,,,,,,,,,,,,,,,,,,,,
929347,,,,,,,,,,,,,,,,,,,,,
929348,,,,,,,,,,,,,,,,,,,,,
929382,,,,,,,,,,,,,,,,,,,,,
929385,,,,,,,,,,,,,,,,,,,,,
929672,13.5,13.5,0,13.5,0,13.5,0,13.5,0,13.5,0,13.5,0,13.5,0,13.5,0,9.6,0.406,9.6,0.406
929789,,,,,,,,,,,,,,,,,,,,,
929790,150,150,0,150,0,150,0,150,0,150,0,150,0,150,0,150,0,150,0,117,0.282
929797,10,10,0,10,0,10,0,10,0,10,0,10,0,10,0,10,0,10,0,10,0
929849,,,,,,,,,,,,,,,,,,,,,
929976,,,,,,,,,,,,,,,,,,,,,
930098,,,,,,,,,,,,,,,,,,,,,
930132,54,54,0,54,0,54,0,54,0,54,0,54,0,54,0,54,0,39.9,0.353,39.9,0.353
930293,8,8,0,8,0,8,0,8,0,8,0,8,0,8,0,8,0,6,0.333,,
930295,8,8,0,8,0,8,0,8,0,8,0,8,0,8,0,8,0,5,0.6,6,0.333
930298,,,,,,,,,,,,,,,,,,,,,
930306,72,72,0,72,0,72,0,85,-0.153,85,-0.153,85,-0.153,85,-0.153,85,-0.153,85,-0.153,85,-0.153
930307,64,64,0,64,0,64,0,64,0,64,0,64,0,64,0,64,0,64,0,64,0
931007,,,,,,,,,,,,,,,,,,,,,
931488,30,30,0,30,0,30,0,30,0,30,0,30,0,30,0,30,0,24,0.25,24,0.25
931491,110,110,0,110,0,110,0,110,0,110,0,110,0,,,110,0,70,0.571,82,0.341
931510,16.5,16.5,0,16.5,0,16.5,0,16.5,0,16.5,0,16.5,0,16.5,0,16.5,0,15.5,0.0645,15.5,0.0645
932021,,,,,,,,,,,,,,,,,,,,,
932032,6.5,6.5,0,6.5,0,6.5,0,6.5,0,6.5,0,6.5,0,,,,,,,,
932752,15,15,0,15,0,15,0,15,0,15,0,15,0,,,15,0,15,0,15,0
932755,5,5,0,5,0,5,0,5,0,5,0,5,0,5,0,5,0,5,0,5,0
937847,,,,,,,,,,,,,,,,,,,,,
938454,,,,,,,,,,,,,,,,,,,,,
938655,33,33,0,33,0,33,0,33,0,33,0,33,0,33,0,33,0,33,0,49.5,-0.333
938658,,,,,,,,,,,,,,,,,,,,,
938659,32,32,0,32,0,32,0,32,0,32,0,32,0,32,0,32,0,19,0.684,,
938670,36,36,0,36,0,36,0,36,0,36,0,36,0,36,0,36,0,,,,
938671,23,23,0,23,0,23,0,23,0,23,0,23,0,23,0,17,0.353,,,,
938876,24,24,0,24,0,24,0,,,,,,,,,24,0,18.2,0.319,10,1.4
939519,,,,,,,,,,,,,,,,,,,,,
939581,3,3,0,3,0,2.5,0.2,2.5,0.2,2.5,0.2,2.5,0.2,2.5,0.2,2.5,0.2,2.5,0.2,2.7,0.111
940047,10.5,10.5,0,10.5,0,10.5,0,10.5,0,10.5,0,10.5,0,10.5,0,,,9,0.167,9,0.167
941113,110,110,0,110,0,110,0,110,0,110,0,110,0,110,0,,,106,0.0377,69.2,0.59
947238,22,22,0,22,0,22,0,22,0,22,0,22,0,22,0,,,,,,
947239,22,22,0,22,0,22,0,22,0,22,0,22,0,22,0,,,,,,
947355,72,72,0,72,0,72,0,72,0,72,0,,,,,,,,,,
947363,,,,,,,,,,,,,,,,,,,,,
947364,160,160,0,160,0,160,0,160,0,160,0,,,,,,,149,0.0738,,
947365,,,,,,,,,,,,,,,,,,,,,
947366,,,,,,,,,,,,,,,,,,,,,
947367,,,,,,,,,,,,,,,,,,,,,
947369,180,180,0,180,0,180,0,180,0,180,0,180,0,180,0,,,,,,
947375,,,,,,,,,,,,,,,,,,,,,
947376,,,,,,,,,,,,,,,,,,,,,
947378,,,,,,,,,,,,,,,,,,,,,
947387,,,,,,,,,,,,,,,,,,,,,
947531,18,18,0,18,0,18,0,18,0,18,0,18,0,18,0,18,0,12.5,0.44,12.5,0.44
947532,25,25,0,25,0,25,0,25,0,25,0,25,0,25,0,25,0,18.3,0.366,18.3,0.366
947533,29,29,0,29,0,29,0,29,0,29,0,29,0,29,0,29,0,24,0.208,24,0.208
947534,13,13,0,13,0,13,0,13,0,13,0,13,0,13,0,,,9.9,0.313,9.9,0.313
947536,17.5,17.5,0,17.5,0,17.5,0,17.5,0,17.5,0,17.5,0,17.5,0,,,15.5,0.129,15.5,0.129
947537,,,,,,,,,,,,,,,,,,,,,
947538,20,20,0,20,0,20,0,20,0,20,0,20,0,20,0,20,0,15.5,0.29,15.5,0.29
947539,,,,,,,,,,,,,,,,,,,,,
947540,21.5,21.5,0,21.5,0,21.5,0,21.5,0,21.5,0,21.5,0,21.5,0,21.5,0,15.5,0.387,15.5,0.387
947541,,,,,,,,,,,,,,,,,,,,,
947906,,,,,,,,,,,,,,,,,,,,,
948326,85,85,0,85,0,85,0,85,0,85,0,85,0,85,0,,,,,34,1.5
948327,91,91,0,91,0,91,0,91,0,91,0,91,0,91,0,91,0,36.5,1.49,36.5,1.49
948328,,,,,,,,,,,,,,,,,,,,,
948674,,,,,,,,,,,,,,,,,,,,,
948676,,,,,,,,,,,,,,,,,,,,,
948678,,,,,,,,,,,,,,,,,,,,,
948923,,,,,,,,,,,,,,,,,,,,,
948948,6.5,6.5,0,6.5,0,6.5,0,6.5,0,6.5,0,6.5,0,6.5,0,6.5,0,3.9,0.667,3.9,0.667
950466,,,,,,,,,,,,,,,,,,,,,
950475,,,,,,,,,,,,,,,,,,,,,
950520,,,,,,,,,,,,,,,,,,,,,
951414,27,27,0,27,0,27,0,27,0,27,0,27,0,27,0,27,0,26,0.0385,,
951807,74,74,0,74,0,74,0,74,0,74,0,66,0.121,66,0.121,66,0.121,66,0.121,66,0.121
951815,,,,,,,,,,,,,,,,,,,,,
954009,19,19,0,19,0,19,0,19,0,19,0,19,0,19,0,19,0,15,0.267,15,0.267
954180,,,,,,,,,,,,,,,,,,,,,
954997,85,85,0,85,0,85,0,85,0,85,0,85,0,85,0,67,0.269,67,0.269,67,0.269
956809,41,41,0,41,0,41,0,41,0,41,0,41,0,41,0,41,0,,,33,0.242
957074,,,,,,,,,,,,,,,,,,,,,
957690,,,,,,,,,,,,,,,,,,,,,
957691,38.9,38.9,0,38.9,0,38.9,0,38.9,0,38.9,0,38.9,0,38.9,0,38.9,0,38.9,0,38.9,0
957693,,,,,,,,,,,,,,,,,,,,,
959610,,,,,,,,,,,,,,,,,,,,,
959621,22,22,0,22,0,22,0,22,0,22,0,22,0,22,0,22.4,-0.0179,22.4,-0.0179,15,0.467
959622,33,33,0,33,0,33,0,33,0,33,0,33,0,33,0,33,0,22.4,0.473,15,1.2
959628,,,,,,,,,,,,,,,,,,,,,
959632,,,,,,,,,,,,,,,,,,,,,
960021,9.9,9.9,0,9.9,0,9.9,0,18.9,-0.476,18.9,-0.476,,,,,,,21.9,-0.548,14.9,-0.336
960100,55,55,0,55,0,55,0,55,0,55,0,55,0,55,0,55,0,55,0,46,0.196
960146,,,,,,,,,,,,,,,,,,,,,
960240,,,,,,,,,,,,,,,,,,,,,
960256,,,,,,,,,,,,,,,,,,,,,
960263,65.5,65.5,0,65.5,0,65.5,0,65.5,0,65.5,0,65.5,0,65.5,0,65.5,0,41.9,0.563,41.9,0.563
960272,74.9,74.9,0,74.9,0,74.9,0,74.9,0,74.9,0,74.9,0,74.9,0,74.9,0,,,64.9,0.154
960296,51,51,0,51,0,51,0,51,0,51,0,55.1,-0.0744,55.1,-0.0744,55.1,-0.0744,,,,
960630,,,,,,,,,,,,,,,,,,,,,
960631,,,,,,,,,,,,,,,,,,,,,
960670,26,26,0,26,0,26,0,26,0,26,0,26,0,26,0,16,0.625,16,0.625,16,0.625
960838,,,,,,,,,,,,,,,,,,,,,
960839,11,11,0,11,0,11,0,11,0,11,0,11,0,11,0,8,0.375,8,0.375,8,0.375
960840,,,,,,,,,,,,,,,,,,,,,
963518,49,49,0,49,0,49,0,49,0,49,0,49,0,49,0,,,31,0.581,,
964764,123,123,0,123,0,123,0,123,0,123,0,123,0,123,0,123,0,96,0.281,96,0.281
964786,65,65,0,65,0,65,0,65,0,65,0,65,0,65,0,65,0,42,0.548,49.9,0.303
969636,31,31,0,31,0,31,0,31,0,31,0,31,0,31,0,28,0.107,28,0.107,28,0.107
970541,9.5,9.5,0,9.5,0,9.5,0,9.5,0,9.5,0,9.5,0,9.5,0,9.5,0,9.5,0,9.5,0
970543,8,8,0,8,0,8,0,8,0,8,0,8,0,8,0,8,0,8,0,8,0
971345,5.5,5.5,0,5.5,0,5.5,0,5.5,0,5.5,0,5.5,0,5.5,0,5.5,0,5.5,0,5.5,0
971455,10,10,0,10,0,10,0,10,0,10,0,10,0,10,0,10,0,8,0.25,8,0.25
971456,17,17,0,17,0,17,0,17,0,17,0,,,,,17,0,14,0.214,14,0.214
971460,,,,,,,,,,,,,,,,,,,,,
971464,8,8,0,8,0,8,0,8,0,8,0,8,0,8,0,8,0,6,0.333,6,0.333
971501,18.5,18.5,0,18.5,0,18.5,0,18.5,0,18.5,0,18.5,0,18.5,0,18.5,0,18.5,0,18.5,0
972689,34,34,0,34,0,34,0,34,0,34,0,34,0,34,0,,,,,,
974256,13,13,0,13,0,13,0,13,0,13,0,13,0,13,0,,,,,,
976413,2,2,0,2,0,2,0,2,0,2,0,2,0,2,0,2,0,2,0,2,0
976416,3,3,0,3,0,3,0,3,0,3,0,3,0,3,0,3,0,3,0,3,0
976418,2,2,0,2,0,2,0,2,0,2,0,2,0,2,0,2,0,2,0,2,0
979273,,,,,,,,,,,,,,,,,,,,,
979274,,,,,,,,,,,,,,,,,,,,,
979964,,,,,,,,,,,,,,,,,,,,,
979999,,,,,,,,,,,,,,,,,,,,,
980105,12,12,0,12,0,12,0,12,0,12,0,12,0,12,0,12,0,6,1,6,1
980295,,,,,,,,,,,,,,,,,,,,,
980297,,,,,,,,,,,,,,,,,,,,,
980323,20,20,0,20,0,20,0,20,0,,,,,,,,,,,,
980598,8,8,0,8,0,8,0,8,0,8,0,8,0,8,0,8,0,6,0.333,6,0.333
980651,60,60,0,60,0,60,0,60,0,60,0,35,0.714,35,0.714,35,0.714,35,0.714,35,0.714
981637,26,26,0,26,0,26,0,26,0,26,0,26,0,26,0,26,0,24,0.0833,24,0.0833
981638,26,26,0,26,0,26,0,26,0,26,0,26,0,26,0,26,0,24,0.0833,24,0.0833
981639,31,31,0,31,0,31,0,31,0,31,0,31,0,31,0,31,0,27,0.148,27,0.148
981640,46,46,0,46,0,46,0,46,0,46,0,46,0,46,0,46,0,46,0,46,0
981642,19,19,0,19,0,19,0,19,0,,,19,0,19,0,19,0,18,0.0556,18,0.0556
981643,26,26,0,26,0,26,0,26,0,,,,,26,0,,,24,0.0833,24,0.0833
981766,,,,,,,,,,,,,,,,,,,,,
981767,,,,,,,,,,,,,,,,,,,,,
981768,,,,,,,,,,,,,,,,,,,,,
981769,,,,,,,,,,,,,,,,,,,,,
982228,19,19,0,19,0,19,0,19,0,19,0,19,0,19,0,,,,,,
982551,71,71,0,71,0,71,0,68,0.0441,76,-0.0658,76,-0.0658,76,-0.0658,76,-0.0658,52.5,0.352,52.5,0.352
983256,17,17,0,17,0,17,0,17,0,17,0,17,0,18,-0.0556,18,-0.0556,13,0.308,13,0.308
983260,10,10,0,10,0,10,0,10,0,10,0,10,0,10,0,10,0,7,0.429,,
983262,23,23,0,23,0,23,0,23,0,23,0,23,0,24,-0.0417,24,-0.0417,17,0.353,17,0.353
983267,15,15,0,15,0,15,0,15,0,15,0,15,0,15.5,-0.0323,15.5,-0.0323,11,0.364,11,0.364
983448,23,23,0,23,0,23,0,23,0,23,0,14.5,0.586,14.5,0.586,14.5,0.586,14.5,0.586,14.5,0.586
983685,,,,,,,,,,,,,,,,,,,,,
983686,41,41,0,41,0,41,0,41,0,41,0,41,0,41,0,41,0,26,0.577,26,0.577
983709,43,43,0,43,0,43,0,43,0,43,0,43,0,43,0,43,0,33,0.303,33,0.303
983710,,,,,,,,,,,,,,,,,,,,,
984248,,,,,,,,,,,,,,,,,,,,,
984924,19.5,19.5,0,19.5,0,19.5,0,19.5,0,19.5,0,19.5,0,13.5,0.444,13.5,0.444,11.9,0.639,11.9,0.639
984926,,,,,,,,,,,,,,,,,,,,,
984931,,,,,,,,,,,,,,,,,,,,,
984947,,,,,,,,,,,,,,,,,,,,,
984964,,,,,,,,,,,,,,,,,,,,,
984993,16,16,0,16,0,16,0,16,0,16,0,16,0,16,0,16,0,16,0,16,0
984997,29,29,0,29,0,29,0,,,29,0,29,0,29,0,,,,,,
986389,32,32,0,32,0,32,0,32,0,32,0,32,0,32,0,32,0,32,0,46,-0.304
986390,57,57,0,57,0,57,0,57,0,57,0,57,0,57,0,57,0,57,0,57,0
987976,120,120,0,120,0,120,0,120,0,120,0,120,0,120,0,120,0,94,0.277,94,0.277
989943,,,,,,,,,,,,,,,,,,,,,
989971,7,7,0,7,0,7,0,7,0,7,0,7,0,7,0,6,0.167,6,0.167,6,0.167
990364,35,35,0,35,0,35,0,35,0,35,0,35,0,35,0,35,0,28,0.25,28,0.25
990548,115,115,0,115,0,115,0,115,0,115,0,115,0,,,115,0,94.9,0.212,94.9,0.212
991075,,,,,,,,,,,,,,,,,,,,,
991078,,,,,,,,,,,,,,,,,,,,,
991081,,,,,,,,,,,,,,,,,,,,,
991082,,,,,,,,,,,,,,,,,,,,,
991288,3,3,0,3,0,3,0,3,0,,,,,3,0,3,0,3,0,3,0
991289,3,3,0,3,0,3,0,3,0,3,0,3,0,3,0,3,0,3,0,3,0
991502,39,39,0,39,0,39,0,39,0,39,0,39,0,39,0,39,0,27.9,0.398,27.9,0.398
991503,47,47,0,47,0,47,0,47,0,47,0,47,0,47,0,47,0,36,0.306,36,0.306
991504,79,79,0,79,0,79,0,79,0,79,0,79,0,79,0,79,0,60,0.317,60,0.317
991505,79,79,0,79,0,79,0,79,0,79,0,79,0,79,0,79,0,59,0.339,59,0.339
992564,,,,,,,,,,,,,,,,,,,,,
992625,29,29,0,29,0,29,0,29,0,29,0,29,0,29,0,29,0,17.8,0.629,17.8,0.629
993290,24,24,0,24,0,24,0,24,0,24,0,24,0,24,0,24,0,20,0.2,14.5,0.655
993291,31,31,0,31,0,31,0,31,0,31,0,31,0,31,0,31,0,27,0.148,18,0.722
993293,123,123,0,123,0,123,0,123,0,123,0,123,0,123,0,123,0,105,0.171,69,0.783
993381,49,49,0,49,0,49,0,49,0,49,0,,,,,,,,,,
993385,,,,,,,,,,,,,,,,,,,,,
993460,25,25,0,25,0,25,0,25,0,25,0,25,0,25,0,25,0,14,0.786,,
993519,16.5,16.5,0,16.5,0,16.5,0,16.5,0,16.5,0,16.5,0,16.5,0,16.5,0,16.5,0,16.5,0
993520,,,,,,,,,,,,,,,,,,,,,
993675,107,107,0,107,0,107,0,107,0,107,0,107,0,107,0,107,0,89,0.202,89,0.202
993945,,,,,,,,,,,,,,,,,,,,,
993948,,,,,,,,,,,,,,,,,,,,,
993949,8.5,8.5,0,8.5,0,8.5,0,8.5,0,8.5,0,8.5,0,8.5,0,,,,,,
993954,17,17,0,17,0,17,0,17,0,17,0,17,0,,,16.8,0.0119,16.8,0.0119,11,0.545
993955,18,18,0,18,0,18,0,,,,,,,,,18,0,16.8,0.0714,,
993959,,,,,,,,,,,,,,,,,,,,,
993978,13,13,0,13,0,13,0,13,0,13,0,13,0,13,0,13,0,9.6,0.354,9.6,0.354
993979,11,11,0,11,0,11,0,11,0,11,0,11,0,11,0,11,0,8.4,0.31,8.4,0.31
994819,15,15,0,15,0,15,0,15,0,15,0,15,0,15,0,15,0,15,0,9.9,0.515
995109,13,13,0,13,0,13,0,13,0,13,0,13,0,13,0,13,0,9.4,0.383,9.4,0.383
995277,19,19,0,19,0,19,0,19,0,19,0,19,0,19,0,35,-0.457,35,-0.457,,
995279,64.4,64.4,0,64.4,0,64.4,0,64.4,0,64.4,0,64.4,0,64.4,0,64.4,0,64.4,0,44,0.464
995280,7,7,0,7,0,7,0,7,0,7,0,7,0,7,0,,,,,,
995287,10,10,0,10,0,10,0,10,0,10,0,10,0,10,0,10,0,9.1,0.0989,5,1
995528,18,18,0,18,0,18,0,18,0,,,,,,,,,,,,
995529,15,15,0,15,0,15,0,15,0,,,,,,,,,,,,
995762,21,21,0,21,0,21,0,21,0,21,0,21,0,21,0,21,0,21,0,21,0
995832,,,,,,,,,,,,,,,,,,,,,
996295,5,5,0,5,0,5,0,5,0,,,,,,,,,5,0,5,0
996297,5,5,0,5,0,5,0,5,0,5,0,5,0,5,0,5,0,5,0,5,0
996304,40,40,0,40,0,40,0,40,0,40,0,40,0,50,-0.2,50,-0.2,21,0.905,14,1.86
996470,45,45,0,45,0,45,0,45,0,45,0,45,0,45,0,45,0,20,1.25,20,1.25
996471,,,,,,,,,,,,,,,,,,,,,
996942,43,43,0,43,0,43,0,43,0,43,0,43,0,43,0,43,0,26,0.654,32.4,0.327
998036,,,,,,,,,,,,,,,,,,,,,
998074,,,,,,,,,,,,,,,,,,,,,
998147,,,,,,,,,,,,,,,,,,,,,
999259,48,48,0,48,0,48,0,48,0,45,0.0667,47,0.0213,47,0.0213,47,0.0213,47,0.0213,47,0.0213
999270,13,13,0,13,0,13,0,13,0,,,,,,,,,,,13,0
999273,40,40,0,40,0,40,0,40,0,,,,,,,,,,,,
999953,11,11,0,11,0,11,0,11,0,,,,,,,,,,,,
